0 Tile  6 x  6 with Groove and Underside Studs with Dark Green and White Lines Pattern
0 Name: 10202p00.dat
0 Author: Vincent Messenet [Cheenzo]
0 !LDRAW_ORG Part UPDATE 2020-01
0 !LICENSE Redistributable under CCAL version 2.0 : see CAreadme.txt

0 BFC CERTIFY CCW

0 !KEYWORDS Set 10272, Manchester United, Old Trafford

0 !HISTORY 2020-06-28 [PTadmin] Official Update 2020-01

1 16 0 0 0 1 0 0 0 1 0 0 0 1 s\10202s01.dat

3 15 -54.5 0 1.5 -60 0 -1.5 -52 0 1.5
3 15 -57.5 0 1.5 -60 0 1.5 -60 0 -1.5
3 15 19 0 -1.5 22 0 -60 19 0 1.5
3 15 -52 0 1.5 -60 0 -1.5 -49 0 1.5
3 15 -49 0 1.5 -60 0 -1.5 -46.5 0 1.5
3 15 -46.5 0 1.5 -60 0 -1.5 -43.5 0 1.5
4 15 -60 0 -1.5 -30 0 -1.5 -41 0 1.5 -43.5 0 1.5
3 15 -38 0 1.5 -41 0 1.5 -30 0 -1.5
3 15 -35.5 0 1.5 -38 0 1.5 -30 0 -1.5
3 15 -32.5 0 1.5 -35.5 0 1.5 -30 0 -1.5
4 15 -27.5 0 -1.5 -30 0 1.5 -32.5 0 1.5 -30 0 -1.5
3 15 -57.5 0 1.5 -60 0 -1.5 -54.5 0 1.5
3 15 -27.5 0 -1.5 -24.5 0 -1.5 -30 0 1.5
3 15 -24.5 0 -1.5 -22 0 -1.5 -30 0 1.5
3 15 -22 0 -1.5 -19 0 -1.5 -30 0 1.5
4 15 -6.7 0 1.5 -30 0 1.5 -19 0 -1.5 -16.5 0 -1.5
3 15 19 0 1.5 22 0 -60 19 0 30.75
3 15 19 0 -30.75 19 0 -60 22 0 -60
3 15 19 0 -30.75 22 0 -60 19 0 -1.5
4 15 19 0 30.75 22 0 -60 22 0 60 19 0 60
3 15 -16.5 0 -1.5 -13.5 0 -1.5 -6.7 0 1.5
4 15 -6.7 0 1.5 -13.5 0 -1.5 -11 0 -1.5 -7 0 0
3 15 -7 0 0 -11 0 -1.5 -8 0 -1.5
3 15 -7 0 0 -8 0 -1.5 -6.7 0 -1.5
3 15 6.7 0 1.5 7 0 0 8 0 1.5
3 15 8 0 1.5 7 0 0 11 0 1.5
3 15 11 0 1.5 7 0 0 13.5 0 1.5
4 15 7 0 0 6.7 0 -1.5 16.5 0 1.5 13.5 0 1.5
4 15 6.7 0 -1.5 19 0 -1.5 19 0 1.5 16.5 0 1.5
3 16 -57.5 0 30.75 -60 0 60 -60 0 30.75
3 16 -60 0 60 -57.5 0 30.75 -54.5 0 30.75
4 16 -57.5 0 1.5 -54.5 0 1.5 -54.5 0 30.75 -57.5 0 30.75
3 16 -60 0 60 -52 0 30.75 -49 0 30.75
3 16 -60 0 60 -54.5 0 30.75 -52 0 30.75
4 16 -52 0 1.5 -49 0 1.5 -49 0 30.75 -52 0 30.75
3 16 -60 0 60 -46.5 0 30.75 -43.5 0 30.75
3 16 -60 0 60 -49 0 30.75 -46.5 0 30.75
4 16 -46.5 0 1.5 -43.5 0 1.5 -43.5 0 30.75 -46.5 0 30.75
3 16 -60 0 60 -41 0 30.75 -38 0 30.75
3 16 -60 0 60 -43.5 0 30.75 -41 0 30.75
4 16 -41 0 1.5 -38 0 1.5 -38 0 30.75 -41 0 30.75
3 16 -60 0 60 -35.5 0 30.75 -32.5 0 30.75
3 16 -60 0 60 -38 0 30.75 -35.5 0 30.75
4 16 -35.5 0 1.5 -32.5 0 1.5 -32.5 0 30.75 -35.5 0 30.75
4 16 -32.5 0 30.75 -30 0 30.75 -30 0 60 -60 0 60
4 16 -24.5 0 30.75 -27.5 0 30.75 -6.7 0 1.5 0 0 7
4 16 -30 0 30.75 -30 0 1.5 -6.7 0 1.5 -27.5 0 30.75
3 16 0 0 30.75 2.5 0 30.75 0 0 60
3 16 0 0 7 0 0 30.75 -2.5 0 30.75
4 16 -2.5 0 60 -5.5 0 60 -5.5 0 30.75 -2.5 0 30.75
3 16 -5.5 0 30.75 -8 0 30.75 0 0 7
3 16 0 0 7 -2.5 0 30.75 -5.5 0 30.75
4 16 -8 0 60 -11 0 60 -11 0 30.75 -8 0 30.75
3 16 -11 0 30.75 -13.5 0 30.75 0 0 7
3 16 -8 0 30.75 -11 0 30.75 0 0 7
4 16 -13.5 0 60 -16.5 0 60 -16.5 0 30.75 -13.5 0 30.75
3 16 -16.5 0 30.75 -19 0 30.75 0 0 7
3 16 -13.5 0 30.75 -16.5 0 30.75 0 0 7
4 16 -19 0 60 -22 0 60 -22 0 30.75 -19 0 30.75
4 16 -24.5 0 30.75 -24.5 0 60 -27.5 0 60 -27.5 0 30.75
3 16 -22 0 30.75 -24.5 0 30.75 0 0 7
3 16 -19 0 30.75 -22 0 30.75 0 0 7
3 16 0 0 60 2.5 0 30.75 5.5 0 30.75
4 16 0 0 7 6.46 0 2.68 5.5 0 4.13 2.5 0 6.5
4 16 2.5 0 6.5 5.5 0 4.13 5.5 0 30.75 2.5 0 30.75
3 16 0 0 60 8 0 30.75 11 0 30.75
3 16 0 0 60 5.5 0 30.75 8 0 30.75
4 16 8 0 1.5 11 0 1.5 11 0 30.75 8 0 30.75
3 16 0 0 60 13.5 0 30.75 16.5 0 30.75
3 16 0 0 60 11 0 30.75 13.5 0 30.75
4 16 13.5 0 1.5 16.5 0 1.5 16.5 0 30.75 13.5 0 30.75
4 16 22 0 60 22 0 -60 60 0 -60 60 0 60
4 16 19 0 60 0 0 60 16.5 0 30.75 19 0 30.75
4 16 -19 0 -30.75 -19 0 -1.5 -22 0 -1.5 -22 0 -30.75
4 16 -11 0 -30.75 -8 0 -30.75 -8 0 -1.5 -11 0 -1.5
4 16 -5.5 0 -30.75 -2.5 0 -30.75 -2.5 0 -6.5 -5.5 0 -4.13
3 16 0 0 -7 0 0 -30.75 2.5 0 -30.75
4 16 16.5 0 -30.75 19 0 -30.75 19 0 -1.5 0 0 -7
4 16 -54.5 0 -30.75 -57.5 0 -30.75 -57.5 0 -60 -54.5 0 -60
4 16 -49 0 -30.75 -52 0 -30.75 -52 0 -60 -49 0 -60
4 16 -46.5 0 -60 -43.5 0 -60 -43.5 0 -30.75 -46.5 0 -30.75
4 16 -41 0 -60 -38 0 -60 -38 0 -30.75 -41 0 -30.75
4 16 -32.5 0 -30.75 -35.5 0 -30.75 -35.5 0 -60 -32.5 0 -60
3 16 -24.5 0 -30.75 -27.5 0 -30.75 0 0 -60
4 16 -30 0 -60 0 0 -60 -27.5 0 -30.75 -30 0 -30.75
3 16 0 0 -30.75 -2.5 0 -30.75 0 0 -60
3 16 -5.5 0 -30.75 -8 0 -30.75 0 0 -60
3 16 -2.5 0 -30.75 -5.5 0 -30.75 0 0 -60
4 16 -13.5 0 -1.5 -16.5 0 -1.5 -16.5 0 -30.75 -13.5 0 -30.75
3 16 -11 0 -30.75 -13.5 0 -30.75 0 0 -60
3 16 -8 0 -30.75 -11 0 -30.75 0 0 -60
3 16 -16.5 0 -30.75 -19 0 -30.75 0 0 -60
3 16 -13.5 0 -30.75 -16.5 0 -30.75 0 0 -60
3 16 -22 0 -30.75 -24.5 0 -30.75 0 0 -60
3 16 -19 0 -30.75 -22 0 -30.75 0 0 -60
3 16 0 0 -7 2.5 0 -30.75 5.5 0 -30.75
4 16 2.5 0 -60 5.5 0 -60 5.5 0 -30.75 2.5 0 -30.75
3 16 0 0 -7 8 0 -30.75 11 0 -30.75
3 16 0 0 -7 5.5 0 -30.75 8 0 -30.75
4 16 8 0 -60 11 0 -60 11 0 -30.75 8 0 -30.75
4 16 16.5 0 -30.75 13.5 0 -30.75 13.5 0 -60 16.5 0 -60
3 16 0 0 -7 13.5 0 -30.75 16.5 0 -30.75
3 16 0 0 -7 11 0 -30.75 13.5 0 -30.75
3 16 19 0 -1.5 6.7 0 -1.5 0 0 -7
4 16 6.46 0 2.68 0 0 7 -6.7 0 1.5 6.7 0 1.5
4 16 6.7 0 1.5 -6.7 0 1.5 -7 0 0 7 0 0
4 16 7 0 0 -7 0 0 -6.7 0 -1.5 6.7 0 -1.5
4 16 -6.46 0 -2.68 0 0 -7 6.7 0 -1.5 -6.7 0 -1.5
4 16 -5.5 0 -4.13 -2.5 0 -6.5 0 0 -7 -6.46 0 -2.68
4 16 -24.5 0 -30.75 -24.5 0 -1.5 -27.5 0 -1.5 -27.5 0 -30.75
3 16 -30 0 -30.75 -30 0 -1.5 -32.5 0 -30.75
3 16 -32.5 0 -30.75 -30 0 -1.5 -35.5 0 -30.75
3 16 -35.5 0 -30.75 -30 0 -1.5 -38 0 -30.75
3 16 -38 0 -30.75 -30 0 -1.5 -41 0 -30.75
3 16 -41 0 -30.75 -30 0 -1.5 -43.5 0 -30.75
3 16 -43.5 0 -30.75 -30 0 -1.5 -46.5 0 -30.75
3 16 -46.5 0 -30.75 -30 0 -1.5 -49 0 -30.75
3 16 -49 0 -30.75 -30 0 -1.5 -52 0 -30.75
3 16 -52 0 -30.75 -30 0 -1.5 -54.5 0 -30.75
3 16 -54.5 0 -30.75 -30 0 -1.5 -57.5 0 -30.75
4 16 -30 0 -1.5 -60 0 -1.5 -60 0 -30.75 -57.5 0 -30.75
4 288 -52 0 1.5 -52 0 30.75 -54.5 0 30.75 -54.5 0 1.5
4 288 -49 0 30.75 -49 0 1.5 -46.5 0 1.5 -46.5 0 30.75
4 288 -41 0 1.5 -41 0 30.75 -43.5 0 30.75 -43.5 0 1.5
4 288 -38 0 30.75 -38 0 1.5 -35.5 0 1.5 -35.5 0 30.75
4 288 -30 0 60 -30 0 30.75 -27.5 0 30.75 -27.5 0 60
4 288 -32.5 0 30.75 -32.5 0 1.5 -30 0 1.5 -30 0 30.75
4 288 -8 0 30.75 -5.5 0 30.75 -5.5 0 60 -8 0 60
4 288 -13.5 0 30.75 -11 0 30.75 -11 0 60 -13.5 0 60
4 288 -19 0 30.75 -16.5 0 30.75 -16.5 0 60 -19 0 60
4 288 -24.5 0 30.75 -22 0 30.75 -22 0 60 -24.5 0 60
4 288 -2.5 0 30.75 0 0 30.75 0 0 60 -2.5 0 60
4 288 2.5 0 30.75 0 0 30.75 0 0 7 2.5 0 6.5
3 288 6.46 0 2.68 6.7 0 1.5 8 0 1.5
4 288 8 0 1.5 8 0 30.75 5.5 0 4.13 6.46 0 2.68
3 288 5.5 0 30.75 5.5 0 4.13 8 0 30.75
4 288 13.5 0 1.5 13.5 0 30.75 11 0 30.75 11 0 1.5
4 288 19 0 1.5 19 0 30.75 16.5 0 30.75 16.5 0 1.5
4 288 -60 0 30.75 -60 0 1.5 -57.5 0 1.5 -57.5 0 30.75
4 288 -6.46 0 -2.68 -6.7 0 -1.5 -8 0 -30.75 -5.5 0 -30.75
3 288 -6.7 0 -1.5 -8 0 -1.5 -8 0 -30.75
4 288 -2.5 0 -30.75 0 0 -30.75 0 0 -7 -2.5 0 -6.5
4 288 -52 0 -30.75 -54.5 0 -30.75 -54.5 0 -60 -52 0 -60
4 288 -60 0 -30.75 -60 0 -60 -57.5 0 -60 -57.5 0 -30.75
4 288 -41 0 -30.75 -43.5 0 -30.75 -43.5 0 -60 -41 0 -60
4 288 -49 0 -60 -46.5 0 -60 -46.5 0 -30.75 -49 0 -30.75
4 288 -38 0 -60 -35.5 0 -60 -35.5 0 -30.75 -38 0 -30.75
4 288 -30 0 -60 -30 0 -30.75 -32.5 0 -30.75 -32.5 0 -60
4 288 2.5 0 -30.75 0 0 -30.75 0 0 -60 2.5 0 -60
3 288 -5.5 0 -4.13 -6.46 0 -2.68 -5.5 0 -30.75
4 288 -13.5 0 -30.75 -11 0 -30.75 -11 0 -1.5 -13.5 0 -1.5
4 288 -16.5 0 -1.5 -19 0 -1.5 -19 0 -30.75 -16.5 0 -30.75
4 288 13.5 0 -30.75 11 0 -30.75 11 0 -60 13.5 0 -60
4 288 5.5 0 -60 8 0 -60 8 0 -30.75 5.5 0 -30.75
4 288 19 0 -60 19 0 -30.75 16.5 0 -30.75 16.5 0 -60
4 288 -22 0 -30.75 -22 0 -1.5 -24.5 0 -1.5 -24.5 0 -30.75
4 288 -27.5 0 -30.75 -27.5 0 -1.5 -30 0 -1.5 -30 0 -30.75
