0 Minifig Helmet Welding with Dark Blue Stripes on Black Visor Pattern
0 Name: 13792p01.dat
0 Author: Stan Isachenko [angmarec]
0 !LDRAW_ORG Part UPDATE 2019-02
0 !LICENSE Redistributable under CCAL version 2.0 : see CAreadme.txt

0 BFC CERTIFY CCW

0 !CATEGORY Minifig Headwear

0 !HISTORY 2014-01-07 {LEGO Digital Designer} Original part shape
0 !HISTORY 2014-01-08 [angmarec] File preparation for LDraw Parts Tracker
0 !HISTORY 2015-01-29 [Philo] Cleaned and inlined visor
0 !HISTORY 2019-09-09 [PTadmin] Official Update 2019-02

1 16 0 -4 0 1 0 0 0 1 0 0 0 1 s\13792s01.dat
1 16 0 -4 0 -1 0 0 0 1 0 0 0 1 s\13792s01.dat
1 16 0 -4 0 1 0 0 0 -1 0 0 0 1 stud4a.dat
1 16 0 -6 0 6 0 0 0 -1 0 0 0 6 4-4disc.dat
1 16 0 -6 0 6 0 0 0 1 0 0 0 6 4-4edge.dat
1 16 0 -4 0 8 0 0 0 1 0 0 0 8 4-4edge.dat
0 BFC INVERTNEXT
1 16 0 -4 0 6 0 0 0 -2 0 0 0 6 4-4cyli.dat
0 // Visor
5 24 -8.104 9.835 -15.936 -7.461 5.368 -15.745 -7.776 5.759 -15.724 -7.94 10.674 -15.977
5 24 -7.461 5.368 -15.745 -7.94 10.674 -15.977 -8.104 9.835 -15.936 -7.441 11.461 -16.104
5 24 -7.461 5.368 -15.745 -7.441 11.461 -16.104 -7.94 10.674 -15.977 -5.051 4.762 -16.028
5 24 -5.051 4.762 -16.028 -5.282 12.064 -16.402 -7.441 11.461 -16.104 0 4.76 -16.345
5 24 8.104 9.835 -15.936 7.461 5.368 -15.745 7.776 5.759 -15.724 7.94 10.674 -15.977
5 24 7.461 5.368 -15.745 7.94 10.674 -15.977 8.104 9.835 -15.936 7.441 11.461 -16.104
5 24 7.461 5.368 -15.745 7.441 11.461 -16.104 7.94 10.674 -15.977 5.051 4.762 -16.028
5 24 5.051 4.762 -16.028 5.282 12.064 -16.402 7.441 11.461 -16.104 0 4.76 -16.345
3 0 -7.461 5.368 -15.745 -7.776 5.759 -15.724 -8.104 9.835 -15.936
3 0 -7.461 5.368 -15.745 -8.104 9.835 -15.936 -7.94 10.674 -15.977
3 0 -7.461 5.368 -15.745 -7.94 10.674 -15.977 -7.441 11.461 -16.104
4 0 -5.051 4.762 -16.028 -7.461 5.368 -15.745 -7.441 11.461 -16.104 -5.282 12.064 -16.402
4 0 -5.051 4.762 -16.028 -5.282 12.064 -16.402 -4.8 11.5 -16.4041 -3.1 5.2 -16.1814
3 0 -5.051 4.762 -16.028 -3.1 5.2 -16.1814 -1.5 5.2 -16.2755
4 0 0 4.76 -16.345 -5.051 4.762 -16.028 -1.5 5.2 -16.2755 -0.526 5.2 -16.3366
3 272 -1.5 5.2 -16.2755 -3.1 5.2 -16.1814 -3.3 11.5 -16.5152
3 272 -3.1 5.2 -16.1814 -4.8 11.5 -16.4041 -3.3 11.5 -16.5152
3 0 -3.3 11.5 -16.5152 -4.8 11.5 -16.4041 -5.282 12.064 -16.402
3 0 -2.226 11.5 -16.5757 -3.3 11.5 -16.5152 -5.282 12.064 -16.402
4 0 -1.5 5.2 -16.2755 -3.3 11.5 -16.5152 -2.226 11.5 -16.5757 -0.526 5.2 -16.3366
4 0 -2.226 11.5 -16.5757 -5.282 12.064 -16.402 0 12.118 -16.757 0 11.5 -16.724
4 0 0 11.5 -16.724 0 12.118 -16.757 5.282 12.064 -16.402 1.574 5.2 -16.2648
3 0 5.051 4.762 -16.028 1.574 5.2 -16.2648 5.282 12.064 -16.402
4 0 7.461 5.368 -15.745 5.051 4.762 -16.028 5.282 12.064 -16.402 7.441 11.461 -16.104
3 0 7.461 5.368 -15.745 7.441 11.461 -16.104 7.94 10.674 -15.977
3 0 7.461 5.368 -15.745 7.94 10.674 -15.977 8.104 9.835 -15.936
3 0 7.461 5.368 -15.745 8.104 9.835 -15.936 7.776 5.759 -15.724
3 0 0 4.76 -16.345 1.574 5.2 -16.2648 5.051 4.762 -16.028
3 0 0 4.76 -16.345 0 5.2 -16.3684 1.574 5.2 -16.2648
3 0 0 4.76 -16.345 -0.526 5.2 -16.3366 0 5.2 -16.3684
4 272 0 5.2 -16.3684 -0.526 5.2 -16.3366 -2.226 11.5 -16.5757 0 11.5 -16.724
3 272 1.574 5.2 -16.2648 0 5.2 -16.3684 0 11.5 -16.724
5 24 0 12.118 -16.757 0 4.76 -16.345 -5.051 4.762 -16.028 5.282 12.064 -16.402
