0 Slope Brick Curved  2 x  2 x  0.667 with Black "turbo" Pattern
0 Name: 15068pt2.dat
0 Author: Ulrich Röder [UR]
0 !LDRAW_ORG Part UPDATE 2024-05
0 !LICENSE Licensed under CC BY 4.0 : see CAreadme.txt

0 BFC CERTIFY CCW

0 !KEYWORDS Bricklink 15068pb333, Car, Porsche, Set 10295

0 !CMDLINE -c15

0 !HISTORY 2023-09-17 [Holly-Wood] Fixed conds, closed gaps, fixed coplanar quads, rounded
0 !HISTORY 2024-06-30 [OrionP] Official Update 2024-05

1 16 0 0 0 1 0 0 0 1 0 0 0 1 s\15068s01.dat
4 16 20 -15.652 12.616 20 -16 20 -20 -16 20 -20 -15.652 12.616
4 16 12.599 -13.737 1.831 12.058 -13.637 1.423 11.829 -13.543 1.039 11.86 -13.441 .626
4 16 11.86 -13.441 .626 12.147 -13.365 .316 12.709 -13.327 .161 12.599 -13.737 1.831
4 16 13.762 -13.404 .475 12.599 -13.737 1.831 12.709 -13.327 .161 13.261 -13.35 .252
3 16 14.199 -13.503 .877 13.84 -13.795 2.065 13.184 -13.795 2.066
4 16 13.762 -13.404 .475 14.199 -13.503 .877 13.184 -13.795 2.066 12.599 -13.737 1.831
4 16 13.84 -13.795 2.065 14.199 -13.503 .877 14.388 -13.652 1.484 14.149 -13.761 1.929
4 16 8.033 -13.724 1.777 7.798 -13.76 1.922 7.369 -13.763 1.935 8.201 -13.672 1.564
3 16 8.242 -13.499 .859 5.738 -13.512 .915 8.006 -13.424 .555
4 16 5.738 -13.512 .915 8.242 -13.499 .859 8.296 -13.602 1.278 6.29 -13.645 1.453
4 16 8.296 -13.602 1.278 8.201 -13.672 1.564 7.369 -13.763 1.935 6.952 -13.731 1.805
3 16 5.738 -13.512 .915 5.218 -13.355 .275 5.91 -13.32 .133
4 16 7.241 -13.338 .203 5.738 -13.512 .915 5.91 -13.32 .133 6.58 -13.312 .1
3 16 6.952 -13.731 1.805 6.29 -13.645 1.453 8.296 -13.602 1.278
4 16 7.241 -13.338 .203 7.633 -13.374 .35 8.006 -13.424 .555 5.738 -13.512 .915
4 16 3.146 -13.168 -.488 4.621 -13.667 1.543 4.742 -13.716 1.743 4.274 -13.748 1.873
4 16 -14.68 -14.243 3.89 -20 -14.604 5.36 -20 -12.883 -1.648 -14.782 -14.174 3.611
3 16 -20 -12.883 -1.648 -14.419 -14.135 3.449 -14.782 -14.174 3.611
4 16 -20 -14.604 5.36 10 -14.601 5.36 20 -15.652 12.616 -20 -15.652 12.616
3 16 10.962 -13.129 -.646 11.723 -13.105 -.742 11.212 -13.161 -.517
3 16 8.05 -14.054 3.122 8.134 -14.387 4.476 7.183 -14.031 3.027
4 16 10.034 -13.323 .144 10.583 -13.34 .212 10.726 -13.384 .391 9.495 -13.498 .858
3 16 -11.659 -14.48 4.854 -11.428 -14.544 5.114 -13.788 -14.423 4.625
4 16 7.399 -14.469 4.811 -6.184 -14.347 4.314 -6.272 -14.301 4.127 7.186 -14.463 4.786
4 16 -5.975 -13.438 .612 -6.003 -13.363 .307 -5.839 -13.296 .033 -5.394 -13.289 .004
3 16 -7.532 -13.396 .443 -7.261 -13.562 1.119 -9.915 -13.318 .124
4 16 -20 -10.51 -8.284 20 -10.51 -8.284 1 -12.883 -1.648 -20 -12.883 -1.648
4 16 14.875 -13.237 -.207 14.591 -13.181 -.436 14.444 -13.124 -.667 20 -12.883 -1.648
3 16 4.346 -13.108 -.732 5.344 -13.077 -.856 4.641 -13.119 -.686
4 16 -5.394 -13.289 .004 -4.755 -13.352 .261 -4.142 -13.487 .811 -5.975 -13.438 .612
4 16 -12.263 -13.366 .318 -11.486 -13.321 .137 -10.703 -13.309 .088 -9.915 -13.318 .124
4 16 4.274 -13.748 1.873 .4 -13.216 -.291 3.064 -13.135 -.622 3.146 -13.168 -.488
4 16 .068 -13.157 -.532 1 -12.883 -1.648 3.064 -13.135 -.622 .4 -13.216 -.291
3 16 -9.982 -14.554 5.154 -9.854 -14.528 5.05 -6.518 -14.435 4.671
3 16 4.784 -14.038 3.055 5.087 -14.016 2.965 6.845 -14.395 4.509
3 16 1 -12.883 -1.648 20 -10.51 -8.284 20 -12.883 -1.648
4 16 20 -4 -20 20 -7.532 -14.436 -20 -7.532 -14.436 -20 -4 -20
4 16 -5.975 -13.438 .612 -4.142 -13.487 .811 -2.569 -13.943 2.668 -4.451 -13.901 2.499
3 16 3.064 -13.135 -.622 1 -12.883 -1.648 3.04 -13.103 -.754
3 16 15.625 -13.832 2.218 20 -14.604 5.36 15.305 -13.934 2.631
4 16 -11.659 -14.48 4.854 -13.788 -14.423 4.625 -12.146 -14.421 4.616 -11.795 -14.443 4.705
3 16 -.724 -13.078 -.854 1 -12.883 -1.648 -.313 -13.117 -.695
3 16 3.04 -13.103 -.754 1 -12.883 -1.648 3.16 -13.086 -.823
3 16 15.752 -13.71 1.718 20 -14.604 5.36 15.625 -13.832 2.218
4 16 10.034 -13.323 .144 9.495 -13.498 .858 9.425 -13.405 .479 9.548 -13.347 .242
4 16 6.845 -14.395 4.509 5.087 -14.016 2.965 5.435 -13.979 2.815 5.637 -13.999 2.897
3 16 -5.579 -12.999 -1.176 1 -12.883 -1.648 -3.197 -13 -1.172
4 16 13.836 -13.084 -.828 13.679 -13.071 -.881 13.467 -13.029 -1.054 14.024 -13.08 -.845
3 16 -11.958 -14.425 4.633 -11.795 -14.443 4.705 -12.146 -14.421 4.616
3 16 -11.062 -14.136 3.452 -11.223 -14.094 3.285 -10.864 -14.148 3.505
4 16 -1.474 -13.346 .238 -2.712 -13.386 .401 -2.72 -13.294 .026 -2.154 -13.266 -.09
3 16 -4.141 -13.08 -.844 -4.791 -13.042 -.999 -3.651 -13.033 -1.036
4 16 3.965 -13.084 -.829 3.16 -13.086 -.823 1 -12.883 -1.648 6.51 -13.033 -1.037
4 16 -.949 -13.903 2.505 -1.08 -13.85 2.288 -.87 -13.449 .657 1.188 -13.959 2.733
3 16 8.041 -14.461 4.777 10 -14.601 5.36 7.399 -14.469 4.811
3 16 8.014 -13.076 -.862 6.51 -13.033 -1.037 8.938 -13.049 -.973
4 16 -1.474 -13.346 .238 -.87 -13.449 .657 -1.08 -13.85 2.288 -2.712 -13.386 .401
3 16 -12.789 -13.533 .998 -12.702 -13.459 .697 -12.559 -13.418 .53
3 16 -1.143 -13.051 -.963 1 -12.883 -1.648 -.724 -13.078 -.854
4 16 -12.588 -13.724 1.775 -12.559 -13.418 .53 -12.263 -13.366 .318 -9.915 -13.318 .124
3 16 10 -14.601 5.36 11.639 -13.904 2.508 12.184 -13.993 2.872
4 16 -11.223 -14.094 3.285 -11.382 -14.04 3.064 -7.285 -14.159 3.547 -10.864 -14.148 3.505
4 16 12.451 -13.048 -.976 11.723 -13.105 -.742 10.962 -13.129 -.646 10.714 -13.099 -.77
3 16 10.755 -13.494 .841 10.82 -13.61 1.314 9.606 -13.745 1.861
4 16 10.726 -13.384 .391 10.755 -13.494 .841 9.606 -13.745 1.861 9.495 -13.498 .858
4 16 -20 -12.883 -1.648 1 -12.883 -1.648 -5.579 -12.999 -1.176 -11.261 -12.997 -1.183
3 16 14.264 -13.09 -.805 20 -12.883 -1.648 14.444 -13.124 -.667
4 16 -6.843 -13.072 -.88 -8.715 -13.065 -.907 -10.097 -13.016 -1.105 -6.313 -13.01 -1.13
3 16 -9.952 -14.444 4.71 -6.518 -14.435 4.671 -9.854 -14.528 5.05
3 16 -14.549 -14.3 4.122 -20 -14.604 5.36 -14.68 -14.243 3.89
4 16 -20 -12.883 -1.648 -13.202 -14.045 3.083 -13.959 -14.132 3.438 -14.419 -14.135 3.449
4 16 -13.036 -14.133 3.441 -13.959 -14.132 3.438 -13.202 -14.045 3.083 -12.956 -14.098 3.3
4 16 2.895 -13.729 1.799 2.636 -13.696 1.664 .4 -13.216 -.291 4.274 -13.748 1.873
4 16 -5.945 -13.991 2.865 -5.499 -14.045 3.082 -11.382 -14.04 3.064 -12.588 -13.724 1.775
3 16 -5.499 -14.045 3.082 -7.285 -14.159 3.547 -11.382 -14.04 3.064
3 16 -8.715 -13.065 -.907 -6.843 -13.072 -.88 -7.132 -13.133 -.631
3 16 10.714 -13.099 -.77 10.463 -13.079 -.849 12.451 -13.048 -.976
4 16 14.264 -13.09 -.805 14.024 -13.08 -.845 13.467 -13.029 -1.054 20 -12.883 -1.648
4 16 -.896 -13.972 2.786 -.949 -13.903 2.505 1.188 -13.959 2.733 1.486 -14.015 2.963
3 16 -20 -12.883 -1.648 -11.261 -12.997 -1.183 -12.636 -13.008 -1.141
3 16 20 -12.883 -1.648 15.277 -13.342 .221 14.875 -13.237 -.207
4 16 -6.272 -14.301 4.127 -4.621 -14.047 3.09 -1.148 -14.016 2.966 7.186 -14.463 4.786
4 16 -.966 -14.005 2.921 7.004 -14.438 4.685 7.186 -14.463 4.786 -1.148 -14.016 2.966
4 16 -9.915 -13.318 .124 -7.261 -13.562 1.119 -7.011 -13.676 1.583 -12.588 -13.724 1.775
4 16 4.218 -14.05 3.106 2.388 -14.036 3.046 2.887 -14.003 2.913 3.102 -14.004 2.919
4 16 -3.197 -13 -1.172 -3.651 -13.033 -1.036 -4.791 -13.042 -.999 -5.579 -12.999 -1.176
4 16 -1.649 -13.062 -.919 -2.094 -13.031 -1.046 1 -12.883 -1.648 -1.143 -13.051 -.963
3 16 8.556 -14.045 3.086 8.134 -14.387 4.476 8.05 -14.054 3.122
3 16 -14.225 -14.393 4.501 -20 -14.604 5.36 -14.549 -14.3 4.122
4 16 10 -14.601 5.36 -6.201 -14.406 4.552 -6.184 -14.347 4.314 7.399 -14.469 4.811
4 16 -12.559 -13.418 .53 -12.588 -13.724 1.775 -12.785 -13.596 1.254 -12.789 -13.533 .998
4 16 4.346 -13.108 -.732 3.965 -13.084 -.829 5.878 -13.051 -.962 5.344 -13.077 -.856
3 16 -11.152 -14.574 5.237 -13.788 -14.423 4.625 -11.428 -14.544 5.114
3 16 -6.646 -13.795 2.065 -12.588 -13.724 1.775 -7.011 -13.676 1.583
4 16 10.984 -13.714 1.735 9.525 -13.849 2.284 9.606 -13.745 1.861 10.82 -13.61 1.314
3 16 6.845 -14.395 4.509 4.218 -14.05 3.106 4.784 -14.038 3.055
3 16 -14.023 -14.418 4.601 -20 -14.604 5.36 -14.225 -14.393 4.501
3 16 -20 -12.883 -1.648 -13.747 -13.895 2.473 -13.202 -14.045 3.083
3 16 10 -14.601 5.36 -20 -14.604 5.36 -11.152 -14.574 5.237
4 16 13.467 -13.029 -1.054 12.451 -13.048 -.976 10.463 -13.079 -.849 9.941 -13.064 -.912
4 16 -6.313 -13.01 -1.13 -10.097 -13.016 -1.105 -11.261 -12.997 -1.183 -5.579 -12.999 -1.176
3 16 -3.197 -13 -1.172 1 -12.883 -1.648 -2.094 -13.031 -1.046
3 16 -6.201 -14.406 4.552 10 -14.601 5.36 -6.518 -14.435 4.671
4 16 7.004 -14.438 4.685 2.388 -14.036 3.046 4.218 -14.05 3.106 6.845 -14.395 4.509
3 16 -11.152 -14.574 5.237 -20 -14.604 5.36 -14.023 -14.418 4.601
3 16 -14.023 -14.418 4.601 -13.788 -14.423 4.625 -11.152 -14.574 5.237
3 16 -20 -12.883 -1.648 -14.331 -13.701 1.683 -13.747 -13.895 2.473
4 16 -4.451 -13.901 2.499 -2.569 -13.943 2.668 -2.318 -13.987 2.847 -4.345 -13.952 2.706
3 16 8.212 -14.446 4.716 10 -14.601 5.36 8.041 -14.461 4.777
4 16 10 -14.601 5.36 8.134 -14.387 4.476 8.556 -14.045 3.086 8.981 -14.001 2.904
3 16 7.004 -14.438 4.685 1.832 -14.035 3.043 2.388 -14.036 3.046
3 16 -11.152 -14.574 5.237 -10.136 -14.567 5.209 10 -14.601 5.36
3 16 -5.945 -13.991 2.865 -12.588 -13.724 1.775 -6.646 -13.795 2.065
3 16 -20 -12.883 -1.648 -14.577 -13.582 1.199 -14.331 -13.701 1.683
3 16 -20 -12.883 -1.648 -14.661 -13.449 .657 -14.577 -13.582 1.199
3 16 13.298 -14.082 3.236 10 -14.601 5.36 12.665 -14.05 3.103
3 16 -20 -12.883 -1.648 -14.6 -13.333 .185 -14.661 -13.449 .657
3 16 -20 -12.883 -1.648 -14.417 -13.22 -.275 -14.6 -13.333 .185
4 16 8.981 -14.001 2.904 9.313 -13.936 2.639 11.236 -13.803 2.1 10 -14.601 5.36
4 16 9.525 -13.849 2.284 10.984 -13.714 1.735 11.236 -13.803 2.1 9.313 -13.936 2.639
3 16 -20 -12.883 -1.648 -14.144 -13.148 -.57 -14.417 -13.22 -.275
3 16 -20 -12.883 -1.648 -13.454 -13.05 -.967 -14.144 -13.148 -.57
4 16 1.486 -14.015 2.963 7.004 -14.438 4.685 -.966 -14.005 2.921 -.896 -13.972 2.786
4 16 -4.345 -13.952 2.706 -2.318 -13.987 2.847 -2.037 -14.012 2.949 -4.351 -14.021 2.986
3 16 -.313 -13.117 -.695 1 -12.883 -1.648 .068 -13.157 -.532
3 16 -5.499 -14.045 3.082 -6.877 -14.174 3.608 -7.285 -14.159 3.547
3 16 8.134 -14.387 4.476 10 -14.601 5.36 8.212 -14.446 4.716
3 16 1.486 -14.015 2.963 1.832 -14.035 3.043 7.004 -14.438 4.685
4 16 1 -12.883 -1.648 20 -12.883 -1.648 8.938 -13.049 -.973 6.51 -13.033 -1.037
4 16 9.941 -13.064 -.912 8.938 -13.049 -.973 20 -12.883 -1.648 13.467 -13.029 -1.054
4 16 -6.518 -14.435 4.671 10 -14.601 5.36 -10.136 -14.567 5.209 -9.982 -14.554 5.154
3 16 -20 -12.883 -1.648 -12.636 -13.008 -1.141 -13.454 -13.05 -.967
4 16 20 -10.51 -8.284 -20 -10.51 -8.284 -20 -7.532 -14.436 20 -7.532 -14.436
4 16 -6.877 -14.174 3.608 -5.499 -14.045 3.082 -4.621 -14.047 3.09 -6.547 -14.222 3.804
3 16 -4.621 -14.047 3.09 -6.272 -14.301 4.127 -6.547 -14.222 3.804
4 16 -4.621 -14.047 3.09 -4.351 -14.021 2.986 -2.037 -14.012 2.949 -1.148 -14.016 2.966
3 16 3.965 -13.084 -.829 6.51 -13.033 -1.037 5.878 -13.051 -.962
3 16 11.639 -13.904 2.508 10 -14.601 5.36 11.236 -13.803 2.1
3 16 15.305 -13.934 2.631 20 -14.604 5.36 14.764 -14.027 3.01
3 16 12.665 -14.05 3.103 10 -14.601 5.36 12.184 -13.993 2.872
3 16 13.955 -14.077 3.213 14.764 -14.027 3.01 20 -14.604 5.36
4 16 13.298 -14.082 3.236 13.955 -14.077 3.213 20 -14.604 5.36 10 -14.601 5.36
3 16 20 -12.883 -1.648 15.581 -13.471 .747 15.277 -13.342 .221
3 16 15.729 -13.597 1.259 15.581 -13.471 .747 20 -12.883 -1.648
3 16 20 -15.652 12.616 10 -14.601 5.36 20 -14.604 5.36
4 16 20 -12.883 -1.648 20 -14.604 5.36 15.752 -13.71 1.718 15.729 -13.597 1.259

4 0 6.29 -13.645 1.453 6.952 -13.731 1.805 7.183 -14.031 3.027 4.742 -13.716 1.743
3 0 9.495 -13.498 .858 9.606 -13.745 1.861 8.296 -13.602 1.278
3 0 4.274 -13.748 1.873 3.102 -14.004 2.919 2.887 -14.003 2.913
4 0 2.388 -14.036 3.046 2.895 -13.729 1.799 4.274 -13.748 1.873 2.887 -14.003 2.913
4 0 -1.148 -14.016 2.966 -.949 -13.903 2.505 -.896 -13.972 2.786 -.966 -14.005 2.921
4 0 1.188 -13.959 2.733 2.636 -13.696 1.664 2.895 -13.729 1.799 2.388 -14.036 3.046
4 0 .4 -13.216 -.291 2.636 -13.696 1.664 1.188 -13.959 2.733 -.87 -13.449 .657
4 0 1.486 -14.015 2.963 1.188 -13.959 2.733 2.388 -14.036 3.046 1.832 -14.035 3.043
4 0 .4 -13.216 -.291 -.87 -13.449 .657 -.313 -13.117 -.695 .068 -13.157 -.532
4 0 -.313 -13.117 -.695 -.87 -13.449 .657 -1.474 -13.346 .238 -.724 -13.078 -.854
4 0 -1.474 -13.346 .238 -1.649 -13.062 -.919 -1.143 -13.051 -.963 -.724 -13.078 -.854
4 0 -1.649 -13.062 -.919 -1.474 -13.346 .238 -2.154 -13.266 -.09 -2.094 -13.031 -1.046
4 0 -2.72 -13.294 .026 -3.197 -13 -1.172 -2.094 -13.031 -1.046 -2.154 -13.266 -.09
4 0 -3.197 -13 -1.172 -2.72 -13.294 .026 -4.141 -13.08 -.844 -3.651 -13.033 -1.036
4 0 -4.142 -13.487 .811 -4.755 -13.352 .261 -4.141 -13.08 -.844 -2.72 -13.294 .026
4 0 -4.755 -13.352 .261 -5.394 -13.289 .004 -4.791 -13.042 -.999 -4.141 -13.08 -.844
4 0 -7.285 -14.159 3.547 -6.518 -14.435 4.671 -9.952 -14.444 4.71 -10.864 -14.148 3.505
4 0 -5.839 -13.296 .033 -6.843 -13.072 -.88 -6.313 -13.01 -1.13 -5.579 -12.999 -1.176
4 0 -5.394 -13.289 .004 -5.839 -13.296 .033 -5.579 -12.999 -1.176 -4.791 -13.042 -.999
4 0 -5.839 -13.296 .033 -6.003 -13.363 .307 -7.132 -13.133 -.631 -6.843 -13.072 -.88
3 0 -7.532 -13.396 .443 -7.132 -13.133 -.631 -6.003 -13.363 .307
4 0 -10.136 -14.567 5.209 -9.952 -14.444 4.71 -9.854 -14.528 5.05 -9.982 -14.554 5.154
4 0 -9.915 -13.318 .124 -8.715 -13.065 -.907 -7.132 -13.133 -.631 -7.532 -13.396 .443
3 0 -8.715 -13.065 -.907 -9.915 -13.318 .124 -10.703 -13.309 .088
4 0 -11.486 -13.321 .137 -10.097 -13.016 -1.105 -8.715 -13.065 -.907 -10.703 -13.309 .088
4 0 -10.097 -13.016 -1.105 -11.486 -13.321 .137 -12.263 -13.366 .318 -11.261 -12.997 -1.183
4 0 -13.454 -13.05 -.967 -12.636 -13.008 -1.141 -11.261 -12.997 -1.183 -12.263 -13.366 .318
4 0 -14.144 -13.148 -.57 -13.454 -13.05 -.967 -12.263 -13.366 .318 -12.559 -13.418 .53
4 0 -11.659 -14.48 4.854 -10.864 -14.148 3.505 -9.952 -14.444 4.71 -10.136 -14.567 5.209
4 0 -14.144 -13.148 -.57 -12.559 -13.418 .53 -12.702 -13.459 .697 -14.417 -13.22 -.275
4 0 -14.6 -13.333 .185 -14.417 -13.22 -.275 -12.702 -13.459 .697 -14.661 -13.449 .657
4 0 -12.789 -13.533 .998 -14.577 -13.582 1.199 -14.661 -13.449 .657 -12.702 -13.459 .697
4 0 -12.789 -13.533 .998 -12.785 -13.596 1.254 -14.331 -13.701 1.683 -14.577 -13.582 1.199
4 0 -13.747 -13.895 2.473 -14.331 -13.701 1.683 -12.785 -13.596 1.254 -12.588 -13.724 1.775
4 0 -13.747 -13.895 2.473 -12.588 -13.724 1.775 -12.956 -14.098 3.3 -13.202 -14.045 3.083
3 0 -11.382 -14.04 3.064 -11.223 -14.094 3.285 -12.146 -14.421 4.616
3 0 -12.588 -13.724 1.775 -11.382 -14.04 3.064 -12.956 -14.098 3.3
4 0 -11.428 -14.544 5.114 -11.659 -14.48 4.854 -10.136 -14.567 5.209 -11.152 -14.574 5.237
4 0 -13.788 -14.423 4.625 -13.036 -14.133 3.441 -11.382 -14.04 3.064 -12.146 -14.421 4.616
3 0 -13.036 -14.133 3.441 -12.956 -14.098 3.3 -11.382 -14.04 3.064
4 0 -14.023 -14.418 4.601 -13.959 -14.132 3.438 -13.036 -14.133 3.441 -13.788 -14.423 4.625
3 0 -14.023 -14.418 4.601 -14.225 -14.393 4.501 -14.549 -14.3 4.122
4 0 -14.68 -14.243 3.89 -13.959 -14.132 3.438 -14.023 -14.418 4.601 -14.549 -14.3 4.122
4 0 -14.782 -14.174 3.611 -14.419 -14.135 3.449 -13.959 -14.132 3.438 -14.68 -14.243 3.89
4 0 -11.223 -14.094 3.285 -11.062 -14.136 3.452 -11.958 -14.425 4.633 -12.146 -14.421 4.616
3 0 -11.062 -14.136 3.452 -11.795 -14.443 4.705 -11.958 -14.425 4.633
4 0 -11.062 -14.136 3.452 -10.864 -14.148 3.505 -11.659 -14.48 4.854 -11.795 -14.443 4.705
4 0 -6.518 -14.435 4.671 -6.272 -14.301 4.127 -6.184 -14.347 4.314 -6.201 -14.406 4.552
4 0 -7.285 -14.159 3.547 -6.877 -14.174 3.608 -6.272 -14.301 4.127 -6.518 -14.435 4.671
3 0 -6.877 -14.174 3.608 -6.547 -14.222 3.804 -6.272 -14.301 4.127
4 0 -5.975 -13.438 .612 -7.261 -13.562 1.119 -7.532 -13.396 .443 -6.003 -13.363 .307
4 0 -6.646 -13.795 2.065 -7.011 -13.676 1.583 -7.261 -13.562 1.119 -5.975 -13.438 .612
4 0 -6.646 -13.795 2.065 -5.975 -13.438 .612 -5.499 -14.045 3.082 -5.945 -13.991 2.865
4 0 -4.451 -13.901 2.499 -4.621 -14.047 3.09 -5.499 -14.045 3.082 -5.975 -13.438 .612
3 0 -1.08 -13.85 2.288 -2.318 -13.987 2.847 -2.569 -13.943 2.668
4 0 -4.621 -14.047 3.09 -4.451 -13.901 2.499 -4.345 -13.952 2.706 -4.351 -14.021 2.986
4 0 -1.08 -13.85 2.288 -2.569 -13.943 2.668 -4.142 -13.487 .811 -2.712 -13.386 .401
3 0 -4.142 -13.487 .811 -2.72 -13.294 .026 -2.712 -13.386 .401
4 0 -1.08 -13.85 2.288 -1.148 -14.016 2.966 -2.037 -14.012 2.949 -2.318 -13.987 2.847
3 0 -1.08 -13.85 2.288 -.949 -13.903 2.505 -1.148 -14.016 2.966
4 0 3.102 -14.004 2.919 4.274 -13.748 1.873 4.784 -14.038 3.055 4.218 -14.05 3.106
4 0 4.274 -13.748 1.873 4.742 -13.716 1.743 5.087 -14.016 2.965 4.784 -14.038 3.055
3 0 5.087 -14.016 2.965 4.742 -13.716 1.743 5.435 -13.979 2.815
4 0 5.435 -13.979 2.815 4.742 -13.716 1.743 7.183 -14.031 3.027 5.637 -13.999 2.897
3 0 5.637 -13.999 2.897 7.183 -14.031 3.027 6.845 -14.395 4.509
4 0 7.004 -14.438 4.685 6.845 -14.395 4.509 7.183 -14.031 3.027 8.134 -14.387 4.476
4 0 7.399 -14.469 4.811 7.186 -14.463 4.786 7.004 -14.438 4.685 8.134 -14.387 4.476
4 0 7.399 -14.469 4.811 8.134 -14.387 4.476 8.212 -14.446 4.716 8.041 -14.461 4.777
4 0 5.738 -13.512 .915 6.29 -13.645 1.453 4.742 -13.716 1.743 4.621 -13.667 1.543
4 0 5.218 -13.355 .275 5.738 -13.512 .915 4.621 -13.667 1.543 3.146 -13.168 -.488
4 0 3.146 -13.168 -.488 3.064 -13.135 -.622 3.04 -13.103 -.754 3.16 -13.086 -.823
4 0 5.218 -13.355 .275 3.146 -13.168 -.488 4.346 -13.108 -.732 4.641 -13.119 -.686
4 0 10.714 -13.099 -.77 10.034 -13.323 .144 9.941 -13.064 -.912 10.463 -13.079 -.849
4 0 10.714 -13.099 -.77 10.962 -13.129 -.646 10.583 -13.34 .212 10.034 -13.323 .144
4 0 10.583 -13.34 .212 10.962 -13.129 -.646 11.212 -13.161 -.517 10.726 -13.384 .391
4 0 4.641 -13.119 -.686 5.344 -13.077 -.856 5.91 -13.32 .133 5.218 -13.355 .275
4 0 8.938 -13.049 -.973 9.941 -13.064 -.912 10.034 -13.323 .144 9.548 -13.347 .242
4 0 5.344 -13.077 -.856 5.878 -13.051 -.962 6.51 -13.033 -1.037 5.91 -13.32 .133
4 0 8.296 -13.602 1.278 8.242 -13.499 .859 9.425 -13.405 .479 9.495 -13.498 .858
4 0 7.241 -13.338 .203 6.58 -13.312 .1 6.51 -13.033 -1.037 8.014 -13.076 -.862
3 0 6.51 -13.033 -1.037 6.58 -13.312 .1 5.91 -13.32 .133
4 0 9.548 -13.347 .242 8.006 -13.424 .555 7.633 -13.374 .35 8.938 -13.049 -.973
4 0 7.241 -13.338 .203 8.014 -13.076 -.862 8.938 -13.049 -.973 7.633 -13.374 .35
4 0 9.425 -13.405 .479 8.242 -13.499 .859 8.006 -13.424 .555 9.548 -13.347 .242
4 0 3.965 -13.084 -.829 4.346 -13.108 -.732 3.146 -13.168 -.488 3.16 -13.086 -.823
4 0 6.952 -13.731 1.805 7.369 -13.763 1.935 8.05 -14.054 3.122 7.183 -14.031 3.027
4 0 8.556 -14.045 3.086 8.05 -14.054 3.122 7.369 -13.763 1.935 7.798 -13.76 1.922
4 0 7.798 -13.76 1.922 8.033 -13.724 1.777 9.313 -13.936 2.639 8.556 -14.045 3.086
3 0 9.313 -13.936 2.639 8.981 -14.001 2.904 8.556 -14.045 3.086
4 0 8.201 -13.672 1.564 9.525 -13.849 2.284 9.313 -13.936 2.639 8.033 -13.724 1.777
4 0 9.606 -13.745 1.861 9.525 -13.849 2.284 8.201 -13.672 1.564 8.296 -13.602 1.278
4 0 13.955 -14.077 3.213 13.84 -13.795 2.065 14.149 -13.761 1.929 14.764 -14.027 3.01
4 0 12.058 -13.637 1.423 11.639 -13.904 2.508 11.236 -13.803 2.1 10.984 -13.714 1.735
4 0 11.86 -13.441 .626 11.829 -13.543 1.039 10.755 -13.494 .841 10.726 -13.384 .391
4 0 10.984 -13.714 1.735 10.82 -13.61 1.314 10.755 -13.494 .841 11.829 -13.543 1.039
4 0 11.639 -13.904 2.508 12.058 -13.637 1.423 12.599 -13.737 1.831 12.184 -13.993 2.872
4 0 13.184 -13.795 2.066 12.665 -14.05 3.103 12.184 -13.993 2.872 12.599 -13.737 1.831
3 0 12.058 -13.637 1.423 10.984 -13.714 1.735 11.829 -13.543 1.039
4 0 13.955 -14.077 3.213 13.298 -14.082 3.236 12.665 -14.05 3.103 13.84 -13.795 2.065
3 0 12.665 -14.05 3.103 13.184 -13.795 2.066 13.84 -13.795 2.065
3 0 15.305 -13.934 2.631 14.764 -14.027 3.01 14.149 -13.761 1.929
4 0 15.752 -13.71 1.718 14.388 -13.652 1.484 14.199 -13.503 .877 15.729 -13.597 1.259
3 0 15.752 -13.71 1.718 15.625 -13.832 2.218 15.305 -13.934 2.631
4 0 15.752 -13.71 1.718 15.305 -13.934 2.631 14.149 -13.761 1.929 14.388 -13.652 1.484
4 0 15.729 -13.597 1.259 14.199 -13.503 .877 15.277 -13.342 .221 15.581 -13.471 .747
4 0 15.277 -13.342 .221 14.199 -13.503 .877 13.762 -13.404 .475 14.875 -13.237 -.207
3 0 14.444 -13.124 -.667 14.591 -13.181 -.436 13.836 -13.084 -.828
4 0 14.264 -13.09 -.805 14.444 -13.124 -.667 13.836 -13.084 -.828 14.024 -13.08 -.845
4 0 12.709 -13.327 .161 12.147 -13.365 .316 11.212 -13.161 -.517 11.723 -13.105 -.742
4 0 11.212 -13.161 -.517 12.147 -13.365 .316 11.86 -13.441 .626 10.726 -13.384 .391
4 0 13.679 -13.071 -.881 13.836 -13.084 -.828 14.875 -13.237 -.207 13.762 -13.404 .475
3 0 13.836 -13.084 -.828 14.591 -13.181 -.436 14.875 -13.237 -.207
3 0 13.762 -13.404 .475 13.261 -13.35 .252 13.679 -13.071 -.881
4 0 13.467 -13.029 -1.054 13.679 -13.071 -.881 13.261 -13.35 .252 12.709 -13.327 .161
4 0 13.467 -13.029 -1.054 12.709 -13.327 .161 11.723 -13.105 -.742 12.451 -13.048 -.976

0 // Condlines
5 24 -20 -7.532 -14.436 20 -7.532 -14.436 20 -4 -20 20 -10.51 -8.284
5 24 -20 -10.51 -8.284 20 -10.51 -8.284 20 -7.532 -14.436 20 -12.883 -1.648
5 24 -20 -12.883 -1.648 20 -12.883 -1.648 20 -10.51 -8.284 20 -14.604 5.36
5 24 -20 -14.604 5.36 20 -14.604 5.36 20 -12.883 -1.648 20 -15.652 12.616
5 24 -20 -15.652 12.616 20 -15.652 12.616 20 -14.604 5.36 20 -16 20
