0 Sticker  3.0 x  1.9 with White "2" and Stars on Blue Background with Red Stripes
0 Name: 165395a.dat
0 Author: Takeshi Takahashi [RainbowDolphin]
0 !LDRAW_ORG Part UPDATE 2024-05
0 !LICENSE Licensed under CC BY 4.0 : see CAreadme.txt

0 BFC CERTIFY CCW

0 !KEYWORDS Bricklink 6551stk01, Brickowl 930700, race car, Rebrickable 165395
0 !KEYWORDS Set 6551

0 !HISTORY 2024-06-30 [OrionP] Official Update 2024-05

1 16 0 -0.25 0 19 0 0 0 0.25 0 0 0 30 box5-12.dat
0 BFC NOCLIP
3 1 9 -0.25 27 -9 -0.25 27 0 -0.25 25
4 1 9 -0.25 27 0 -0.25 25 2 -0.25 19.5 8 -0.25 19.5
4 1 9 -0.25 0 9 -0.25 27 8 -0.25 19.5 6.6 -0.25 4.9
3 1 9 -0.25 0 8 -0.25 -16 9 -0.25 -27
4 1 9 -0.25 -27 8 -0.25 -16 3.5 -0.25 -19.5 5 -0.25 -25
4 1 9 -0.25 -27 5 -0.25 -25 -5 -0.25 -25 -9 -0.25 -27
3 1 0 -0.25 -22 -5 -0.25 -25 5 -0.25 -25
4 1 -9 -0.25 -27 -5 -0.25 -25 -3.5 -0.25 -19.5 -8 -0.25 -16
3 1 -9 -0.25 0 -9 -0.25 -27 -8 -0.25 -16
3 1 -8 -0.25 19.5 -5 -0.25 10.5 -3.5 -0.25 16
3 1 8 -0.25 19.5 3.5 -0.25 16 5 -0.25 10.5
3 1 -9 -0.25 27 -9 -0.25 0 -8 -0.25 19.5
4 1 -9 -0.25 27 -8 -0.25 19.5 -2 -0.25 19.5 0 -0.25 25
3 1 0 -0.25 13.5 -1.2 -0.25 9.9 1.1 -0.25 9.9
4 1 0 -0.25 13.5 1.1 -0.25 9.9 3.1 -0.25 9.4 5 -0.25 10.5
3 1 5 -0.25 10.5 3.1 -0.25 9.4 4.7 -0.25 8.3
4 1 5 -0.25 10.5 4.7 -0.25 8.3 5.9 -0.25 6.8 8 -0.25 19.5
3 1 8 -0.25 19.5 5.9 -0.25 6.8 6.6 -0.25 4.9
3 1 6.6 -0.25 4.9 6.6 -0.25 2.4 9 -0.25 0
4 1 9 -0.25 0 6.6 -0.25 2.4 5.6 -0.25 0.5 6 -0.25 -5
3 1 5.6 -0.25 0.5 2.7 -0.25 -2.4 6 -0.25 -5
3 1 2.7 -0.25 -2.4 -0.2 -0.25 -5 6 -0.25 -5
4 1 9 -0.25 0 6 -0.25 -5 6 -0.25 -9 8 -0.25 -16
4 1 2 -0.25 -16 8 -0.25 -16 6 -0.25 -9 0 -0.25 -10.5
3 1 6 -0.25 -9 -6.5 -0.25 -9 0 -0.25 -10.5
4 1 -2 -0.25 -16 0 -0.25 -10.5 -6.5 -0.25 -9 -8 -0.25 -16
4 1 -9 -0.25 0 -8 -0.25 -16 -6.5 -0.25 -9 -6.3 -0.25 -6.1
4 1 -9 -0.25 0 -6.3 -0.25 -6.1 -5.6 -0.25 -4 -6 -0.25 2.5
3 1 -6 -0.25 2.5 -5.6 -0.25 -4 -4.3 -0.25 -2.3
4 1 -6 -0.25 2.5 -4.3 -0.25 -2.3 -1.7 -0.25 0.1 -1.5 -0.25 2.5
3 1 -1.5 -0.25 2.5 -1.7 -0.25 0.1 0.8 -0.25 2.1
4 1 -1.5 -0.25 4.3 -1.5 -0.25 2.5 0.8 -0.25 2.1 1.4 -0.25 2.8
4 1 -1.3 -0.25 5 -1.5 -0.25 4.3 1.4 -0.25 2.8 1.6 -0.25 3.6
4 1 -0.7 -0.25 5.5 -1.3 -0.25 5 1.6 -0.25 3.6 1.5 -0.25 4.4
4 1 0 -0.25 5.7 -0.7 -0.25 5.5 1.5 -0.25 4.4 1.3 -0.25 5
3 1 0 -0.25 5.7 1.3 -0.25 5 0.7 -0.25 5.5
4 1 -9 -0.25 0 -6 -0.25 2.5 -6 -0.25 5.5 -8 -0.25 19.5
4 1 -8 -0.25 19.5 -6 -0.25 5.5 -5.4 -0.25 7.3 -5 -0.25 10.5
3 1 -5 -0.25 10.5 -5.4 -0.25 7.3 -4.4 -0.25 8.4
4 1 -5 -0.25 10.5 -4.4 -0.25 8.4 -3 -0.25 9.3 0 -0.25 13.5
3 1 0 -0.25 13.5 -3 -0.25 9.3 -1.2 -0.25 9.9
4 4 -11 -0.25 27 -16 -0.25 27 -16 -0.25 -27 -11 -0.25 -27
4 4 16 -0.25 27 11 -0.25 27 11 -0.25 -27 16 -0.25 -27
0 BFC CLIP
3 16 0 -0.25 25 -2 -0.25 19.5 2 -0.25 19.5
4 16 2 -0.25 19.5 -2 -0.25 19.5 -3.5 -0.25 16 0 -0.25 13.5
3 16 -2 -0.25 19.5 -8 -0.25 19.5 -3.5 -0.25 16
3 16 -3.5 -0.25 16 -5 -0.25 10.5 0 -0.25 13.5
4 16 3.5 -0.25 16 2 -0.25 19.5 0 -0.25 13.5 5 -0.25 10.5
3 16 8 -0.25 19.5 2 -0.25 19.5 3.5 -0.25 16
3 16 0 -0.25 -10.5 -2 -0.25 -16 2 -0.25 -16
4 16 2 -0.25 -16 -2 -0.25 -16 -3.5 -0.25 -19.5 0 -0.25 -22
3 16 -2 -0.25 -16 -8 -0.25 -16 -3.5 -0.25 -19.5
3 16 -3.5 -0.25 -19.5 -5 -0.25 -25 0 -0.25 -22
4 16 3.5 -0.25 -19.5 2 -0.25 -16 0 -0.25 -22 5 -0.25 -25
3 16 8 -0.25 -16 2 -0.25 -16 3.5 -0.25 -19.5
4 16 19 -0.25 30 -19 -0.25 30 -9 -0.25 27 9 -0.25 27
3 16 19 -0.25 30 9 -0.25 27 11 -0.25 27
3 16 19 -0.25 30 11 -0.25 27 16 -0.25 27
4 16 19 -0.25 30 16 -0.25 27 16 -0.25 -27 19 -0.25 -30
3 16 16 -0.25 -27 11 -0.25 -27 19 -0.25 -30
3 16 11 -0.25 -27 9 -0.25 -27 19 -0.25 -30
4 16 9 -0.25 0 9 -0.25 -27 11 -0.25 -27 11 -0.25 27
3 16 11 -0.25 27 9 -0.25 27 9 -0.25 0
4 16 19 -0.25 -30 9 -0.25 -27 -9 -0.25 -27 -19 -0.25 -30
3 16 -9 -0.25 -27 -11 -0.25 -27 -19 -0.25 -30
4 16 -11 -0.25 -27 -9 -0.25 -27 -9 -0.25 0 -11 -0.25 27
3 16 -9 -0.25 27 -11 -0.25 27 -9 -0.25 0
3 16 -19 -0.25 30 -11 -0.25 27 -9 -0.25 27
3 16 -19 -0.25 30 -16 -0.25 27 -11 -0.25 27
4 16 -16 -0.25 27 -19 -0.25 30 -19 -0.25 -30 -16 -0.25 -27
3 16 -11 -0.25 -27 -16 -0.25 -27 -19 -0.25 -30
4 16 -6 -0.25 2.5 -1.5 -0.25 2.5 -1.5 -0.25 4.3 -6 -0.25 5.5
4 16 -5.4 -0.25 7.3 -6 -0.25 5.5 -1.5 -0.25 4.3 -1.3 -0.25 5
4 16 -4.4 -0.25 8.4 -5.4 -0.25 7.3 -1.3 -0.25 5 -0.7 -0.25 5.5
4 16 -3 -0.25 9.3 -4.4 -0.25 8.4 -0.7 -0.25 5.5 0 -0.25 5.7
4 16 -1.2 -0.25 9.9 -3 -0.25 9.3 0 -0.25 5.7 1.1 -0.25 9.9
4 16 1.1 -0.25 9.9 0 -0.25 5.7 0.7 -0.25 5.5 3.1 -0.25 9.4
4 16 3.1 -0.25 9.4 0.7 -0.25 5.5 1.3 -0.25 5 4.7 -0.25 8.3
4 16 4.7 -0.25 8.3 1.3 -0.25 5 1.5 -0.25 4.4 5.9 -0.25 6.8
4 16 5.9 -0.25 6.8 1.5 -0.25 4.4 1.6 -0.25 3.6 6.6 -0.25 4.9
4 16 6.6 -0.25 4.9 1.6 -0.25 3.6 1.4 -0.25 2.8 6.6 -0.25 2.4
4 16 6.6 -0.25 2.4 1.4 -0.25 2.8 0.8 -0.25 2.1 5.6 -0.25 0.5
4 16 5.6 -0.25 0.5 0.8 -0.25 2.1 -1.7 -0.25 0.1 2.7 -0.25 -2.4
4 16 2.7 -0.25 -2.4 -1.7 -0.25 0.1 -4.3 -0.25 -2.3 -0.2 -0.25 -5
4 16 -0.2 -0.25 -5 -4.3 -0.25 -2.3 -5.6 -0.25 -4 -6.3 -0.25 -6.1
4 16 -0.2 -0.25 -5 -6.3 -0.25 -6.1 -6.5 -0.25 -9 6 -0.25 -9
3 16 6 -0.25 -5 -0.2 -0.25 -5 6 -0.25 -9
