0 Sticker  0.8 x  1.6 Air Tech Claw Rig Big Arm
0 Name: 166285d.dat
0 Author: Stefan Frenz [smf]
0 !LDRAW_ORG Part UPDATE 2022-03
0 !LICENSE Licensed under CC BY 4.0 : see CAreadme.txt

0 BFC CERTIFY CCW

0 !KEYWORDS Set 8868

0 !HISTORY 2022-05-07 [PTadmin] Official Update 2022-03


1 16 0 -0.25 0 15.8 0 0 0 0.25 0 0 0 7.8 box5-12.dat
4 0 -15.2 -0.25 7.2 -0.2 -0.25 7.2 0 -0.25 7.8 -15.8 -0.25 7.8
4 0 0 -0.25 7.8 0.2 -0.25 7.2 15.2 -0.25 7.2 15.8 -0.25 7.8
4 0 -0.2 -0.25 -7.2 0.2 -0.25 7.2 0 -0.25 7.8 -0.2 -0.25 7.2
4 0 0.2 -0.25 7.2 -0.2 -0.25 -7.2 0 -0.25 -7.8 0.2 -0.25 -7.2
4 0 15.2 -0.25 -7.2 0.2 -0.25 -7.2 0 -0.25 -7.8 15.8 -0.25 -7.8
4 0 15.8 -0.25 -7.8 15.8 -0.25 7.8 15.2 -0.25 7.2 15.2 -0.25 -7.2
4 0 -15.2 -0.25 7.2 -15.8 -0.25 7.8 -15.8 -0.25 -7.8 -15.2 -0.25 -7.2
4 0 -0.2 -0.25 -7.2 -15.2 -0.25 -7.2 -15.8 -0.25 -7.8 0 -0.25 -7.8
3 2 13.1 -0.25 4.8 13.1 -0.25 3.8 14.5 -0.25 5.2
4 2 11.1 -0.25 5.6 11.1 -0.25 4.8 13.1 -0.25 4.8 13.1 -0.25 5.6
4 2 -11.1 -0.25 5.6 -13.1 -0.25 5.6 -13.1 -0.25 4.8 -11.1 -0.25 4.8
3 2 -14.5 -0.25 5.2 -13.1 -0.25 3.8 -13.1 -0.25 4.8
3 2 -13.1 -0.25 5.6 -13.1 -0.25 6.6 -14.5 -0.25 5.2
3 2 -14.5 -0.25 5.2 -13.1 -0.25 4.8 -13.1 -0.25 5.6
3 2 13.1 -0.25 5.6 14.5 -0.25 5.2 13.1 -0.25 6.6
3 2 13.1 -0.25 5.6 13.1 -0.25 4.8 14.5 -0.25 5.2
3 4 12.2 -0.25 -0.3 13.4 -0.25 0.9 12.6 -0.25 0.9
3 4 12.2 -0.25 -0.3 12.6 -0.25 0.9 11.8 -0.25 0.9
3 4 -3.5 -0.25 -3.4 -2.7 -0.25 -3.4 -3.1 -0.25 -2.2
3 4 -3.1 -0.25 -2.2 -4.3 -0.25 -3.4 -3.5 -0.25 -3.4
3 4 11 -0.25 0.9 12.2 -0.25 -0.3 11.8 -0.25 0.9
4 4 12.6 -0.25 0.9 12.6 -0.25 2.5 11.8 -0.25 2.5 11.8 -0.25 0.9
3 4 -2.7 -0.25 -3.4 -1.9 -0.25 -3.4 -3.1 -0.25 -2.2
4 4 -2.7 -0.25 -3.4 -3.5 -0.25 -3.4 -3.5 -0.25 -5 -2.7 -0.25 -5
4 0 -2.737 -0.25 1.675 -2.474 -0.25 0.888 -2.05 -0.25 0.548 -2.05 -0.25 0.988
4 0 12.563 -0.25 -3.625 12.826 -0.25 -4.412 13.25 -0.25 -4.752 13.25 -0.25 -4.312
4 0 -4.424 -0.25 0.548 -4 -0.25 0.888 -3.737 -0.25 1.675 -4.424 -0.25 0.988
4 0 10.876 -0.25 -4.752 11.3 -0.25 -4.412 11.563 -0.25 -3.625 10.876 -0.25 -4.312
4 0 -4 -0.25 0.888 -4.424 -0.25 0.548 -4.727 -0.25 -0.046 -4.465 -0.25 -0.025
4 0 11.3 -0.25 -4.412 10.876 -0.25 -4.752 10.573 -0.25 -5.346 10.835 -0.25 -5.325
3 15 -8.9 -0.25 -3.2 -8.4 -0.25 -5.7 -8.4 -0.25 -3.2
3 15 -10.07 -0.25 -3.2 -8.4 -0.25 -5.7 -8.9 -0.25 -3.2
4 15 -14.4 -0.25 -5.7 -8.4 -0.25 -5.7 -10.07 -0.25 -3.2 -12.5 -0.25 -3.2
3 15 -13.5 -0.25 -3.2 -14.4 -0.25 -5.7 -12.5 -0.25 -3.2
3 15 2 -0.25 -3.2 1.1 -0.25 -5.7 3 -0.25 -3.2
3 15 -13.5 -0.25 -3.2 -14.4 -0.25 -3.2 -14.4 -0.25 -5.7
3 15 2 -0.25 -3.2 1.1 -0.25 -3.2 1.1 -0.25 -5.7
4 0 -3.737 -0.25 1.675 -4 -0.25 0.888 -2.474 -0.25 0.888 -2.737 -0.25 1.675
4 0 11.563 -0.25 -3.625 11.3 -0.25 -4.412 12.826 -0.25 -4.412 12.563 -0.25 -3.625
4 14 -4.7 -0.25 -1.7 -4.301 -0.25 -1.667 -4.405 -0.25 -0.422 -4.837 -0.25 -0.056
4 14 10.6 -0.25 -7 10.999 -0.25 -6.967 10.895 -0.25 -5.722 10.463 -0.25 -5.356
3 14 -4.727 -0.25 -0.046 -4.837 -0.25 -0.056 -4.405 -0.25 -0.422
3 14 10.573 -0.25 -5.346 10.463 -0.25 -5.356 10.895 -0.25 -5.722
3 14 -4.465 -0.25 -0.025 -4.727 -0.25 -0.046 -4.405 -0.25 -0.422
3 14 10.835 -0.25 -5.325 10.573 -0.25 -5.346 10.895 -0.25 -5.722
4 0 -2.474 -0.25 0.888 -2.009 -0.25 -0.025 -1.747 -0.25 -0.046 -2.05 -0.25 0.548
4 0 12.826 -0.25 -4.412 13.291 -0.25 -5.325 13.553 -0.25 -5.346 13.25 -0.25 -4.752
4 14 -2.173 -0.25 -1.667 -1.774 -0.25 -1.7 -1.637 -0.25 -0.056 -2.069 -0.25 -0.422
4 14 13.127 -0.25 -6.967 13.526 -0.25 -7 13.663 -0.25 -5.356 13.231 -0.25 -5.722
3 14 -1.747 -0.25 -0.046 -2.069 -0.25 -0.422 -1.637 -0.25 -0.056
3 14 13.553 -0.25 -5.346 13.231 -0.25 -5.722 13.663 -0.25 -5.356
3 14 -2.009 -0.25 -0.025 -2.069 -0.25 -0.422 -1.747 -0.25 -0.046
3 14 13.291 -0.25 -5.325 13.231 -0.25 -5.722 13.553 -0.25 -5.346
4 14 -4.405 -0.25 -0.422 -3.237 -0.25 -0.325 -3.237 -0.25 0.077 -4.465 -0.25 -0.025
4 14 10.895 -0.25 -5.722 12.063 -0.25 -5.625 12.063 -0.25 -5.223 10.835 -0.25 -5.325
4 14 -3.237 -0.25 -0.325 -2.069 -0.25 -0.422 -2.009 -0.25 -0.025 -3.237 -0.25 0.077
4 14 12.063 -0.25 -5.625 13.231 -0.25 -5.722 13.291 -0.25 -5.325 12.063 -0.25 -5.223
3 14 -11.04 -0.25 -1.81 -11.22 -0.25 -1.98 -10.07 -0.25 -3.2
4 14 -10.07 -0.25 -3.2 -8.9 -0.25 -3.2 -10.781 -0.25 -1.569 -11.04 -0.25 -1.81
3 14 -8.9 -0.25 -3.2 -10.6 -0.25 -1.4 -10.781 -0.25 -1.569
4 0 -12.023 -0.25 -0.765 -11.04 -0.25 -1.81 -10.781 -0.25 -1.569 -11.87 -0.25 -0.42
4 0 -13.5 -0.25 -1.6 -13.5 -0.25 -3.2 -12.5 -0.25 -3.2 -12.5 -0.25 -1.83
3 0 -12.023 -0.25 -0.765 -13.5 -0.25 -1.6 -12.5 -0.25 -1.83
3 0 -12.023 -0.25 -0.765 -11.87 -0.25 -0.42 -13.5 -0.25 -1.6
4 0 -11.87 -0.25 -0.42 -11.116 -0.25 1.26 -10.8 -0.25 4.3 -13.5 -0.25 -1.6
3 0 -10.8 -0.25 4.3 -11.116 -0.25 1.26 -10.71 -0.25 2.16
3 0 -10.8 -0.25 4.3 -10.71 -0.25 2.16 -10.2 -0.25 3.3
4 0 -6.8 -0.25 4.3 -10.8 -0.25 4.3 -10.2 -0.25 3.3 -7 -0.25 3.3
4 0 -3.737 -0.25 1.981 -3.737 -0.25 1.675 -2.737 -0.25 1.675 -2.737 -0.25 2.262
4 0 -3.737 -0.25 1.981 -2.737 -0.25 2.262 -2.6 -0.25 2.6 -6.051 -0.25 2.918
4 0 -6.051 -0.25 2.918 -2.6 -0.25 2.6 -6.8 -0.25 4.3 -6.379 -0.25 3.051
3 0 -6.379 -0.25 3.051 -6.8 -0.25 4.3 -7 -0.25 3.3
4 0 -6.379 -0.25 3.051 -6.658 -0.25 2.361 -6.41 -0.25 2.033 -6.051 -0.25 2.918
4 0 -6.658 -0.25 2.361 -8.649 -0.25 2.14 -8.61 -0.25 1.788 -6.41 -0.25 2.033
3 14 -11.116 -0.25 1.26 -8.583 -0.25 1.541 -8.61 -0.25 1.788
4 14 -8.61 -0.25 1.788 -8.649 -0.25 2.14 -10.71 -0.25 2.16 -11.116 -0.25 1.26
3 14 -8.649 -0.25 2.14 -8.676 -0.25 2.386 -10.71 -0.25 2.16
4 15 7.1 -0.25 -5.7 4.64 -0.25 -3.2 3 -0.25 -3.2 1.1 -0.25 -5.7
3 15 5.809 -0.25 -3.2 4.64 -0.25 -3.2 7.1 -0.25 -5.7
3 15 7.1 -0.25 -3.2 5.809 -0.25 -3.2 7.1 -0.25 -5.7
4 0 3 -0.25 -3.2 3 -0.25 -1.83 2 -0.25 -1.383 2 -0.25 -3.2
3 0 3.374 -0.25 -1.495 2 -0.25 -1.383 3 -0.25 -1.83
3 0 3.635 -0.25 -1.261 2 -0.25 -1.383 3.374 -0.25 -1.495
4 0 2 -0.25 -1.383 3.635 -0.25 -1.261 3.765 -0.25 -1.144 5.337 -0.25 1.607
3 0 5.337 -0.25 1.607 3.765 -0.25 -1.144 4.609 -0.25 -0.388
3 0 5.337 -0.25 1.607 4.609 -0.25 -0.388 5.6 -0.25 0.5
4 0 4 -0.25 -2.16 4.259 -0.25 -1.919 3.635 -0.25 -1.261 3.374 -0.25 -1.495
3 14 3.82 -0.25 -2.33 4.64 -0.25 -3.2 4 -0.25 -2.16
4 14 5.809 -0.25 -3.2 4.259 -0.25 -1.919 4 -0.25 -2.16 4.64 -0.25 -3.2
3 14 4.44 -0.25 -1.75 4.259 -0.25 -1.919 5.809 -0.25 -3.2
3 14 3.765 -0.25 -1.144 6.889 -0.25 -1.552 6.921 -0.25 -1.306
4 14 4.609 -0.25 -0.388 3.765 -0.25 -1.144 6.921 -0.25 -1.306 6.968 -0.25 -0.946
3 14 4.609 -0.25 -0.388 6.968 -0.25 -0.946 7 -0.25 -0.7
4 0 6.968 -0.25 -0.946 6.921 -0.25 -1.306 9.268 -0.25 -1.612 9.153 -0.25 -1.231
4 0 9.153 -0.25 -1.231 9.268 -0.25 -1.612 9.84 -0.25 -1.062 9.595 -0.25 -0.807
4 0 9.3 -0.25 -0.5 9.828 -0.25 0.393 5.337 -0.25 1.607 5.6 -0.25 0.5
4 0 12.563 -0.25 -3.028 11.563 -0.25 -2.854 11.563 -0.25 -3.625 12.563 -0.25 -3.625
4 0 11.563 -0.25 -2.854 12.563 -0.25 -3.028 12.851 -0.25 -2.751 9.84 -0.25 -1.062
4 0 9.828 -0.25 0.393 9.595 -0.25 -0.807 9.84 -0.25 -1.062 12.851 -0.25 -2.751
3 0 9.595 -0.25 -0.807 9.828 -0.25 0.393 9.3 -0.25 -0.5
3 7 -6.8 -0.25 4.3 -0.2 -0.25 7.2 -10.8 -0.25 4.3
3 7 -6.8 -0.25 4.3 -2.6 -0.25 2.6 -0.2 -0.25 7.2
3 7 -2.05 -0.25 0.988 -0.2 -0.25 7.2 -2.6 -0.25 2.6
4 7 -2.737 -0.25 1.675 -2.05 -0.25 0.988 -2.6 -0.25 2.6 -2.737 -0.25 2.262
4 7 -1.747 -0.25 -0.046 -1.637 -0.25 -0.056 -2.05 -0.25 0.988 -2.05 -0.25 0.548
3 7 -1.637 -0.25 -0.056 -0.2 -0.25 7.2 -2.05 -0.25 0.988
4 7 -1.774 -0.25 -1.7 -0.2 -0.25 -7.2 -0.2 -0.25 7.2 -1.637 -0.25 -0.056
3 7 -0.2 -0.25 -7.2 -1.774 -0.25 -1.7 -1.9 -0.25 -3.4
4 7 -1.9 -0.25 -3.4 -2.7 -0.25 -3.4 -2.7 -0.25 -5 -0.2 -0.25 -7.2
4 7 -8.676 -0.25 2.386 -7 -0.25 3.3 -10.2 -0.25 3.3 -10.71 -0.25 2.16
4 7 -8.649 -0.25 2.14 -6.658 -0.25 2.361 -7 -0.25 3.3 -8.676 -0.25 2.386
3 7 -6.658 -0.25 2.361 -6.379 -0.25 3.051 -7 -0.25 3.3
4 7 -3.737 -0.25 1.981 -6.051 -0.25 2.918 -6.41 -0.25 2.033 -3.737 -0.25 1.675
3 7 -3.737 -0.25 1.675 -6.41 -0.25 2.033 -4.424 -0.25 0.988
4 7 -2.009 -0.25 -0.025 -2.474 -0.25 0.888 -4 -0.25 0.888 -3.237 -0.25 0.077
3 7 -4.465 -0.25 -0.025 -3.237 -0.25 0.077 -4 -0.25 0.888
4 7 -4.301 -0.25 -1.667 -3.1 -0.25 -2.2 -3.237 -0.25 -0.325 -4.405 -0.25 -0.422
4 7 -2.069 -0.25 -0.422 -3.237 -0.25 -0.325 -3.1 -0.25 -2.2 -2.173 -0.25 -1.667
4 7 -4.7 -0.25 -1.7 -4.3 -0.25 -3.4 -3.1 -0.25 -2.2 -4.301 -0.25 -1.667
4 7 -2.173 -0.25 -1.667 -3.1 -0.25 -2.2 -1.9 -0.25 -3.4 -1.774 -0.25 -1.7
4 7 -4.727 -0.25 -0.046 -4.424 -0.25 0.548 -8.583 -0.25 1.541 -4.837 -0.25 -0.056
3 7 -8.61 -0.25 1.788 -8.583 -0.25 1.541 -4.424 -0.25 0.548
4 7 -8.61 -0.25 1.788 -4.424 -0.25 0.548 -4.424 -0.25 0.988 -6.41 -0.25 2.033
4 7 -11.22 -0.25 -1.98 -12.5 -0.25 -1.83 -12.5 -0.25 -3.2 -10.07 -0.25 -3.2
4 7 -11.04 -0.25 -1.81 -12.023 -0.25 -0.765 -12.5 -0.25 -1.83 -11.22 -0.25 -1.98
4 7 -11.87 -0.25 -0.42 -10.781 -0.25 -1.569 -10.6 -0.25 -1.4 -11.116 -0.25 1.26
4 7 -10.6 -0.25 -1.4 -4.3 -0.25 -3.4 -4.7 -0.25 -1.7 -11.116 -0.25 1.26
4 7 -4.837 -0.25 -0.056 -8.583 -0.25 1.541 -11.116 -0.25 1.26 -4.7 -0.25 -1.7
4 7 -8.4 -0.25 -5.7 -3.5 -0.25 -5 -4.3 -0.25 -3.4 -8.4 -0.25 -3.2
3 7 -4.3 -0.25 -3.4 -3.5 -0.25 -5 -3.5 -0.25 -3.4
3 7 -8.9 -0.25 -3.2 -8.4 -0.25 -3.2 -10.6 -0.25 -1.4
3 7 -4.3 -0.25 -3.4 -10.6 -0.25 -1.4 -8.4 -0.25 -3.2
3 7 -2.7 -0.25 -5 -3.5 -0.25 -5 -0.2 -0.25 -7.2
4 7 -15.2 -0.25 -7.2 -0.2 -0.25 -7.2 -3.5 -0.25 -5 -8.4 -0.25 -5.7
3 7 -8.4 -0.25 -5.7 -14.4 -0.25 -5.7 -15.2 -0.25 -7.2
3 7 -14.4 -0.25 -5.7 -14.4 -0.25 -3.2 -15.2 -0.25 -7.2
3 7 -13.5 -0.25 -1.6 -14.4 -0.25 -3.2 -13.5 -0.25 -3.2
4 7 1.1 -0.25 -3.2 0.2 -0.25 7.2 0.2 -0.25 -7.2 1.1 -0.25 -5.7
4 7 2 -0.25 -1.383 0.2 -0.25 7.2 1.1 -0.25 -3.2 2 -0.25 -3.2
3 7 5.337 -0.25 1.607 0.2 -0.25 7.2 2 -0.25 -1.383
3 7 12.2 -0.25 -0.3 11 -0.25 0.9 9.828 -0.25 0.393
3 7 11.8 -0.25 2.5 11 -0.25 0.9 11.8 -0.25 0.9
4 7 7 -0.25 -0.7 9.3 -0.25 -0.5 5.6 -0.25 0.5 4.609 -0.25 -0.388
3 7 9.595 -0.25 -0.807 9.3 -0.25 -0.5 9.153 -0.25 -1.231
4 7 9.153 -0.25 -1.231 9.3 -0.25 -0.5 7 -0.25 -0.7 6.968 -0.25 -0.946
4 7 12.563 -0.25 -3.625 13.25 -0.25 -4.312 12.851 -0.25 -2.751 12.563 -0.25 -3.028
4 7 12.851 -0.25 -2.751 13.25 -0.25 -4.312 13.663 -0.25 -5.356 13.4 -0.25 0.9
3 7 13.4 -0.25 0.9 12.2 -0.25 -0.3 12.851 -0.25 -2.751
3 7 12.851 -0.25 -2.751 12.2 -0.25 -0.3 9.828 -0.25 0.393
4 7 13.553 -0.25 -5.346 13.663 -0.25 -5.356 13.25 -0.25 -4.312 13.25 -0.25 -4.752
4 7 13.127 -0.25 -6.967 10.999 -0.25 -6.967 10.6 -0.25 -7 13.526 -0.25 -7
4 7 10.6 -0.25 -7 0.2 -0.25 -7.2 15.2 -0.25 -7.2 13.526 -0.25 -7
3 7 13.663 -0.25 -5.356 13.526 -0.25 -7 15.2 -0.25 -7.2
4 7 13.291 -0.25 -5.325 12.826 -0.25 -4.412 11.3 -0.25 -4.412 12.063 -0.25 -5.223
3 7 10.835 -0.25 -5.325 12.063 -0.25 -5.223 11.3 -0.25 -4.412
4 7 13.231 -0.25 -5.722 12.063 -0.25 -5.625 10.999 -0.25 -6.967 13.127 -0.25 -6.967
3 7 10.895 -0.25 -5.722 10.999 -0.25 -6.967 12.063 -0.25 -5.625
4 7 1.1 -0.25 -5.7 0.2 -0.25 -7.2 10.6 -0.25 -7 7.1 -0.25 -5.7
4 7 10.463 -0.25 -5.356 7.1 -0.25 -3.2 7.1 -0.25 -5.7 10.6 -0.25 -7
4 7 10.573 -0.25 -5.346 10.876 -0.25 -4.752 7.1 -0.25 -3.2 10.463 -0.25 -5.356
4 7 11.563 -0.25 -2.854 9.84 -0.25 -1.062 9.268 -0.25 -1.612 11.563 -0.25 -3.625
4 7 11.563 -0.25 -3.625 9.268 -0.25 -1.612 6.921 -0.25 -1.306 10.876 -0.25 -4.312
4 7 3.82 -0.25 -2.33 3 -0.25 -1.83 3 -0.25 -3.2 4.64 -0.25 -3.2
4 7 4 -0.25 -2.16 3.374 -0.25 -1.495 3 -0.25 -1.83 3.82 -0.25 -2.33
3 7 6.889 -0.25 -1.552 7.1 -0.25 -3.2 10.876 -0.25 -4.752
4 7 10.876 -0.25 -4.312 6.921 -0.25 -1.306 6.889 -0.25 -1.552 10.876 -0.25 -4.752
4 7 5.809 -0.25 -3.2 7.1 -0.25 -3.2 6.889 -0.25 -1.552 4.44 -0.25 -1.75
4 7 4.44 -0.25 -1.75 3.765 -0.25 -1.144 3.635 -0.25 -1.261 4.259 -0.25 -1.919
3 7 3.765 -0.25 -1.144 4.44 -0.25 -1.75 6.889 -0.25 -1.552
4 7 -14.4 -0.25 -3.2 -14.5 -0.25 5.2 -15.2 -0.25 7.2 -15.2 -0.25 -7.2
4 7 -13.5 -0.25 -1.6 -13.1 -0.25 3.8 -14.5 -0.25 5.2 -14.4 -0.25 -3.2
3 7 -13.1 -0.25 3.8 -13.5 -0.25 -1.6 -10.8 -0.25 4.3
4 7 -10.8 -0.25 4.3 -11.1 -0.25 4.8 -13.1 -0.25 4.8 -13.1 -0.25 3.8
4 7 -11.1 -0.25 4.8 -10.8 -0.25 4.3 -0.2 -0.25 7.2 -11.1 -0.25 5.6
4 7 -0.2 -0.25 7.2 -13.1 -0.25 6.6 -13.1 -0.25 5.6 -11.1 -0.25 5.6
3 7 -15.2 -0.25 7.2 -13.1 -0.25 6.6 -0.2 -0.25 7.2
3 7 -15.2 -0.25 7.2 -14.5 -0.25 5.2 -13.1 -0.25 6.6
4 7 5.337 -0.25 1.607 9.828 -0.25 0.393 11.1 -0.25 4.8 0.2 -0.25 7.2
3 7 11.1 -0.25 4.8 11.1 -0.25 5.6 0.2 -0.25 7.2
4 7 0.2 -0.25 7.2 11.1 -0.25 5.6 13.1 -0.25 5.6 13.1 -0.25 6.6
3 7 0.2 -0.25 7.2 13.1 -0.25 6.6 15.2 -0.25 7.2
3 7 14.5 -0.25 5.2 15.2 -0.25 7.2 13.1 -0.25 6.6
3 7 14.5 -0.25 5.2 15.2 -0.25 -7.2 15.2 -0.25 7.2
4 7 15.2 -0.25 -7.2 14.5 -0.25 5.2 13.4 -0.25 0.9 13.663 -0.25 -5.356
4 7 14.5 -0.25 5.2 13.1 -0.25 3.8 12.6 -0.25 0.9 13.4 -0.25 0.9
4 7 12.6 -0.25 2.5 12.6 -0.25 0.9 13.1 -0.25 3.8 13.1 -0.25 4.8
4 7 13.1 -0.25 4.8 11.1 -0.25 4.8 11.8 -0.25 2.5 12.6 -0.25 2.5
4 7 11 -0.25 0.9 11.8 -0.25 2.5 11.1 -0.25 4.8 9.828 -0.25 0.393

