0 Sticker  2.7 x  3.0 with Red "RED BIRD TEAM" and Black Stripe Right
0 Name: 168335h.dat
0 Author: Ulrich Röder [UR]
0 !LDRAW_ORG Part UPDATE 2018-02
0 !LICENSE Redistributable under CCAL version 2.0 : see CAreadme.txt

0 BFC CERTIFY CCW

0 !KEYWORDS Set 5591

0 !HISTORY 2018-12-08 [PTadmin] Official Update 2018-02

0 // Main
1 16 0 -0.25 0 30 0 0 0 0.25 0 0 0 27 box5-12.dat

0 // Black
4 0 -22.172 -0.25 18.538 -22.299 -0.25 18.197 -21.983 -0.25 18.177 -21.857 -0.25 18.492
4 0 -22.172 -0.25 18.538 -22.404 -0.25 18.547 -24.12 -0.25 18.197 -22.299 -0.25 18.197
4 0 -21.737 -0.25 18.128 -21.59 -0.25 18.419 -21.857 -0.25 18.492 -21.983 -0.25 18.177
4 0 -21.551 -0.25 18.068 -21.366 -0.25 18.328 -21.59 -0.25 18.419 -21.737 -0.25 18.128
4 0 -21.366 -0.25 18.328 -21.551 -0.25 18.068 -21.374 -0.25 17.988 -21.153 -0.25 18.213
4 0 -21.228 -0.25 17.901 -20.953 -0.25 18.074 -21.153 -0.25 18.213 -21.374 -0.25 17.988
4 0 -20.953 -0.25 18.074 -21.228 -0.25 17.901 -21.128 -0.25 17.829 -20.858 -0.25 17.996
4 0 -20.996 -0.25 17.715 -20.681 -0.25 17.826 -20.858 -0.25 17.996 -21.128 -0.25 17.829
4 0 -20.681 -0.25 17.826 -20.996 -0.25 17.715 -20.876 -0.25 17.589 -20.523 -0.25 17.635
4 0 -20.754 -0.25 17.43 -20.366 -0.25 17.398 -20.523 -0.25 17.635 -20.876 -0.25 17.589
4 0 -20.634 -0.25 17.232 -20.218 -0.25 17.106 -20.366 -0.25 17.398 -20.754 -0.25 17.43
4 0 -19.845 -0.25 15.945 -20.088 -0.25 16.75 -20.521 -0.25 16.988 -20.438 -0.25 16.749
4 0 -20.634 -0.25 17.232 -20.521 -0.25 16.988 -20.088 -0.25 16.75 -20.218 -0.25 17.106
4 0 -19.799 -0.25 15.798 -20.195 -0.25 15.945 -19.844 -0.25 14.999 -19.417 -0.25 14.836
4 0 -20.438 -0.25 16.749 -20.195 -0.25 15.945 -19.799 -0.25 15.798 -19.845 -0.25 15.945
4 0 -19.746 -0.25 14.78 -19.373 -0.25 14.744 -19.417 -0.25 14.836 -19.844 -0.25 14.999
4 0 -19.373 -0.25 14.744 -19.746 -0.25 14.78 -19.583 -0.25 14.476 -19.232 -0.25 14.495
4 0 -19.419 -0.25 14.239 -19.104 -0.25 14.317 -19.232 -0.25 14.495 -19.583 -0.25 14.476
4 0 -19.242 -0.25 14.033 -18.981 -0.25 14.18 -19.104 -0.25 14.317 -19.419 -0.25 14.239
4 0 -19.056 -0.25 13.857 -18.865 -0.25 14.077 -18.981 -0.25 14.18 -19.242 -0.25 14.033
4 0 -18.865 -0.25 14.077 -19.056 -0.25 13.857 -18.842 -0.25 13.693 -18.758 -0.25 14
3 0 -16.407 -0.25 14 -18.758 -0.25 14 -18.842 -0.25 13.693
4 0 -18.842 -0.25 13.693 -18.777 -0.25 13.65 -15.951 -0.25 13.65 -16.407 -0.25 14
4 0 -16.157 -0.25 14.331 -16.456 -0.25 14.164 -16.407 -0.25 14 -15.951 -0.25 13.65
4 0 -16.456 -0.25 14.164 -16.157 -0.25 14.331 -16.343 -0.25 14.464 -16.563 -0.25 14.239
4 0 -16.496 -0.25 14.599 -16.694 -0.25 14.352 -16.563 -0.25 14.239 -16.343 -0.25 14.464
4 0 -16.628 -0.25 14.742 -16.832 -0.25 14.497 -16.694 -0.25 14.352 -16.496 -0.25 14.599
4 0 -16.738 -0.25 14.89 -16.974 -0.25 14.682 -16.832 -0.25 14.497 -16.628 -0.25 14.742
4 0 -16.974 -0.25 14.682 -16.738 -0.25 14.89 -16.816 -0.25 15.018 -17.13 -0.25 14.934
4 0 -17.076 -0.25 15.557 -17.371 -0.25 15.422 -17.13 -0.25 14.934 -16.816 -0.25 15.018
4 0 -17.371 -0.25 15.422 -17.076 -0.25 15.557 -17.21 -0.25 15.93 -17.559 -0.25 15.93
4 0 -17.462 -0.25 16.766 -17.812 -0.25 16.766 -17.559 -0.25 15.93 -17.21 -0.25 15.93
4 0 -17.85 -0.25 16.887 -17.462 -0.25 16.766 -17.685 -0.25 17.374 -18.061 -0.25 17.424
3 0 -17.85 -0.25 16.887 -17.812 -0.25 16.766 -17.462 -0.25 16.766
4 0 -17.924 -0.25 17.848 -18.285 -0.25 17.842 -18.061 -0.25 17.424 -17.685 -0.25 17.374
4 0 -18.182 -0.25 18.247 -18.525 -0.25 18.193 -18.285 -0.25 17.842 -17.924 -0.25 17.848
4 0 -18.476 -0.25 18.61 -18.772 -0.25 18.484 -18.525 -0.25 18.193 -18.182 -0.25 18.247
4 0 -18.772 -0.25 18.484 -18.476 -0.25 18.61 -18.533 -0.25 18.672 -18.825 -0.25 18.539
4 0 -19.021 -0.25 19.171 -19.05 -0.25 18.747 -18.825 -0.25 18.539 -18.533 -0.25 18.672
4 0 -19.05 -0.25 18.747 -19.021 -0.25 19.171 -19.203 -0.25 19.314 -19.331 -0.25 18.955
4 0 -19.353 -0.25 19.406 -19.641 -0.25 19.138 -19.331 -0.25 18.955 -19.203 -0.25 19.314
4 0 -19.641 -0.25 19.138 -19.353 -0.25 19.406 -19.516 -0.25 19.483 -19.664 -0.25 19.532
3 0 -19.832 -0.25 19.969 -20.127 -0.25 19.714 -19.664 -0.25 19.532
4 0 -20.127 -0.25 19.714 -20.52 -0.25 19.477 -20.019 -0.25 19.311 -19.664 -0.25 19.532
3 0 -20.019 -0.25 19.311 -19.641 -0.25 19.138 -19.664 -0.25 19.532
3 0 -19.439 -0.25 19.704 -19.337 -0.25 19.842 -19.539 -0.25 19.61
4 0 -19.664 -0.25 19.532 -19.539 -0.25 19.61 -19.337 -0.25 19.842 -19.832 -0.25 19.969
4 0 -19.133 -0.25 20.294 -19.478 -0.25 20.5 -19.621 -0.25 20.233 -19.337 -0.25 19.842
3 0 -19.621 -0.25 20.233 -19.832 -0.25 19.969 -19.337 -0.25 19.842
4 0 -19.478 -0.25 20.5 -19.133 -0.25 20.294 -19.034 -0.25 20.593 -19.413 -0.25 20.682
4 0 -18.983 -0.25 20.915 -19.356 -0.25 20.959 -19.413 -0.25 20.682 -19.034 -0.25 20.593
4 0 -19.356 -0.25 20.959 -18.983 -0.25 20.915 -18.983 -0.25 21.295 -19.342 -0.25 21.256
4 0 -19.043 -0.25 21.702 -19.377 -0.25 21.606 -19.342 -0.25 21.256 -18.983 -0.25 21.295
4 0 -19.124 -0.25 22.016 -19.474 -0.25 22.016 -19.377 -0.25 21.606 -19.043 -0.25 21.702
4 0 -19.348 -0.25 22.625 -19.783 -0.25 22.793 -19.556 -0.25 22.265 -19.124 -0.25 22.016
3 0 -19.556 -0.25 22.265 -19.474 -0.25 22.016 -19.124 -0.25 22.016
4 0 -19.602 -0.25 23.124 -20.033 -0.25 23.224 -19.783 -0.25 22.793 -19.348 -0.25 22.625
4 0 -20.033 -0.25 23.224 -19.602 -0.25 23.124 -19.906 -0.25 23.583 -20.288 -0.25 23.573
4 0 -20.213 -0.25 23.951 -20.579 -0.25 23.893 -20.288 -0.25 23.573 -19.906 -0.25 23.583
4 0 -20.579 -0.25 23.893 -20.213 -0.25 23.951 -20.559 -0.25 24.29 -20.904 -0.25 24.187
4 0 -21.002 -0.25 24.64 -21.318 -0.25 24.488 -20.904 -0.25 24.187 -20.559 -0.25 24.29
4 0 -21.18 -0.25 24.761 -21.712 -0.25 24.719 -21.318 -0.25 24.488 -21.002 -0.25 24.64
4 0 -21.665 -0.25 25.042 -22.251 -0.25 24.965 -21.712 -0.25 24.719 -21.18 -0.25 24.761
4 0 -22.251 -0.25 24.965 -21.665 -0.25 25.042 -22.248 -0.25 25.301 -22.895 -0.25 25.171
4 0 -22.944 -0.25 25.518 -23.656 -0.25 25.315 -22.895 -0.25 25.171 -22.248 -0.25 25.301
4 0 -23.656 -0.25 25.315 -22.944 -0.25 25.518 -23.767 -0.25 25.668 -24.628 -0.25 25.375
3 0 -28.918 -0.25 25.375 -24.628 -0.25 25.375 -23.767 -0.25 25.668
4 0 -23.767 -0.25 25.668 -24.733 -0.25 25.725 -29.373 -0.25 25.725 -28.918 -0.25 25.375
4 0 -28.918 -0.25 25.375 -29.373 -0.25 25.725 -25.729 -0.25 13.65 -25.485 -0.25 14
4 0 -22.748 -0.25 13.65 -23.204 -0.25 14 -25.485 -0.25 14 -25.729 -0.25 13.65
4 0 -24.12 -0.25 18.197 -24.576 -0.25 18.547 -23.204 -0.25 14 -22.748 -0.25 13.65
3 0 -22.404 -0.25 18.547 -24.576 -0.25 18.547 -24.12 -0.25 18.197
4 0 -8.968 -0.25 18.65 -9.71 -0.25 21.108 -9.954 -0.25 20.758 -9.423 -0.25 19
4 0 -14.42 -0.25 21.108 -14.665 -0.25 20.758 -9.954 -0.25 20.758 -9.71 -0.25 21.108
4 0 -14.665 -0.25 20.758 -14.42 -0.25 21.108 -15.072 -0.25 23.267 -15.528 -0.25 23.617
4 0 -9.58 -0.25 23.267 -10.036 -0.25 23.617 -15.528 -0.25 23.617 -15.072 -0.25 23.267
4 0 -10.036 -0.25 23.617 -9.58 -0.25 23.267 -10.322 -0.25 25.725 -10.566 -0.25 25.375
4 0 -18.795 -0.25 25.725 -18.339 -0.25 25.375 -10.566 -0.25 25.375 -10.322 -0.25 25.725
4 0 -15.151 -0.25 13.65 -14.907 -0.25 14 -18.339 -0.25 25.375 -18.795 -0.25 25.725
4 0 -6.662 -0.25 13.65 -7.118 -0.25 14 -14.907 -0.25 14 -15.151 -0.25 13.65
4 0 -7.118 -0.25 14 -6.662 -0.25 13.65 -7.404 -0.25 16.108 -7.648 -0.25 15.758
4 0 -12.912 -0.25 16.108 -13.156 -0.25 15.758 -7.648 -0.25 15.758 -7.404 -0.25 16.108
4 0 -13.156 -0.25 15.758 -12.912 -0.25 16.108 -13.679 -0.25 18.65 -14.134 -0.25 19
4 0 -8.968 -0.25 18.65 -9.423 -0.25 19 -14.134 -0.25 19 -13.679 -0.25 18.65
4 0 -1.813 -0.25 14 -1.706 -0.25 13.65 -0.861 -0.25 13.707 -1.251 -0.25 14.026
4 0 -1.813 -0.25 14 -5.719 -0.25 14 -5.964 -0.25 13.65 -1.706 -0.25 13.65
3 0 -0.594 -0.25 14.136 -1.251 -0.25 14.026 -0.861 -0.25 13.707
4 0 -0.861 -0.25 13.707 -0.184 -0.25 13.857 -0.011 -0.25 14.331 -0.594 -0.25 14.136
4 0 0.845 -0.25 14.89 0.446 -0.25 14.577 0.414 -0.25 14.098 0.879 -0.25 14.39
4 0 -0.184 -0.25 13.857 0.414 -0.25 14.098 0.446 -0.25 14.577 -0.011 -0.25 14.331
4 0 1.329 -0.25 14.804 1.225 -0.25 15.324 0.845 -0.25 14.89 0.879 -0.25 14.39
4 0 1.225 -0.25 15.324 1.329 -0.25 14.804 1.545 -0.25 15.074 1.46 -0.25 15.71
4 0 1.859 -0.25 15.613 1.653 -0.25 16.188 1.46 -0.25 15.71 1.545 -0.25 15.074
4 0 1.653 -0.25 16.188 1.859 -0.25 15.613 2.045 -0.25 16.136 1.766 -0.25 16.705
4 0 2.145 -0.25 16.701 1.796 -0.25 17.262 1.766 -0.25 16.705 2.045 -0.25 16.136
4 0 2.158 -0.25 17.309 1.734 -0.25 17.935 1.796 -0.25 17.262 2.145 -0.25 16.701
4 0 2.068 -0.25 18.043 1.895 -0.25 18.741 1.734 -0.25 17.935 2.158 -0.25 17.309
4 0 1.545 -0.25 18.742 1.895 -0.25 18.741 1.326 -0.25 20.626 0.977 -0.25 20.625
3 0 1.545 -0.25 18.742 1.734 -0.25 17.935 1.895 -0.25 18.741
4 0 0.977 -0.25 20.625 1.326 -0.25 20.626 1.007 -0.25 21.489 0.779 -0.25 21.194
4 0 0.637 -0.25 22.21 0.459 -0.25 21.883 0.779 -0.25 21.194 1.007 -0.25 21.489
4 0 0.459 -0.25 21.883 0.637 -0.25 22.21 0.242 -0.25 22.807 0.066 -0.25 22.522
4 0 -0.214 -0.25 23.362 -0.344 -0.25 23.05 0.066 -0.25 22.522 0.242 -0.25 22.807
4 0 -0.732 -0.25 23.876 -0.811 -0.25 23.539 -0.344 -0.25 23.05 -0.214 -0.25 23.362
4 0 -1.236 -0.25 24.292 -1.406 -0.25 24.043 -0.811 -0.25 23.539 -0.732 -0.25 23.876
4 0 -1.406 -0.25 24.043 -1.236 -0.25 24.292 -1.924 -0.25 24.76 -1.832 -0.25 24.343
4 0 -2.555 -0.25 25.099 -2.414 -0.25 24.684 -1.832 -0.25 24.343 -1.924 -0.25 24.76
4 0 -2.414 -0.25 24.684 -2.555 -0.25 25.099 -3.204 -0.25 25.366 -3.014 -0.25 24.957
4 0 -3.956 -0.25 25.578 -3.708 -0.25 25.183 -3.014 -0.25 24.957 -3.204 -0.25 25.366
4 0 -3.708 -0.25 25.183 -3.956 -0.25 25.578 -4.731 -0.25 25.697 -4.425 -0.25 25.322
4 0 -5.35 -0.25 25.725 -5.246 -0.25 25.375 -4.425 -0.25 25.322 -4.731 -0.25 25.697
4 0 -9.608 -0.25 25.725 -9.152 -0.25 25.375 -5.246 -0.25 25.375 -5.35 -0.25 25.725
4 0 -5.964 -0.25 13.65 -5.719 -0.25 14 -9.152 -0.25 25.375 -9.608 -0.25 25.725
4 0 -5.885 -0.25 23.267 -6.34 -0.25 23.617 -3.968 -0.25 15.758 -3.724 -0.25 16.108
4 0 -5.885 -0.25 23.267 -4.728 -0.25 23.267 -4.832 -0.25 23.617 -6.34 -0.25 23.617
4 0 -3.724 -0.25 16.108 -3.968 -0.25 15.758 -2.461 -0.25 15.758 -2.443 -0.25 16.11
4 0 -2.044 -0.25 15.785 -2.099 -0.25 16.148 -2.443 -0.25 16.11 -2.461 -0.25 15.758
4 0 -2.099 -0.25 16.148 -2.044 -0.25 15.785 -1.717 -0.25 15.853 -1.829 -0.25 16.219
4 0 -1.429 -0.25 15.965 -1.594 -0.25 16.326 -1.829 -0.25 16.219 -1.717 -0.25 15.853
4 0 -1.211 -0.25 16.097 -1.416 -0.25 16.45 -1.594 -0.25 16.326 -1.429 -0.25 15.965
4 0 -1.022 -0.25 16.261 -1.264 -0.25 16.602 -1.416 -0.25 16.45 -1.211 -0.25 16.097
4 0 -1.264 -0.25 16.602 -1.022 -0.25 16.261 -0.845 -0.25 16.489 -1.124 -0.25 16.81
4 0 -0.788 -0.25 16.585 -1.109 -0.25 16.84 -1.124 -0.25 16.81 -0.845 -0.25 16.489
4 0 -1.109 -0.25 16.84 -0.788 -0.25 16.585 -0.656 -0.25 16.899 -1.006 -0.25 17.092
4 0 -0.578 -0.25 17.247 -0.938 -0.25 17.403 -1.006 -0.25 17.092 -0.656 -0.25 16.899
4 0 -0.938 -0.25 17.403 -0.578 -0.25 17.247 -0.555 -0.25 17.627 -0.921 -0.25 17.744
4 0 -0.593 -0.25 18.087 -0.965 -0.25 18.2 -0.921 -0.25 17.744 -0.555 -0.25 17.627
4 0 -0.73 -0.25 18.694 -1.096 -0.25 18.748 -0.965 -0.25 18.2 -0.593 -0.25 18.087
4 0 -1.668 -0.25 20.643 -1.096 -0.25 18.748 -0.73 -0.25 18.694 -1.318 -0.25 20.644
4 0 -1.682 -0.25 20.69 -1.318 -0.25 20.644 -1.54 -0.25 21.248 -1.884 -0.25 21.227
3 0 -1.682 -0.25 20.69 -1.668 -0.25 20.643 -1.318 -0.25 20.644
4 0 -1.884 -0.25 21.227 -1.54 -0.25 21.248 -1.774 -0.25 21.709 -2.095 -0.25 21.636
4 0 -2.022 -0.25 22.09 -2.318 -0.25 21.974 -2.095 -0.25 21.636 -1.774 -0.25 21.709
4 0 -2.318 -0.25 21.974 -2.022 -0.25 22.09 -2.305 -0.25 22.439 -2.573 -0.25 22.284
4 0 -2.623 -0.25 22.757 -2.861 -0.25 22.565 -2.573 -0.25 22.284 -2.305 -0.25 22.439
4 0 -2.661 -0.25 22.79 -2.959 -0.25 22.647 -2.861 -0.25 22.565 -2.623 -0.25 22.757
4 0 -2.97 -0.25 23.033 -3.195 -0.25 22.82 -2.959 -0.25 22.647 -2.661 -0.25 22.79
4 0 -3.195 -0.25 22.82 -2.97 -0.25 23.033 -3.253 -0.25 23.212 -3.441 -0.25 22.964
4 0 -3.547 -0.25 23.358 -3.697 -0.25 23.079 -3.441 -0.25 22.964 -3.253 -0.25 23.212
4 0 -3.697 -0.25 23.079 -3.547 -0.25 23.358 -3.896 -0.25 23.485 -4 -0.25 23.178
4 0 -4.26 -0.25 23.57 -4.316 -0.25 23.24 -4 -0.25 23.178 -3.896 -0.25 23.485
4 0 -4.316 -0.25 23.24 -4.26 -0.25 23.57 -4.686 -0.25 23.614 -4.728 -0.25 23.267
3 0 -4.832 -0.25 23.617 -4.728 -0.25 23.267 -4.686 -0.25 23.614
4 0 -23.137 -0.25 20.305 -23.244 -0.25 20.655 -24.862 -0.25 20.655 -25.106 -0.25 20.305
4 0 -24.862 -0.25 20.655 -25.65 -0.25 23.267 -26.106 -0.25 23.617 -25.106 -0.25 20.305
4 0 -23.118 -0.25 20.657 -23.137 -0.25 20.305 -22.647 -0.25 20.337 -22.727 -0.25 20.693
3 0 -23.118 -0.25 20.657 -23.244 -0.25 20.655 -23.137 -0.25 20.305
4 0 -22.329 -0.25 20.406 -22.496 -0.25 20.75 -22.727 -0.25 20.693 -22.647 -0.25 20.337
4 0 -22.496 -0.25 20.75 -22.329 -0.25 20.406 -22.113 -0.25 20.493 -22.341 -0.25 20.816
4 0 -21.954 -0.25 20.591 -22.227 -0.25 20.889 -22.341 -0.25 20.816 -22.113 -0.25 20.493
4 0 -22.227 -0.25 20.889 -21.954 -0.25 20.591 -21.841 -0.25 20.695 -22.135 -0.25 20.976
4 0 -21.826 -0.25 20.711 -21.74 -0.25 20.832 -22.135 -0.25 20.976 -21.841 -0.25 20.695
4 0 -21.677 -0.25 20.969 -22.022 -0.25 21.177 -22.069 -0.25 21.071 -21.74 -0.25 20.832
3 0 -22.069 -0.25 21.071 -22.135 -0.25 20.976 -21.74 -0.25 20.832
4 0 -22.022 -0.25 21.177 -21.677 -0.25 20.969 -21.637 -0.25 21.121 -21.994 -0.25 21.296
4 0 -21.619 -0.25 21.314 -21.985 -0.25 21.447 -21.994 -0.25 21.296 -21.637 -0.25 21.121
4 0 -21.985 -0.25 21.447 -21.619 -0.25 21.314 -21.635 -0.25 21.554 -22.001 -0.25 21.634
4 0 -21.699 -0.25 21.851 -22.067 -0.25 21.914 -22.001 -0.25 21.634 -21.635 -0.25 21.554
4 0 -22.067 -0.25 21.914 -21.699 -0.25 21.851 -21.717 -0.25 21.914 -21.826 -0.25 22.214
4 0 -21.95 -0.25 22.462 -22.227 -0.25 22.308 -22.125 -0.25 22.083 -21.826 -0.25 22.214
3 0 -22.125 -0.25 22.083 -22.067 -0.25 21.914 -21.826 -0.25 22.214
4 0 -22.081 -0.25 22.664 -22.338 -0.25 22.493 -22.227 -0.25 22.308 -21.95 -0.25 22.462
4 0 -22.231 -0.25 22.851 -22.454 -0.25 22.644 -22.338 -0.25 22.493 -22.081 -0.25 22.664
4 0 -22.454 -0.25 22.644 -22.231 -0.25 22.851 -22.4 -0.25 23.021 -22.585 -0.25 22.781
4 0 -22.564 -0.25 23.156 -22.733 -0.25 22.906 -22.585 -0.25 22.781 -22.4 -0.25 23.021
4 0 -22.815 -0.25 22.963 -22.564 -0.25 23.156 -22.742 -0.25 23.276 -22.966 -0.25 23.052
3 0 -22.815 -0.25 22.963 -22.733 -0.25 22.906 -22.564 -0.25 23.156
4 0 -22.966 -0.25 23.052 -22.742 -0.25 23.276 -22.959 -0.25 23.391 -23.128 -0.25 23.124
4 0 -23.193 -0.25 23.483 -23.35 -0.25 23.195 -23.128 -0.25 23.124 -22.959 -0.25 23.391
4 0 -23.474 -0.25 23.557 -23.617 -0.25 23.244 -23.35 -0.25 23.195 -23.193 -0.25 23.483
4 0 -23.846 -0.25 23.608 -23.993 -0.25 23.267 -23.617 -0.25 23.244 -23.474 -0.25 23.557
3 0 -25.65 -0.25 23.267 -23.993 -0.25 23.267 -23.846 -0.25 23.608
4 0 -23.846 -0.25 23.608 -24.098 -0.25 23.617 -26.106 -0.25 23.617 -25.65 -0.25 23.267
4 0 -11.634 -0.25 -7.081 -12.103 -0.25 -6.775 -13.273 -0.25 -6.833 -13.167 -0.25 -7.183
4 0 -19.818 -0.25 -7.183 -13.167 -0.25 -7.183 -13.273 -0.25 -6.833 -19.573 -0.25 -6.833
4 0 -10.623 -0.25 -6.86 -11.01 -0.25 -6.578 -12.103 -0.25 -6.775 -11.634 -0.25 -7.081
4 0 -11.01 -0.25 -6.578 -10.623 -0.25 -6.86 -9.849 -0.25 -6.551 -10.244 -0.25 -6.307
4 0 -9.271 -0.25 -6.189 -9.668 -0.25 -5.981 -10.244 -0.25 -6.307 -9.849 -0.25 -6.551
4 0 -8.948 -0.25 -5.902 -9.246 -0.25 -5.626 -9.668 -0.25 -5.981 -9.271 -0.25 -6.189
4 0 -8.629 -0.25 -5.514 -8.848 -0.25 -5.098 -9.111 -0.25 -5.477 -8.948 -0.25 -5.902
3 0 -9.111 -0.25 -5.477 -9.246 -0.25 -5.626 -8.948 -0.25 -5.902
4 0 -8.389 -0.25 -5.077 -8.659 -0.25 -4.673 -8.848 -0.25 -5.098 -8.629 -0.25 -5.514
4 0 -8.659 -0.25 -4.673 -8.389 -0.25 -5.077 -8.229 -0.25 -4.593 -8.545 -0.25 -4.204
4 0 -8.148 -0.25 -4.06 -8.505 -0.25 -3.614 -8.545 -0.25 -4.204 -8.229 -0.25 -4.593
4 0 -8.505 -0.25 -3.614 -8.148 -0.25 -4.06 -8.154 -0.25 -3.393 -8.562 -0.25 -2.965
4 0 -8.287 -0.25 -2.566 -8.769 -0.25 -2.072 -8.562 -0.25 -2.965 -8.154 -0.25 -3.393
4 0 -8.419 -0.25 -2.072 -8.877 -0.25 -1.75 -8.769 -0.25 -2.072 -8.287 -0.25 -2.566
4 0 -8.673 -0.25 -1.384 -9.122 -0.25 -1.185 -8.877 -0.25 -1.75 -8.419 -0.25 -2.072
4 0 -9.122 -0.25 -1.185 -8.673 -0.25 -1.384 -8.976 -0.25 -0.79 -9.428 -0.25 -0.652
4 0 -9.346 -0.25 -0.23 -9.797 -0.25 -0.15 -9.428 -0.25 -0.652 -8.976 -0.25 -0.79
4 0 -9.797 -0.25 -0.15 -9.346 -0.25 -0.23 -9.783 -0.25 0.296 -10.227 -0.25 0.32
4 0 -10.003 -0.25 0.524 -10.354 -0.25 0.442 -10.227 -0.25 0.32 -9.783 -0.25 0.296
4 0 -10.354 -0.25 0.442 -10.003 -0.25 0.524 -10.555 -0.25 1.023 -10.713 -0.25 0.74
4 0 -10.934 -0.25 1.298 -11.148 -0.25 1.032 -10.713 -0.25 0.74 -10.555 -0.25 1.023
4 0 -11.261 -0.25 1.485 -11.616 -0.25 1.277 -11.148 -0.25 1.032 -10.934 -0.25 1.298
4 0 -11.566 -0.25 1.619 -11.892 -0.25 1.718 -11.616 -0.25 1.277 -11.261 -0.25 1.485
4 0 -11.616 -0.25 1.277 -11.892 -0.25 1.718 -11.989 -0.25 1.739 -12.176 -0.25 1.495
4 0 -11.802 -0.25 1.842 -11.922 -0.25 2.31 -12.232 -0.25 2.025 -11.989 -0.25 1.739
4 0 -12.176 -0.25 1.495 -11.989 -0.25 1.739 -12.232 -0.25 2.025 -12.645 -0.25 1.762
4 0 -11.624 -0.25 1.986 -11.463 -0.25 2.175 -11.922 -0.25 2.31 -11.802 -0.25 1.842
4 0 -11.922 -0.25 2.31 -11.463 -0.25 2.175 -11.286 -0.25 2.484 -11.677 -0.25 2.639
4 0 -11.149 -0.25 2.815 -11.499 -0.25 3.01 -11.677 -0.25 2.639 -11.286 -0.25 2.484
4 0 -11.025 -0.25 3.258 -11.361 -0.25 3.568 -11.45 -0.25 3.155 -11.149 -0.25 2.815
3 0 -11.45 -0.25 3.155 -11.499 -0.25 3.01 -11.149 -0.25 2.815
4 0 -10.972 -0.25 3.728 -11.336 -0.25 4.004 -11.361 -0.25 3.568 -11.025 -0.25 3.258
4 0 -11.336 -0.25 4.004 -10.972 -0.25 3.728 -10.99 -0.25 4.222 -11.384 -0.25 4.507
4 0 -11.092 -0.25 4.791 -11.51 -0.25 5.037 -11.384 -0.25 4.507 -10.99 -0.25 4.222
4 0 -11.51 -0.25 5.037 -11.092 -0.25 4.791 -11.16 -0.25 5.038 -11.724 -0.25 5.641
4 0 -11.47 -0.25 5.873 -12.03 -0.25 6.278 -11.724 -0.25 5.641 -11.16 -0.25 5.038
4 0 -12.03 -0.25 6.278 -11.47 -0.25 5.873 -11.822 -0.25 6.548 -12.351 -0.25 6.789
4 0 -12.188 -0.25 7.089 -12.723 -0.25 7.256 -12.351 -0.25 6.789 -11.822 -0.25 6.548
4 0 -12.61 -0.25 7.582 -13.145 -0.25 7.679 -12.723 -0.25 7.256 -12.188 -0.25 7.089
4 0 -13.086 -0.25 8.028 -13.618 -0.25 8.059 -13.145 -0.25 7.679 -12.61 -0.25 7.582
4 0 -13.618 -0.25 8.059 -13.086 -0.25 8.028 -13.616 -0.25 8.426 -14.14 -0.25 8.395
4 0 -14.027 -0.25 8.683 -14.459 -0.25 8.568 -14.14 -0.25 8.395 -13.616 -0.25 8.426
4 0 -14.459 -0.25 8.568 -14.027 -0.25 8.683 -14.794 -0.25 9.068 -15.22 -0.25 8.903
4 0 -15.721 -0.25 9.409 -16.137 -0.25 9.191 -15.22 -0.25 8.903 -14.794 -0.25 9.068
4 0 -16.137 -0.25 9.191 -15.721 -0.25 9.409 -16.83 -0.25 9.676 -17.334 -0.25 9.417
4 0 -18.378 -0.25 9.851 -18.983 -0.25 9.518 -17.334 -0.25 9.417 -16.83 -0.25 9.676
3 0 -24.508 -0.25 9.518 -18.983 -0.25 9.518 -18.378 -0.25 9.851
4 0 -18.378 -0.25 9.851 -19.087 -0.25 9.868 -24.964 -0.25 9.868 -24.508 -0.25 9.518
4 0 -24.508 -0.25 9.518 -24.964 -0.25 9.868 -19.818 -0.25 -7.183 -19.573 -0.25 -6.833
3 0 -12.84 -0.25 1.668 -12.176 -0.25 1.495 -12.645 -0.25 1.762
4 0 -6.27 -0.25 9.518 -1.335 -0.25 -6.833 -0.88 -0.25 -7.183 -6.025 -0.25 9.868
4 0 -6.27 -0.25 9.518 -6.025 -0.25 9.868 -10.005 -0.25 9.868 -9.549 -0.25 9.518
4 0 -4.859 -0.25 -7.183 -4.614 -0.25 -6.833 -9.549 -0.25 9.518 -10.005 -0.25 9.868
4 0 -4.614 -0.25 -6.833 -4.859 -0.25 -7.183 -0.88 -0.25 -7.183 -1.335 -0.25 -6.833
4 0 6.953 -0.25 -0.679 7.147 -0.25 -0.376 6.695 -0.25 -0.311 6.466 -0.25 -0.647
4 0 6.695 -0.25 -0.311 6.362 -0.25 -0.297 3.695 -0.25 -0.647 6.466 -0.25 -0.647
4 0 7.334 -0.25 -0.756 7.531 -0.25 -0.481 7.147 -0.25 -0.376 6.953 -0.25 -0.679
4 0 7.531 -0.25 -0.481 7.334 -0.25 -0.756 7.621 -0.25 -0.85 7.854 -0.25 -0.611
4 0 7.893 -0.25 -0.976 8.16 -0.25 -0.777 7.854 -0.25 -0.611 7.621 -0.25 -0.85
4 0 8.16 -0.25 -0.777 7.893 -0.25 -0.976 8.118 -0.25 -1.111 8.448 -0.25 -0.977
4 0 8.272 -0.25 -1.222 8.584 -0.25 -1.089 8.448 -0.25 -0.977 8.118 -0.25 -1.111
4 0 8.584 -0.25 -1.089 8.272 -0.25 -1.222 8.476 -0.25 -1.397 8.838 -0.25 -1.334
4 0 8.686 -0.25 -1.62 9.066 -0.25 -1.607 8.838 -0.25 -1.334 8.476 -0.25 -1.397
4 0 8.873 -0.25 -1.868 9.291 -0.25 -1.948 9.066 -0.25 -1.607 8.686 -0.25 -1.62
4 0 9.056 -0.25 -2.175 9.504 -0.25 -2.368 9.291 -0.25 -1.948 8.873 -0.25 -1.868
4 0 9.056 -0.25 -2.175 9.228 -0.25 -2.552 9.691 -0.25 -2.88 9.504 -0.25 -2.368
4 0 10.106 -0.25 -4.249 10.04 -0.25 -4.037 9.341 -0.25 -2.881 9.69 -0.25 -4.037
4 0 9.228 -0.25 -2.552 9.341 -0.25 -2.881 10.04 -0.25 -4.037 9.691 -0.25 -2.88
4 0 10.188 -0.25 -5.377 10.656 -0.25 -5.632 10.106 -0.25 -4.249 9.69 -0.25 -4.037
4 0 10.656 -0.25 -5.632 10.188 -0.25 -5.377 10.327 -0.25 -5.688 10.719 -0.25 -5.763
4 0 10.539 -0.25 -6.088 10.922 -0.25 -6.121 10.719 -0.25 -5.763 10.327 -0.25 -5.688
4 0 10.775 -0.25 -6.435 11.106 -0.25 -6.377 10.922 -0.25 -6.121 10.539 -0.25 -6.088
4 0 11.005 -0.25 -6.703 11.283 -0.25 -6.574 11.106 -0.25 -6.377 10.775 -0.25 -6.435
4 0 11.283 -0.25 -6.574 11.005 -0.25 -6.703 11.248 -0.25 -6.933 11.449 -0.25 -6.723
4 0 11.498 -0.25 -7.127 11.602 -0.25 -6.833 11.449 -0.25 -6.723 11.248 -0.25 -6.933
3 0 14.983 -0.25 -6.833 11.602 -0.25 -6.833 11.498 -0.25 -7.127
4 0 11.498 -0.25 -7.127 11.583 -0.25 -7.183 15.438 -0.25 -7.183 14.983 -0.25 -6.833
4 0 14.983 -0.25 -6.833 15.438 -0.25 -7.183 15.211 -0.25 -6.431 14.911 -0.25 -6.597
4 0 14.96 -0.25 -6.25 14.758 -0.25 -6.489 14.911 -0.25 -6.597 15.211 -0.25 -6.431
4 0 14.738 -0.25 -6.051 14.57 -0.25 -6.328 14.758 -0.25 -6.489 14.96 -0.25 -6.25
4 0 14.548 -0.25 -5.839 14.371 -0.25 -6.119 14.57 -0.25 -6.328 14.738 -0.25 -6.051
4 0 14.371 -0.25 -6.119 14.548 -0.25 -5.839 14.371 -0.25 -5.597 14.167 -0.25 -5.853
4 0 14.257 -0.25 -5.407 13.943 -0.25 -5.491 14.167 -0.25 -5.853 14.371 -0.25 -5.597
4 0 13.943 -0.25 -5.491 14.257 -0.25 -5.407 13.873 -0.25 -4.611 13.596 -0.25 -4.789
4 0 13.676 -0.25 -4.059 13.326 -0.25 -4.059 13.596 -0.25 -4.789 13.873 -0.25 -4.611
4 0 13.326 -0.25 -4.059 13.676 -0.25 -4.059 13.313 -0.25 -2.857 12.963 -0.25 -2.858
4 0 13.003 -0.25 -2.01 12.604 -0.25 -1.912 12.908 -0.25 -2.683 13.313 -0.25 -2.857
3 0 12.908 -0.25 -2.683 12.963 -0.25 -2.858 13.313 -0.25 -2.857
4 0 12.67 -0.25 -1.348 12.283 -0.25 -1.31 12.604 -0.25 -1.912 13.003 -0.25 -2.01
4 0 12.311 -0.25 -0.793 11.938 -0.25 -0.806 12.283 -0.25 -1.31 12.67 -0.25 -1.348
4 0 11.938 -0.25 -0.806 12.311 -0.25 -0.793 11.901 -0.25 -0.286 11.583 -0.25 -0.387
4 0 11.822 -0.25 -0.199 11.507 -0.25 -0.308 11.583 -0.25 -0.387 11.901 -0.25 -0.286
4 0 11.507 -0.25 -0.308 11.822 -0.25 -0.199 11.285 -0.25 0.329 11.183 -0.25 -0.01
4 0 10.925 -0.25 0.614 10.779 -0.25 0.29 11.183 -0.25 -0.01 11.285 -0.25 0.329
4 0 10.779 -0.25 0.29 10.925 -0.25 0.614 10.607 -0.25 0.815 10.333 -0.25 0.553
4 0 9.926 -0.25 1.094 9.79 -0.25 0.801 10.607 -0.25 0.815 10.304 -0.25 0.964
3 0 9.79 -0.25 0.801 10.333 -0.25 0.553 10.607 -0.25 0.815
3 0 9.975 -0.25 1.08 9.926 -0.25 1.094 10.304 -0.25 0.964
4 0 10.195 -0.25 1.263 10.058 -0.25 1.747 9.635 -0.25 1.381 9.926 -0.25 1.094
4 0 9.79 -0.25 0.801 9.926 -0.25 1.094 9.635 -0.25 1.381 9.069 -0.25 1.039
4 0 10.435 -0.25 1.487 10.658 -0.25 1.79 10.058 -0.25 1.747 10.195 -0.25 1.263
4 0 10.363 -0.25 2.127 10.658 -0.25 1.79 10.913 -0.25 2.304 10.568 -0.25 2.51
3 0 10.363 -0.25 2.127 10.058 -0.25 1.747 10.658 -0.25 1.79
4 0 10.568 -0.25 2.51 10.913 -0.25 2.304 11.05 -0.25 2.719 10.662 -0.25 2.772
4 0 11.12 -0.25 3.164 10.743 -0.25 3.171 10.662 -0.25 2.772 11.05 -0.25 2.719
4 0 11.119 -0.25 3.69 10.763 -0.25 3.598 10.743 -0.25 3.171 11.12 -0.25 3.164
4 0 11.036 -0.25 4.255 10.713 -0.25 4.101 10.763 -0.25 3.598 11.119 -0.25 3.69
4 0 10.713 -0.25 4.101 11.036 -0.25 4.255 10.923 -0.25 4.689 10.573 -0.25 4.689
4 0 10.611 -0.25 5.538 10.129 -0.25 5.807 10.455 -0.25 5.047 10.923 -0.25 4.689
3 0 10.455 -0.25 5.047 10.573 -0.25 4.689 10.923 -0.25 4.689
4 0 10.129 -0.25 5.807 10.611 -0.25 5.538 10.259 -0.25 6.234 9.771 -0.25 6.427
4 0 9.835 -0.25 6.873 9.403 -0.25 6.927 9.771 -0.25 6.427 10.259 -0.25 6.234
4 0 9.403 -0.25 6.927 9.835 -0.25 6.873 9.407 -0.25 7.388 8.986 -0.25 7.388
4 0 8.925 -0.25 7.86 8.518 -0.25 7.81 8.986 -0.25 7.388 9.407 -0.25 7.388
4 0 8.31 -0.25 8.347 7.923 -0.25 8.244 8.518 -0.25 7.81 8.925 -0.25 7.86
4 0 8.061 -0.25 8.516 7.357 -0.25 8.575 7.923 -0.25 8.244 8.31 -0.25 8.347
4 0 7.357 -0.25 8.575 8.061 -0.25 8.516 7.378 -0.25 8.911 6.581 -0.25 8.929
4 0 6.557 -0.25 9.275 5.656 -0.25 9.225 6.581 -0.25 8.929 7.378 -0.25 8.911
4 0 5.656 -0.25 9.225 6.557 -0.25 9.275 5.578 -0.25 9.579 4.562 -0.25 9.432
4 0 4.419 -0.25 9.789 3.164 -0.25 9.518 4.562 -0.25 9.432 5.578 -0.25 9.579
3 0 -3.002 -0.25 9.518 3.164 -0.25 9.518 4.419 -0.25 9.789
4 0 4.419 -0.25 9.789 3.059 -0.25 9.868 -3.457 -0.25 9.868 -3.002 -0.25 9.518
4 0 1.688 -0.25 -7.183 1.933 -0.25 -6.833 -3.002 -0.25 9.518 -3.457 -0.25 9.868
4 0 5.668 -0.25 -7.183 5.212 -0.25 -6.833 1.933 -0.25 -6.833 1.688 -0.25 -7.183
4 0 5.212 -0.25 -6.833 5.668 -0.25 -7.183 3.695 -0.25 -0.647 3.24 -0.25 -0.297
3 0 6.362 -0.25 -0.297 3.24 -0.25 -0.297 3.695 -0.25 -0.647
4 0 24.051 -0.25 -7.103 23.562 -0.25 -6.796 22.754 -0.25 -6.833 22.861 -0.25 -7.183
4 0 16.895 -0.25 -7.183 22.861 -0.25 -7.183 22.754 -0.25 -6.833 17.139 -0.25 -6.833
4 0 25.005 -0.25 -6.893 24.506 -0.25 -6.638 23.562 -0.25 -6.796 24.051 -0.25 -7.103
4 0 24.506 -0.25 -6.638 25.005 -0.25 -6.893 25.848 -0.25 -6.554 25.345 -0.25 -6.357
4 0 26.504 -0.25 -6.143 26.002 -0.25 -6.004 25.345 -0.25 -6.357 25.848 -0.25 -6.554
4 0 27.137 -0.25 -5.56 26.576 -0.25 -5.553 26.002 -0.25 -6.004 26.504 -0.25 -6.143
4 0 27.442 -0.25 -5.18 27.121 -0.25 -4.93 26.576 -0.25 -5.553 27.137 -0.25 -5.56
4 0 27.121 -0.25 -4.93 27.442 -0.25 -5.18 27.882 -0.25 -4.422 27.46 -0.25 -4.375
4 0 28.145 -0.25 -3.685 27.737 -0.25 -3.688 27.46 -0.25 -4.375 27.882 -0.25 -4.422
4 0 27.737 -0.25 -3.688 28.145 -0.25 -3.685 28.285 -0.25 -2.889 27.898 -0.25 -2.944
4 0 28.302 -0.25 -2.034 27.943 -0.25 -2.144 27.898 -0.25 -2.944 28.285 -0.25 -2.889
4 0 27.943 -0.25 -2.144 28.302 -0.25 -2.034 28.175 -0.25 -1 27.854 -0.25 -1.176
4 0 27.932 -0.25 -0.018 27.581 -0.25 -0.016 27.854 -0.25 -1.176 28.175 -0.25 -1
4 0 27.114 -0.25 2.691 26.765 -0.25 2.69 27.581 -0.25 -0.016 27.932 -0.25 -0.018
4 0 26.665 -0.25 3.906 26.48 -0.25 3.508 26.765 -0.25 2.69 27.114 -0.25 2.691
4 0 26.48 -0.25 3.508 26.665 -0.25 3.906 26.145 -0.25 4.921 26.02 -0.25 4.498
4 0 25.589 -0.25 5.761 25.456 -0.25 5.418 26.02 -0.25 4.498 26.145 -0.25 4.921
4 0 25.456 -0.25 5.418 25.589 -0.25 5.761 24.947 -0.25 6.543 24.866 -0.25 6.176
4 0 24.218 -0.25 7.267 24.194 -0.25 6.879 24.866 -0.25 6.176 24.947 -0.25 6.543
4 0 24.194 -0.25 6.879 24.218 -0.25 7.267 23.509 -0.25 7.853 23.339 -0.25 7.603
4 0 22.54 -0.25 8.512 22.727 -0.25 8.035 23.339 -0.25 7.603 23.509 -0.25 7.853
4 0 21.652 -0.25 8.989 21.89 -0.25 8.526 22.727 -0.25 8.035 22.54 -0.25 8.512
4 0 20.738 -0.25 9.363 21.028 -0.25 8.918 21.89 -0.25 8.526 21.652 -0.25 8.989
4 0 21.028 -0.25 8.918 20.738 -0.25 9.363 19.679 -0.25 9.661 20.03 -0.25 9.242
4 0 18.587 -0.25 9.829 19 -0.25 9.442 20.03 -0.25 9.242 19.679 -0.25 9.661
4 0 19 -0.25 9.442 18.587 -0.25 9.829 17.715 -0.25 9.868 17.82 -0.25 9.518
4 0 11.749 -0.25 9.868 12.204 -0.25 9.518 17.82 -0.25 9.518 17.715 -0.25 9.868
4 0 12.204 -0.25 9.518 11.749 -0.25 9.868 16.895 -0.25 -7.183 17.139 -0.25 -6.833
4 0 19.656 -0.25 -4.306 19.9 -0.25 -3.956 16.702 -0.25 6.641 16.246 -0.25 6.991
4 0 16.702 -0.25 6.641 18.518 -0.25 6.641 18.414 -0.25 6.991 16.246 -0.25 6.991
4 0 21.823 -0.25 -4.306 21.716 -0.25 -3.956 19.9 -0.25 -3.956 19.656 -0.25 -4.306
4 0 21.904 -0.25 -3.953 21.823 -0.25 -4.306 22.422 -0.25 -4.268 22.422 -0.25 -3.896
3 0 21.904 -0.25 -3.953 21.716 -0.25 -3.956 21.823 -0.25 -4.306
4 0 22.422 -0.25 -3.896 22.422 -0.25 -4.268 22.892 -0.25 -4.169 22.829 -0.25 -3.788
4 0 23.306 -0.25 -4.009 23.184 -0.25 -3.625 22.829 -0.25 -3.788 22.892 -0.25 -4.169
4 0 23.184 -0.25 -3.625 23.306 -0.25 -4.009 23.62 -0.25 -3.819 23.452 -0.25 -3.437
4 0 23.891 -0.25 -3.583 23.68 -0.25 -3.207 23.452 -0.25 -3.437 23.62 -0.25 -3.819
4 0 24.146 -0.25 -3.256 23.891 -0.25 -2.892 23.68 -0.25 -3.207 23.891 -0.25 -3.583
4 0 24.227 -0.25 -3.117 24.418 -0.25 -2.665 23.891 -0.25 -2.892 24.146 -0.25 -3.256
4 0 24.067 -0.25 -2.473 24.418 -0.25 -2.665 24.53 -0.25 -2.166 24.169 -0.25 -2.01
3 0 24.067 -0.25 -2.473 23.891 -0.25 -2.892 24.418 -0.25 -2.665
4 0 24.563 -0.25 -1.62 24.197 -0.25 -1.503 24.169 -0.25 -2.01 24.53 -0.25 -2.166
4 0 24.197 -0.25 -1.503 24.563 -0.25 -1.62 24.507 -0.25 -0.958 24.132 -0.25 -0.824
4 0 24.311 -0.25 -0.086 23.938 -0.25 -0.009 24.132 -0.25 -0.824 24.507 -0.25 -0.958
4 0 23.938 -0.25 -0.009 24.311 -0.25 -0.086 24.289 -0.25 -0.009 23.466 -0.25 2.717
4 0 23.146 -0.25 3.586 22.793 -0.25 3.585 23.095 -0.25 2.786 23.466 -0.25 2.717
3 0 23.095 -0.25 2.786 23.116 -0.25 2.716 23.466 -0.25 2.717
3 0 23.116 -0.25 2.716 23.938 -0.25 -0.009 23.466 -0.25 2.717
4 0 22.81 -0.25 4.248 22.478 -0.25 4.194 22.793 -0.25 3.585 23.146 -0.25 3.586
4 0 22.478 -0.25 4.194 22.81 -0.25 4.248 22.454 -0.25 4.796 22.145 -0.25 4.698
4 0 22.047 -0.25 5.298 21.764 -0.25 5.159 22.145 -0.25 4.698 22.454 -0.25 4.796
4 0 21.764 -0.25 5.159 22.047 -0.25 5.298 21.589 -0.25 5.754 21.336 -0.25 5.577
4 0 21.535 -0.25 5.802 21.237 -0.25 5.661 21.336 -0.25 5.577 21.589 -0.25 5.754
4 0 21.237 -0.25 5.661 21.535 -0.25 5.802 21.09 -0.25 6.152 20.831 -0.25 5.962
4 0 20.684 -0.25 6.409 20.46 -0.25 6.18 20.831 -0.25 5.962 21.09 -0.25 6.152
4 0 20.262 -0.25 6.618 20.074 -0.25 6.356 20.46 -0.25 6.18 20.684 -0.25 6.409
4 0 19.76 -0.25 6.801 19.617 -0.25 6.505 20.074 -0.25 6.356 20.262 -0.25 6.618
4 0 19.617 -0.25 6.505 19.76 -0.25 6.801 19.237 -0.25 6.923 19.14 -0.25 6.599
4 0 18.624 -0.25 6.987 18.518 -0.25 6.641 19.14 -0.25 6.599 19.237 -0.25 6.923
3 0 18.414 -0.25 6.991 18.518 -0.25 6.641 18.624 -0.25 6.987
4 0 5.307 -0.25 2.23 5.298 -0.25 2.58 2.722 -0.25 2.58 2.477 -0.25 2.23
4 0 1.04 -0.25 6.991 2.477 -0.25 2.23 2.722 -0.25 2.58 1.496 -0.25 6.641
4 0 6.012 -0.25 2.275 5.908 -0.25 2.628 5.298 -0.25 2.58 5.307 -0.25 2.23
4 0 6.469 -0.25 2.376 6.303 -0.25 2.72 5.908 -0.25 2.628 6.012 -0.25 2.275
4 0 6.78 -0.25 2.5 6.57 -0.25 2.833 6.303 -0.25 2.72 6.469 -0.25 2.376
4 0 6.57 -0.25 2.833 6.78 -0.25 2.5 7.008 -0.25 2.642 6.743 -0.25 2.945
4 0 7.171 -0.25 2.791 6.884 -0.25 3.079 6.743 -0.25 2.945 7.008 -0.25 2.642
4 0 6.884 -0.25 3.079 7.171 -0.25 2.791 7.192 -0.25 2.814 6.9 -0.25 3.099
4 0 7.316 -0.25 2.988 7 -0.25 3.249 6.9 -0.25 3.099 7.192 -0.25 2.814
4 0 7 -0.25 3.249 7.316 -0.25 2.988 7.407 -0.25 3.185 7.07 -0.25 3.418
4 0 7.465 -0.25 3.403 7.111 -0.25 3.606 7.07 -0.25 3.418 7.407 -0.25 3.185
4 0 7.49 -0.25 3.68 7.124 -0.25 3.844 7.111 -0.25 3.606 7.465 -0.25 3.403
4 0 7.466 -0.25 4.026 7.095 -0.25 4.14 7.124 -0.25 3.844 7.49 -0.25 3.68
4 0 7.095 -0.25 4.14 7.466 -0.25 4.026 7.376 -0.25 4.452 6.999 -0.25 4.543
4 0 7.349 -0.25 4.543 7.192 -0.25 4.974 6.999 -0.25 4.543 7.376 -0.25 4.452
4 0 6.909 -0.25 4.805 7.192 -0.25 4.974 7.014 -0.25 5.33 6.75 -0.25 5.153
3 0 6.909 -0.25 4.805 6.999 -0.25 4.543 7.192 -0.25 4.974
4 0 6.75 -0.25 5.153 7.014 -0.25 5.33 6.826 -0.25 5.622 6.576 -0.25 5.44
4 0 6.61 -0.25 5.89 6.396 -0.25 5.673 6.576 -0.25 5.44 6.826 -0.25 5.622
4 0 6.367 -0.25 6.134 6.191 -0.25 5.886 6.396 -0.25 5.673 6.61 -0.25 5.89
4 0 6.131 -0.25 6.329 5.963 -0.25 6.078 6.191 -0.25 5.886 6.367 -0.25 6.134
4 0 5.869 -0.25 6.145 6.131 -0.25 6.329 5.876 -0.25 6.501 5.639 -0.25 6.285
3 0 5.869 -0.25 6.145 5.963 -0.25 6.078 6.131 -0.25 6.329
4 0 5.563 -0.25 6.667 5.357 -0.25 6.416 5.639 -0.25 6.285 5.876 -0.25 6.501
4 0 5.357 -0.25 6.416 5.563 -0.25 6.667 5.228 -0.25 6.798 5.017 -0.25 6.526
4 0 4.823 -0.25 6.906 4.608 -0.25 6.605 5.017 -0.25 6.526 5.228 -0.25 6.798
4 0 4.608 -0.25 6.605 4.823 -0.25 6.906 4.289 -0.25 6.978 4.031 -0.25 6.641
4 0 4.031 -0.25 6.641 4.289 -0.25 6.978 1.04 -0.25 6.991 1.496 -0.25 6.641
4 0 -16.803 -0.25 2.668 -16.909 -0.25 3.018 -18.917 -0.25 3.018 -19.161 -0.25 2.668
4 0 -20.466 -0.25 6.991 -19.161 -0.25 2.668 -18.917 -0.25 3.018 -20.01 -0.25 6.641
4 0 -16.127 -0.25 2.71 -16.466 -0.25 3.035 -16.909 -0.25 3.018 -16.803 -0.25 2.668
4 0 -15.653 -0.25 3.217 -15.971 -0.25 3.113 -16.127 -0.25 2.71 -15.644 -0.25 2.813
3 0 -15.971 -0.25 3.113 -16.466 -0.25 3.035 -16.127 -0.25 2.71
4 0 -15.24 -0.25 3.485 -15.414 -0.25 3.344 -15.31 -0.25 2.947 -15.061 -0.25 3.104
4 0 -15.644 -0.25 2.813 -15.31 -0.25 2.947 -15.414 -0.25 3.344 -15.653 -0.25 3.217
4 0 -14.808 -0.25 3.367 -15.079 -0.25 3.7 -15.174 -0.25 3.558 -14.944 -0.25 3.207
4 0 -15.061 -0.25 3.104 -14.944 -0.25 3.207 -15.174 -0.25 3.558 -15.24 -0.25 3.485
4 0 -14.706 -0.25 3.547 -15.013 -0.25 3.857 -15.079 -0.25 3.7 -14.808 -0.25 3.367
4 0 -15.013 -0.25 3.857 -14.706 -0.25 3.547 -14.638 -0.25 3.747 -14.603 -0.25 3.965
4 0 -14.604 -0.25 4.239 -14.965 -0.25 4.22 -14.975 -0.25 4.031 -14.603 -0.25 3.965
3 0 -14.975 -0.25 4.031 -15.013 -0.25 3.857 -14.603 -0.25 3.965
4 0 -14.649 -0.25 4.538 -14.986 -0.25 4.456 -14.965 -0.25 4.22 -14.604 -0.25 4.239
4 0 -14.986 -0.25 4.456 -14.649 -0.25 4.538 -14.711 -0.25 4.779 -15.061 -0.25 4.779
4 0 -14.869 -0.25 5.209 -15.148 -0.25 5.033 -15.061 -0.25 4.779 -14.711 -0.25 4.779
4 0 -15.027 -0.25 5.519 -15.284 -0.25 5.332 -15.148 -0.25 5.033 -14.869 -0.25 5.209
4 0 -15.211 -0.25 5.798 -15.428 -0.25 5.571 -15.284 -0.25 5.332 -15.027 -0.25 5.519
4 0 -15.428 -0.25 5.571 -15.211 -0.25 5.798 -15.395 -0.25 6.017 -15.573 -0.25 5.76
4 0 -15.6 -0.25 6.213 -15.735 -0.25 5.929 -15.573 -0.25 5.76 -15.395 -0.25 6.017
4 0 -15.889 -0.25 6.059 -15.6 -0.25 6.213 -15.826 -0.25 6.385 -16.056 -0.25 6.173
3 0 -15.889 -0.25 6.059 -15.735 -0.25 5.929 -15.6 -0.25 6.213
4 0 -15.929 -0.25 6.452 -16.218 -0.25 6.265 -16.056 -0.25 6.173 -15.826 -0.25 6.385
4 0 -16.218 -0.25 6.265 -15.929 -0.25 6.452 -16.223 -0.25 6.611 -16.498 -0.25 6.39
4 0 -16.587 -0.25 6.757 -16.843 -0.25 6.499 -16.498 -0.25 6.39 -16.223 -0.25 6.611
4 0 -17.032 -0.25 6.877 -17.351 -0.25 6.596 -16.843 -0.25 6.499 -16.587 -0.25 6.757
4 0 -17.676 -0.25 6.97 -18.115 -0.25 6.641 -17.351 -0.25 6.596 -17.032 -0.25 6.877
3 0 -20.01 -0.25 6.641 -18.115 -0.25 6.641 -17.676 -0.25 6.97
4 0 -17.676 -0.25 6.97 -18.22 -0.25 6.991 -20.466 -0.25 6.991 -20.01 -0.25 6.641
4 0 -18.021 -0.25 0.049 -18.477 -0.25 0.399 -17.057 -0.25 -4.306 -16.812 -0.25 -3.956
4 0 -18.021 -0.25 0.049 -15.104 -0.25 0.049 -15.209 -0.25 0.399 -18.477 -0.25 0.399
4 0 -16.812 -0.25 -3.956 -17.057 -0.25 -4.306 -14.036 -0.25 -4.306 -14.096 -0.25 -3.956
4 0 -13.368 -0.25 -4.262 -13.51 -0.25 -3.915 -14.096 -0.25 -3.956 -14.036 -0.25 -4.306
4 0 -12.93 -0.25 -4.165 -13.126 -0.25 -3.829 -13.51 -0.25 -3.915 -13.368 -0.25 -4.262
4 0 -12.629 -0.25 -4.045 -12.861 -0.25 -3.723 -13.126 -0.25 -3.829 -12.93 -0.25 -4.165
4 0 -12.861 -0.25 -3.723 -12.629 -0.25 -4.045 -12.403 -0.25 -3.907 -12.665 -0.25 -3.601
4 0 -12.219 -0.25 -3.741 -12.523 -0.25 -3.471 -12.665 -0.25 -3.601 -12.403 -0.25 -3.907
4 0 -12.506 -0.25 -3.452 -12.219 -0.25 -3.741 -12.091 -0.25 -3.572 -12.405 -0.25 -3.308
3 0 -12.506 -0.25 -3.452 -12.523 -0.25 -3.471 -12.219 -0.25 -3.741
4 0 -12.405 -0.25 -3.308 -12.091 -0.25 -3.572 -11.997 -0.25 -3.381 -12.333 -0.25 -3.145
4 0 -11.936 -0.25 -3.17 -12.289 -0.25 -2.964 -12.333 -0.25 -3.145 -11.997 -0.25 -3.381
4 0 -11.908 -0.25 -2.902 -12.273 -0.25 -2.736 -12.289 -0.25 -2.964 -11.936 -0.25 -3.17
4 0 -11.922 -0.25 -2.606 -12.298 -0.25 -2.452 -12.273 -0.25 -2.736 -11.908 -0.25 -2.902
4 0 -12.298 -0.25 -2.452 -11.922 -0.25 -2.606 -12.002 -0.25 -2.197 -12.389 -0.25 -2.065
4 0 -12.039 -0.25 -2.066 -12.455 -0.25 -1.862 -12.389 -0.25 -2.065 -12.002 -0.25 -2.197
4 0 -12.455 -0.25 -1.862 -12.039 -0.25 -2.066 -12.237 -0.25 -1.523 -12.64 -0.25 -1.414
4 0 -12.437 -0.25 -1.12 -12.825 -0.25 -1.083 -12.64 -0.25 -1.414 -12.237 -0.25 -1.523
4 0 -12.825 -0.25 -1.083 -12.437 -0.25 -1.12 -12.646 -0.25 -0.797 -12.993 -0.25 -0.846
4 0 -12.855 -0.25 -0.54 -13.181 -0.25 -0.635 -12.993 -0.25 -0.846 -12.646 -0.25 -0.797
4 0 -13.084 -0.25 -0.312 -13.361 -0.25 -0.471 -13.181 -0.25 -0.635 -12.855 -0.25 -0.54
4 0 -13.176 -0.25 -0.234 -13.527 -0.25 -0.35 -13.361 -0.25 -0.471 -13.084 -0.25 -0.312
4 0 -13.527 -0.25 -0.35 -13.176 -0.25 -0.234 -13.402 -0.25 -0.069 -13.704 -0.25 -0.246
4 0 -13.648 -0.25 0.071 -13.926 -0.25 -0.145 -13.704 -0.25 -0.246 -13.402 -0.25 -0.069
4 0 -13.926 -0.25 -0.145 -13.648 -0.25 0.071 -13.912 -0.25 0.186 -14.2 -0.25 -0.056
4 0 -14.237 -0.25 0.287 -14.571 -0.25 0.016 -14.2 -0.25 -0.056 -13.912 -0.25 0.186
3 0 -15.104 -0.25 0.049 -14.571 -0.25 0.016 -14.237 -0.25 0.287
4 0 -14.237 -0.25 0.287 -14.679 -0.25 0.368 -15.209 -0.25 0.399 -15.104 -0.25 0.049
4 0 5.262 -0.25 -9.891 5.593 -0.25 -10.989 5.919 -0.25 -11.239 5.436 -0.25 -9.641
4 0 -0.503 -0.25 -9.641 -0.178 -0.25 -9.891 5.262 -0.25 -9.891 5.436 -0.25 -9.641
4 0 -0.021 -0.25 -11.239 0.154 -0.25 -10.989 -0.178 -0.25 -9.891 -0.503 -0.25 -9.641
4 0 0.154 -0.25 -10.989 -0.021 -0.25 -11.239 1.981 -0.25 -11.239 2.156 -0.25 -10.989
4 0 3.795 -0.25 -17.25 3.97 -0.25 -17 2.156 -0.25 -10.989 1.981 -0.25 -11.239
4 0 3.97 -0.25 -17 3.795 -0.25 -17.25 5.721 -0.25 -17.25 5.395 -0.25 -17
4 0 3.907 -0.25 -11.239 3.582 -0.25 -10.989 5.395 -0.25 -17 5.721 -0.25 -17.25
4 0 3.582 -0.25 -10.989 3.907 -0.25 -11.239 5.919 -0.25 -11.239 5.593 -0.25 -10.989
4 0 11.797 -0.25 -12.776 12.128 -0.25 -13.875 12.454 -0.25 -14.125 11.971 -0.25 -12.526
4 0 9.027 -0.25 -12.526 8.852 -0.25 -12.776 11.797 -0.25 -12.776 11.971 -0.25 -12.526
4 0 8.638 -0.25 -11.239 8.313 -0.25 -10.989 8.852 -0.25 -12.776 9.027 -0.25 -12.526
4 0 8.313 -0.25 -10.989 8.638 -0.25 -11.239 12.071 -0.25 -11.239 11.746 -0.25 -10.989
4 0 11.589 -0.25 -9.641 11.414 -0.25 -9.891 11.746 -0.25 -10.989 12.071 -0.25 -11.239
4 0 11.414 -0.25 -9.891 11.589 -0.25 -9.641 6.23 -0.25 -9.641 6.556 -0.25 -9.891
4 0 8.527 -0.25 -17.25 8.701 -0.25 -17 6.556 -0.25 -9.891 6.23 -0.25 -9.641
4 0 8.701 -0.25 -17 8.527 -0.25 -17.25 13.895 -0.25 -17.25 13.569 -0.25 -17
4 0 13.412 -0.25 -15.651 13.238 -0.25 -15.901 13.569 -0.25 -17 13.895 -0.25 -17.25
4 0 9.97 -0.25 -15.651 9.795 -0.25 -15.901 13.238 -0.25 -15.901 13.412 -0.25 -15.651
4 0 9.509 -0.25 -14.125 9.184 -0.25 -13.875 9.795 -0.25 -15.901 9.97 -0.25 -15.651
4 0 9.184 -0.25 -13.875 9.509 -0.25 -14.125 12.454 -0.25 -14.125 12.128 -0.25 -13.875
4 0 21.104 -0.25 -17.25 20.679 -0.25 -17 19.238 -0.25 -17 19.13 -0.25 -17.25
4 0 18.184 -0.25 -15.717 19.13 -0.25 -17.25 19.238 -0.25 -17 18.292 -0.25 -15.467
4 0 16.2 -0.25 -9.641 16.097 -0.25 -9.891 20.679 -0.25 -17 21.104 -0.25 -17.25
4 0 16.097 -0.25 -9.891 16.2 -0.25 -9.641 14.383 -0.25 -9.641 14.637 -0.25 -9.891
4 0 14.061 -0.25 -17.25 14.336 -0.25 -17 14.637 -0.25 -9.891 14.383 -0.25 -9.641
4 0 16.035 -0.25 -17.25 15.776 -0.25 -17 14.336 -0.25 -17 14.061 -0.25 -17.25
4 0 16.056 -0.25 -15.717 15.797 -0.25 -15.467 15.776 -0.25 -17 16.035 -0.25 -17.25
4 0 15.797 -0.25 -15.467 16.056 -0.25 -15.717 18.184 -0.25 -15.717 18.292 -0.25 -15.467
4 0 21.666 -0.25 -17.25 21.841 -0.25 -17 19.695 -0.25 -9.891 19.37 -0.25 -9.641
4 0 21.658 -0.25 -9.641 19.37 -0.25 -9.641 19.695 -0.25 -9.891 21.556 -0.25 -9.891
4 0 23.592 -0.25 -17.25 23.267 -0.25 -17 21.841 -0.25 -17 21.666 -0.25 -17.25
4 0 23.267 -0.25 -17 23.592 -0.25 -17.25 21.955 -0.25 -12.54 21.549 -0.25 -11.761
4 0 24.954 -0.25 -17.25 25.054 -0.25 -17 21.577 -0.25 -11.756 21.955 -0.25 -12.54
3 0 21.577 -0.25 -11.756 21.549 -0.25 -11.761 21.955 -0.25 -12.54
4 0 26.262 -0.25 -17.25 26.011 -0.25 -17 25.054 -0.25 -17 24.954 -0.25 -17.25
4 0 26.011 -0.25 -17 26.262 -0.25 -17.25 26.402 -0.25 -12.432 26.327 -0.25 -11.736
4 0 27.633 -0.25 -17.25 27.808 -0.25 -17 26.357 -0.25 -11.741 26.402 -0.25 -12.432
3 0 26.357 -0.25 -11.741 26.327 -0.25 -11.736 26.402 -0.25 -12.432
4 0 27.808 -0.25 -17 27.633 -0.25 -17.25 29.559 -0.25 -17.25 29.233 -0.25 -17
4 0 27.262 -0.25 -9.641 27.088 -0.25 -9.891 29.233 -0.25 -17 29.559 -0.25 -17.25
4 0 27.088 -0.25 -9.891 27.262 -0.25 -9.641 24.97 -0.25 -9.641 25.223 -0.25 -9.891
4 0 24.776 -0.25 -14.5 24.978 -0.25 -15.13 25.223 -0.25 -9.891 24.97 -0.25 -9.641
4 0 21.658 -0.25 -9.641 21.556 -0.25 -9.891 24.948 -0.25 -15.13 24.776 -0.25 -14.5
3 0 24.948 -0.25 -15.13 24.978 -0.25 -15.13 24.776 -0.25 -14.5
4 0 16.077 -0.25 -14.099 15.811 -0.25 -14.349 17.603 -0.25 -14.349 17.187 -0.25 -14.099
4 0 16.077 -0.25 -14.099 16.022 -0.25 -12.1 15.852 -0.25 -11.556 15.811 -0.25 -14.349
4 0 17.187 -0.25 -14.099 17.603 -0.25 -14.349 15.881 -0.25 -11.556 16.022 -0.25 -12.1
3 0 15.852 -0.25 -11.556 16.022 -0.25 -12.1 15.881 -0.25 -11.556
4 0 -30 -0.25 -19 -30 -0.25 -27 30 -0.25 -27 30 -0.25 -19

0 // Red
4 4 -22.404 -0.25 18.547 -23.137 -0.25 20.305 -25.106 -0.25 20.305 -24.576 -0.25 18.547
3 4 -24.576 -0.25 18.547 -25.485 -0.25 14 -23.204 -0.25 14
3 4 -24.576 -0.25 18.547 -25.106 -0.25 20.305 -25.485 -0.25 14
4 4 -25.106 -0.25 20.305 -26.106 -0.25 23.617 -28.918 -0.25 25.375 -25.485 -0.25 14
4 4 -26.106 -0.25 23.617 -24.098 -0.25 23.617 -24.628 -0.25 25.375 -28.918 -0.25 25.375
4 4 -24.098 -0.25 23.617 -23.846 -0.25 23.608 -23.656 -0.25 25.315 -24.628 -0.25 25.375
4 4 -23.846 -0.25 23.608 -23.474 -0.25 23.557 -22.895 -0.25 25.171 -23.656 -0.25 25.315
4 4 -23.193 -0.25 23.483 -22.959 -0.25 23.391 -22.251 -0.25 24.965 -22.895 -0.25 25.171
3 4 -22.895 -0.25 25.171 -23.474 -0.25 23.557 -23.193 -0.25 23.483
3 4 -22.251 -0.25 24.965 -22.959 -0.25 23.391 -22.742 -0.25 23.276
4 4 -21.318 -0.25 24.488 -21.712 -0.25 24.719 -22.564 -0.25 23.156 -22.4 -0.25 23.021
4 4 -22.251 -0.25 24.965 -22.742 -0.25 23.276 -22.564 -0.25 23.156 -21.712 -0.25 24.719
4 4 -22.4 -0.25 23.021 -22.231 -0.25 22.851 -20.904 -0.25 24.187 -21.318 -0.25 24.488
4 4 -22.081 -0.25 22.664 -21.95 -0.25 22.462 -20.579 -0.25 23.893 -20.904 -0.25 24.187
3 4 -20.904 -0.25 24.187 -22.231 -0.25 22.851 -22.081 -0.25 22.664
4 4 -21.95 -0.25 22.462 -20.033 -0.25 23.224 -20.288 -0.25 23.573 -20.579 -0.25 23.893
4 4 -19.783 -0.25 22.793 -20.033 -0.25 23.224 -21.826 -0.25 22.214 -21.717 -0.25 21.914
3 4 -20.033 -0.25 23.224 -21.95 -0.25 22.462 -21.826 -0.25 22.214
4 4 -21.699 -0.25 21.851 -21.635 -0.25 21.554 -19.556 -0.25 22.265 -19.783 -0.25 22.793
3 4 -19.783 -0.25 22.793 -21.717 -0.25 21.914 -21.699 -0.25 21.851
4 4 -19.474 -0.25 22.016 -19.556 -0.25 22.265 -21.635 -0.25 21.554 -19.377 -0.25 21.606
3 4 -19.377 -0.25 21.606 -21.635 -0.25 21.554 -21.619 -0.25 21.314
4 4 -19.478 -0.25 20.5 -19.356 -0.25 20.959 -19.342 -0.25 21.256 -21.637 -0.25 21.121
4 4 -19.377 -0.25 21.606 -21.619 -0.25 21.314 -21.637 -0.25 21.121 -19.342 -0.25 21.256
3 4 -19.356 -0.25 20.959 -19.478 -0.25 20.5 -19.413 -0.25 20.682
4 4 -21.637 -0.25 21.121 -19.832 -0.25 19.969 -19.621 -0.25 20.233 -19.478 -0.25 20.5
4 4 -20.127 -0.25 19.714 -19.832 -0.25 19.969 -21.637 -0.25 21.121 -21.677 -0.25 20.969
4 4 -21.677 -0.25 20.969 -21.74 -0.25 20.832 -20.52 -0.25 19.477 -20.127 -0.25 19.714
4 4 -20.019 -0.25 19.311 -20.52 -0.25 19.477 -20.953 -0.25 18.074 -20.858 -0.25 17.996
3 4 -20.52 -0.25 19.477 -21.153 -0.25 18.213 -20.953 -0.25 18.074
3 4 -20.52 -0.25 19.477 -21.366 -0.25 18.328 -21.153 -0.25 18.213
3 4 -20.52 -0.25 19.477 -21.59 -0.25 18.419 -21.366 -0.25 18.328
4 4 -22.113 -0.25 20.493 -21.857 -0.25 18.492 -21.59 -0.25 18.419 -20.52 -0.25 19.477
3 4 -20.52 -0.25 19.477 -21.954 -0.25 20.591 -22.113 -0.25 20.493
3 4 -20.52 -0.25 19.477 -21.841 -0.25 20.695 -21.954 -0.25 20.591
3 4 -20.52 -0.25 19.477 -21.826 -0.25 20.711 -21.841 -0.25 20.695
3 4 -20.52 -0.25 19.477 -21.74 -0.25 20.832 -21.826 -0.25 20.711
4 4 -20.858 -0.25 17.996 -20.681 -0.25 17.826 -19.641 -0.25 19.138 -20.019 -0.25 19.311
4 4 -20.681 -0.25 17.826 -20.523 -0.25 17.635 -19.331 -0.25 18.955 -19.641 -0.25 19.138
4 4 -20.523 -0.25 17.635 -20.366 -0.25 17.398 -19.05 -0.25 18.747 -19.331 -0.25 18.955
4 4 -20.366 -0.25 17.398 -18.772 -0.25 18.484 -18.825 -0.25 18.539 -19.05 -0.25 18.747
4 4 -20.366 -0.25 17.398 -20.218 -0.25 17.106 -18.525 -0.25 18.193 -18.772 -0.25 18.484
4 4 -20.218 -0.25 17.106 -20.088 -0.25 16.75 -18.285 -0.25 17.842 -18.525 -0.25 18.193
4 4 -20.088 -0.25 16.75 -17.85 -0.25 16.887 -18.061 -0.25 17.424 -18.285 -0.25 17.842
4 4 -19.845 -0.25 15.945 -19.799 -0.25 15.798 -17.812 -0.25 16.766 -17.85 -0.25 16.887
3 4 -17.85 -0.25 16.887 -20.088 -0.25 16.75 -19.845 -0.25 15.945
4 4 -17.559 -0.25 15.93 -17.812 -0.25 16.766 -19.799 -0.25 15.798 -19.417 -0.25 14.836
4 4 -19.417 -0.25 14.836 -19.373 -0.25 14.744 -17.371 -0.25 15.422 -17.559 -0.25 15.93
4 4 -17.13 -0.25 14.934 -17.371 -0.25 15.422 -18.865 -0.25 14.077 -18.758 -0.25 14
4 4 -18.865 -0.25 14.077 -17.371 -0.25 15.422 -19.104 -0.25 14.317 -18.981 -0.25 14.18
4 4 -19.104 -0.25 14.317 -17.371 -0.25 15.422 -19.373 -0.25 14.744 -19.232 -0.25 14.495
3 4 -17.13 -0.25 14.934 -18.758 -0.25 14 -16.974 -0.25 14.682
3 4 -16.974 -0.25 14.682 -18.758 -0.25 14 -16.832 -0.25 14.497
4 4 -16.694 -0.25 14.352 -16.832 -0.25 14.497 -18.758 -0.25 14 -16.407 -0.25 14
3 4 -16.694 -0.25 14.352 -16.407 -0.25 14 -16.563 -0.25 14.239
3 4 -16.563 -0.25 14.239 -16.407 -0.25 14 -16.456 -0.25 14.164
4 4 -22.172 -0.25 18.538 -21.857 -0.25 18.492 -22.113 -0.25 20.493 -22.329 -0.25 20.406
4 4 -22.329 -0.25 20.406 -22.647 -0.25 20.337 -22.404 -0.25 18.547 -22.172 -0.25 18.538
3 4 -22.404 -0.25 18.547 -22.647 -0.25 20.337 -23.137 -0.25 20.305
4 4 -9.954 -0.25 20.758 -14.665 -0.25 20.758 -14.134 -0.25 19 -9.423 -0.25 19
3 4 -14.134 -0.25 19 -14.907 -0.25 14 -13.156 -0.25 15.758
3 4 -14.134 -0.25 19 -14.665 -0.25 20.758 -14.907 -0.25 14
4 4 -14.907 -0.25 14 -7.118 -0.25 14 -7.648 -0.25 15.758 -13.156 -0.25 15.758
4 4 -14.665 -0.25 20.758 -15.528 -0.25 23.617 -18.339 -0.25 25.375 -14.907 -0.25 14
4 4 -15.528 -0.25 23.617 -10.036 -0.25 23.617 -10.566 -0.25 25.375 -18.339 -0.25 25.375
4 4 -1.813 -0.25 14 -2.461 -0.25 15.758 -3.968 -0.25 15.758 -5.719 -0.25 14
4 4 -3.968 -0.25 15.758 -6.34 -0.25 23.617 -9.152 -0.25 25.375 -5.719 -0.25 14
4 4 -6.34 -0.25 23.617 -4.832 -0.25 23.617 -5.246 -0.25 25.375 -9.152 -0.25 25.375
4 4 -4.832 -0.25 23.617 -4.686 -0.25 23.614 -4.425 -0.25 25.322 -5.246 -0.25 25.375
4 4 -4.686 -0.25 23.614 -4.26 -0.25 23.57 -3.708 -0.25 25.183 -4.425 -0.25 25.322
4 4 -3.896 -0.25 23.485 -3.547 -0.25 23.358 -3.014 -0.25 24.957 -3.708 -0.25 25.183
3 4 -3.708 -0.25 25.183 -4.26 -0.25 23.57 -3.896 -0.25 23.485
4 4 -2.414 -0.25 24.684 -3.014 -0.25 24.957 -3.547 -0.25 23.358 -3.253 -0.25 23.212
4 4 -2.97 -0.25 23.033 -2.661 -0.25 22.79 -1.832 -0.25 24.343 -2.414 -0.25 24.684
3 4 -2.414 -0.25 24.684 -3.253 -0.25 23.212 -2.97 -0.25 23.033
4 4 -2.661 -0.25 22.79 -2.623 -0.25 22.757 -1.406 -0.25 24.043 -1.832 -0.25 24.343
4 4 -2.623 -0.25 22.757 -2.305 -0.25 22.439 -0.811 -0.25 23.539 -1.406 -0.25 24.043
4 4 -2.022 -0.25 22.09 -1.774 -0.25 21.709 -0.344 -0.25 23.05 -0.811 -0.25 23.539
3 4 -0.811 -0.25 23.539 -2.305 -0.25 22.439 -2.022 -0.25 22.09
4 4 0.066 -0.25 22.522 -0.344 -0.25 23.05 -1.774 -0.25 21.709 -1.54 -0.25 21.248
4 4 0.977 -0.25 20.625 0.459 -0.25 21.883 0.066 -0.25 22.522 -1.318 -0.25 20.644
3 4 0.066 -0.25 22.522 -1.54 -0.25 21.248 -1.318 -0.25 20.644
3 4 0.459 -0.25 21.883 0.977 -0.25 20.625 0.779 -0.25 21.194
4 4 -0.593 -0.25 18.087 1.545 -0.25 18.742 0.977 -0.25 20.625 -0.73 -0.25 18.694
3 4 0.977 -0.25 20.625 -1.318 -0.25 20.644 -0.73 -0.25 18.694
4 4 -0.555 -0.25 17.627 1.734 -0.25 17.935 1.545 -0.25 18.742 -0.593 -0.25 18.087
4 4 -0.555 -0.25 17.627 -0.578 -0.25 17.247 1.796 -0.25 17.262 1.734 -0.25 17.935
4 4 1.766 -0.25 16.705 1.796 -0.25 17.262 -0.578 -0.25 17.247 -0.656 -0.25 16.899
4 4 1.653 -0.25 16.188 1.766 -0.25 16.705 -0.656 -0.25 16.899 1.46 -0.25 15.71
4 4 -0.656 -0.25 16.899 -0.788 -0.25 16.585 1.225 -0.25 15.324 1.46 -0.25 15.71
4 4 0.845 -0.25 14.89 1.225 -0.25 15.324 -0.845 -0.25 16.489 -1.022 -0.25 16.261
3 4 1.225 -0.25 15.324 -0.788 -0.25 16.585 -0.845 -0.25 16.489
4 4 -1.022 -0.25 16.261 -0.011 -0.25 14.331 0.446 -0.25 14.577 0.845 -0.25 14.89
4 4 -1.022 -0.25 16.261 -1.211 -0.25 16.097 -0.594 -0.25 14.136 -0.011 -0.25 14.331
4 4 -1.211 -0.25 16.097 -1.429 -0.25 15.965 -1.251 -0.25 14.026 -0.594 -0.25 14.136
4 4 -1.717 -0.25 15.853 -2.044 -0.25 15.785 -1.813 -0.25 14 -1.251 -0.25 14.026
3 4 -1.251 -0.25 14.026 -1.429 -0.25 15.965 -1.717 -0.25 15.853
3 4 -1.813 -0.25 14 -2.044 -0.25 15.785 -2.461 -0.25 15.758
3 4 -19.573 -0.25 -6.833 -18.477 -0.25 0.399 -19.161 -0.25 2.668
3 4 -19.573 -0.25 -6.833 -17.057 -0.25 -4.306 -18.477 -0.25 0.399
4 4 -13.273 -0.25 -6.833 -14.036 -0.25 -4.306 -17.057 -0.25 -4.306 -19.573 -0.25 -6.833
4 4 -19.161 -0.25 2.668 -20.466 -0.25 6.991 -24.508 -0.25 9.518 -19.573 -0.25 -6.833
4 4 -20.466 -0.25 6.991 -18.22 -0.25 6.991 -18.983 -0.25 9.518 -24.508 -0.25 9.518
4 4 -18.22 -0.25 6.991 -17.676 -0.25 6.97 -17.334 -0.25 9.417 -18.983 -0.25 9.518
4 4 -17.676 -0.25 6.97 -17.032 -0.25 6.877 -16.137 -0.25 9.191 -17.334 -0.25 9.417
4 4 -16.587 -0.25 6.757 -16.223 -0.25 6.611 -15.22 -0.25 8.903 -16.137 -0.25 9.191
3 4 -16.137 -0.25 9.191 -17.032 -0.25 6.877 -16.587 -0.25 6.757
4 4 -15.826 -0.25 6.385 -14.459 -0.25 8.568 -15.22 -0.25 8.903 -15.929 -0.25 6.452
3 4 -15.22 -0.25 8.903 -16.223 -0.25 6.611 -15.929 -0.25 6.452
4 4 -15.826 -0.25 6.385 -15.6 -0.25 6.213 -14.14 -0.25 8.395 -14.459 -0.25 8.568
4 4 -15.6 -0.25 6.213 -15.395 -0.25 6.017 -13.618 -0.25 8.059 -14.14 -0.25 8.395
4 4 -15.395 -0.25 6.017 -15.211 -0.25 5.798 -13.145 -0.25 7.679 -13.618 -0.25 8.059
4 4 -15.211 -0.25 5.798 -15.027 -0.25 5.519 -12.723 -0.25 7.256 -13.145 -0.25 7.679
4 4 -15.027 -0.25 5.519 -14.869 -0.25 5.209 -12.351 -0.25 6.789 -12.723 -0.25 7.256
4 4 -14.869 -0.25 5.209 -14.711 -0.25 4.779 -12.03 -0.25 6.278 -12.351 -0.25 6.789
4 4 -14.711 -0.25 4.779 -14.649 -0.25 4.538 -11.724 -0.25 5.641 -12.03 -0.25 6.278
4 4 -14.649 -0.25 4.538 -14.604 -0.25 4.239 -11.51 -0.25 5.037 -11.724 -0.25 5.641
4 4 -14.604 -0.25 4.239 -14.603 -0.25 3.965 -11.384 -0.25 4.507 -11.51 -0.25 5.037
4 4 -14.603 -0.25 3.965 -11.361 -0.25 3.568 -11.336 -0.25 4.004 -11.384 -0.25 4.507
4 4 -14.603 -0.25 3.965 -11.499 -0.25 3.01 -11.45 -0.25 3.155 -11.361 -0.25 3.568
4 4 -14.603 -0.25 3.965 -14.638 -0.25 3.747 -11.677 -0.25 2.639 -11.499 -0.25 3.01
4 4 -14.638 -0.25 3.747 -12.232 -0.25 2.025 -11.922 -0.25 2.31 -11.677 -0.25 2.639
4 4 -14.638 -0.25 3.747 -14.706 -0.25 3.547 -12.645 -0.25 1.762 -12.232 -0.25 2.025
4 4 -14.706 -0.25 3.547 -14.808 -0.25 3.367 -12.84 -0.25 1.668 -12.645 -0.25 1.762
4 4 -13.084 -0.25 -0.312 -12.176 -0.25 1.495 -12.84 -0.25 1.668 -13.176 -0.25 -0.234
3 4 -12.84 -0.25 1.668 -13.402 -0.25 -0.069 -13.176 -0.25 -0.234
3 4 -12.84 -0.25 1.668 -13.648 -0.25 0.071 -13.402 -0.25 -0.069
3 4 -12.84 -0.25 1.668 -13.912 -0.25 0.186 -13.648 -0.25 0.071
3 4 -12.84 -0.25 1.668 -14.237 -0.25 0.287 -13.912 -0.25 0.186
4 4 -14.237 -0.25 0.287 -12.84 -0.25 1.668 -15.061 -0.25 3.104 -14.679 -0.25 0.368
3 4 -12.84 -0.25 1.668 -14.944 -0.25 3.207 -15.061 -0.25 3.104
3 4 -12.84 -0.25 1.668 -14.808 -0.25 3.367 -14.944 -0.25 3.207
4 4 -13.084 -0.25 -0.312 -12.855 -0.25 -0.54 -11.616 -0.25 1.277 -12.176 -0.25 1.495
4 4 -12.855 -0.25 -0.54 -12.646 -0.25 -0.797 -11.148 -0.25 1.032 -11.616 -0.25 1.277
4 4 -12.646 -0.25 -0.797 -12.437 -0.25 -1.12 -10.713 -0.25 0.74 -11.148 -0.25 1.032
4 4 -12.437 -0.25 -1.12 -10.227 -0.25 0.32 -10.354 -0.25 0.442 -10.713 -0.25 0.74
4 4 -12.437 -0.25 -1.12 -12.237 -0.25 -1.523 -9.797 -0.25 -0.15 -10.227 -0.25 0.32
4 4 -12.237 -0.25 -1.523 -12.039 -0.25 -2.066 -9.428 -0.25 -0.652 -9.797 -0.25 -0.15
4 4 -12.039 -0.25 -2.066 -12.002 -0.25 -2.197 -9.122 -0.25 -1.185 -9.428 -0.25 -0.652
4 4 -12.002 -0.25 -2.197 -11.922 -0.25 -2.606 -8.877 -0.25 -1.75 -9.122 -0.25 -1.185
4 4 -11.922 -0.25 -2.606 -11.908 -0.25 -2.902 -8.769 -0.25 -2.072 -8.877 -0.25 -1.75
4 4 -11.908 -0.25 -2.902 -11.936 -0.25 -3.17 -8.562 -0.25 -2.965 -8.769 -0.25 -2.072
4 4 -11.936 -0.25 -3.17 -11.997 -0.25 -3.381 -8.505 -0.25 -3.614 -8.562 -0.25 -2.965
4 4 -11.997 -0.25 -3.381 -8.659 -0.25 -4.673 -8.545 -0.25 -4.204 -8.505 -0.25 -3.614
4 4 -11.997 -0.25 -3.381 -12.091 -0.25 -3.572 -8.848 -0.25 -5.098 -8.659 -0.25 -4.673
4 4 -12.091 -0.25 -3.572 -9.246 -0.25 -5.626 -9.111 -0.25 -5.477 -8.848 -0.25 -5.098
4 4 -12.091 -0.25 -3.572 -10.244 -0.25 -6.307 -9.668 -0.25 -5.981 -9.246 -0.25 -5.626
4 4 -12.091 -0.25 -3.572 -12.219 -0.25 -3.741 -11.01 -0.25 -6.578 -10.244 -0.25 -6.307
4 4 -12.403 -0.25 -3.907 -12.629 -0.25 -4.045 -12.103 -0.25 -6.775 -11.01 -0.25 -6.578
3 4 -11.01 -0.25 -6.578 -12.219 -0.25 -3.741 -12.403 -0.25 -3.907
4 4 -13.273 -0.25 -6.833 -12.103 -0.25 -6.775 -12.93 -0.25 -4.165 -13.368 -0.25 -4.262
3 4 -12.103 -0.25 -6.775 -12.629 -0.25 -4.045 -12.93 -0.25 -4.165
3 4 -13.273 -0.25 -6.833 -13.368 -0.25 -4.262 -14.036 -0.25 -4.306
4 4 -18.477 -0.25 0.399 -15.209 -0.25 0.399 -16.803 -0.25 2.668 -19.161 -0.25 2.668
3 4 -16.803 -0.25 2.668 -15.209 -0.25 0.399 -16.127 -0.25 2.71
3 4 -15.644 -0.25 2.813 -14.679 -0.25 0.368 -15.31 -0.25 2.947
4 4 -16.127 -0.25 2.71 -15.209 -0.25 0.399 -14.679 -0.25 0.368 -15.644 -0.25 2.813
3 4 -15.31 -0.25 2.947 -14.679 -0.25 0.368 -15.061 -0.25 3.104
4 4 -6.27 -0.25 9.518 -9.549 -0.25 9.518 -4.614 -0.25 -6.833 -1.335 -0.25 -6.833
4 4 6.362 -0.25 -0.297 5.307 -0.25 2.23 2.477 -0.25 2.23 3.24 -0.25 -0.297
3 4 3.24 -0.25 -0.297 1.933 -0.25 -6.833 5.212 -0.25 -6.833
3 4 3.24 -0.25 -0.297 2.477 -0.25 2.23 1.933 -0.25 -6.833
4 4 2.477 -0.25 2.23 1.04 -0.25 6.991 -3.002 -0.25 9.518 1.933 -0.25 -6.833
4 4 1.04 -0.25 6.991 4.289 -0.25 6.978 3.164 -0.25 9.518 -3.002 -0.25 9.518
3 4 4.289 -0.25 6.978 4.562 -0.25 9.432 3.164 -0.25 9.518
4 4 4.289 -0.25 6.978 4.823 -0.25 6.906 5.656 -0.25 9.225 4.562 -0.25 9.432
4 4 5.228 -0.25 6.798 5.563 -0.25 6.667 6.581 -0.25 8.929 5.656 -0.25 9.225
3 4 5.656 -0.25 9.225 4.823 -0.25 6.906 5.228 -0.25 6.798
4 4 6.131 -0.25 6.329 7.357 -0.25 8.575 6.581 -0.25 8.929 5.876 -0.25 6.501
3 4 6.581 -0.25 8.929 5.563 -0.25 6.667 5.876 -0.25 6.501
4 4 7.923 -0.25 8.244 7.357 -0.25 8.575 6.131 -0.25 6.329 6.367 -0.25 6.134
4 4 6.367 -0.25 6.134 6.61 -0.25 5.89 8.518 -0.25 7.81 7.923 -0.25 8.244
4 4 6.826 -0.25 5.622 7.014 -0.25 5.33 8.986 -0.25 7.388 8.518 -0.25 7.81
3 4 8.518 -0.25 7.81 6.61 -0.25 5.89 6.826 -0.25 5.622
4 4 9.403 -0.25 6.927 8.986 -0.25 7.388 7.014 -0.25 5.33 9.771 -0.25 6.427
4 4 7.192 -0.25 4.974 7.349 -0.25 4.543 10.129 -0.25 5.807 9.771 -0.25 6.427
3 4 9.771 -0.25 6.427 7.014 -0.25 5.33 7.192 -0.25 4.974
4 4 7.376 -0.25 4.452 7.466 -0.25 4.026 10.455 -0.25 5.047 10.129 -0.25 5.807
3 4 10.129 -0.25 5.807 7.349 -0.25 4.543 7.376 -0.25 4.452
4 4 10.573 -0.25 4.689 10.455 -0.25 5.047 7.466 -0.25 4.026 10.713 -0.25 4.101
3 4 10.713 -0.25 4.101 7.466 -0.25 4.026 7.49 -0.25 3.68
4 4 10.713 -0.25 4.101 7.49 -0.25 3.68 7.465 -0.25 3.403 10.763 -0.25 3.598
3 4 10.743 -0.25 3.171 10.568 -0.25 2.51 10.662 -0.25 2.772
4 4 10.763 -0.25 3.598 7.465 -0.25 3.403 10.568 -0.25 2.51 10.743 -0.25 3.171
4 4 10.363 -0.25 2.127 10.568 -0.25 2.51 7.465 -0.25 3.403 10.058 -0.25 1.747
4 4 7.465 -0.25 3.403 7.407 -0.25 3.185 9.635 -0.25 1.381 10.058 -0.25 1.747
4 4 9.069 -0.25 1.039 9.635 -0.25 1.381 7.407 -0.25 3.185 7.316 -0.25 2.988
4 4 8.448 -0.25 -0.977 8.584 -0.25 -1.089 9.79 -0.25 0.801 9.069 -0.25 1.039
3 4 9.069 -0.25 1.039 8.16 -0.25 -0.777 8.448 -0.25 -0.977
3 4 9.069 -0.25 1.039 7.854 -0.25 -0.611 8.16 -0.25 -0.777
3 4 9.069 -0.25 1.039 7.531 -0.25 -0.481 7.854 -0.25 -0.611
4 4 6.78 -0.25 2.5 7.147 -0.25 -0.376 7.531 -0.25 -0.481 9.069 -0.25 1.039
3 4 9.069 -0.25 1.039 7.008 -0.25 2.642 6.78 -0.25 2.5
3 4 9.069 -0.25 1.039 7.171 -0.25 2.791 7.008 -0.25 2.642
3 4 9.069 -0.25 1.039 7.192 -0.25 2.814 7.171 -0.25 2.791
3 4 9.069 -0.25 1.039 7.316 -0.25 2.988 7.192 -0.25 2.814
4 4 8.584 -0.25 -1.089 8.838 -0.25 -1.334 10.333 -0.25 0.553 9.79 -0.25 0.801
4 4 8.838 -0.25 -1.334 9.066 -0.25 -1.607 10.779 -0.25 0.29 10.333 -0.25 0.553
4 4 9.066 -0.25 -1.607 9.291 -0.25 -1.948 11.183 -0.25 -0.01 10.779 -0.25 0.29
4 4 9.291 -0.25 -1.948 11.583 -0.25 -0.387 11.507 -0.25 -0.308 11.183 -0.25 -0.01
4 4 9.291 -0.25 -1.948 9.504 -0.25 -2.368 11.938 -0.25 -0.806 11.583 -0.25 -0.387
4 4 9.504 -0.25 -2.368 9.691 -0.25 -2.88 12.283 -0.25 -1.31 11.938 -0.25 -0.806
4 4 9.691 -0.25 -2.88 12.908 -0.25 -2.683 12.604 -0.25 -1.912 12.283 -0.25 -1.31
4 4 10.04 -0.25 -4.037 10.106 -0.25 -4.249 12.963 -0.25 -2.858 12.908 -0.25 -2.683
3 4 12.908 -0.25 -2.683 9.691 -0.25 -2.88 10.04 -0.25 -4.037
4 4 10.106 -0.25 -4.249 10.656 -0.25 -5.632 13.326 -0.25 -4.059 12.963 -0.25 -2.858
4 4 13.596 -0.25 -4.789 13.326 -0.25 -4.059 10.656 -0.25 -5.632 10.719 -0.25 -5.763
4 4 11.449 -0.25 -6.723 11.602 -0.25 -6.833 13.943 -0.25 -5.491 13.596 -0.25 -4.789
4 4 11.449 -0.25 -6.723 13.596 -0.25 -4.789 11.106 -0.25 -6.377 11.283 -0.25 -6.574
4 4 11.106 -0.25 -6.377 13.596 -0.25 -4.789 10.719 -0.25 -5.763 10.922 -0.25 -6.121
3 4 13.943 -0.25 -5.491 11.602 -0.25 -6.833 14.167 -0.25 -5.853
3 4 14.167 -0.25 -5.853 11.602 -0.25 -6.833 14.371 -0.25 -6.119
4 4 11.602 -0.25 -6.833 14.983 -0.25 -6.833 14.57 -0.25 -6.328 14.371 -0.25 -6.119
3 4 14.57 -0.25 -6.328 14.983 -0.25 -6.833 14.758 -0.25 -6.489
3 4 14.758 -0.25 -6.489 14.983 -0.25 -6.833 14.911 -0.25 -6.597
4 4 6.78 -0.25 2.5 6.469 -0.25 2.376 6.695 -0.25 -0.311 7.147 -0.25 -0.376
4 4 6.362 -0.25 -0.297 6.695 -0.25 -0.311 6.469 -0.25 2.376 6.012 -0.25 2.275
3 4 6.362 -0.25 -0.297 6.012 -0.25 2.275 5.307 -0.25 2.23
4 4 22.754 -0.25 -6.833 21.823 -0.25 -4.306 19.656 -0.25 -4.306 17.139 -0.25 -6.833
4 4 19.656 -0.25 -4.306 16.246 -0.25 6.991 12.204 -0.25 9.518 17.139 -0.25 -6.833
4 4 16.246 -0.25 6.991 18.414 -0.25 6.991 17.82 -0.25 9.518 12.204 -0.25 9.518
4 4 18.414 -0.25 6.991 18.624 -0.25 6.987 19 -0.25 9.442 17.82 -0.25 9.518
4 4 18.624 -0.25 6.987 19.237 -0.25 6.923 20.03 -0.25 9.242 19 -0.25 9.442
4 4 19.76 -0.25 6.801 20.262 -0.25 6.618 21.028 -0.25 8.918 20.03 -0.25 9.242
3 4 20.03 -0.25 9.242 19.237 -0.25 6.923 19.76 -0.25 6.801
4 4 21.89 -0.25 8.526 21.028 -0.25 8.918 20.262 -0.25 6.618 20.684 -0.25 6.409
4 4 21.09 -0.25 6.152 21.535 -0.25 5.802 22.727 -0.25 8.035 21.89 -0.25 8.526
3 4 21.89 -0.25 8.526 20.684 -0.25 6.409 21.09 -0.25 6.152
4 4 21.535 -0.25 5.802 21.589 -0.25 5.754 23.339 -0.25 7.603 22.727 -0.25 8.035
4 4 21.589 -0.25 5.754 22.047 -0.25 5.298 24.194 -0.25 6.879 23.339 -0.25 7.603
4 4 22.454 -0.25 4.796 22.81 -0.25 4.248 24.866 -0.25 6.176 24.194 -0.25 6.879
3 4 24.194 -0.25 6.879 22.047 -0.25 5.298 22.454 -0.25 4.796
4 4 25.456 -0.25 5.418 24.866 -0.25 6.176 22.81 -0.25 4.248 23.146 -0.25 3.586
4 4 26.765 -0.25 2.69 26.02 -0.25 4.498 25.456 -0.25 5.418 23.466 -0.25 2.717
3 4 25.456 -0.25 5.418 23.146 -0.25 3.586 23.466 -0.25 2.717
3 4 26.02 -0.25 4.498 26.765 -0.25 2.69 26.48 -0.25 3.508
4 4 24.311 -0.25 -0.086 27.581 -0.25 -0.016 26.765 -0.25 2.69 24.289 -0.25 -0.009
3 4 26.765 -0.25 2.69 23.466 -0.25 2.717 24.289 -0.25 -0.009
3 4 27.581 -0.25 -0.016 24.311 -0.25 -0.086 24.507 -0.25 -0.958
4 4 24.563 -0.25 -1.62 24.53 -0.25 -2.166 27.943 -0.25 -2.144 27.854 -0.25 -1.176
4 4 27.581 -0.25 -0.016 24.507 -0.25 -0.958 24.563 -0.25 -1.62 27.854 -0.25 -1.176
4 4 24.53 -0.25 -2.166 24.418 -0.25 -2.665 27.898 -0.25 -2.944 27.943 -0.25 -2.144
4 4 27.737 -0.25 -3.688 27.898 -0.25 -2.944 24.418 -0.25 -2.665 27.46 -0.25 -4.375
4 4 24.418 -0.25 -2.665 24.227 -0.25 -3.117 27.121 -0.25 -4.93 27.46 -0.25 -4.375
4 4 26.576 -0.25 -5.553 27.121 -0.25 -4.93 24.146 -0.25 -3.256 23.891 -0.25 -3.583
3 4 27.121 -0.25 -4.93 24.227 -0.25 -3.117 24.146 -0.25 -3.256
4 4 23.891 -0.25 -3.583 25.345 -0.25 -6.357 26.002 -0.25 -6.004 26.576 -0.25 -5.553
4 4 23.891 -0.25 -3.583 23.62 -0.25 -3.819 24.506 -0.25 -6.638 25.345 -0.25 -6.357
4 4 23.62 -0.25 -3.819 23.306 -0.25 -4.009 23.562 -0.25 -6.796 24.506 -0.25 -6.638
4 4 22.892 -0.25 -4.169 22.422 -0.25 -4.268 22.754 -0.25 -6.833 23.562 -0.25 -6.796
3 4 23.562 -0.25 -6.796 23.306 -0.25 -4.009 22.892 -0.25 -4.169
3 4 22.754 -0.25 -6.833 22.422 -0.25 -4.268 21.823 -0.25 -4.306
4 4 2.156 -0.25 -10.989 3.97 -0.25 -17 5.395 -0.25 -17 3.582 -0.25 -10.989
3 4 2.156 -0.25 -10.989 -0.178 -0.25 -9.891 0.154 -0.25 -10.989
4 4 11.797 -0.25 -12.776 8.852 -0.25 -12.776 9.184 -0.25 -13.875 12.128 -0.25 -13.875
3 4 9.184 -0.25 -13.875 8.701 -0.25 -17 9.795 -0.25 -15.901
3 4 9.184 -0.25 -13.875 8.852 -0.25 -12.776 8.701 -0.25 -17
4 4 13.238 -0.25 -15.901 9.795 -0.25 -15.901 8.701 -0.25 -17 13.569 -0.25 -17
4 4 6.556 -0.25 -9.891 8.701 -0.25 -17 8.852 -0.25 -12.776 8.313 -0.25 -10.989
4 4 8.313 -0.25 -10.989 11.746 -0.25 -10.989 11.414 -0.25 -9.891 6.556 -0.25 -9.891
4 4 16.097 -0.25 -9.891 17.603 -0.25 -14.349 18.292 -0.25 -15.467 20.679 -0.25 -17
3 4 18.292 -0.25 -15.467 19.238 -0.25 -17 20.679 -0.25 -17
4 4 17.603 -0.25 -14.349 15.811 -0.25 -14.349 15.797 -0.25 -15.467 18.292 -0.25 -15.467
3 4 15.797 -0.25 -15.467 14.336 -0.25 -17 15.776 -0.25 -17
3 4 15.797 -0.25 -15.467 15.811 -0.25 -14.349 14.336 -0.25 -17
4 4 15.811 -0.25 -14.349 15.852 -0.25 -11.556 14.637 -0.25 -9.891 14.336 -0.25 -17
4 4 16.097 -0.25 -9.891 14.637 -0.25 -9.891 15.852 -0.25 -11.556 15.881 -0.25 -11.556
3 4 16.097 -0.25 -9.891 15.881 -0.25 -11.556 17.603 -0.25 -14.349
4 4 24.948 -0.25 -15.13 21.556 -0.25 -9.891 21.577 -0.25 -11.756 25.054 -0.25 -17
4 4 19.695 -0.25 -9.891 21.549 -0.25 -11.761 21.577 -0.25 -11.756 21.556 -0.25 -9.891
4 4 24.978 -0.25 -15.13 24.948 -0.25 -15.13 25.054 -0.25 -17 26.011 -0.25 -17
4 4 26.011 -0.25 -17 26.327 -0.25 -11.736 25.223 -0.25 -9.891 24.978 -0.25 -15.13
4 4 27.088 -0.25 -9.891 25.223 -0.25 -9.891 26.327 -0.25 -11.736 26.357 -0.25 -11.741
4 4 26.357 -0.25 -11.741 27.808 -0.25 -17 29.233 -0.25 -17 27.088 -0.25 -9.891
4 4 23.267 -0.25 -17 21.549 -0.25 -11.761 19.695 -0.25 -9.891 21.841 -0.25 -17
3 4 5.593 -0.25 -10.989 5.262 -0.25 -9.891 3.582 -0.25 -10.989
4 4 -0.178 -0.25 -9.891 2.156 -0.25 -10.989 3.582 -0.25 -10.989 5.262 -0.25 -9.891

0 // clear
3 16 30 -.25 -19 29.559 -.25 -17.25 27.633 -.25 -17.25
4 16 17.715 -.25 9.868 30 -.25 27 .242 -.25 22.807 .637 -.25 22.21
4 16 24.776 -.25 -14.5 24.97 -.25 -9.641 24.051 -.25 -7.103 22.861 -.25 -7.183
4 16 28.285 -.25 -2.889 29.559 -.25 -17.25 30 -.25 -19 30 -.25 27
3 16 18.587 -.25 9.829 30 -.25 27 17.715 -.25 9.868
3 16 25.005 -.25 -6.893 24.051 -.25 -7.103 24.97 -.25 -9.641
3 16 19.679 -.25 9.661 30 -.25 27 18.587 -.25 9.829
3 16 20.738 -.25 9.363 30 -.25 27 19.679 -.25 9.661
4 16 24.97 -.25 -9.641 27.262 -.25 -9.641 25.848 -.25 -6.554 25.005 -.25 -6.893
3 16 21.652 -.25 8.989 30 -.25 27 20.738 -.25 9.363
3 16 27.262 -.25 -9.641 26.504 -.25 -6.143 25.848 -.25 -6.554
3 16 22.54 -.25 8.512 30 -.25 27 21.652 -.25 8.989
4 16 29.559 -.25 -17.25 27.137 -.25 -5.56 26.504 -.25 -6.143 27.262 -.25 -9.641
3 16 23.509 -.25 7.853 30 -.25 27 22.54 -.25 8.512
3 16 24.218 -.25 7.267 30 -.25 27 23.509 -.25 7.853
3 16 29.559 -.25 -17.25 27.882 -.25 -4.422 27.442 -.25 -5.18
3 16 24.947 -.25 6.543 30 -.25 27 24.218 -.25 7.267
3 16 29.559 -.25 -17.25 27.442 -.25 -5.18 27.137 -.25 -5.56
3 16 25.589 -.25 5.761 30 -.25 27 24.947 -.25 6.543
3 16 29.559 -.25 -17.25 28.145 -.25 -3.685 27.882 -.25 -4.422
3 16 26.145 -.25 4.921 30 -.25 27 25.589 -.25 5.761
3 16 29.559 -.25 -17.25 28.285 -.25 -2.889 28.145 -.25 -3.685
3 16 26.665 -.25 3.906 30 -.25 27 26.145 -.25 4.921
3 16 27.114 -.25 2.691 30 -.25 27 26.665 -.25 3.906
3 16 30 -.25 27 28.302 -.25 -2.034 28.285 -.25 -2.889
3 16 27.932 -.25 -.018 30 -.25 27 27.114 -.25 2.691
3 16 30 -.25 27 28.175 -.25 -1 28.302 -.25 -2.034
3 16 30 -.25 27 27.932 -.25 -.018 28.175 -.25 -1
4 16 18.518 -.25 6.641 16.702 -.25 6.641 21.716 -.25 -3.956 21.904 -.25 -3.953
3 16 16.702 -.25 6.641 19.9 -.25 -3.956 21.716 -.25 -3.956
4 16 22.829 -.25 -3.788 23.184 -.25 -3.625 21.904 -.25 -3.953 22.422 -.25 -3.896
4 16 24.067 -.25 -2.473 24.169 -.25 -2.01 23.68 -.25 -3.207 23.891 -.25 -2.892
4 16 20.46 -.25 6.18 20.074 -.25 6.356 21.237 -.25 5.661 20.831 -.25 5.962
3 16 24.132 -.25 -.824 23.938 -.25 -.009 23.116 -.25 2.716
4 16 23.452 -.25 -3.437 23.68 -.25 -3.207 24.169 -.25 -2.01 20.074 -.25 6.356
4 16 23.452 -.25 -3.437 19.617 -.25 6.505 19.14 -.25 6.599 23.184 -.25 -3.625
4 16 18.518 -.25 6.641 21.904 -.25 -3.953 23.184 -.25 -3.625 19.14 -.25 6.599
4 16 22.478 -.25 4.194 21.764 -.25 5.159 21.336 -.25 5.577 20.074 -.25 6.356
3 16 21.336 -.25 5.577 21.237 -.25 5.661 20.074 -.25 6.356
4 16 24.169 -.25 -2.01 23.095 -.25 2.786 22.478 -.25 4.194 20.074 -.25 6.356
3 16 23.095 -.25 2.786 22.793 -.25 3.585 22.478 -.25 4.194
4 16 24.132 -.25 -.824 23.116 -.25 2.716 23.095 -.25 2.786 24.197 -.25 -1.503
3 16 23.095 -.25 2.786 24.169 -.25 -2.01 24.197 -.25 -1.503
3 16 22.478 -.25 4.194 22.145 -.25 4.698 21.764 -.25 5.159
3 16 23.452 -.25 -3.437 20.074 -.25 6.356 19.617 -.25 6.505
3 16 27.633 -.25 -17.25 26.402 -.25 -12.432 26.262 -.25 -17.25
3 16 16.022 -.25 -12.1 16.077 -.25 -14.099 17.187 -.25 -14.099
4 16 6.743 -.25 2.945 1.496 -.25 6.641 2.722 -.25 2.58 5.298 -.25 2.58
4 16 5.908 -.25 2.628 6.303 -.25 2.72 6.57 -.25 2.833 6.743 -.25 2.945
4 16 7.07 -.25 3.418 7.111 -.25 3.606 6.9 -.25 3.099 7 -.25 3.249
4 16 7.124 -.25 3.844 7.095 -.25 4.14 6.9 -.25 3.099 7.111 -.25 3.606
4 16 5.639 -.25 6.285 5.357 -.25 6.416 5.017 -.25 6.526 4.608 -.25 6.605
4 16 6.909 -.25 4.805 6.75 -.25 5.153 6.576 -.25 5.44 6.396 -.25 5.673
3 16 6.191 -.25 5.886 5.963 -.25 6.078 5.869 -.25 6.145
3 16 5.298 -.25 2.58 5.908 -.25 2.628 6.743 -.25 2.945
4 16 6.191 -.25 5.886 5.869 -.25 6.145 5.639 -.25 6.285 4.608 -.25 6.605
4 16 4.031 -.25 6.641 1.496 -.25 6.641 6.743 -.25 2.945 6.884 -.25 3.079
4 16 6.9 -.25 3.099 7.095 -.25 4.14 6.999 -.25 4.543 4.608 -.25 6.605
4 16 6.191 -.25 5.886 4.608 -.25 6.605 6.909 -.25 4.805 6.396 -.25 5.673
3 16 6.999 -.25 4.543 6.909 -.25 4.805 4.608 -.25 6.605
4 16 4.608 -.25 6.605 4.031 -.25 6.641 6.884 -.25 3.079 6.9 -.25 3.099
4 16 -2.099 -.25 16.148 -5.885 -.25 23.267 -3.724 -.25 16.108 -2.443 -.25 16.11
4 16 -1.829 -.25 16.219 -1.594 -.25 16.326 -1.416 -.25 16.45 -1.264 -.25 16.602
4 16 -.938 -.25 17.403 -.921 -.25 17.744 -1.109 -.25 16.84 -1.006 -.25 17.092
4 16 -1.264 -.25 16.602 -5.885 -.25 23.267 -2.099 -.25 16.148 -1.829 -.25 16.219
4 16 -4 -.25 23.178 -4.316 -.25 23.24 -3.441 -.25 22.964 -3.697 -.25 23.079
4 16 -1.682 -.25 20.69 -1.884 -.25 21.227 -2.095 -.25 21.636 -2.318 -.25 21.974
4 16 -2.959 -.25 22.647 -3.195 -.25 22.82 -3.441 -.25 22.964 -4.316 -.25 23.24
4 16 -1.096 -.25 18.748 -1.668 -.25 20.643 -.921 -.25 17.744 -.965 -.25 18.2
4 16 -1.682 -.25 20.69 -1.109 -.25 16.84 -.921 -.25 17.744 -1.668 -.25 20.643
3 16 -2.318 -.25 21.974 -2.573 -.25 22.284 -2.861 -.25 22.565
4 16 -2.318 -.25 21.974 -2.861 -.25 22.565 -4.316 -.25 23.24 -1.682 -.25 20.69
3 16 -2.861 -.25 22.565 -2.959 -.25 22.647 -4.316 -.25 23.24
4 16 -1.264 -.25 16.602 -1.124 -.25 16.81 -1.109 -.25 16.84 -5.885 -.25 23.267
4 16 -1.682 -.25 20.69 -4.728 -.25 23.267 -5.885 -.25 23.267 -1.109 -.25 16.84
3 16 -4.728 -.25 23.267 -1.682 -.25 20.69 -4.316 -.25 23.24
4 16 -12.665 -.25 -3.601 -18.021 -.25 .049 -16.812 -.25 -3.956 -14.096 -.25 -3.956
4 16 -12.333 -.25 -3.145 -12.289 -.25 -2.964 -12.506 -.25 -3.452 -12.405 -.25 -3.308
4 16 -13.51 -.25 -3.915 -13.126 -.25 -3.829 -12.861 -.25 -3.723 -12.665 -.25 -3.601
4 16 -12.273 -.25 -2.736 -12.298 -.25 -2.452 -12.506 -.25 -3.452 -12.289 -.25 -2.964
4 16 -12.455 -.25 -1.862 -12.64 -.25 -1.414 -12.825 -.25 -1.083 -12.993 -.25 -.846
4 16 -13.704 -.25 -.246 -13.926 -.25 -.145 -14.2 -.25 -.056 -14.571 -.25 .016
4 16 -15.104 -.25 .049 -12.993 -.25 -.846 -13.361 -.25 -.471 -14.571 -.25 .016
3 16 -12.993 -.25 -.846 -13.181 -.25 -.635 -13.361 -.25 -.471
3 16 -14.096 -.25 -3.956 -13.51 -.25 -3.915 -12.665 -.25 -3.601
4 16 -12.389 -.25 -2.065 -12.455 -.25 -1.862 -12.993 -.25 -.846 -15.104 -.25 .049
4 16 -13.361 -.25 -.471 -13.527 -.25 -.35 -13.704 -.25 -.246 -14.571 -.25 .016
4 16 -18.021 -.25 .049 -12.665 -.25 -3.601 -12.523 -.25 -3.471 -12.506 -.25 -3.452
3 16 -18.021 -.25 .049 -12.506 -.25 -3.452 -12.298 -.25 -2.452
4 16 -12.298 -.25 -2.452 -12.389 -.25 -2.065 -15.104 -.25 .049 -18.021 -.25 .049
4 16 -15.414 -.25 3.344 -20.01 -.25 6.641 -18.917 -.25 3.018 -16.909 -.25 3.018
4 16 -15.013 -.25 3.857 -14.975 -.25 4.031 -15.174 -.25 3.558 -15.079 -.25 3.7
4 16 -16.909 -.25 3.018 -16.466 -.25 3.035 -15.971 -.25 3.113 -15.414 -.25 3.344
3 16 -15.971 -.25 3.113 -15.653 -.25 3.217 -15.414 -.25 3.344
4 16 -15.061 -.25 4.779 -15.174 -.25 3.558 -14.975 -.25 4.031 -14.986 -.25 4.456
3 16 -14.975 -.25 4.031 -14.965 -.25 4.22 -14.986 -.25 4.456
4 16 -16.843 -.25 6.499 -17.351 -.25 6.596 -16.218 -.25 6.265 -16.498 -.25 6.39
4 16 -15.148 -.25 5.033 -15.284 -.25 5.332 -15.428 -.25 5.571 -15.573 -.25 5.76
3 16 -15.573 -.25 5.76 -15.735 -.25 5.929 -15.889 -.25 6.059
4 16 -16.218 -.25 6.265 -17.351 -.25 6.596 -15.889 -.25 6.059 -16.056 -.25 6.173
4 16 -20.01 -.25 6.641 -15.414 -.25 3.344 -15.24 -.25 3.485 -15.174 -.25 3.558
4 16 -15.889 -.25 6.059 -17.351 -.25 6.596 -15.061 -.25 4.779 -15.573 -.25 5.76
3 16 -15.061 -.25 4.779 -15.148 -.25 5.033 -15.573 -.25 5.76
3 16 -20.01 -.25 6.641 -17.351 -.25 6.596 -18.115 -.25 6.641
4 16 -15.061 -.25 4.779 -17.351 -.25 6.596 -20.01 -.25 6.641 -15.174 -.25 3.558
4 16 -23.35 -.25 23.195 -23.617 -.25 23.244 -25.65 -.25 23.267 -24.862 -.25 20.655
3 16 -23.617 -.25 23.244 -23.993 -.25 23.267 -25.65 -.25 23.267
4 16 -22.069 -.25 21.071 -22.022 -.25 21.177 -22.227 -.25 20.889 -22.135 -.25 20.976
4 16 -22.001 -.25 21.634 -22.067 -.25 21.914 -21.994 -.25 21.296 -21.985 -.25 21.447
4 16 -22.496 -.25 20.75 -22.341 -.25 20.816 -23.118 -.25 20.657 -22.727 -.25 20.693
4 16 -22.733 -.25 22.906 -22.815 -.25 22.963 -22.966 -.25 23.052 -23.128 -.25 23.124
4 16 -24.862 -.25 20.655 -23.244 -.25 20.655 -22.454 -.25 22.644 -22.585 -.25 22.781
4 16 -23.118 -.25 20.657 -22.341 -.25 20.816 -22.227 -.25 20.889 -22.022 -.25 21.177
4 16 -21.994 -.25 21.296 -22.067 -.25 21.914 -22.125 -.25 22.083 -22.227 -.25 22.308
4 16 -22.733 -.25 22.906 -23.128 -.25 23.124 -23.35 -.25 23.195 -24.862 -.25 20.655
3 16 -21.994 -.25 21.296 -22.227 -.25 22.308 -22.338 -.25 22.493
4 16 -22.338 -.25 22.493 -23.118 -.25 20.657 -22.022 -.25 21.177 -21.994 -.25 21.296
3 16 -24.862 -.25 20.655 -22.585 -.25 22.781 -22.733 -.25 22.906
4 16 -23.118 -.25 20.657 -22.338 -.25 22.493 -22.454 -.25 22.644 -23.244 -.25 20.655
3 16 30 -.25 -19 27.633 -.25 -17.25 26.262 -.25 -17.25
3 16 -12.188 -.25 7.089 -10.005 -.25 9.868 -12.61 -.25 7.582
4 16 18.184 -.25 -15.717 16.056 -.25 -15.717 16.035 -.25 -17.25 19.13 -.25 -17.25
3 16 -10.005 -.25 9.868 -13.086 -.25 8.028 -12.61 -.25 7.582
3 16 -18.795 -.25 25.725 -20.559 -.25 24.29 -20.213 -.25 23.951
4 16 -4.859 -.25 -7.183 -.503 -.25 -9.641 5.436 -.25 -9.641 -.88 -.25 -7.183
4 16 -22.748 -.25 13.65 -25.729 -.25 13.65 -24.964 -.25 9.868 -19.087 -.25 9.868
3 16 -19.906 -.25 23.583 -18.795 -.25 25.725 -20.213 -.25 23.951
3 16 6.953 -.25 -.679 6.466 -.25 -.647 3.695 -.25 -.647
4 16 6.23 -.25 -9.641 5.436 -.25 -9.641 5.919 -.25 -11.239 8.527 -.25 -17.25
4 16 9.509 -.25 -14.125 9.97 -.25 -15.651 13.412 -.25 -15.651 12.454 -.25 -14.125
4 16 -5.964 -.25 13.65 -9.608 -.25 25.725 -10.322 -.25 25.725 -9.58 -.25 23.267
4 16 -15.072 -.25 23.267 -14.42 -.25 21.108 -9.71 -.25 21.108 -9.58 -.25 23.267
3 16 -.021 -.25 -11.239 3.795 -.25 -17.25 1.981 -.25 -11.239
3 16 -21.983 -.25 18.177 -22.299 -.25 18.197 -24.12 -.25 18.197
4 16 30 -.25 27 -30 -.25 27 -18.795 -.25 25.725 -10.322 -.25 25.725
3 16 -19.516 -.25 19.483 -19.539 -.25 19.61 -19.664 -.25 19.532
3 16 9.975 -.25 1.08 10.195 -.25 1.263 9.926 -.25 1.094
3 16 -11.892 -.25 1.718 -11.802 -.25 1.842 -11.989 -.25 1.739
3 16 22.861 -.25 -7.183 21.658 -.25 -9.641 24.776 -.25 -14.5
3 16 10.259 -.25 6.234 11.749 -.25 9.868 9.835 -.25 6.873
3 16 9.835 -.25 6.873 11.749 -.25 9.868 9.407 -.25 7.388
4 16 3.695 -.25 -.647 5.668 -.25 -7.183 7.621 -.25 -.85 6.953 -.25 -.679
3 16 7.621 -.25 -.85 7.334 -.25 -.756 6.953 -.25 -.679
4 16 -24.12 -.25 18.197 -22.748 -.25 13.65 -21.737 -.25 18.128 -21.983 -.25 18.177
4 16 9.228 -.25 -2.552 9.056 -.25 -2.175 8.873 -.25 -1.868 8.686 -.25 -1.62
4 16 14.738 -.25 -6.051 14.96 -.25 -6.25 14.371 -.25 -5.597 14.548 -.25 -5.839
4 16 -17.21 -.25 15.93 -17.076 -.25 15.557 -16.816 -.25 15.018 -16.738 -.25 14.89
4 16 -16.738 -.25 14.89 -16.628 -.25 14.742 -16.496 -.25 14.599 -16.343 -.25 14.464
4 16 -20.754 -.25 17.43 -20.876 -.25 17.589 -20.521 -.25 16.988 -20.634 -.25 17.232
4 16 -21.128 -.25 17.829 -21.228 -.25 17.901 -21.374 -.25 17.988 -21.551 -.25 18.068
4 16 8.272 -.25 -1.222 8.118 -.25 -1.111 7.893 -.25 -.976 7.621 -.25 -.85
4 16 -20.195 -.25 15.945 -20.438 -.25 16.749 -20.521 -.25 16.988 -20.876 -.25 17.589
4 16 9.69 -.25 -4.037 9.341 -.25 -2.881 9.228 -.25 -2.552 5.668 -.25 -7.183
3 16 -18.777 -.25 13.65 -6.025 -.25 9.868 -3.457 -.25 9.868
3 16 -18.777 -.25 13.65 -10.005 -.25 9.868 -6.025 -.25 9.868
4 16 8.527 -.25 -17.25 -30 -.25 -19 30 -.25 -19 13.895 -.25 -17.25
3 16 -9.608 -.25 25.725 30 -.25 27 -10.322 -.25 25.725
3 16 -9.608 -.25 25.725 -5.35 -.25 25.725 30 -.25 27
3 16 -18.795 -.25 25.725 -21.002 -.25 24.64 -20.559 -.25 24.29
3 16 -11.822 -.25 6.548 -10.005 -.25 9.868 -12.188 -.25 7.089
4 16 -11.566 -.25 1.619 -11.624 -.25 1.986 -11.802 -.25 1.842 -11.892 -.25 1.718
3 16 -10.005 -.25 9.868 -13.616 -.25 8.426 -13.086 -.25 8.028
3 16 -19.602 -.25 23.124 -18.795 -.25 25.725 -19.906 -.25 23.583
3 16 10.304 -.25 .964 10.195 -.25 1.263 9.975 -.25 1.08
4 16 -19.439 -.25 19.704 -19.539 -.25 19.61 -19.516 -.25 19.483 -19.353 -.25 19.406
3 16 -4.859 -.25 -7.183 -.021 -.25 -11.239 -.503 -.25 -9.641
4 16 -7.404 -.25 16.108 -8.968 -.25 18.65 -13.679 -.25 18.65 -12.912 -.25 16.108
3 16 1.688 -.25 -7.183 6.23 -.25 -9.641 11.589 -.25 -9.641
4 16 5.436 -.25 -9.641 6.23 -.25 -9.641 1.688 -.25 -7.183 -.88 -.25 -7.183
4 16 9.027 -.25 -12.526 11.971 -.25 -12.526 12.071 -.25 -11.239 8.638 -.25 -11.239
4 16 14.061 -.25 -17.25 14.383 -.25 -9.641 13.412 -.25 -15.651 13.895 -.25 -17.25
4 16 -30 -.25 27 -30 -.25 -19 -24.964 -.25 9.868 -29.373 -.25 25.725
3 16 -24.964 -.25 9.868 -25.729 -.25 13.65 -29.373 -.25 25.725
4 16 9.228 -.25 -2.552 8.686 -.25 -1.62 8.476 -.25 -1.397 5.668 -.25 -7.183
4 16 13.313 -.25 -2.857 13.676 -.25 -4.059 14.371 -.25 -5.597 14.96 -.25 -6.25
4 16 5.668 -.25 -7.183 8.476 -.25 -1.397 8.272 -.25 -1.222 7.621 -.25 -.85
4 16 13.676 -.25 -4.059 13.873 -.25 -4.611 14.257 -.25 -5.407 14.371 -.25 -5.597
4 16 -6.025 -.25 9.868 -.88 -.25 -7.183 1.688 -.25 -7.183 -3.457 -.25 9.868
3 16 19.13 -.25 -17.25 16.035 -.25 -17.25 30 -.25 -19
3 16 -19.087 -.25 9.868 -21.737 -.25 18.128 -22.748 -.25 13.65
4 16 -18.378 -.25 9.851 -21.551 -.25 18.068 -21.737 -.25 18.128 -19.087 -.25 9.868
4 16 10.435 -.25 1.487 10.195 -.25 1.263 10.304 -.25 .964 10.607 -.25 .815
3 16 -18.795 -.25 25.725 -21.18 -.25 24.761 -21.002 -.25 24.64
3 16 -11.47 -.25 5.873 -10.005 -.25 9.868 -11.822 -.25 6.548
3 16 -10.005 -.25 9.868 -14.027 -.25 8.683 -13.616 -.25 8.426
3 16 -19.348 -.25 22.625 -18.795 -.25 25.725 -19.602 -.25 23.124
4 16 12.071 -.25 -11.239 12.454 -.25 -14.125 13.412 -.25 -15.651 14.383 -.25 -9.641
4 16 22.861 -.25 -7.183 16.895 -.25 -7.183 19.37 -.25 -9.641 21.658 -.25 -9.641
3 16 -30 -.25 -19 -19.818 -.25 -7.183 -24.964 -.25 9.868
4 16 8.527 -.25 -17.25 5.919 -.25 -11.239 3.907 -.25 -11.239 5.721 -.25 -17.25
3 16 -7.404 -.25 16.108 -5.964 -.25 13.65 -9.58 -.25 23.267
4 16 -16.343 -.25 14.464 -17.462 -.25 16.766 -17.21 -.25 15.93 -16.738 -.25 14.89
3 16 -4.859 -.25 -7.183 3.795 -.25 -17.25 -.021 -.25 -11.239
4 16 -9.71 -.25 21.108 -8.968 -.25 18.65 -7.404 -.25 16.108 -9.58 -.25 23.267
3 16 19.13 -.25 -17.25 30 -.25 -19 21.104 -.25 -17.25
3 16 -19.353 -.25 19.406 -19.337 -.25 19.842 -19.439 -.25 19.704
3 16 -18.795 -.25 25.725 -21.665 -.25 25.042 -21.18 -.25 24.761
3 16 -30 -.25 -19 -13.167 -.25 -7.183 -19.818 -.25 -7.183
3 16 -10.005 -.25 9.868 -14.794 -.25 9.068 -14.027 -.25 8.683
4 16 -11.16 -.25 5.038 -4.859 -.25 -7.183 -10.005 -.25 9.868 -11.47 -.25 5.873
3 16 12.071 -.25 -11.239 11.971 -.25 -12.526 12.454 -.25 -14.125
4 16 -19.124 -.25 22.016 -15.151 -.25 13.65 -18.795 -.25 25.725 -19.348 -.25 22.625
3 16 16.895 -.25 -7.183 21.666 -.25 -17.25 19.37 -.25 -9.641
4 16 -20.195 -.25 15.945 -20.876 -.25 17.589 -20.996 -.25 17.715 -18.378 -.25 9.851
4 16 -15.151 -.25 13.65 -17.462 -.25 16.766 -16.343 -.25 14.464 -16.157 -.25 14.331
4 16 5.668 -.25 -7.183 1.688 -.25 -7.183 11.589 -.25 -9.641 14.383 -.25 -9.641
3 16 -4.731 -.25 25.697 30 -.25 27 -5.35 -.25 25.725
3 16 21.666 -.25 -17.25 30 -.25 -19 23.592 -.25 -17.25
3 16 21.666 -.25 -17.25 21.104 -.25 -17.25 30 -.25 -19
3 16 -30 -.25 -19 8.527 -.25 -17.25 5.721 -.25 -17.25
4 16 -11.463 -.25 2.175 -11.624 -.25 1.986 -11.566 -.25 1.619 -11.261 -.25 1.485
3 16 14.383 -.25 -9.641 11.589 -.25 -9.641 12.071 -.25 -11.239
4 16 -19.203 -.25 19.314 -19.133 -.25 20.294 -19.337 -.25 19.842 -19.353 -.25 19.406
3 16 -18.795 -.25 25.725 -22.248 -.25 25.301 -21.665 -.25 25.042
3 16 -30 -.25 -19 -11.634 -.25 -7.081 -13.167 -.25 -7.183
3 16 -10.005 -.25 9.868 -15.721 -.25 9.409 -14.794 -.25 9.068
3 16 -6.662 -.25 13.65 -5.964 -.25 13.65 -7.404 -.25 16.108
3 16 -15.151 -.25 13.65 -17.685 -.25 17.374 -17.462 -.25 16.766
4 16 14.96 -.25 -6.25 15.211 -.25 -6.431 13.003 -.25 -2.01 13.313 -.25 -2.857
4 16 -21.551 -.25 18.068 -18.378 -.25 9.851 -20.996 -.25 17.715 -21.128 -.25 17.829
3 16 11.749 -.25 9.868 10.259 -.25 6.234 10.611 -.25 5.538
3 16 5.668 -.25 -7.183 10.188 -.25 -5.377 9.69 -.25 -4.037
4 16 10.658 -.25 1.79 10.435 -.25 1.487 10.607 -.25 .815 10.925 -.25 .614
3 16 -18.795 -.25 25.725 -22.944 -.25 25.518 -22.248 -.25 25.301
3 16 -11.092 -.25 4.791 -4.859 -.25 -7.183 -11.16 -.25 5.038
3 16 -19.043 -.25 21.702 -15.151 -.25 13.65 -19.124 -.25 22.016
3 16 -18.378 -.25 9.851 -19.844 -.25 14.999 -20.195 -.25 15.945
3 16 30 -.25 -19 24.954 -.25 -17.25 23.592 -.25 -17.25
3 16 3.059 -.25 9.868 -5.964 -.25 13.65 -6.662 -.25 13.65
3 16 3.059 -.25 9.868 -1.706 -.25 13.65 -5.964 -.25 13.65
3 16 5.668 -.25 -7.183 10.327 -.25 -5.688 10.188 -.25 -5.377
4 16 -10.934 -.25 1.298 -11.286 -.25 2.484 -11.463 -.25 2.175 -11.261 -.25 1.485
3 16 -19.021 -.25 19.171 -19.133 -.25 20.294 -19.203 -.25 19.314
4 16 10.913 -.25 2.304 10.658 -.25 1.79 10.925 -.25 .614 11.285 -.25 .329
3 16 -18.983 -.25 21.295 -15.151 -.25 13.65 -19.043 -.25 21.702
3 16 -10.99 -.25 4.222 -4.859 -.25 -7.183 -11.092 -.25 4.791
4 16 15.438 -.25 -7.183 11.583 -.25 -7.183 14.383 -.25 -9.641 16.2 -.25 -9.641
3 16 -18.378 -.25 9.851 -19.746 -.25 14.78 -19.844 -.25 14.999
4 16 -18.777 -.25 13.65 -18.842 -.25 13.693 -18.378 -.25 9.851 -16.83 -.25 9.676
3 16 5.668 -.25 -7.183 10.539 -.25 -6.088 10.327 -.25 -5.688
4 16 -10.934 -.25 1.298 -10.555 -.25 1.023 -11.149 -.25 2.815 -11.286 -.25 2.484
3 16 -18.983 -.25 20.915 -15.151 -.25 13.65 -18.983 -.25 21.295
3 16 -18.378 -.25 9.851 -19.583 -.25 14.476 -19.746 -.25 14.78
3 16 -3.956 -.25 25.578 30 -.25 27 -4.731 -.25 25.697
3 16 5.668 -.25 -7.183 10.775 -.25 -6.435 10.539 -.25 -6.088
4 16 -19.021 -.25 19.171 -18.533 -.25 18.672 -19.034 -.25 20.593 -19.133 -.25 20.294
4 16 -17.685 -.25 17.374 -15.151 -.25 13.65 -18.983 -.25 20.915 -19.034 -.25 20.593
4 16 11.822 -.25 -.199 11.05 -.25 2.719 10.913 -.25 2.304 11.285 -.25 .329
3 16 -18.378 -.25 9.851 -19.419 -.25 14.239 -19.583 -.25 14.476
3 16 -3.204 -.25 25.366 30 -.25 27 -3.956 -.25 25.578
3 16 5.668 -.25 -7.183 11.005 -.25 -6.703 10.775 -.25 -6.435
3 16 -8.976 -.25 -.79 -10.972 -.25 3.728 -11.025 -.25 3.258
4 16 -10.99 -.25 4.222 -10.972 -.25 3.728 -8.976 -.25 -.79 -4.859 -.25 -7.183
3 16 -10.003 -.25 .524 -11.149 -.25 2.815 -10.555 -.25 1.023
3 16 -18.476 -.25 18.61 -19.034 -.25 20.593 -18.533 -.25 18.672
3 16 -18.378 -.25 9.851 -19.242 -.25 14.033 -19.419 -.25 14.239
3 16 -2.555 -.25 25.099 30 -.25 27 -3.204 -.25 25.366
3 16 5.668 -.25 -7.183 11.248 -.25 -6.933 11.005 -.25 -6.703
3 16 -18.378 -.25 9.851 -19.056 -.25 13.857 -19.242 -.25 14.033
3 16 -1.924 -.25 24.76 30 -.25 27 -2.555 -.25 25.099
3 16 -18.182 -.25 18.247 -19.034 -.25 20.593 -18.476 -.25 18.61
3 16 -9.783 -.25 .296 -11.149 -.25 2.815 -10.003 -.25 .524
3 16 -18.378 -.25 9.851 -18.842 -.25 13.693 -19.056 -.25 13.857
3 16 5.668 -.25 -7.183 11.498 -.25 -7.127 11.248 -.25 -6.933
3 16 -1.236 -.25 24.292 30 -.25 27 -1.924 -.25 24.76
4 16 11.822 -.25 -.199 11.901 -.25 -.286 11.12 -.25 3.164 11.05 -.25 2.719
3 16 -17.924 -.25 17.848 -19.034 -.25 20.593 -18.182 -.25 18.247
3 16 -9.346 -.25 -.23 -11.149 -.25 2.815 -9.783 -.25 .296
3 16 -.732 -.25 23.876 30 -.25 27 -1.236 -.25 24.292
4 16 14.383 -.25 -9.641 11.583 -.25 -7.183 11.498 -.25 -7.127 5.668 -.25 -7.183
4 16 11.119 -.25 3.69 11.12 -.25 3.164 11.901 -.25 -.286 12.311 -.25 -.793
4 16 -15.721 -.25 9.409 -10.005 -.25 9.868 -18.777 -.25 13.65 -16.83 -.25 9.676
3 16 -.214 -.25 23.362 30 -.25 27 -.732 -.25 23.876
3 16 -17.685 -.25 17.374 -19.034 -.25 20.593 -17.924 -.25 17.848
4 16 -11.025 -.25 3.258 -11.149 -.25 2.815 -9.346 -.25 -.23 -8.976 -.25 -.79
3 16 .242 -.25 22.807 30 -.25 27 -.214 -.25 23.362
3 16 11.119 -.25 3.69 12.311 -.25 -.793 12.67 -.25 -1.348
3 16 -8.673 -.25 -1.384 -4.859 -.25 -7.183 -8.976 -.25 -.79
3 16 -24.733 -.25 25.725 -30 -.25 27 -29.373 -.25 25.725
3 16 -15.951 -.25 13.65 -15.151 -.25 13.65 -16.157 -.25 14.331
4 16 21.104 -.25 -17.25 15.211 -.25 -6.431 15.438 -.25 -7.183 16.2 -.25 -9.641
3 16 -8.419 -.25 -2.072 -4.859 -.25 -7.183 -8.673 -.25 -1.384
4 16 -3.457 -.25 9.868 3.059 -.25 9.868 -15.951 -.25 13.65 -18.777 -.25 13.65
3 16 13.003 -.25 -2.01 11.119 -.25 3.69 12.67 -.25 -1.348
4 16 -23.767 -.25 25.668 -18.795 -.25 25.725 -30 -.25 27 -24.733 -.25 25.725
3 16 -8.287 -.25 -2.566 -4.859 -.25 -7.183 -8.419 -.25 -2.072
3 16 3.059 -.25 9.868 -15.151 -.25 13.65 -15.951 -.25 13.65
3 16 3.059 -.25 9.868 -6.662 -.25 13.65 -15.151 -.25 13.65
4 16 13.003 -.25 -2.01 15.211 -.25 -6.431 11.036 -.25 4.255 11.119 -.25 3.69
3 16 -18.795 -.25 25.725 -23.767 -.25 25.668 -22.944 -.25 25.518
3 16 -8.154 -.25 -3.393 -4.859 -.25 -7.183 -8.287 -.25 -2.566
3 16 10.923 -.25 4.689 11.036 -.25 4.255 15.211 -.25 -6.431
4 16 -4.859 -.25 -7.183 -8.154 -.25 -3.393 -8.148 -.25 -4.06 3.795 -.25 -17.25
3 16 3.059 -.25 9.868 -.861 -.25 13.707 -1.706 -.25 13.65
3 16 3.795 -.25 -17.25 -8.148 -.25 -4.06 -8.229 -.25 -4.593
3 16 3.059 -.25 9.868 -.184 -.25 13.857 -.861 -.25 13.707
3 16 3.795 -.25 -17.25 -8.229 -.25 -4.593 -8.389 -.25 -5.077
3 16 1.326 -.25 20.626 11.749 -.25 9.868 1.007 -.25 21.489
3 16 3.795 -.25 -17.25 -8.389 -.25 -5.077 -8.629 -.25 -5.514
3 16 1.895 -.25 18.741 11.749 -.25 9.868 1.326 -.25 20.626
4 16 5.578 -.25 9.579 1.329 -.25 14.804 .879 -.25 14.39 4.419 -.25 9.789
3 16 3.795 -.25 -17.25 -8.629 -.25 -5.514 -8.948 -.25 -5.902
3 16 2.068 -.25 18.043 11.749 -.25 9.868 1.895 -.25 18.741
4 16 -.184 -.25 13.857 3.059 -.25 9.868 4.419 -.25 9.789 .414 -.25 14.098
3 16 4.419 -.25 9.789 .879 -.25 14.39 .414 -.25 14.098
3 16 3.795 -.25 -17.25 -8.948 -.25 -5.902 -9.271 -.25 -6.189
3 16 2.158 -.25 17.309 11.749 -.25 9.868 2.068 -.25 18.043
3 16 2.145 -.25 16.701 11.749 -.25 9.868 2.158 -.25 17.309
3 16 -9.849 -.25 -6.551 3.795 -.25 -17.25 -9.271 -.25 -6.189
3 16 -30 -.25 -19 -10.623 -.25 -6.86 -11.634 -.25 -7.081
4 16 -9.849 -.25 -6.551 -10.623 -.25 -6.86 -30 -.25 -19 3.795 -.25 -17.25
3 16 2.045 -.25 16.136 11.749 -.25 9.868 2.145 -.25 16.701
3 16 -30 -.25 -19 5.721 -.25 -17.25 3.795 -.25 -17.25
4 16 1.329 -.25 14.804 5.578 -.25 9.579 6.557 -.25 9.275 1.545 -.25 15.074
4 16 7.378 -.25 8.911 1.859 -.25 15.613 1.545 -.25 15.074 6.557 -.25 9.275
3 16 30 -.25 -19 26.262 -.25 -17.25 24.954 -.25 -17.25
3 16 8.061 -.25 8.516 1.859 -.25 15.613 7.378 -.25 8.911
4 16 1.007 -.25 21.489 11.749 -.25 9.868 17.715 -.25 9.868 .637 -.25 22.21
3 16 8.31 -.25 8.347 1.859 -.25 15.613 8.061 -.25 8.516
4 16 15.211 -.25 -6.431 21.104 -.25 -17.25 21.666 -.25 -17.25 10.923 -.25 4.689
3 16 8.925 -.25 7.86 1.859 -.25 15.613 8.31 -.25 8.347
4 16 2.045 -.25 16.136 1.859 -.25 15.613 8.925 -.25 7.86 11.749 -.25 9.868
4 16 10.923 -.25 4.689 21.666 -.25 -17.25 16.895 -.25 -7.183 10.611 -.25 5.538
3 16 9.407 -.25 7.388 11.749 -.25 9.868 8.925 -.25 7.86
3 16 11.749 -.25 9.868 10.611 -.25 5.538 16.895 -.25 -7.183
3 16 24.954 -.25 -17.25 21.955 -.25 -12.54 23.592 -.25 -17.25
3 16 30 -.25 -19 16.035 -.25 -17.25 14.061 -.25 -17.25
3 16 30 -.25 -19 14.061 -.25 -17.25 13.895 -.25 -17.25
