0 Dish  6 x  6 Inverted - No Studs with Handle with Metallic Silver and Dark Bluish Grey Rim, Red/Orange Patch and Wires Pattern
0 Name: 18675pb1.dat
0 Author: Gerald Lasser [GeraldLasser]
0 !LDRAW_ORG Part UPDATE 2020-01
0 !LICENSE Redistributable under CCAL version 2.0 : see CAreadme.txt

0 BFC CERTIFY CCW

0 !KEYWORDS Ant Man, Marvel, Superheroes, Bricklink 18675pb16

0 !CMDLINE -c47 

0 !HISTORY 2020-06-28 [PTadmin] Official Update 2020-01

1 16 0 0 0 1 0 0 0 1 0 0 0 1 s\18675s01.dat
1 16 0 0 0 1 0 0 0 1 0 0 0 1 s\18675s05.dat

1 16 0 0 0 1 0 0 0 1 0 0 0 1 s\18675pb1s01.dat
1 16 0 0 0 0 0 -1 0 1 0 -1 0 0 s\18675pb1s01.dat
1 16 0 0 0 -1 0 0 0 1 0 0 0 1 s\18675pb1s01.dat
1 16 0 0 0 0 0 1 0 1 0 -1 0 0 s\18675pb1s01.dat

1 16 0 0 0 1 0 0 0 1 0 0 0 1 s\18675pb1s02.dat
1 16 0 0 0 -1 0 0 0 1 0 0 0 1 s\18675pb1s02.dat

4 0 -31.4153 -5.5041 -31.4153 -30.4572 -5.25 -33.0155 -29.2031 -5.3516 -33.8129 -26.5183 -5.8907 -34.5592
3 0 -31.4153 -5.5041 -31.4153 -31.8195 -5.25 -31.8195 -30.4572 -5.25 -33.0155
3 0 -29.2031 -5.3516 -33.8129 -27.0138 -5.529 -35.2049 -26.5183 -5.8907 -34.5592
4 0 -10.7981 -6.7062 -40.3009 -16.1356 -6.5111 -38.9539 -16.4417 -6.1556 -39.693 -11.0051 -6.3506 -41.0736
4 0 -30.4572 -5.25 -33.0155 -31.8195 -5.25 -31.8195 -31.9908 -5.1114 -31.9908 -32.2 -4.7913 -32.55
3 0 -26.5183 -5.8907 -34.5592 -27.0138 -5.529 -35.2049 -26.45 -5.5654 -35.483
4 0 -26.5183 -5.8907 -34.5592 -26.45 -5.5654 -35.483 -21.8083 -5.8648 -37.772 -21.4083 -6.2204 -37.0792
4 0 -16.1356 -6.5111 -38.9539 -21.4083 -6.2204 -37.0792 -21.8083 -5.8648 -37.772 -16.4417 -6.1556 -39.693
3 0 -33.9519 -5.25 -29.3906 -31.8195 -5.25 -31.8195 -31.4153 -5.5041 -31.4153
4 0 -38.1 2.907 -44.1 -37.55 2.8644 -44.5 -37.15 2.3235 -43.8 -37.65 2.2663 -43.25
4 0 -37.65 2.2663 -43.25 -37.15 2.3235 -43.8 -36.8 1.7279 -42.95 -37.25 1.5453 -42.2
4 0 -36.65 .914 -41.5 -37.25 1.5453 -42.2 -36.8 1.7279 -42.95 -36.4 1.187 -42.25
4 0 -36.65 .914 -41.5 -36.4 1.187 -42.25 -36.05 .9517 -42.1 -36.05 .3599 -40.95
4 0 -37.2 .9823 -41.15 -37.25 1.5453 -42.2 -36.65 .914 -41.5 -36.6 .6084 -40.95
4 0 -37.2 .9823 -41.15 -36.6 .6084 -40.95 -36.6 .1709 -40.1 -37.2 .442 -40.1
4 0 -37.2762 -.1 -38.9799 -37.2 .442 -40.1 -36.6 .1709 -40.1 -36.6117 -.1 -39.5633
4 0 -37.2762 -.1 -38.9799 -36.6117 -.1 -39.5633 -36.8 -.5947 -38.25 -37.4 -.4539 -38.05
4 0 -37.4 -.4539 -38.05 -36.8 -.5947 -38.25 -37 -1.0577 -37 -37.5 -.653 -37.5
4 0 -37.7 -1.0019 -36.35 -37.5 -.653 -37.5 -37 -1.0577 -37 -37.25 -1.3661 -35.9
4 0 -37.7 -1.0019 -36.35 -37.25 -1.3661 -35.9 -37.5 -1.7124 -34.7 -38.05 -1.4375 -34.8
4 0 -38.35 -1.8946 -33.25 -38.05 -1.4375 -34.8 -37.5 -1.7124 -34.7 -37.75 -2.1721 -33.2
4 0 -38.5 -2.3218 -31.95 -38.35 -1.8946 -33.25 -37.75 -2.1721 -33.2 -37.9 -2.5804 -31.95
4 0 -38.45 -2.7784 -30.8 -38.5 -2.3218 -31.95 -37.9 -2.5804 -31.95 -37.8 -3.0396 -30.85
4 0 -38.1 -3.3265 -29.75 -38.45 -2.7784 -30.8 -37.8 -3.0396 -30.85 -37.55 -3.45 -30.05
4 0 -37.6 -3.7879 -29.1 -38.1 -3.3265 -29.75 -37.55 -3.45 -30.05 -37.1 -3.8709 -29.45
4 0 -37 -4.2167 -28.65 -37.6 -3.7879 -29.1 -37.1 -3.8709 -29.45 -36.65 -4.1973 -29.1
4 0 -36.4761 -4.5416 -28.388 -37 -4.2167 -28.65 -36.65 -4.1973 -29.1 -35.8867 -4.6164 -28.8615
4 0 -34.3 -4.6235 -30.65 -35.4 -4.5278 -29.65 -36 -4.1179 -30.05 -34.8 -4.2946 -30.95
4 0 -34.8 -4.2946 -30.95 -36 -4.1179 -30.05 -36.4 -3.7942 -30.45 -36.65 -3.4784 -31
4 0 -35.2 -3.8763 -31.6 -34.8 -4.2946 -30.95 -36.65 -3.4784 -31 -36.8 -3.1111 -31.8
4 0 -35.4 -3.4874 -32.4 -35.2 -3.8763 -31.6 -36.8 -3.1111 -31.8 -36.7 -2.7759 -32.8
4 0 -35.4 -3.0524 -33.55 -35.4 -3.4874 -32.4 -36.7 -2.7759 -32.8 -36.5 -2.4838 -33.8
4 0 -35.4 -2.5606 -34.85 -35.4 -3.0524 -33.55 -36.5 -2.4838 -33.8 -36.15 -2.1239 -35.15
4 0 -35.4 -2.5606 -34.85 -36.15 -2.1239 -35.15 -36.05 -1.8265 -36.05 -35.425 -2.3322 -35.425
4 0 -35.35 -1.6388 -37.1 -35.425 -2.3322 -35.425 -36.05 -1.8265 -36.05 -36 -1.199 -37.55
4 0 -35.35 -.7985 -39.05 -35.35 -1.6388 -37.1 -36 -1.199 -37.55 -36 -.4233 -39.35
4 0 -35.3886 -.1 -40.637 -35.35 -.7985 -39.05 -36 -.4233 -39.35 -36.0036 -.1 -40.0971
4 0 -35.3886 -.1 -40.637 -36.0036 -.1 -40.0971 -36.05 .3599 -40.95 -36.05 .9517 -42.1
4 0 -35.5 .8061 -42.3 -35.3886 -.1 -40.637 -36.05 .9517 -42.1 -35.6 1.3659 -43.3
4 0 -35.6 1.3659 -43.3 -36.05 .9517 -42.1 -36.25 1.7625 -43.5 -35.8 2.151 -44.65
3 0 -36.25 1.7625 -43.5 -36.4 2.2419 -44.3 -35.8 2.151 -44.65
4 0 -35.8 2.151 -44.65 -36.4 2.2419 -44.3 -36.7 2.7634 -45.05 -36.05 2.6756 -45.45
4 0 -35.0695 -4.7202 -29.5178 -35.4 -4.5278 -29.65 -34.3 -4.6235 -30.65 -33.8728 -4.8723 -30.4791
4 0 -34.95 2.572 -46.15 -34.4 2.5908 -46.55 -34.25 1.9642 -45.55 -34.799 2.0593 -45.3508
3 0 -34.15 1.4989 -44.8 -34.799 2.0593 -45.3508 -34.25 1.9642 -45.55
3 0 -33.8433 .9866 -44.1052 -34.799 2.0593 -45.3508 -34.15 1.4989 -44.8
3 0 -33.8433 .9866 -44.1052 -34.65 1.6057 -44.6 -34.799 2.0593 -45.3508
4 0 -34.5 .9976 -43.55 -34.65 1.6057 -44.6 -33.8433 .9866 -44.1052 -33.45 .446 -43.4
4 0 -34.5 .9976 -43.55 -33.45 .446 -43.4 -33.25 .0726 -42.85 -34.45 .4347 -42.5
4 0 -34.45 .4347 -42.5 -33.25 .0726 -42.85 -33.0451 -.1 -42.6944 -34.4025 -.1 -41.5028
4 0 -34.4025 -.1 -41.5028 -33.0451 -.1 -42.6944 -33.75 -.4773 -41.2 -34.35 -.5951 -40.4
4 0 -34.35 -.5951 -40.4 -33.75 -.4773 -41.2 -33.65 -.9245 -40.25 -33.65 -1.2477 -39.5
4 0 -34.3 -1.0018 -39.5 -34.35 -.5951 -40.4 -33.65 -1.2477 -39.5 -33.8 -1.5142 -38.75
4 0 -34.25 -1.4301 -38.55 -34.3 -1.0018 -39.5 -33.8 -1.5142 -38.75 -33.75 -1.8778 -37.95
4 0 -34.2 -1.9015 -37.5 -34.25 -1.4301 -38.55 -33.75 -1.8778 -37.95 -33.75 -2.3303 -36.9
4 0 -34.25 -2.4428 -36.2 -34.2 -1.9015 -37.5 -33.75 -2.3303 -36.9 -33.8 -2.6777 -36.05
4 0 -34.25 -2.4428 -36.2 -33.8 -2.6777 -36.05 -33.75 -2.9552 -35.45 -34.35 -2.879 -35.1
4 0 -34.35 -2.879 -35.1 -33.75 -2.9552 -35.45 -33.5 -3.3083 -34.85 -34.425 -3.1415 -34.425
4 0 -33.55 -3.6341 -34.05 -34.425 -3.1415 -34.425 -33.5 -3.3083 -34.85 -32.9 -3.7939 -34.25
4 0 -32.9 -4.1817 -33.35 -33.55 -3.6341 -34.05 -32.9 -3.7939 -34.25 -32.35 -4.2174 -33.75
4 0 -32.2 -4.6404 -32.9 -32.9 -4.1817 -33.35 -32.35 -4.2174 -33.75 -31.6 -4.6951 -33.3
4 0 -32.2 -4.7913 -32.55 -32.2 -4.6404 -32.9 -31.6 -4.6951 -33.3 -30.4572 -5.25 -33.0155
3 0 -33.6 -3.8091 -33.6 -34.425 -3.1415 -34.425 -33.55 -3.6341 -34.05
4 0 -34.45 -3.4807 -33.5 -34.425 -3.1415 -34.425 -33.6 -3.8091 -33.6 -33.6 -4.1118 -32.8
4 0 -34.4 -3.7292 -32.9 -34.45 -3.4807 -33.5 -33.6 -4.1118 -32.8 -34.3 -3.9615 -32.4
4 0 -34.1 -4.2368 -31.9 -34.3 -3.9615 -32.4 -33.6 -4.1118 -32.8 -33.25 -4.5274 -32.1
4 0 -33.75 -4.5579 -31.45 -34.1 -4.2368 -31.9 -33.25 -4.5274 -32.1 -32.85 -4.8511 -31.7
4 0 -33.35 -4.8438 -31.15 -33.75 -4.5579 -31.45 -32.85 -4.8511 -31.7 -32.5258 -5.0434 -31.5611
4 0 -33.1793 -4.9604 -31.0362 -33.35 -4.8438 -31.15 -32.5258 -5.0434 -31.5611 -31.8195 -5.25 -31.8195
4 0 -33.1 -1.8652 -38.55 -33.8 -1.5142 -38.75 -33.65 -1.2477 -39.5 -32.9 -1.7254 -39.05
4 0 -32.6 -2.1621 -38.3 -33.1 -1.8652 -38.55 -32.9 -1.7254 -39.05 -31.9 -2.3192 -38.55
4 0 -32.2 -2.4427 -38 -32.6 -2.1621 -38.3 -31.9 -2.3192 -38.55 -31.45 -2.8773 -37.65
4 0 -31.45 -2.8773 -37.65 -31.9 -2.3192 -38.55 -31.15 -2.7322 -38.25 -30.85 -3.1904 -37.45
4 0 -30.85 -3.1904 -37.45 -31.15 -2.7322 -38.25 -30.45 -3.1048 -38 -30.15 -3.6061 -37.1
4 0 -30.15 -3.6061 -37.1 -30.45 -3.1048 -38 -29.75 -3.5204 -37.65 -29.1 -3.9818 -37.15
4 0 -29.55 -4.027 -36.65 -30.15 -3.6061 -37.1 -29.1 -3.9818 -37.15 -28.65 -4.389 -36.6
4 0 -29.1 -4.4343 -36.1 -29.55 -4.027 -36.65 -28.65 -4.389 -36.6 -28.25 -4.8205 -35.95
4 0 -28.75 -4.8037 -35.55 -29.1 -4.4343 -36.1 -28.25 -4.8205 -35.95 -28.1 -5.1789 -35.25
4 0 -28.7 -5.1027 -34.9 -28.75 -4.8037 -35.55 -28.1 -5.1789 -35.25 -28.1 -5.2651 -35.05
3 0 -28.8 -5.2588 -34.45 -28.7 -5.1027 -34.9 -28.1 -5.2651 -35.05
4 0 -31.45 -3.1574 -37 -31.45 -2.8773 -37.65 -30.85 -3.1904 -37.45 -30.85 -3.4705 -36.8
4 0 -31.45 -3.1574 -37 -30.85 -3.4705 -36.8 -31 -3.6724 -36.2 -31.6 -3.4023 -36.3
4 0 -31.6 -3.4023 -36.3 -31 -3.6724 -36.2 -31.25 -3.8148 -35.65 -31.85 -3.5232 -35.8
4 0 -31.85 -3.5232 -35.8 -31.25 -3.8148 -35.65 -31.45 -3.8899 -35.3 -32.1 -3.7302 -35.1
4 0 -31.6 -4.1348 -34.6 -32.1 -3.7302 -35.1 -31.45 -3.8899 -35.3 -31.1 -4.1732 -34.95
4 0 -31.05 -4.4938 -34.25 -31.6 -4.1348 -34.6 -31.1 -4.1732 -34.95 -30.4 -4.5673 -34.65
4 0 -30.35 -4.8663 -34 -31.05 -4.4938 -34.25 -30.4 -4.5673 -34.65 -29.55 -4.9751 -34.45
4 0 -30.35 -4.8663 -34 -29.55 -4.9751 -34.45 -28.8 -5.2588 -34.45 -29.5 -5.2525 -33.85
3 0 -29.2031 -5.3516 -33.8129 -29.5 -5.2525 -33.85 -28.8 -5.2588 -34.45
4 0 -29.2031 -5.3516 -33.8129 -28.8 -5.2588 -34.45 -28.1 -5.2651 -35.05 -27.65 -5.4107 -35
3 0 -29.2031 -5.3516 -33.8129 -27.65 -5.4107 -35 -27.0138 -5.529 -35.2049
4 0 -26.45 -5.5654 -35.483 -27.0138 -5.529 -35.2049 -26.95 -5.3984 -35.6 -26.45 -5.4109 -35.9
4 0 -26.4773 -5.25 -36.316 -26.45 -5.4109 -35.9 -26.95 -5.3984 -35.6 -26.9849 -5.25 -35.9773
4 0 -26.4773 -5.25 -36.316 -26.9849 -5.25 -35.9773 -27.35 -4.7414 -36.8 -26.9 -4.6461 -37.3
4 0 -27.5 -4.0735 -38.1 -26.9 -4.6461 -37.3 -27.35 -4.7414 -36.8 -27.9 -4.1847 -37.6
4 0 -28.15 -3.5805 -38.7 -27.5 -4.0735 -38.1 -27.9 -4.1847 -37.6 -28.55 -3.6678 -38.25
4 0 -29.05 -2.984 -39.35 -28.15 -3.5805 -38.7 -28.55 -3.6678 -38.25 -29.4 -3.1349 -38.8
4 0 -29.9 -2.4749 -39.85 -29.05 -2.984 -39.35 -29.4 -3.1349 -38.8 -30.0258 -2.7782 -39.1302
3 0 -30.0258 -2.7782 -39.1302 -30.8052 -2.0456 -40.146 -29.9 -2.4749 -39.85
4 0 -30.8052 -2.0456 -40.146 -30.0258 -2.7782 -39.1302 -30.8 -2.3475 -39.45 -31.7 -1.8346 -39.85
4 0 -30.8052 -2.0456 -40.146 -31.7 -1.8346 -39.85 -31.8 -1.4736 -40.6 -31.6088 -1.2903 -41.1932
3 0 -30.8052 -2.0456 -40.146 -31.6088 -1.2903 -41.1932 -31.05 -1.6319 -40.85
4 0 -30.95 -1.306 -41.6 -31.05 -1.6319 -40.85 -31.6088 -1.2903 -41.1932 -31.4 -.9481 -42.05
4 0 -30.75 -.9642 -42.45 -30.95 -1.306 -41.6 -31.4 -.9481 -42.05 -31.25 -.6142 -42.85
4 0 -30.65 -.5667 -43.35 -30.75 -.9642 -42.45 -31.25 -.6142 -42.85 -31.1476 -.1 -43.9964
3 0 -30.65 -.5667 -43.35 -31.1476 -.1 -43.9964 -30.6055 -.1 -44.3582
4 0 -30.6055 -.1 -44.3582 -31.1476 -.1 -43.9964 -31.1 .1973 -44.55 -30.6 .4344 -45.3
3 0 -31.1 .1973 -44.55 -31.15 .5011 -45.05 -30.6 .4344 -45.3
4 0 -30.6 .4344 -45.3 -31.15 .5011 -45.05 -31.3 1.0138 -45.85 -30.8 .9661 -46.1
4 0 -30.8 .9661 -46.1 -31.3 1.0138 -45.85 -31.7 1.7639 -46.9 -31.15 1.7257 -47.2
4 0 -31.15 1.7257 -47.2 -31.7 1.7639 -46.9 -32.2 2.4951 -47.85 -31.7 2.5044 -48.2
4 0 -31.85 -3.5232 -35.8 -32.1 -3.7302 -35.1 -32.45 -3.4254 -35.5 -32.1 -3.3855 -35.9
4 0 -32.1 -3.3855 -35.9 -32.45 -3.4254 -35.5 -32.75 -3.0749 -36.05 -32.3 -3.159 -36.25
4 0 -32.3 -3.159 -36.25 -32.75 -3.0749 -36.05 -32.85 -2.7785 -36.65 -32.35 -2.86 -36.9
4 0 -32.35 -2.86 -36.9 -32.85 -2.7785 -36.65 -32.85 -2.4769 -37.35 -32.3 -2.6203 -37.5
4 0 -32.3 -2.6203 -37.5 -32.85 -2.4769 -37.35 -32.75 -2.2777 -37.9 -32.2 -2.4427 -38
3 0 -32.75 -2.2777 -37.9 -32.6 -2.1621 -38.3 -32.2 -2.4427 -38
4 0 -31.8 -1.4736 -40.6 -31.7 -1.8346 -39.85 -32.25 -1.5188 -40.1 -32.3 -1.1336 -40.95
4 0 -32.3 -1.1336 -40.95 -32.25 -1.5188 -40.1 -32.9 -1.1005 -40.5 -32.85 -.7316 -41.4
3 0 -32.9 -1.1005 -40.5 -33.5 -.615 -41.1 -32.85 -.7316 -41.4
4 0 -32.8 -.5566 -41.85 -32.85 -.7316 -41.4 -33.5 -.615 -41.1 -33.0451 -.1 -42.6944
3 0 -33.5 -.615 -41.1 -33.75 -.4773 -41.2 -33.0451 -.1 -42.6944
4 0 -32.8 -.5566 -41.85 -33.0451 -.1 -42.6944 -32.8752 -.1 -42.8436 -32.5831 -.3745 -42.463
3 0 -32.5831 -.3745 -42.463 -32.8752 -.1 -42.8436 -32.4395 -.1 -43.1343
4 0 -32.35 .2452 -43.8 -32.4395 -.1 -43.1343 -32.8752 -.1 -42.8436 -33 .0365 -43
4 0 -32.35 .2452 -43.8 -33 .0365 -43 -32.9 .5397 -43.95 -32.35 .6724 -44.55
4 0 -32.35 .6724 -44.55 -32.9 .5397 -43.95 -32.95 1.1283 -44.95 -32.4 .9762 -45.05
4 0 -31.75 .4158 -44.5 -32.35 .6724 -44.55 -32.4 .9762 -45.05 -31.8 .7196 -45
4 0 -31.1 .1973 -44.55 -31.75 .4158 -44.5 -31.8 .7196 -45 -31.15 .5011 -45.05
4 0 -32.4 .9762 -45.05 -32.95 1.1283 -44.95 -33.1 1.4986 -45.5 -32.6 1.5649 -45.95
4 0 -32.6 1.5649 -45.95 -33.1 1.4986 -45.5 -33.55 2.0399 -46.15 -32.85 2.0871 -46.7
4 0 -32.85 2.0871 -46.7 -33.55 2.0399 -46.15 -33.9 2.5716 -46.85 -33.2 2.5334 -47.25
3 0 -33.0451 -.1 -42.6944 -33 .0365 -43 -32.8752 -.1 -42.8436
3 0 -32.5258 -5.0434 -31.5611 -31.9908 -5.1114 -31.9908 -31.8195 -5.25 -31.8195
4 0 -33.1793 -4.9604 -31.0362 -31.8195 -5.25 -31.8195 -33.9519 -5.25 -29.3906 -33.8728 -4.8723 -30.4791
3 0 -33.9519 -5.25 -29.3906 -35.0695 -4.7202 -29.5178 -33.8728 -4.8723 -30.4791
4 0 -35.8867 -4.6164 -28.8615 -35.0695 -4.7202 -29.5178 -33.9519 -5.25 -29.3906 -36.0843 -4.975 -27.6886
3 0 -36.0843 -4.975 -27.6886 -36.4761 -4.5416 -28.388 -35.8867 -4.6164 -28.8615
3 0 -36.0843 -4.975 -27.6886 -36.73 -4.5093 -28.1841 -36.4761 -4.5416 -28.388
3 4 -30.4572 -5.25 -33.0155 -29.5 -5.2525 -33.85 -29.2031 -5.3516 -33.8129
4 4 -30.35 -4.8663 -34 -29.5 -5.2525 -33.85 -30.4572 -5.25 -33.0155 -31.6 -4.6951 -33.3
4 4 -31.05 -4.4938 -34.25 -30.35 -4.8663 -34 -31.6 -4.6951 -33.3 -32.35 -4.2174 -33.75
4 4 -31.6 -4.1348 -34.6 -31.05 -4.4938 -34.25 -32.35 -4.2174 -33.75 -32.9 -3.7939 -34.25
4 4 -32.1 -3.7302 -35.1 -31.6 -4.1348 -34.6 -32.9 -3.7939 -34.25 -33.5 -3.3083 -34.85
4 4 -32.45 -3.4254 -35.5 -32.1 -3.7302 -35.1 -33.5 -3.3083 -34.85 -33.75 -2.9552 -35.45
4 4 -32.75 -3.0749 -36.05 -32.45 -3.4254 -35.5 -33.75 -2.9552 -35.45 -33.8 -2.6777 -36.05
4 4 -32.85 -2.7785 -36.65 -32.75 -3.0749 -36.05 -33.8 -2.6777 -36.05 -33.75 -2.3303 -36.9
4 4 -32.85 -2.4769 -37.35 -32.85 -2.7785 -36.65 -33.75 -2.3303 -36.9 -33.75 -1.8778 -37.95
4 4 -32.75 -2.2777 -37.9 -32.85 -2.4769 -37.35 -33.75 -1.8778 -37.95 -33.1 -1.8652 -38.55
3 4 -32.75 -2.2777 -37.9 -33.1 -1.8652 -38.55 -32.6 -2.1621 -38.3
3 4 -33.75 -1.8778 -37.95 -33.8 -1.5142 -38.75 -33.1 -1.8652 -38.55
4 0 34.6496 -4.7736 -29.8551 36.73 -4.5093 -28.1841 36.0843 -4.975 -27.6886 33.9519 -5.25 -29.3906
4 0 34.6496 -4.7736 -29.8551 33.9519 -5.25 -29.3906 34.1174 -4.8412 -30.2827 35.05 -4.4328 -30.3
4 0 33.1793 -4.9604 -31.0362 34.1174 -4.8412 -30.2827 33.9519 -5.25 -29.3906 31.8195 -5.25 -31.8195
3 0 33.9519 -5.25 -29.3906 31.4153 -5.5041 -31.4153 31.8195 -5.25 -31.8195
4 0 21.8083 -5.8648 -37.772 21.4083 -6.2204 -37.0792 16.1356 -6.5111 -38.9539 16.4417 -6.1556 -39.693
4 0 16.4417 -6.1556 -39.693 16.1356 -6.5111 -38.9539 10.7981 -6.7062 -40.3009 11.0051 -6.3506 -41.0736
4 0 23.9227 -5.7284 -36.7293 23.2303 -5.7731 -37.0708 23.5 -5.4733 -37.7 24.1 -5.4546 -37.35
4 0 24.1 -5.4546 -37.35 23.5 -5.4733 -37.7 23.7435 -5.25 -38.1402 24.3433 -5.25 -37.74
4 0 24.3433 -5.25 -37.74 23.7435 -5.25 -38.1402 24.3 -4.7343 -38.85 24.85 -4.7978 -38.35
4 0 24.85 -4.7978 -38.35 24.3 -4.7343 -38.85 24.95 -4.2412 -39.45 25.45 -4.3444 -38.9
4 0 25.45 -4.3444 -38.9 24.95 -4.2412 -39.45 25.6 -3.7482 -40.05 26.15 -3.7877 -39.6
4 0 26.15 -3.7877 -39.6 25.6 -3.7482 -40.05 26.45 -3.096 -40.85 27.05 -3.0958 -40.45
4 0 27.05 -3.0958 -40.45 26.45 -3.096 -40.85 27.4 -2.2928 -41.9 27.85 -2.4358 -41.3
4 0 27.85 -2.4358 -41.3 27.4 -2.2928 -41.9 27.95 -1.8792 -42.4 28.85 -1.6166 -42.35
4 0 28.85 -1.6166 -42.35 27.95 -1.8792 -42.4 28.8 -1.2032 -43.25 29.7 -.9406 -43.2
4 0 29.7 -.9406 -43.2 28.8 -1.2032 -43.25 29.75 -.4 -44.3 30.6631 -.1 -44.3197
3 0 29.75 -.4 -44.3 30.0979 -.1 -44.6968 30.6631 -.1 -44.3197
4 0 31.4 .6531 -45.15 30.6631 -.1 -44.3197 30.0979 -.1 -44.6968 30.75 .7478 -45.75
4 0 31.85 1.1943 -45.8 31.4 .6531 -45.15 30.75 .7478 -45.75 31.2 1.4599 -46.7
4 0 32.15 1.5077 -46.15 31.85 1.1943 -45.8 31.2 1.4599 -46.7 31.75 2.0677 -47.4
4 0 32.15 1.5077 -46.15 31.75 2.0677 -47.4 32.35 2.5806 -47.9 33.2 2.6189 -47.4
3 0 32.8 1.7548 -46.15 32.15 1.5077 -46.15 33.2 2.6189 -47.4
4 0 32.15 1.5077 -46.15 32.8 1.7548 -46.15 32.7 1.1757 -45.2 32 .8526 -45.1
4 0 32 .34 -44.2 32 .8526 -45.1 32.7 1.1757 -45.2 32.8 .6156 -44.15
4 0 32 .34 -44.2 32.8 .6156 -44.15 32.8752 -.1 -42.8436 32.1973 -.1 -43.296
3 0 32.1973 -.1 -43.296 31.6206 -.1 -43.6808 32 .34 -44.2
4 0 31.6206 -.1 -43.6808 32.1973 -.1 -43.296 31.7 -.4949 -42.8 31.1 -.5666 -43.05
4 0 31.1 -.5666 -43.05 31.7 -.4949 -42.8 31.3 -1.0276 -41.95 30.3 -1.2267 -42.2
4 0 30.3 -1.2267 -42.2 31.3 -1.0276 -41.95 31.2859 -1.5938 -40.7724 30.1 -1.8866 -40.95
4 0 29.55 -1.847 -41.4 30.3 -1.2267 -42.2 30.1 -1.8866 -40.95 29 -2.7137 -39.95
3 0 29 -2.7137 -39.95 28.6 -2.6263 -40.4 29.55 -1.847 -41.4
4 0 28.6 -3.5088 -38.55 28.6 -2.6263 -40.4 29 -2.7137 -39.95 29.2 -3.0555 -39.1
4 0 28.6 -3.5088 -38.55 29.2 -3.0555 -39.1 29.3929 -3.3731 -38.3054 28.8752 -3.8597 -37.6307
4 0 28.8752 -3.8597 -37.6307 29.3929 -3.3731 -38.3054 29.55 -3.7254 -37.35 28.9 -4.2729 -36.65
4 0 28.9 -4.2729 -36.65 29.55 -3.7254 -37.35 29.6 -4.2236 -36.15 28.95 -4.5772 -35.9
4 0 28.95 -4.5772 -35.9 29.6 -4.2236 -36.15 29.5 -4.6923 -35.15 28.8 -4.9787 -35.1
4 0 28.8 -4.9787 -35.1 29.5 -4.6923 -35.15 29.3 -5.0265 -34.55 29.1155 -5.25 -34.1934
4 0 30.15 -2.2761 -40.1 30.1 -1.8866 -40.95 31.2859 -1.5938 -40.7724 30.2819 -2.5375 -39.4639
3 0 30.2819 -2.5375 -39.4639 31.2859 -1.5938 -40.7724 31.25 -1.9833 -39.9
4 0 30.2819 -2.5375 -39.4639 31.25 -1.9833 -39.9 31.45 -2.3601 -38.85 30.55 -2.873 -38.45
4 0 30.55 -2.873 -38.45 31.45 -2.3601 -38.85 31.9 -2.6855 -37.7 30.75 -3.336 -37.2
4 0 30.75 -3.336 -37.2 31.9 -2.6855 -37.7 32.1 -3.17 -36.4 30.8 -3.8558 -35.95
4 0 30.8 -3.8558 -35.95 32.1 -3.17 -36.4 32.1 -3.644 -35.3 30.6 -4.4701 -34.7
4 0 30.6 -4.4701 -34.7 32.1 -3.644 -35.3 31.8 -4.2962 -34.05 30.3 -4.9499 -33.85
4 0 30.3 -4.9499 -33.85 31.8 -4.2962 -34.05 31.25 -4.8706 -33.2 29.9909 -5.25 -33.4249
4 0 27.55 -3.4614 -39.35 28.6 -2.6263 -40.4 28.6 -3.5088 -38.55 28.25 -3.6202 -38.55
4 0 26.85 -3.9942 -38.7 27.55 -3.4614 -39.35 28.25 -3.6202 -38.55 27.65 -4.0258 -38.1
4 0 26.85 -3.9942 -38.7 27.65 -4.0258 -38.1 26.8 -4.6541 -37.35 25.9 -4.6782 -37.9
4 0 25.2777 -5.25 -37.1165 25.9 -4.6782 -37.9 26.8 -4.6541 -37.35 26.2351 -5.25 -36.4777
4 0 25 -5.4915 -36.65 25.2777 -5.25 -37.1165 26.2351 -5.25 -36.4777 26.05 -5.4357 -36.1
4 0 24.8187 -5.6706 -36.2874 25 -5.4915 -36.65 26.05 -5.4357 -36.1 25.9418 -5.5982 -35.7336
4 0 28.3018 -4.3986 -36.8835 28.8752 -3.8597 -37.6307 28.9 -4.2729 -36.65 28.4 -4.656 -36.2
4 0 28.3018 -4.3986 -36.8835 28.4 -4.656 -36.2 28 -5.0012 -35.75 27.396 -5.25 -35.703
4 0 27.0138 -5.529 -35.2049 27.396 -5.25 -35.703 27.65 -5.3605 -35.15 27.5174 -5.4882 -34.8848
3 0 27.95 -1.8792 -42.4 28 -1.434 -43.3 28.8 -1.2032 -43.25
4 0 28.8 -1.2032 -43.25 28 -1.434 -43.3 28.05 -.9888 -44.2 28.75 -.9091 -43.9
4 0 28.85 -.5672 -44.55 28.75 -.9091 -43.9 28.05 -.9888 -44.2 28.3 -.4561 -45.15
4 0 29.1636 -.1 -45.3203 28.85 -.5672 -44.55 28.3 -.4561 -45.15 28.506 -.1 -45.7591
4 0 29.1636 -.1 -45.3203 28.506 -.1 -45.7591 28.9 .4718 -46.5 29.55 .5195 -46.15
4 0 29.55 .5195 -46.15 28.9 .4718 -46.5 29.35 1.0701 -47.25 30 1.0893 -46.85
4 0 30 1.0893 -46.85 29.35 1.0701 -47.25 29.95 1.7538 -48.05 30.6 1.8015 -47.7
4 0 30.6 1.8015 -47.7 29.95 1.7538 -48.05 30.85 2.6085 -48.95 31.45 2.5803 -48.5
3 0 32.2602 -.678 -42.0422 32.1973 -.1 -43.296 32.8752 -.1 -42.8436
4 0 32.2602 -.678 -42.0422 32.8752 -.1 -42.8436 32.95 -.4999 -41.85 32.3 -1.0043 -41.25
4 0 32.3 -1.0043 -41.25 32.95 -.4999 -41.85 33.15 -.8982 -40.75 32.5 -1.4458 -40.05
4 0 32.5 -1.4458 -40.05 33.15 -.8982 -40.75 33.5 -1.1968 -39.75 32.75 -1.8468 -38.9
4 0 32.75 -1.8468 -38.9 33.5 -1.1968 -39.75 34 -1.5463 -38.5 33.1 -2.2961 -37.55
4 0 33.1 -2.2961 -37.55 34 -1.5463 -38.5 34.5 -1.8311 -37.4 33.95 -2.3624 -36.65
4 0 33.25 -2.7349 -36.4 33.1 -2.2961 -37.55 33.95 -2.3624 -36.65 33.9 -2.726 -35.85
4 0 33.25 -3.209 -35.3 33.25 -2.7349 -36.4 33.9 -2.726 -35.85 33.95 -3.095 -34.95
4 0 33.1 -3.6751 -34.35 33.25 -3.209 -35.3 33.95 -3.095 -34.95 33.7 -3.5558 -34.1
4 0 32.8 -4.1764 -33.45 33.1 -3.6751 -34.35 33.7 -3.5558 -34.1 33.45 -3.9305 -33.45
4 0 32.4 -4.5863 -32.85 32.8 -4.1764 -33.45 33.45 -3.9305 -33.45 31.9908 -5.1114 -31.9908
4 0 31.9908 -5.1114 -31.9908 33.45 -3.9305 -33.45 33.1 -4.3651 -32.7 32.65 -4.8049 -32.05
4 0 31.9908 -5.1114 -31.9908 32.65 -4.8049 -32.05 32.343 -5.067 -31.707 31.8195 -5.25 -31.8195
4 0 31.8095 -5.1278 -32.1119 32.4 -4.5863 -32.85 31.9908 -5.1114 -31.9908 31.8195 -5.25 -31.8195
4 0 33.95 -2.3624 -36.65 34.5 -1.8311 -37.4 34.8 -2.127 -36.45 34.25 -2.5505 -35.95
4 0 34.25 -2.5505 -35.95 34.8 -2.127 -36.45 35.05 -2.4203 -35.55 34.5 -2.8007 -35.15
4 0 34.5 -2.8007 -35.15 35.05 -2.4203 -35.55 35.125 -2.575 -35.125 34.475 -3.101 -34.475
4 0 34.475 -3.101 -34.475 35.125 -2.575 -35.125 35.1 -2.9357 -34.2 34.25 -3.529 -33.6
4 0 34.25 -3.529 -33.6 35.1 -2.9357 -34.2 34.85 -3.384 -33.3 34.4 -3.9373 -32.35
4 0 33.8 -4.0824 -32.65 34.25 -3.529 -33.6 34.4 -3.9373 -32.35 33.8 -4.4607 -31.65
4 0 33.2 -4.5868 -32 33.8 -4.0824 -32.65 33.8 -4.4607 -31.65 33.1793 -4.9604 -31.0362
3 0 33.1793 -4.9604 -31.0362 32.6803 -5.0238 -31.437 33.2 -4.5868 -32
4 0 33.95 2.0495 -45.9 34.25 2.6762 -46.8 34.8 2.6859 -46.45 34.65 2.3725 -46
4 0 33.8 1.3944 -44.85 33.95 2.0495 -45.9 34.6581 1.9011 -45.1671 33.8006 .9387 -44.0496
4 0 33.8006 .9387 -44.0496 34.6581 1.9011 -45.1671 34.5 1.3578 -44.25 33.85 .4466 -43.05
4 0 33.85 .4466 -43.05 34.5 1.3578 -44.25 34.6 .7597 -43 34 .077 -42.2
4 0 34 .077 -42.2 34.6 .7597 -43 34.75 .3386 -42.05 34.0526 -.1 -41.8099
3 0 35.0174 -.1 -40.9629 34.0526 -.1 -41.8099 34.75 .3386 -42.05
4 0 34.45 -.4926 -40.55 34.0526 -.1 -41.8099 35.0174 -.1 -40.9629 35.35 -.3891 -40
4 0 34.8 -.7911 -39.55 34.45 -.4926 -40.55 35.35 -.3891 -40 35.85 -.7602 -38.7
4 0 35.2 -1.1784 -38.3 34.8 -.7911 -39.55 35.85 -.7602 -38.7 36.35 -1.0881 -37.5
4 0 35.8 -1.4686 -37.1 35.2 -1.1784 -38.3 36.35 -1.0881 -37.5 36.65 -1.3409 -36.65
3 0 36.1 -1.786 -36.1 35.8 -1.4686 -37.1 36.65 -1.3409 -36.65
4 0 36.1 -1.786 -36.1 36.65 -1.3409 -36.65 36.9 -1.6304 -35.6 36.25 -2.0808 -35.15
4 0 36.25 -2.0808 -35.15 36.9 -1.6304 -35.6 36.95 -2.1196 -34.25 36.25 -2.5348 -33.95
4 0 36.25 -2.5348 -33.95 36.95 -2.1196 -34.25 36.8 -2.5815 -33.2 35.95 -3.0234 -33
4 0 35.95 -3.0234 -33 36.8 -2.5815 -33.2 36.35 -3.1916 -32.1 35.55 -3.5363 -32.1
4 0 35.55 -3.5363 -32.1 36.35 -3.1916 -32.1 35.75 -3.8095 -31.15 34.9 -4.1758 -31.15
4 0 34.9 -4.1758 -31.15 35.75 -3.8095 -31.15 35.05 -4.4328 -30.3 34.1174 -4.8412 -30.2827
3 0 34.5 1.3578 -44.25 34.6581 1.9011 -45.1671 35.05 1.9408 -44.9
4 0 35.75 2.4629 -45.3 35.05 1.9408 -44.9 34.6581 1.9011 -45.1671 35.1461 2.4489 -45.803
4 0 35.75 2.4629 -45.3 35.1461 2.4489 -45.803 35.65 2.7779 -46 36.45 2.9078 -45.55
4 0 -6.2113 -6.4367 -41.8293 -6.9541 -6.4234 -41.7122 -7 -6.1189 -42.4 -6.3 -6.1578 -42.45
4 0 -6.3 -6.1578 -42.45 -7 -6.1189 -42.4 -6.85 -5.7387 -43.3 -6.05 -5.83 -43.25
4 0 -6.05 -5.83 -43.25 -6.85 -5.7387 -43.3 -6.4 -5.3628 -44.25 -5.779 -5.5684 -43.9028
4 0 -5.8725 -5.25 -44.613 -5.779 -5.5684 -43.9028 -6.4 -5.3628 -44.25 -6.2381 -5.25 -44.5403
3 0 -6.2381 -5.25 -44.5403 -5.923 -5.0284 -44.997 -5.8725 -5.25 -44.613
4 0 -5.3001 -5.25 -44.6507 -5.8725 -5.25 -44.613 -5.923 -5.0284 -44.997 -5.5 -4.7279 -45.55
3 0 -5.779 -5.5684 -43.9028 -5.8725 -5.25 -44.613 -5.3001 -5.25 -44.6507
4 0 -4.8 -4.9259 -45.25 -5.3001 -5.25 -44.6507 -5.5 -4.7279 -45.55 -4.95 -4.4053 -46.15
4 0 -4.25 -4.5747 -45.9 -4.8 -4.9259 -45.25 -4.95 -4.4053 -46.15 -4.45 -3.995 -46.9
4 0 -4.05 -4.4678 -46.1 -4.25 -4.5747 -45.9 -4.45 -3.995 -46.9 -3.5 -4.0594 -46.85
4 0 -3.5 -4.0594 -46.85 -4.45 -3.995 -46.9 -4.2 -3.8327 -47.2 -3.55 -3.6284 -47.6
4 0 -3.55 -3.6284 -47.6 -4.2 -3.8327 -47.2 -4.2 -3.4036 -47.95 -4.05 -2.837 -48.95
3 0 -3.55 -3.6284 -47.6 -4.05 -2.837 -48.95 -3.4 -3.0046 -48.7
4 0 -3.2 -2.5257 -49.55 -3.4 -3.0046 -48.7 -4.05 -2.837 -48.95 -3.8 -2.2742 -49.95
4 0 -2.95 -2.0774 -50.35 -3.2 -2.5257 -49.55 -3.8 -2.2742 -49.95 -3.5 -1.7133 -50.95
4 0 -2.7 -1.6004 -51.2 -2.95 -2.0774 -50.35 -3.5 -1.7133 -50.95 -3.2 -1.2096 -51.85
4 0 -2.45 -1.0948 -52.1 -2.7 -1.6004 -51.2 -3.2 -1.2096 -51.85 -3 -.7594 -52.65
3 0 -2.45 -1.0948 -52.1 -3 -.7594 -52.65 -2.35 -.7553 -52.7
4 0 -4.05 -4.4678 -46.1 -3.5 -4.0594 -46.85 -3.15 -4.6734 -45.8 -3.9 -4.7882 -45.55
4 0 -3.591 -5.25 -44.7634 -3.9 -4.7882 -45.55 -3.15 -4.6734 -45.8 -2.6418 -5.25 -44.8259
4 0 -4.25 -5.4589 -44.25 -3.591 -5.25 -44.7634 -2.6418 -5.25 -44.8259 -3.3 -5.4867 -44.25
4 0 -4.25 -5.4589 -44.25 -3.3 -5.4867 -44.25 -4.05 -5.8647 -43.35 -4.75 -5.7775 -43.5
4 0 -5.05 -6.0799 -42.8 -4.75 -5.7775 -43.5 -4.05 -5.8647 -43.35 -4.35 -6.167 -42.65
4 0 -5.05 -6.4492 -41.969 -5.05 -6.0799 -42.8 -4.35 -6.167 -42.65 -4.35 -6.4493 -42.0149
4 0 -3 -5.651 -43.9 -3.3 -5.4867 -44.25 -2.6418 -5.25 -44.8259 -2.05 -5.5233 -44.25
3 0 -2.05 -5.5233 -44.25 -2.6418 -5.25 -44.8259 -2 -5.3914 -44.55
4 0 -2.05 -5.5233 -44.25 -2 -5.3914 -44.55 -1.45 -5.4298 -44.5 -1.45 -5.5409 -44.25
4 0 -1 -5.6429 -44.05 -1.45 -5.5409 -44.25 -1.45 -5.4298 -44.5 -.95 -5.4888 -44.4
4 0 -1 -5.6429 -44.05 -.95 -5.4888 -44.4 -.25 -5.5982 -44.2 -.4 -5.9494 -43.4
4 0 -1.3 -6.1008 -43 -1 -5.6429 -44.05 -.4 -5.9494 -43.4 -.8 -6.2932 -42.6
4 0 -1.5837 -6.4498 -42.1962 -1.3 -6.1008 -43 -.8 -6.2932 -42.6 -.7611 -6.4499 -42.2501
4 0 -3 -5.651 -43.9 -2.05 -5.5233 -44.25 -2.4 -5.8908 -43.4 -3.35 -6.0186 -43.05
4 0 -3.35 -6.0186 -43.05 -2.4 -5.8908 -43.4 -2.7 -6.1931 -42.7 -3.5 -6.2364 -42.55
4 0 -3.5 -6.2364 -42.55 -2.7 -6.1931 -42.7 -2.7 -6.4496 -42.123 -3.5238 -6.4494 -42.069
4 0 -1.9016 -5.25 -44.8747 -2.6418 -5.25 -44.8259 -2.45 -4.6426 -45.9 -1.7 -4.7567 -45.75
4 0 -1.55 -4.1329 -46.85 -1.7 -4.7567 -45.75 -2.45 -4.6426 -45.9 -2.35 -4.1314 -46.8
4 0 -1.55 -4.1329 -46.85 -2.35 -4.1314 -46.8 -2.45 -3.6412 -47.65 -1.45 -3.5073 -47.95
4 0 -1.45 -3.5073 -47.95 -2.45 -3.6412 -47.65 -2.45 -3.1548 -48.5 -1.3 -2.9407 -48.95
4 0 -1.3 -2.9407 -48.95 -2.45 -3.1548 -48.5 -2.2 -2.6207 -49.45 -1.1 -2.4619 -49.8
4 0 -1.1 -2.4619 -49.8 -2.2 -2.6207 -49.45 -1.9 -2.117 -50.35 -1.05 -2.2062 -50.25
4 0 -1 -1.5501 -51.4 -1.05 -2.2062 -50.25 -1.9 -2.117 -50.35 -1.55 -1.4149 -51.6
4 0 -.8 -.7565 -52.8 -1 -1.5501 -51.4 -1.55 -1.4149 -51.6 -1.4 -.7625 -52.75
3 0 -2 -5.3914 -44.55 -2.6418 -5.25 -44.8259 -1.9016 -5.25 -44.8747
4 0 0 -5.25 -45 -.25 -5.5982 -44.2 -.95 -5.4888 -44.4 -.7468 -5.25 -44.9508
4 0 0 -5.25 -45 -.7468 -5.25 -44.9508 -.55 -4.657 -46 0 -4.6778 -46
4 0 .2 -4.6989 -45.95 0 -5.25 -45 0 -4.6778 -46 .3 -4.0084 -47.15
3 0 0 -4.6778 -46 0 -3.9911 -47.2 .3 -4.0084 -47.15
4 0 -.35 -3.9493 -47.25 0 -3.9911 -47.2 0 -4.6778 -46 -.55 -4.657 -46
3 0 0 -3.9911 -47.2 -.35 -3.9493 -47.25 0 -3.0469 -48.85
4 0 .3 -4.0084 -47.15 0 -3.9911 -47.2 0 -3.0469 -48.85 .5 -3.4859 -48.05
4 0 1 -2.8948 -49.05 .5 -3.4859 -48.05 0 -3.0469 -48.85 0 -2.5606 -49.7
4 0 .85 -2.271 -50.15 1 -2.8948 -49.05 0 -2.5606 -49.7 0 -2.3317 -50.1
4 0 .85 -2.271 -50.15 0 -2.3317 -50.1 .15 -1.5821 -51.4 .8 -1.7293 -51.1
4 0 .95 -.7508 -52.8 .8 -1.7293 -51.1 .15 -1.5821 -51.4 .25 -.7486 -52.85
4 0 -.5 -2.5131 -49.75 -1.1 -2.4619 -49.8 -1.05 -2.2062 -50.25 -.45 -2.2575 -50.2
4 0 -.5 -2.5131 -49.75 -.45 -2.2575 -50.2 0 -2.3317 -50.1 0 -2.5606 -49.7
4 0 .5 -3.4859 -48.05 1 -2.8948 -49.05 1.25 -3.5148 -47.95 .8 -4.0182 -47.1
4 0 .8 -4.0182 -47.1 1.25 -3.5148 -47.95 1.7 -4.2417 -46.65 1.1 -4.4932 -46.25
4 0 1.1 -4.4932 -46.25 1.7 -4.2417 -46.65 2.05 -4.7149 -45.8 1.5 -4.8787 -45.55
4 0 .75 -4.8498 -45.65 1.1 -4.4932 -46.25 1.5 -4.8787 -45.55 1.2512 -5.25 -44.9176
3 0 1.2512 -5.25 -44.9176 .4513 -5.25 -44.9703 .75 -4.8498 -45.65
4 0 .4513 -5.25 -44.9703 1.2512 -5.25 -44.9176 1 -5.554 -44.25 .3 -5.5968 -44.2
4 0 .3 -5.5968 -44.2 1 -5.554 -44.25 .9 -6.0459 -43.15 .25 -5.8871 -43.55
4 0 .25 -5.8871 -43.55 .9 -6.0459 -43.15 .9915 -6.4498 -42.235 0 -6.45 -42.3
3 0 0 -6.45 -42.3 0 -5.7389 -43.9 .25 -5.8871 -43.55
4 0 0 -5.7389 -43.9 0 -6.45 -42.3 -.4 -5.9494 -43.4 -.25 -5.5982 -44.2
4 0 1.5 -4.8787 -45.55 2.05 -4.7149 -45.8 2.6517 -5.25 -44.8253 1.8021 -5.25 -44.8812
4 0 2.25 -5.5174 -44.25 1.8021 -5.25 -44.8812 2.6517 -5.25 -44.8253 3.25 -5.6215 -43.95
4 0 2.85 -5.8332 -43.5 2.25 -5.5174 -44.25 3.25 -5.6215 -43.95 3.85 -5.915 -43.25
4 0 3.4 -6.1282 -42.8 2.85 -5.8332 -43.5 3.85 -5.915 -43.25 4.25 -6.2366 -42.5
4 0 3.7085 -6.4494 -42.0569 3.4 -6.1282 -42.8 4.25 -6.2366 -42.5 4.4742 -6.4493 -42.0067
4 0 2.25 -5.5174 -44.25 2.85 -5.8332 -43.5 2.65 -5.9502 -43.25 2.05 -5.7677 -43.7
4 0 2.05 -6.0566 -43.05 2.05 -5.7677 -43.7 2.65 -5.9502 -43.25 2.8 -6.2791 -42.5
4 0 2.2487 -6.4496 -42.1526 2.05 -6.0566 -43.05 2.8 -6.2791 -42.5 2.9983 -6.4495 -42.1035
4 0 1.95 -.7704 -52.7 2.75 -.7688 -52.65 2.8 -1.3391 -51.65 1.8 -1.5199 -51.4
4 0 1.9 -2.2028 -50.2 1.8 -1.5199 -51.4 2.8 -1.3391 -51.65 2.85 -2.0525 -50.4
4 0 1.9 -2.2028 -50.2 2.85 -2.0525 -50.4 2.75 -2.6571 -49.35 2.15 -3.0517 -48.7
4 0 2.15 -3.0517 -48.7 2.75 -2.6571 -49.35 2.95 -3.1932 -48.4 2.5 -3.7252 -47.5
4 0 2.5 -3.7252 -47.5 2.95 -3.1932 -48.4 3.45 -3.8038 -47.3 3.05 -4.3053 -46.45
4 0 3.05 -4.3053 -46.45 3.45 -3.8038 -47.3 3.9 -4.359 -46.3 3.8 -4.9923 -45.2
3 0 3.8 -4.9923 -45.2 3.9 -4.359 -46.3 4.75 -4.9278 -45.25
4 0 3.8 -4.9923 -45.2 4.75 -4.9278 -45.25 5.3001 -5.25 -44.6507 4.248 -5.25 -44.7201
4 0 4.85 -5.5524 -44 4.248 -5.25 -44.7201 5.3001 -5.25 -44.6507 5.7523 -5.6594 -43.6997
3 0 5.35 -5.9155 -43.15 4.85 -5.5524 -44 5.7523 -5.6594 -43.6997
3 0 5.5751 -6.263 -42.3533 5.35 -5.9155 -43.15 5.7523 -5.6594 -43.6997
4 0 5.5751 -6.263 -42.3533 5.7523 -5.6594 -43.6997 6.1 -6.0223 -42.8 6.15 -6.433 -41.85
3 0 6.15 -6.433 -41.85 5.5204 -6.4491 -41.9382 5.5751 -6.263 -42.3533
4 0 4.2 -3.89 -47.1 3.9 -4.359 -46.3 3.45 -3.8038 -47.3 4.45 -3.3941 -47.95
4 0 4.45 -3.3941 -47.95 3.45 -3.8038 -47.3 3.8 -3.247 -48.25 4.65 -2.843 -48.9
4 0 4.65 -2.843 -48.9 3.8 -3.247 -48.25 4 -2.7817 -49.05 4.7 -2.2689 -49.9
4 0 4.7 -2.2689 -49.9 4 -2.7817 -49.05 4.05 -2.2648 -49.95 4.7 -1.6394 -51
4 0 4.7 -1.6394 -51 4.05 -2.2648 -49.95 4.05 -1.6639 -51 4.65 -1.0119 -52.1
3 0 4.05 -1.6639 -51 4 -1.065 -52.05 4.65 -1.0119 -52.1
4 0 4.65 -1.0119 -52.1 4 -1.065 -52.05 3.95 -.7808 -52.55 4.6 -.7849 -52.5
4 80 1.8 -1.5199 -51.4 .8 -1.7293 -51.1 .95 -.7508 -52.8 1.95 -.7704 -52.7
4 80 .85 -2.271 -50.15 .8 -1.7293 -51.1 1.8 -1.5199 -51.4 1.9 -2.2028 -50.2
4 80 1 -2.8948 -49.05 .85 -2.271 -50.15 1.9 -2.2028 -50.2 2.15 -3.0517 -48.7
3 80 1.25 -3.5148 -47.95 1 -2.8948 -49.05 2.15 -3.0517 -48.7
3 71 2.5 -3.7252 -47.5 1.25 -3.5148 -47.95 2.15 -3.0517 -48.7
4 80 1.7 -4.2417 -46.65 1.25 -3.5148 -47.95 2.5 -3.7252 -47.5 3.05 -4.3053 -46.45
4 80 2.05 -4.7149 -45.8 1.7 -4.2417 -46.65 3.05 -4.3053 -46.45 3.8 -4.9923 -45.2
4 80 2.6517 -5.25 -44.8253 2.05 -4.7149 -45.8 3.8 -4.9923 -45.2 4.248 -5.25 -44.7201
4 80 3.25 -5.6215 -43.95 2.6517 -5.25 -44.8253 4.248 -5.25 -44.7201 4.85 -5.5524 -44
4 80 3.85 -5.915 -43.25 3.25 -5.6215 -43.95 4.85 -5.5524 -44 5.35 -5.9155 -43.15
4 80 4.25 -6.2366 -42.5 3.85 -5.915 -43.25 5.35 -5.9155 -43.15 5.5751 -6.263 -42.3533
4 80 4.4742 -6.4493 -42.0067 4.25 -6.2366 -42.5 5.5751 -6.263 -42.3533 5.5204 -6.4491 -41.9382
4 80 -5.5204 -6.4491 -41.9382 -6.2113 -6.4367 -41.8293 -6.3 -6.1578 -42.45 -6.05 -5.83 -43.25
3 80 -5.5204 -6.4491 -41.9382 -6.05 -5.83 -43.25 -5.779 -5.5684 -43.9028
4 80 -5.5204 -6.4491 -41.9382 -5.779 -5.5684 -43.9028 -5.05 -6.0799 -42.8 -5.05 -6.4492 -41.969
3 80 -5.05 -6.0799 -42.8 -5.779 -5.5684 -43.9028 -4.75 -5.7775 -43.5
4 80 -4.25 -5.4589 -44.25 -4.75 -5.7775 -43.5 -5.779 -5.5684 -43.9028 -5.3001 -5.25 -44.6507
3 80 -4.25 -5.4589 -44.25 -5.3001 -5.25 -44.6507 -3.591 -5.25 -44.7634
4 80 -3.591 -5.25 -44.7634 -5.3001 -5.25 -44.6507 -4.8 -4.9259 -45.25 -3.9 -4.7882 -45.55
3 71 -4.8 -4.9259 -45.25 -4.25 -4.5747 -45.9 -3.9 -4.7882 -45.55
3 80 -3.9 -4.7882 -45.55 -4.25 -4.5747 -45.9 -4.05 -4.4678 -46.1
4 80 -2.45 -4.6426 -45.9 -2.6418 -5.25 -44.8259 -3.15 -4.6734 -45.8 -2.35 -4.1314 -46.8
4 80 -2.35 -4.1314 -46.8 -3.15 -4.6734 -45.8 -3.5 -4.0594 -46.85 -2.45 -3.6412 -47.65
4 80 -2.45 -3.6412 -47.65 -3.5 -4.0594 -46.85 -3.55 -3.6284 -47.6 -2.45 -3.1548 -48.5
4 80 -2.45 -3.1548 -48.5 -3.55 -3.6284 -47.6 -3.4 -3.0046 -48.7 -3.2 -2.5257 -49.55
4 80 -2.2 -2.6207 -49.45 -2.45 -3.1548 -48.5 -3.2 -2.5257 -49.55 -2.95 -2.0774 -50.35
4 80 -1.9 -2.117 -50.35 -2.2 -2.6207 -49.45 -2.95 -2.0774 -50.35 -2.7 -1.6004 -51.2
4 80 -1.55 -1.4149 -51.6 -1.9 -2.117 -50.35 -2.7 -1.6004 -51.2 -2.45 -1.0948 -52.1
4 80 -1.4 -.7625 -52.75 -1.55 -1.4149 -51.6 -2.45 -1.0948 -52.1 -2.35 -.7553 -52.7
4 72 .9915 -6.4498 -42.235 .9 -6.0459 -43.15 2.05 -6.0566 -43.05 2.2487 -6.4496 -42.1526
4 4 -1.5837 -6.4498 -42.1962 -2.7 -6.4496 -42.123 -2.7 -6.1931 -42.7 -1.3 -6.1008 -43
4 4 -1.3 -6.1008 -43 -2.7 -6.1931 -42.7 -2.4 -5.8908 -43.4 -1 -5.6429 -44.05
4 4 -1 -5.6429 -44.05 -2.4 -5.8908 -43.4 -2.05 -5.5233 -44.25 -1.45 -5.5409 -44.25
3 4 -1.45 -5.4298 -44.5 -2 -5.3914 -44.55 -1.9016 -5.25 -44.8747
4 4 -.95 -5.4888 -44.4 -1.45 -5.4298 -44.5 -1.9016 -5.25 -44.8747 -.7468 -5.25 -44.9508
4 4 -.7468 -5.25 -44.9508 -1.9016 -5.25 -44.8747 -1.7 -4.7567 -45.75 -.55 -4.657 -46
4 4 -.55 -4.657 -46 -1.7 -4.7567 -45.75 -1.55 -4.1329 -46.85 -.35 -3.9493 -47.25
4 4 -.35 -3.9493 -47.25 -1.55 -4.1329 -46.85 -1.45 -3.5073 -47.95 0 -3.0469 -48.85
4 4 0 -3.0469 -48.85 -1.45 -3.5073 -47.95 -1.3 -2.9407 -48.95 -.5 -2.5131 -49.75
3 4 -1.3 -2.9407 -48.95 -1.1 -2.4619 -49.8 -.5 -2.5131 -49.75
3 4 0 -3.0469 -48.85 -.5 -2.5131 -49.75 0 -2.5606 -49.7
4 72 -34.3 -4.6235 -30.65 -33.35 -4.8438 -31.15 -33.1793 -4.9604 -31.0362 -33.8728 -4.8723 -30.4791
4 72 -33.75 -4.5579 -31.45 -33.35 -4.8438 -31.15 -34.3 -4.6235 -30.65 -34.8 -4.2946 -30.95
4 72 -33.75 -4.5579 -31.45 -34.8 -4.2946 -30.95 -35.2 -3.8763 -31.6 -34.1 -4.2368 -31.9
4 72 -34.1 -4.2368 -31.9 -35.2 -3.8763 -31.6 -35.4 -3.4874 -32.4 -34.3 -3.9615 -32.4
4 72 -34.3 -3.9615 -32.4 -35.4 -3.4874 -32.4 -35.4 -3.0524 -33.55 -34.4 -3.7292 -32.9
4 72 -34.45 -3.4807 -33.5 -34.4 -3.7292 -32.9 -35.4 -3.0524 -33.55 -35.4 -2.5606 -34.85
4 72 -34.425 -3.1415 -34.425 -34.45 -3.4807 -33.5 -35.4 -2.5606 -34.85 -35.425 -2.3322 -35.425
4 72 -34.35 -2.879 -35.1 -34.425 -3.1415 -34.425 -35.425 -2.3322 -35.425 -34.25 -2.4428 -36.2
4 72 -34.25 -2.4428 -36.2 -35.425 -2.3322 -35.425 -35.35 -1.6388 -37.1 -34.2 -1.9015 -37.5
4 72 -34.2 -1.9015 -37.5 -35.35 -1.6388 -37.1 -35.35 -.7985 -39.05 -34.25 -1.4301 -38.55
4 72 -34.3 -1.0018 -39.5 -34.25 -1.4301 -38.55 -35.35 -.7985 -39.05 -34.35 -.5951 -40.4
4 72 -34.35 -.5951 -40.4 -35.35 -.7985 -39.05 -35.3886 -.1 -40.637 -34.4025 -.1 -41.5028
4 72 -34.4025 -.1 -41.5028 -35.3886 -.1 -40.637 -35.5 .8061 -42.3 -34.45 .4347 -42.5
4 72 -34.45 .4347 -42.5 -35.5 .8061 -42.3 -35.6 1.3659 -43.3 -34.5 .9976 -43.55
4 72 -34.5 .9976 -43.55 -35.6 1.3659 -43.3 -35.8 2.151 -44.65 -34.65 1.6057 -44.6
4 72 -34.65 1.6057 -44.6 -35.8 2.151 -44.65 -36.05 2.6756 -45.45 -34.799 2.0593 -45.3508
3 72 -34.799 2.0593 -45.3508 -36.05 2.6756 -45.45 -35.25 2.5715 -45.95
3 72 -34.799 2.0593 -45.3508 -35.25 2.5715 -45.95 -34.95 2.572 -46.15
3 72 0 -5.7389 -43.9 -.25 -5.5982 -44.2 0 -5.25 -45
4 72 .25 -5.8871 -43.55 0 -5.7389 -43.9 0 -5.25 -45 .3 -5.5968 -44.2
3 72 .3 -5.5968 -44.2 0 -5.25 -45 .4513 -5.25 -44.9703
4 72 .75 -4.8498 -45.65 .4513 -5.25 -44.9703 0 -5.25 -45 .2 -4.6989 -45.95
4 72 1.1 -4.4932 -46.25 .75 -4.8498 -45.65 .2 -4.6989 -45.95 .3 -4.0084 -47.15
3 72 1.1 -4.4932 -46.25 .3 -4.0084 -47.15 .8 -4.0182 -47.1
3 72 .8 -4.0182 -47.1 .3 -4.0084 -47.15 .5 -3.4859 -48.05
4 72 .9 -6.0459 -43.15 1 -5.554 -44.25 2.05 -5.7677 -43.7 2.05 -6.0566 -43.05
4 72 2.25 -5.5174 -44.25 2.05 -5.7677 -43.7 1 -5.554 -44.25 1.8021 -5.25 -44.8812
3 72 1 -5.554 -44.25 1.2512 -5.25 -44.9176 1.8021 -5.25 -44.8812
3 72 1.8021 -5.25 -44.8812 1.2512 -5.25 -44.9176 1.5 -4.8787 -45.55
4 72 3.8 -3.247 -48.25 3.45 -3.8038 -47.3 2.95 -3.1932 -48.4 4 -2.7817 -49.05
4 72 4 -2.7817 -49.05 2.95 -3.1932 -48.4 2.75 -2.6571 -49.35 4.05 -2.2648 -49.95
4 72 4.05 -2.2648 -49.95 2.75 -2.6571 -49.35 2.85 -2.0525 -50.4 4.05 -1.6639 -51
4 72 4.05 -1.6639 -51 2.85 -2.0525 -50.4 2.8 -1.3391 -51.65 4 -1.065 -52.05
4 72 4 -1.065 -52.05 2.8 -1.3391 -51.65 2.75 -.7688 -52.65 3.95 -.7808 -52.55
3 4 -.45 -2.2575 -50.2 -1.05 -2.2062 -50.25 -1 -1.5501 -51.4
4 4 0 -2.3317 -50.1 -.45 -2.2575 -50.2 -1 -1.5501 -51.4 -.8 -.7565 -52.8
3 4 0 -2.3317 -50.1 -.8 -.7565 -52.8 0 -.7581 -52.85
4 4 .15 -1.5821 -51.4 0 -2.3317 -50.1 0 -.7581 -52.85 .25 -.7486 -52.85
4 0 -5.416 -6.8047 -41.145 -10.7981 -6.7062 -40.3009 -6.9541 -6.4234 -41.7122 -6.2113 -6.4367 -41.8293
3 0 -5.416 -6.8047 -41.145 -6.2113 -6.4367 -41.8293 -5.5204 -6.4491 -41.9382
3 0 -5.416 -6.8047 -41.145 -5.5204 -6.4491 -41.9382 -5.05 -6.4492 -41.969
3 0 -5.416 -6.8047 -41.145 -5.05 -6.4492 -41.969 -4.35 -6.4493 -42.0149
3 0 -5.416 -6.8047 -41.145 -4.35 -6.4493 -42.0149 -3.5238 -6.4494 -42.069
4 0 -5.416 -6.8047 -41.145 -3.5238 -6.4494 -42.069 -2.7 -6.4496 -42.123 0 -6.8056 -41.5
3 0 0 -6.8056 -41.5 -2.7 -6.4496 -42.123 -1.5837 -6.4498 -42.1962
3 0 0 -6.8056 -41.5 -1.5837 -6.4498 -42.1962 -.7611 -6.4499 -42.2501
3 0 0 -6.8056 -41.5 -.7611 -6.4499 -42.2501 0 -6.45 -42.3
3 0 0 -6.8056 -41.5 0 -6.45 -42.3 .9915 -6.4498 -42.235
3 0 0 -6.8056 -41.5 .9915 -6.4498 -42.235 2.2487 -6.4496 -42.1526
4 0 0 -6.8056 -41.5 2.2487 -6.4496 -42.1526 2.9983 -6.4495 -42.1035 5.416 -6.8047 -41.145
3 0 5.416 -6.8047 -41.145 2.9983 -6.4495 -42.1035 3.7085 -6.4494 -42.0569
3 0 5.416 -6.8047 -41.145 3.7085 -6.4494 -42.0569 4.4742 -6.4493 -42.0067
3 0 5.416 -6.8047 -41.145 4.4742 -6.4493 -42.0067 5.5204 -6.4491 -41.9382
4 0 5.416 -6.8047 -41.145 5.5204 -6.4491 -41.9382 6.15 -6.433 -41.85 10.7981 -6.7062 -40.3009
4 72 -3.5 -6.2364 -42.55 -3.5238 -6.4494 -42.069 -4.35 -6.4493 -42.0149 -4.35 -6.167 -42.65
4 72 -3.35 -6.0186 -43.05 -3.5 -6.2364 -42.55 -4.35 -6.167 -42.65 -4.05 -5.8647 -43.35
4 72 -3 -5.651 -43.9 -3.35 -6.0186 -43.05 -4.05 -5.8647 -43.35 -3.3 -5.4867 -44.25
4 72 0 -6.45 -42.3 -.7611 -6.4499 -42.2501 -.8 -6.2932 -42.6 -.4 -5.9494 -43.4
4 72 2.9983 -6.4495 -42.1035 2.8 -6.2791 -42.5 3.4 -6.1282 -42.8 3.7085 -6.4494 -42.0569
4 72 3.4 -6.1282 -42.8 2.8 -6.2791 -42.5 2.65 -5.9502 -43.25 2.85 -5.8332 -43.5
4 80 -36.65 -4.1973 -29.1 -35.4 -4.5278 -29.65 -35.0695 -4.7202 -29.5178 -35.8867 -4.6164 -28.8615
4 80 -36 -4.1179 -30.05 -35.4 -4.5278 -29.65 -36.65 -4.1973 -29.1 -37.1 -3.8709 -29.45
4 80 -36 -4.1179 -30.05 -37.1 -3.8709 -29.45 -37.55 -3.45 -30.05 -36.4 -3.7942 -30.45
4 80 -36.4 -3.7942 -30.45 -37.55 -3.45 -30.05 -37.8 -3.0396 -30.85 -36.65 -3.4784 -31
4 80 -36.65 -3.4784 -31 -37.8 -3.0396 -30.85 -37.9 -2.5804 -31.95 -36.8 -3.1111 -31.8
4 80 -36.8 -3.1111 -31.8 -37.9 -2.5804 -31.95 -37.75 -2.1721 -33.2 -36.7 -2.7759 -32.8
4 80 -36.5 -2.4838 -33.8 -36.7 -2.7759 -32.8 -37.75 -2.1721 -33.2 -37.5 -1.7124 -34.7
4 80 -36.15 -2.1239 -35.15 -36.5 -2.4838 -33.8 -37.5 -1.7124 -34.7 -37.25 -1.3661 -35.9
4 80 -36.05 -1.8265 -36.05 -36.15 -2.1239 -35.15 -37.25 -1.3661 -35.9 -37 -1.0577 -37
4 80 -36 -1.199 -37.55 -36.05 -1.8265 -36.05 -37 -1.0577 -37 -36.8 -.5947 -38.25
4 80 -36 -.4233 -39.35 -36 -1.199 -37.55 -36.8 -.5947 -38.25 -36.6117 -.1 -39.5633
3 80 -36 -.4233 -39.35 -36.6117 -.1 -39.5633 -36.0036 -.1 -40.0971
4 80 -36.0036 -.1 -40.0971 -36.6117 -.1 -39.5633 -36.6 .1709 -40.1 -36.05 .3599 -40.95
3 80 -36.6 .1709 -40.1 -36.6 .6084 -40.95 -36.05 .3599 -40.95
3 80 -36.05 .3599 -40.95 -36.6 .6084 -40.95 -36.65 .914 -41.5
4 80 -36.4 2.2419 -44.3 -37.15 2.3235 -43.8 -37.55 2.8644 -44.5 -36.7 2.7634 -45.05
4 80 -36.25 1.7625 -43.5 -36.8 1.7279 -42.95 -37.15 2.3235 -43.8 -36.4 2.2419 -44.3
4 80 -36.4 1.187 -42.25 -36.8 1.7279 -42.95 -36.25 1.7625 -43.5 -36.05 .9517 -42.1
4 80 -34.25 1.9642 -45.55 -34.4 2.5908 -46.55 -33.9 2.5716 -46.85 -33.55 2.0399 -46.15
4 80 -34.15 1.4989 -44.8 -34.25 1.9642 -45.55 -33.55 2.0399 -46.15 -33.1 1.4986 -45.5
4 80 -34.15 1.4989 -44.8 -33.1 1.4986 -45.5 -32.95 1.1283 -44.95 -33.8433 .9866 -44.1052
4 80 -33.8433 .9866 -44.1052 -32.95 1.1283 -44.95 -32.9 .5397 -43.95 -33 .0365 -43
3 80 -33 .0365 -43 -33.45 .446 -43.4 -33.8433 .9866 -44.1052
4 80 -33.25 .0726 -42.85 -33.45 .446 -43.4 -33 .0365 -43 -33.0451 -.1 -42.6944
4 80 -33.65 -.9245 -40.25 -33.75 -.4773 -41.2 -33.5 -.615 -41.1 -32.9 -1.1005 -40.5
4 80 -33.65 -1.2477 -39.5 -33.65 -.9245 -40.25 -32.9 -1.1005 -40.5 -32.9 -1.7254 -39.05
4 80 -32.9 -1.7254 -39.05 -32.9 -1.1005 -40.5 -32.25 -1.5188 -40.1 -31.9 -2.3192 -38.55
3 80 -31.9 -2.3192 -38.55 -32.25 -1.5188 -40.1 -31.7 -1.8346 -39.85
4 80 -31.9 -2.3192 -38.55 -31.7 -1.8346 -39.85 -30.8 -2.3475 -39.45 -31.15 -2.7322 -38.25
4 80 -30.45 -3.1048 -38 -31.15 -2.7322 -38.25 -30.8 -2.3475 -39.45 -30.0258 -2.7782 -39.1302
3 80 -29.75 -3.5204 -37.65 -30.45 -3.1048 -38 -30.0258 -2.7782 -39.1302
3 80 -29.1 -3.9818 -37.15 -29.75 -3.5204 -37.65 -30.0258 -2.7782 -39.1302
4 80 -28.65 -4.389 -36.6 -29.1 -3.9818 -37.15 -30.0258 -2.7782 -39.1302 -27.396 -5.25 -35.703
3 80 -27.396 -5.25 -35.703 -28.25 -4.8205 -35.95 -28.65 -4.389 -36.6
3 80 -28.1 -5.1789 -35.25 -28.25 -4.8205 -35.95 -27.396 -5.25 -35.703
3 80 -28.1 -5.2651 -35.05 -28.1 -5.1789 -35.25 -27.396 -5.25 -35.703
3 80 -27.65 -5.4107 -35 -28.1 -5.2651 -35.05 -27.396 -5.25 -35.703
3 80 -27.65 -5.4107 -35 -27.396 -5.25 -35.703 -27.0138 -5.529 -35.2049
4 80 -26.95 -5.3984 -35.6 -27.0138 -5.529 -35.2049 -27.396 -5.25 -35.703 -26.9849 -5.25 -35.9773
4 80 -27.35 -4.7414 -36.8 -26.9849 -5.25 -35.9773 -27.396 -5.25 -35.703 -27.9 -4.1847 -37.6
4 80 -28.55 -3.6678 -38.25 -27.9 -4.1847 -37.6 -27.396 -5.25 -35.703 -29.4 -3.1349 -38.8
3 80 -27.396 -5.25 -35.703 -30.0258 -2.7782 -39.1302 -29.4 -3.1349 -38.8
4 80 -32.1 -3.3855 -35.9 -32.3 -3.159 -36.25 -31.6 -3.4023 -36.3 -31.85 -3.5232 -35.8
4 80 -32.3 -3.159 -36.25 -32.35 -2.86 -36.9 -31.45 -3.1574 -37 -31.6 -3.4023 -36.3
4 80 -31.45 -3.1574 -37 -32.35 -2.86 -36.9 -32.3 -2.6203 -37.5 -31.45 -2.8773 -37.65
3 80 -32.3 -2.6203 -37.5 -32.2 -2.4427 -38 -31.45 -2.8773 -37.65
4 80 -33.6 -3.8091 -33.6 -33.55 -3.6341 -34.05 -32.9 -4.1817 -33.35 -32.2 -4.7913 -32.55
3 80 -32.2 -4.7913 -32.55 -32.9 -4.1817 -33.35 -32.2 -4.6404 -32.9
3 80 -31.9908 -5.1114 -31.9908 -33.6 -3.8091 -33.6 -32.2 -4.7913 -32.55
4 80 -33.6 -4.1118 -32.8 -33.6 -3.8091 -33.6 -31.9908 -5.1114 -31.9908 -33.25 -4.5274 -32.1
4 80 -32.5258 -5.0434 -31.5611 -32.85 -4.8511 -31.7 -33.25 -4.5274 -32.1 -31.9908 -5.1114 -31.9908
4 72 -28.7 -5.1027 -34.9 -28.8 -5.2588 -34.45 -29.55 -4.9751 -34.45 -28.75 -4.8037 -35.55
4 72 -28.75 -4.8037 -35.55 -29.55 -4.9751 -34.45 -30.4 -4.5673 -34.65 -31.1 -4.1732 -34.95
4 72 -29.1 -4.4343 -36.1 -28.75 -4.8037 -35.55 -31.1 -4.1732 -34.95 -29.55 -4.027 -36.65
4 72 -31.25 -3.8148 -35.65 -29.55 -4.027 -36.65 -31.1 -4.1732 -34.95 -31.45 -3.8899 -35.3
3 72 -31.25 -3.8148 -35.65 -31 -3.6724 -36.2 -29.55 -4.027 -36.65
4 72 -29.55 -4.027 -36.65 -31 -3.6724 -36.2 -30.85 -3.4705 -36.8 -30.15 -3.6061 -37.1
3 72 -30.85 -3.4705 -36.8 -30.85 -3.1904 -37.45 -30.15 -3.6061 -37.1
4 4 -31.6088 -1.2903 -41.1932 -31.8 -1.4736 -40.6 -32.3 -1.1336 -40.95 -32.85 -.7316 -41.4
4 4 -31.6088 -1.2903 -41.1932 -32.85 -.7316 -41.4 -32.8 -.5566 -41.85 -32.5831 -.3745 -42.463
4 4 -31.4 -.9481 -42.05 -31.6088 -1.2903 -41.1932 -32.5831 -.3745 -42.463 -31.25 -.6142 -42.85
4 4 -31.25 -.6142 -42.85 -32.5831 -.3745 -42.463 -32.4395 -.1 -43.1343 -31.1476 -.1 -43.9964
3 4 -32.4395 -.1 -43.1343 -32.35 .2452 -43.8 -31.1476 -.1 -43.9964
4 4 -31.1476 -.1 -43.9964 -32.35 .2452 -43.8 -32.35 .6724 -44.55 -31.75 .4158 -44.5
3 4 -31.1476 -.1 -43.9964 -31.75 .4158 -44.5 -31.1 .1973 -44.55
4 4 -31.3 1.0138 -45.85 -31.15 .5011 -45.05 -31.8 .7196 -45 -32.4 .9762 -45.05
4 4 -31.3 1.0138 -45.85 -32.4 .9762 -45.05 -32.6 1.5649 -45.95 -31.7 1.7639 -46.9
4 4 -31.7 1.7639 -46.9 -32.6 1.5649 -45.95 -32.85 2.0871 -46.7 -32.2 2.4951 -47.85
3 4 -32.85 2.0871 -46.7 -33.2 2.5334 -47.25 -32.2 2.4951 -47.85
3 72 -36.73 -4.5093 -28.1841 -37 -4.2167 -28.65 -36.4761 -4.5416 -28.388
4 72 -37.6 -3.7879 -29.1 -37 -4.2167 -28.65 -36.73 -4.5093 -28.1841 -41.3 -1.2133 -31.6908
3 72 -37.6 -3.7879 -29.1 -41.3 -1.2133 -31.6908 -38.1 -3.3265 -29.75
3 72 -38.1 -3.3265 -29.75 -41.3 -1.2133 -31.6908 -38.45 -2.7784 -30.8
3 72 -38.45 -2.7784 -30.8 -41.3 -1.2133 -31.6908 -38.5 -2.3218 -31.95
4 72 -38.35 -1.8946 -33.25 -38.5 -2.3218 -31.95 -41.3 -1.2133 -31.6908 -41.3 -.0999 -34.6337
3 72 -38.35 -1.8946 -33.25 -41.3 -.0999 -34.6337 -38.05 -1.4375 -34.8
4 72 -37.7 -1.0019 -36.35 -38.05 -1.4375 -34.8 -41.3 -.0999 -34.6337 -38.1838 -.0997 -38.1838
3 72 -37.7 -1.0019 -36.35 -38.1838 -.0997 -38.1838 -37.5 -.653 -37.5
4 72 -37.4 -.4539 -38.05 -37.5 -.653 -37.5 -38.1838 -.0997 -38.1838 -37.2762 -.1 -38.9799
4 72 -37.2 .442 -40.1 -37.2762 -.1 -38.9799 -38.1838 -.0997 -38.1838 -37.2 .9823 -41.15
4 72 -37.25 1.5453 -42.2 -37.2 .9823 -41.15 -38.1838 -.0997 -38.1838 -37.65 2.2663 -43.25
4 72 -38.1 2.907 -44.1 -37.65 2.2663 -43.25 -38.1838 -.0997 -38.1838 -41.5779 3.1804 -41.5779
4 72 -26.4773 -5.25 -36.316 -22.5 -5.25 -38.97 -21.8083 -5.8648 -37.772 -26.45 -5.4109 -35.9
3 72 -26.45 -5.5654 -35.483 -26.45 -5.4109 -35.9 -21.8083 -5.8648 -37.772
3 72 -26.4773 -5.25 -36.316 -26.9 -4.6461 -37.3 -22.5 -5.25 -38.97
3 72 -26.9 -4.6461 -37.3 -27.5 -4.0735 -38.1 -22.5 -5.25 -38.97
4 72 -22.5 -5.25 -38.97 -27.5 -4.0735 -38.1 -28.15 -3.5805 -38.7 -24.75 -3.5417 -41.05
4 72 -28.15 -3.5805 -38.7 -29.05 -2.984 -39.35 -27 -.1 -46.764 -24.75 -3.5417 -41.05
4 72 -27 -.1 -46.764 -29.05 -2.984 -39.35 -29.9 -2.4749 -39.85 -30.75 -.9642 -42.45
3 72 -30.75 -.9642 -42.45 -30.65 -.5667 -43.35 -27 -.1 -46.764
3 72 -30.65 -.5667 -43.35 -30.6055 -.1 -44.3582 -27 -.1 -46.764
3 72 -30.6055 -.1 -44.3582 -30.6 .4344 -45.3 -27 -.1 -46.764
3 72 -30.6 .4344 -45.3 -30.8 .9661 -46.1 -27 -.1 -46.764
3 72 -30.8 .9661 -46.1 -31.15 1.7257 -47.2 -27 -.1 -46.764
4 72 -27 -.1 -46.764 -31.15 1.7257 -47.2 -31.7 2.5044 -48.2 -28.9412 2.553 -50.1262
4 72 -30.95 -1.306 -41.6 -30.75 -.9642 -42.45 -29.9 -2.4749 -39.85 -30.8052 -2.0456 -40.146
3 72 -30.8052 -2.0456 -40.146 -31.05 -1.6319 -40.85 -30.95 -1.306 -41.6
3 72 5.7523 -5.6594 -43.6997 5.3001 -5.25 -44.6507 5.8725 -5.25 -44.613
4 0 32.6803 -5.0238 -31.437 33.1793 -4.9604 -31.0362 31.8195 -5.25 -31.8195 32.343 -5.067 -31.707
3 0 26.5183 -5.8907 -34.5592 27.0138 -5.529 -35.2049 27.5174 -5.4882 -34.8848
3 0 28.3729 -5.4189 -34.3408 26.5183 -5.8907 -34.5592 27.5174 -5.4882 -34.8848
3 0 28.9922 -5.3687 -33.947 26.5183 -5.8907 -34.5592 28.3729 -5.4189 -34.3408
4 0 26.5183 -5.8907 -34.5592 28.9922 -5.3687 -33.947 29.9347 -5.2923 -33.3477 30.798 -5.25 -32.7163
4 0 30.798 -5.25 -32.7163 31.8195 -5.25 -31.8195 31.4153 -5.5041 -31.4153 26.5183 -5.8907 -34.5592
3 0 27.65 -5.3605 -35.15 27.396 -5.25 -35.703 27.7637 -5.25 -35.3802
3 0 27.7637 -5.25 -35.3802 27.396 -5.25 -35.703 28 -5.0012 -35.75
4 0 28.9922 -5.3687 -33.947 28.3729 -5.4189 -34.3408 28.5555 -5.25 -34.6851 29.1155 -5.25 -34.1934
3 0 34.604 2.0324 -45.4335 33.95 2.0495 -45.9 34.65 2.3725 -46
3 0 34.6581 1.9011 -45.1671 33.95 2.0495 -45.9 34.604 2.0324 -45.4335
3 0 34.6581 1.9011 -45.1671 34.604 2.0324 -45.4335 35.1461 2.4489 -45.803
3 0 28.05 -4.5186 -36.8 28.8752 -3.8597 -37.6307 28.3018 -4.3986 -36.8835
4 0 28.05 -4.5186 -36.8 28.3018 -4.3986 -36.8835 27.396 -5.25 -35.703 27.2848 -5.25 -35.7772
3 0 27.0138 -5.529 -35.2049 27.2848 -5.25 -35.7772 27.396 -5.25 -35.703
4 4 25.9418 -5.5982 -35.7336 26.05 -5.4357 -36.1 27.2848 -5.25 -35.7772 27.0138 -5.529 -35.2049
3 4 27.2848 -5.25 -35.7772 26.05 -5.4357 -36.1 26.2351 -5.25 -36.4777
4 4 27.2848 -5.25 -35.7772 26.2351 -5.25 -36.4777 26.8 -4.6541 -37.35 28.05 -4.5186 -36.8
4 4 28.05 -4.5186 -36.8 26.8 -4.6541 -37.35 27.65 -4.0258 -38.1 28.8752 -3.8597 -37.6307
4 4 28.8752 -3.8597 -37.6307 27.65 -4.0258 -38.1 28.25 -3.6202 -38.55 28.6 -3.5088 -38.55
4 72 25 -5.4915 -36.65 24.8187 -5.6706 -36.2874 23.9227 -5.7284 -36.7293 24.1 -5.4546 -37.35
4 72 25.2777 -5.25 -37.1165 25 -5.4915 -36.65 24.1 -5.4546 -37.35 24.3433 -5.25 -37.74
4 72 25.9 -4.6782 -37.9 25.2777 -5.25 -37.1165 24.3433 -5.25 -37.74 24.85 -4.7978 -38.35
4 72 25.9 -4.6782 -37.9 24.85 -4.7978 -38.35 25.45 -4.3444 -38.9 26.85 -3.9942 -38.7
4 72 26.85 -3.9942 -38.7 25.45 -4.3444 -38.9 26.15 -3.7877 -39.6 27.55 -3.4614 -39.35
4 72 27.55 -3.4614 -39.35 26.15 -3.7877 -39.6 27.05 -3.0958 -40.45 28.6 -2.6263 -40.4
4 72 28.6 -2.6263 -40.4 27.05 -3.0958 -40.45 27.85 -2.4358 -41.3 29.55 -1.847 -41.4
4 72 29.55 -1.847 -41.4 27.85 -2.4358 -41.3 28.85 -1.6166 -42.35 30.3 -1.2267 -42.2
4 72 30.3 -1.2267 -42.2 28.85 -1.6166 -42.35 29.7 -.9406 -43.2 31.1 -.5666 -43.05
4 72 31.1 -.5666 -43.05 29.7 -.9406 -43.2 30.6631 -.1 -44.3197 31.6206 -.1 -43.6808
4 72 32 .34 -44.2 31.6206 -.1 -43.6808 30.6631 -.1 -44.3197 31.4 .6531 -45.15
4 72 32 .8526 -45.1 32 .34 -44.2 31.4 .6531 -45.15 31.85 1.1943 -45.8
3 72 32 .8526 -45.1 31.85 1.1943 -45.8 32.15 1.5077 -46.15
4 80 29.75 -.4 -44.3 28.8 -1.2032 -43.25 28.75 -.9091 -43.9 28.85 -.5672 -44.55
4 80 29.75 -.4 -44.3 28.85 -.5672 -44.55 29.1636 -.1 -45.3203 30.0979 -.1 -44.6968
4 80 30.75 .7478 -45.75 30.0979 -.1 -44.6968 29.1636 -.1 -45.3203 29.55 .5195 -46.15
4 80 30.75 .7478 -45.75 29.55 .5195 -46.15 30 1.0893 -46.85 31.2 1.4599 -46.7
4 80 31.2 1.4599 -46.7 30 1.0893 -46.85 30.6 1.8015 -47.7 31.75 2.0677 -47.4
4 80 31.75 2.0677 -47.4 30.6 1.8015 -47.7 31.45 2.5803 -48.5 32.35 2.5806 -47.9
4 80 32.8 1.7548 -46.15 33.2 2.6189 -47.4 34.25 2.6762 -46.8 33.95 2.0495 -45.9
4 80 32.7 1.1757 -45.2 32.8 1.7548 -46.15 33.95 2.0495 -45.9 33.8 1.3944 -44.85
4 80 32.8 .6156 -44.15 32.7 1.1757 -45.2 33.8 1.3944 -44.85 33.8006 .9387 -44.0496
3 80 32.8752 -.1 -42.8436 32.8 .6156 -44.15 33.8006 .9387 -44.0496
3 80 32.8752 -.1 -42.8436 33.8006 .9387 -44.0496 33.85 .4466 -43.05
4 80 32.8752 -.1 -42.8436 33.85 .4466 -43.05 34 .077 -42.2 34.0526 -.1 -41.8099
4 80 32.95 -.4999 -41.85 32.8752 -.1 -42.8436 34.0526 -.1 -41.8099 33.15 -.8982 -40.75
4 80 33.15 -.8982 -40.75 34.0526 -.1 -41.8099 34.45 -.4926 -40.55 33.5 -1.1968 -39.75
4 80 33.5 -1.1968 -39.75 34.45 -.4926 -40.55 34.8 -.7911 -39.55 34 -1.5463 -38.5
4 80 34 -1.5463 -38.5 34.8 -.7911 -39.55 35.2 -1.1784 -38.3 34.5 -1.8311 -37.4
4 80 34.5 -1.8311 -37.4 35.2 -1.1784 -38.3 35.8 -1.4686 -37.1 34.8 -2.127 -36.45
4 80 34.8 -2.127 -36.45 35.8 -1.4686 -37.1 36.1 -1.786 -36.1 35.05 -2.4203 -35.55
3 80 35.125 -2.575 -35.125 35.05 -2.4203 -35.55 36.1 -1.786 -36.1
4 80 35.125 -2.575 -35.125 36.1 -1.786 -36.1 36.25 -2.0808 -35.15 36.25 -2.5348 -33.95
4 80 35.1 -2.9357 -34.2 35.125 -2.575 -35.125 36.25 -2.5348 -33.95 35.95 -3.0234 -33
4 80 34.85 -3.384 -33.3 35.1 -2.9357 -34.2 35.95 -3.0234 -33 35.55 -3.5363 -32.1
4 80 34.4 -3.9373 -32.35 34.85 -3.384 -33.3 35.55 -3.5363 -32.1 34.9 -4.1758 -31.15
3 80 34.9 -4.1758 -31.15 33.8 -4.4607 -31.65 34.4 -3.9373 -32.35
4 80 33.1793 -4.9604 -31.0362 33.8 -4.4607 -31.65 34.9 -4.1758 -31.15 34.1174 -4.8412 -30.2827
3 0 29.1155 -5.25 -34.1934 28.5555 -5.25 -34.6851 28.8 -4.9787 -35.1
3 0 30.798 -5.25 -32.7163 29.9347 -5.2923 -33.3477 29.9909 -5.25 -33.4249
3 0 30.798 -5.25 -32.7163 29.9909 -5.25 -33.4249 31.25 -4.8706 -33.2
4 80 29.9347 -5.2923 -33.3477 28.9922 -5.3687 -33.947 29.1155 -5.25 -34.1934 29.9909 -5.25 -33.4249
4 80 30.3 -4.9499 -33.85 29.9909 -5.25 -33.4249 29.1155 -5.25 -34.1934 29.3 -5.0265 -34.55
4 80 30.6 -4.4701 -34.7 30.3 -4.9499 -33.85 29.3 -5.0265 -34.55 29.5 -4.6923 -35.15
4 80 30.8 -3.8558 -35.95 30.6 -4.4701 -34.7 29.5 -4.6923 -35.15 29.6 -4.2236 -36.15
4 80 30.75 -3.336 -37.2 30.8 -3.8558 -35.95 29.6 -4.2236 -36.15 29.55 -3.7254 -37.35
4 80 30.55 -2.873 -38.45 30.75 -3.336 -37.2 29.55 -3.7254 -37.35 29.3929 -3.3731 -38.3054
3 80 29.3929 -3.3731 -38.3054 30.2819 -2.5375 -39.4639 30.55 -2.873 -38.45
4 80 30.2819 -2.5375 -39.4639 29.3929 -3.3731 -38.3054 29.2 -3.0555 -39.1 29 -2.7137 -39.95
3 80 30.2819 -2.5375 -39.4639 29 -2.7137 -39.95 30.15 -2.2761 -40.1
3 80 29 -2.7137 -39.95 30.1 -1.8866 -40.95 30.15 -2.2761 -40.1
4 72 28.5555 -5.25 -34.6851 28.3729 -5.4189 -34.3408 27.5174 -5.4882 -34.8848 27.65 -5.3605 -35.15
3 72 28.5555 -5.25 -34.6851 27.65 -5.3605 -35.15 27.7637 -5.25 -35.3802
4 72 28.8 -4.9787 -35.1 28.5555 -5.25 -34.6851 27.7637 -5.25 -35.3802 28 -5.0012 -35.75
4 72 28.95 -4.5772 -35.9 28.8 -4.9787 -35.1 28 -5.0012 -35.75 28.4 -4.656 -36.2
3 72 28.95 -4.5772 -35.9 28.4 -4.656 -36.2 28.9 -4.2729 -36.65
3 0 31.8195 -5.25 -31.8195 30.798 -5.25 -32.7163 31.8095 -5.1278 -32.1119
3 0 23.2303 -5.7731 -37.0708 21.4083 -6.2204 -37.0792 21.8083 -5.8648 -37.772
3 0 23.9227 -5.7284 -36.7293 21.4083 -6.2204 -37.0792 23.2303 -5.7731 -37.0708
4 0 21.4083 -6.2204 -37.0792 23.9227 -5.7284 -36.7293 24.8187 -5.6706 -36.2874 26.5183 -5.8907 -34.5592
3 0 26.5183 -5.8907 -34.5592 24.8187 -5.6706 -36.2874 25.9418 -5.5982 -35.7336
3 0 26.5183 -5.8907 -34.5592 25.9418 -5.5982 -35.7336 27.0138 -5.529 -35.2049
4 72 31.8095 -5.1278 -32.1119 30.798 -5.25 -32.7163 31.25 -4.8706 -33.2 32.4 -4.5863 -32.85
4 72 32.8 -4.1764 -33.45 32.4 -4.5863 -32.85 31.25 -4.8706 -33.2 31.8 -4.2962 -34.05
4 72 33.1 -3.6751 -34.35 32.8 -4.1764 -33.45 31.8 -4.2962 -34.05 32.1 -3.644 -35.3
4 72 33.25 -3.209 -35.3 33.1 -3.6751 -34.35 32.1 -3.644 -35.3 32.1 -3.17 -36.4
4 72 33.25 -2.7349 -36.4 33.25 -3.209 -35.3 32.1 -3.17 -36.4 31.9 -2.6855 -37.7
4 72 33.1 -2.2961 -37.55 33.25 -2.7349 -36.4 31.9 -2.6855 -37.7 32.75 -1.8468 -38.9
4 72 32.75 -1.8468 -38.9 31.9 -2.6855 -37.7 31.45 -2.3601 -38.85 32.5 -1.4458 -40.05
4 72 32.5 -1.4458 -40.05 31.45 -2.3601 -38.85 31.25 -1.9833 -39.9 31.2859 -1.5938 -40.7724
3 72 32.5 -1.4458 -40.05 31.2859 -1.5938 -40.7724 32.3 -1.0043 -41.25
3 72 31.2859 -1.5938 -40.7724 32.2602 -.678 -42.0422 32.3 -1.0043 -41.25
4 72 32.2602 -.678 -42.0422 31.2859 -1.5938 -40.7724 31.3 -1.0276 -41.95 31.7 -.4949 -42.8
3 72 32.2602 -.678 -42.0422 31.7 -.4949 -42.8 32.1973 -.1 -43.296
4 72 33.9 -2.726 -35.85 33.95 -2.3624 -36.65 34.25 -2.5505 -35.95 33.95 -3.095 -34.95
4 72 33.95 -3.095 -34.95 34.25 -2.5505 -35.95 34.5 -2.8007 -35.15 34.475 -3.101 -34.475
3 72 33.7 -3.5558 -34.1 33.95 -3.095 -34.95 34.475 -3.101 -34.475
3 72 33.45 -3.9305 -33.45 33.7 -3.5558 -34.1 34.475 -3.101 -34.475
4 72 33.45 -3.9305 -33.45 34.475 -3.101 -34.475 34.25 -3.529 -33.6 33.8 -4.0824 -32.65
4 72 33.1 -4.3651 -32.7 33.45 -3.9305 -33.45 33.8 -4.0824 -32.65 33.2 -4.5868 -32
3 72 33.2 -4.5868 -32 32.65 -4.8049 -32.05 33.1 -4.3651 -32.7
4 72 32.343 -5.067 -31.707 32.65 -4.8049 -32.05 33.2 -4.5868 -32 32.6803 -5.0238 -31.437
3 72 36.65 -1.3409 -36.65 36.35 -1.0881 -37.5 38.1834 -.1 -38.1834
4 72 38.1834 -.1 -38.1834 36.35 -1.0881 -37.5 35.85 -.7602 -38.7 35.35 -.3891 -40
3 72 38.1834 -.1 -38.1834 35.35 -.3891 -40 35.0174 -.1 -40.9629
3 72 36.9 -1.6304 -35.6 36.65 -1.3409 -36.65 38.1834 -.1 -38.1834
4 72 -27 -.1 -46.764 -28.9412 2.553 -50.1262 -25.9 2.7204 -51.9 -25.4374 -.1 -47.5353
3 16 -24.75 -3.5417 -41.05 -24.9859 -2.405 -43.2756 -23.702 -3.8744 -41.0518
4 16 -18.2635 -5.25 -41.0611 -23.702 -3.8744 -41.0518 -24.9859 -2.405 -43.2756 -25.4374 -.1 -47.5353
4 16 -17.2215 -5.25 -41.5755 -18.2635 -5.25 -41.0611 -25.4374 -.1 -47.5353 -20.6658 -.1 -49.8906
3 72 -24.9859 -2.405 -43.2756 -27 -.1 -46.764 -25.4374 -.1 -47.5353
3 72 -24.75 -3.5417 -41.05 -27 -.1 -46.764 -24.9859 -2.405 -43.2756
3 72 -22.5 -5.25 -38.97 -24.75 -3.5417 -41.05 -23.702 -3.8744 -41.0518
3 0 -10.7981 -6.7062 -40.3009 -11.0051 -6.3506 -41.0736 -9.908 -6.3703 -41.2466
3 0 -10.7981 -6.7062 -40.3009 -9.908 -6.3703 -41.2466 -6.9541 -6.4234 -41.7122
4 16 -17.0077 -5.4982 -41.0595 -17.2215 -5.25 -41.5755 -11.646 -5.25 -43.4655 -11.0051 -6.3506 -41.0736
4 16 -9.908 -6.3703 -41.2466 -11.0051 -6.3506 -41.0736 -11.646 -5.25 -43.4655 -9.3351 -5.25 -43.9248
3 16 -17.0077 -5.4982 -41.0595 -18.2635 -5.25 -41.0611 -17.2215 -5.25 -41.5755
3 72 -16.4417 -6.1556 -39.693 -17.0077 -5.4982 -41.0595 -11.0051 -6.3506 -41.0736
4 72 -18.2635 -5.25 -41.0611 -17.0077 -5.4982 -41.0595 -16.4417 -6.1556 -39.693 -21.8083 -5.8648 -37.772
3 72 -21.8083 -5.8648 -37.772 -22.5 -5.25 -38.97 -18.2635 -5.25 -41.0611
3 72 -22.5 -5.25 -38.97 -23.702 -3.8744 -41.0518 -18.2635 -5.25 -41.0611
4 16 -7.6 -.7332 -52.3 -9.3351 -5.25 -43.9248 -11.646 -5.25 -43.4655 -13.9752 -.1 -52.1586
4 16 -7.6 -.7332 -52.3 -13.9752 -.1 -52.1586 -7.047 -.1 -53.5356 -6.9032 -.7306 -52.443
4 16 -17.2215 -5.25 -41.5755 -20.6658 -.1 -49.8906 -13.9752 -.1 -52.1586 -11.646 -5.25 -43.4655
4 16 -20.6658 -.1 -49.8906 -22.962 4 -55.434 -15.528 4 -57.954 -13.9752 -.1 -52.1586
4 16 -7.047 -.1 -53.5356 -13.9752 -.1 -52.1586 -15.528 4 -57.954 -7.83 4 -59.484
4 16 -20.6658 -.1 -49.8906 -25.4374 -.1 -47.5353 -25.9 2.7204 -51.9 -22.962 4 -55.434
4 16 -30 4 -51.96 -22.962 4 -55.434 -25.9 2.7204 -51.9 -28.9412 2.553 -50.1262
3 16 -31.7 2.5044 -48.2 -30 4 -51.96 -28.9412 2.553 -50.1262
4 16 -30 4 -51.96 -31.7 2.5044 -48.2 -32.2 2.4951 -47.85 -36.528 4 -47.604
4 16 -7.047 -.1 -53.5356 -7.83 4 -59.484 0 4 -60 0 -.1 -54
4 16 7.047 -.1 -53.5356 0 -.1 -54 0 4 -60 7.83 4 -59.484
4 16 7.047 -.1 -53.5356 7.83 4 -59.484 15.528 4 -57.954 13.9752 -.1 -52.1586
4 16 7.047 -.1 -53.5356 13.9752 -.1 -52.1586 7.6 -.7332 -52.3 6.9032 -.7306 -52.443
4 16 11.646 -5.25 -43.4655 9.3351 -5.25 -43.9248 7.6 -.7332 -52.3 13.9752 -.1 -52.1586
4 16 9.908 -6.3703 -41.2466 9.3351 -5.25 -43.9248 11.646 -5.25 -43.4655 11.0051 -6.3506 -41.0736
3 0 10.7981 -6.7062 -40.3009 9.908 -6.3703 -41.2466 11.0051 -6.3506 -41.0736
4 16 17.0077 -5.4982 -41.0595 11.0051 -6.3506 -41.0736 11.646 -5.25 -43.4655 17.2215 -5.25 -41.5755
3 72 16.4417 -6.1556 -39.693 11.0051 -6.3506 -41.0736 17.0077 -5.4982 -41.0595
4 16 17.2215 -5.25 -41.5755 11.646 -5.25 -43.4655 13.9752 -.1 -52.1586 20.6658 -.1 -49.8906
4 16 17.2215 -5.25 -41.5755 20.6658 -.1 -49.8906 25.4374 -.1 -47.5353 18.2635 -5.25 -41.0611
3 16 17.0077 -5.4982 -41.0595 17.2215 -5.25 -41.5755 18.2635 -5.25 -41.0611
4 72 16.4417 -6.1556 -39.693 17.0077 -5.4982 -41.0595 18.2635 -5.25 -41.0611 21.8083 -5.8648 -37.772
3 72 21.8083 -5.8648 -37.772 18.2635 -5.25 -41.0611 22.5 -5.25 -38.97
3 72 22.5 -5.25 -38.97 18.2635 -5.25 -41.0611 23.702 -3.8744 -41.0518
3 16 24.75 -3.5417 -41.05 23.702 -3.8744 -41.0518 24.9859 -2.405 -43.2756
4 16 24.9859 -2.405 -43.2756 23.702 -3.8744 -41.0518 18.2635 -5.25 -41.0611 25.4374 -.1 -47.5353
4 16 25.9 2.7204 -51.9 25.4374 -.1 -47.5353 20.6658 -.1 -49.8906 22.962 4 -55.434
4 16 30 4 -51.96 28.9412 2.553 -50.1262 25.9 2.7204 -51.9 22.962 4 -55.434
3 16 30.85 2.6085 -48.95 28.9412 2.553 -50.1262 30 4 -51.96
4 16 15.528 4 -57.954 22.962 4 -55.434 20.6658 -.1 -49.8906 13.9752 -.1 -52.1586
4 72 25.9 2.7204 -51.9 28.9412 2.553 -50.1262 27 -.1 -46.764 25.4374 -.1 -47.5353
3 72 24.9859 -2.405 -43.2756 25.4374 -.1 -47.5353 27 -.1 -46.764
4 72 24.75 -3.5417 -41.05 24.9859 -2.405 -43.2756 27 -.1 -46.764 28 -1.434 -43.3
4 72 -7 -6.1189 -42.4 -6.9541 -6.4234 -41.7122 -9.908 -6.3703 -41.2466 -9.3351 -5.25 -43.9248
3 72 -7 -6.1189 -42.4 -9.3351 -5.25 -43.9248 -6.85 -5.7387 -43.3
3 72 -6.85 -5.7387 -43.3 -9.3351 -5.25 -43.9248 -6.4 -5.3628 -44.25
3 72 -9.3351 -5.25 -43.9248 -6.2381 -5.25 -44.5403 -6.4 -5.3628 -44.25
4 72 -6.2381 -5.25 -44.5403 -9.3351 -5.25 -43.9248 -7.6 -.7332 -52.3 -5.923 -5.0284 -44.997
3 72 -5.923 -5.0284 -44.997 -7.6 -.7332 -52.3 -6.9032 -.7306 -52.443
3 72 -5.923 -5.0284 -44.997 -6.9032 -.7306 -52.443 -5.5 -4.7279 -45.55
4 72 -4.95 -4.4053 -46.15 -5.5 -4.7279 -45.55 -6.9032 -.7306 -52.443 -4.45 -3.995 -46.9
4 72 -4.45 -3.995 -46.9 -6.9032 -.7306 -52.443 -4.2 -3.4036 -47.95 -4.2 -3.8327 -47.2
3 72 -4.2 -3.4036 -47.95 -6.9032 -.7306 -52.443 -4.05 -2.837 -48.95
3 72 -4.05 -2.837 -48.95 -6.9032 -.7306 -52.443 -3.8 -2.2742 -49.95
3 72 -3.8 -2.2742 -49.95 -6.9032 -.7306 -52.443 -3.5 -1.7133 -50.95
4 72 -3.2 -1.2096 -51.85 -3.5 -1.7133 -50.95 -6.9032 -.7306 -52.443 -3 -.7594 -52.65
4 16 -3 -.7594 -52.65 -6.9032 -.7306 -52.443 -7.047 -.1 -53.5356 -2.35 -.7553 -52.7
4 16 -2.35 -.7553 -52.7 -7.047 -.1 -53.5356 0 -.1 -54 -1.4 -.7625 -52.75
3 16 -1.4 -.7625 -52.75 0 -.1 -54 -.8 -.7565 -52.8
3 16 -.8 -.7565 -52.8 0 -.1 -54 0 -.7581 -52.85
3 16 .25 -.7486 -52.85 0 -.7581 -52.85 0 -.1 -54
3 16 .95 -.7508 -52.8 .25 -.7486 -52.85 0 -.1 -54
4 16 1.95 -.7704 -52.7 .95 -.7508 -52.8 0 -.1 -54 2.75 -.7688 -52.65
4 16 3.95 -.7808 -52.55 2.75 -.7688 -52.65 0 -.1 -54 4.6 -.7849 -52.5
4 16 4.6 -.7849 -52.5 0 -.1 -54 7.047 -.1 -53.5356 6.9032 -.7306 -52.443
3 72 4.65 -1.0119 -52.1 4.6 -.7849 -52.5 6.9032 -.7306 -52.443
3 72 4.7 -1.6394 -51 4.65 -1.0119 -52.1 6.9032 -.7306 -52.443
3 72 4.7 -2.2689 -49.9 4.7 -1.6394 -51 6.9032 -.7306 -52.443
4 72 4.65 -2.843 -48.9 4.7 -2.2689 -49.9 6.9032 -.7306 -52.443 5.8725 -5.25 -44.613
4 72 4.45 -3.3941 -47.95 4.65 -2.843 -48.9 5.8725 -5.25 -44.613 5.3001 -5.25 -44.6507
4 72 4.45 -3.3941 -47.95 5.3001 -5.25 -44.6507 4.75 -4.9278 -45.25 4.2 -3.89 -47.1
3 72 4.75 -4.9278 -45.25 3.9 -4.359 -46.3 4.2 -3.89 -47.1
4 72 5.7523 -5.6594 -43.6997 5.8725 -5.25 -44.613 9.3351 -5.25 -43.9248 6.1 -6.0223 -42.8
4 72 6.15 -6.433 -41.85 6.1 -6.0223 -42.8 9.3351 -5.25 -43.9248 9.908 -6.3703 -41.2466
4 72 5.8725 -5.25 -44.613 6.9032 -.7306 -52.443 7.6 -.7332 -52.3 9.3351 -5.25 -43.9248
3 0 10.7981 -6.7062 -40.3009 6.15 -6.433 -41.85 9.908 -6.3703 -41.2466
4 72 23.5 -5.4733 -37.7 23.2303 -5.7731 -37.0708 21.8083 -5.8648 -37.772 22.5 -5.25 -38.97
3 72 23.5 -5.4733 -37.7 22.5 -5.25 -38.97 23.7435 -5.25 -38.1402
4 72 24.3 -4.7343 -38.85 23.7435 -5.25 -38.1402 22.5 -5.25 -38.97 23.702 -3.8744 -41.0518
4 72 24.95 -4.2412 -39.45 24.3 -4.7343 -38.85 23.702 -3.8744 -41.0518 24.75 -3.5417 -41.05
4 72 25.6 -3.7482 -40.05 24.95 -4.2412 -39.45 24.75 -3.5417 -41.05 26.45 -3.096 -40.85
4 72 27.4 -2.2928 -41.9 26.45 -3.096 -40.85 24.75 -3.5417 -41.05 28 -1.434 -43.3
3 72 27.4 -2.2928 -41.9 28 -1.434 -43.3 27.95 -1.8792 -42.4
3 72 28.3 -.4561 -45.15 27 -.1 -46.764 28.506 -.1 -45.7591
3 72 28.05 -.9888 -44.2 27 -.1 -46.764 28.3 -.4561 -45.15
3 72 28 -1.434 -43.3 27 -.1 -46.764 28.05 -.9888 -44.2
3 72 28.506 -.1 -45.7591 27 -.1 -46.764 28.9 .4718 -46.5
4 72 29.35 1.0701 -47.25 28.9 .4718 -46.5 27 -.1 -46.764 28.9412 2.553 -50.1262
3 72 29.35 1.0701 -47.25 28.9412 2.553 -50.1262 29.95 1.7538 -48.05
3 72 29.95 1.7538 -48.05 28.9412 2.553 -50.1262 30.85 2.6085 -48.95
4 72 35.1461 2.4489 -45.803 34.604 2.0324 -45.4335 34.65 2.3725 -46 34.8 2.6859 -46.45
3 72 35.1461 2.4489 -45.803 34.8 2.6859 -46.45 35.4263 2.7634 -46.1682
3 72 35.1461 2.4489 -45.803 35.4263 2.7634 -46.1682 35.65 2.7779 -46
4 16 -38.1 2.907 -44.1 -41.5779 3.1804 -41.5779 -42.4264 4.0004 -42.4264 -36.528 4 -47.604
3 16 -38.1 2.907 -44.1 -36.528 4 -47.604 -37.55 2.8644 -44.5
3 16 -37.55 2.8644 -44.5 -36.528 4 -47.604 -36.7 2.7634 -45.05
4 16 -36.05 2.6756 -45.45 -36.7 2.7634 -45.05 -36.528 4 -47.604 -35.25 2.5715 -45.95
3 16 -35.25 2.5715 -45.95 -36.528 4 -47.604 -34.95 2.572 -46.15
3 16 -34.95 2.572 -46.15 -36.528 4 -47.604 -34.4 2.5908 -46.55
3 16 -34.4 2.5908 -46.55 -36.528 4 -47.604 -33.9 2.5716 -46.85
4 16 -33.2 2.5334 -47.25 -33.9 2.5716 -46.85 -36.528 4 -47.604 -32.2 2.4951 -47.85
4 16 31.45 2.5803 -48.5 30.85 2.6085 -48.95 30 4 -51.96 32.35 2.5806 -47.9
4 16 32.35 2.5806 -47.9 30 4 -51.96 36.528 4 -47.604 33.2 2.6189 -47.4
3 16 34.25 2.6762 -46.8 33.2 2.6189 -47.4 36.528 4 -47.604
4 16 34.8 2.6859 -46.45 34.25 2.6762 -46.8 36.528 4 -47.604 35.4263 2.7634 -46.1682
4 16 35.65 2.7779 -46 35.4263 2.7634 -46.1682 36.528 4 -47.604 36.45 2.9078 -45.55
4 72 36.95 -2.1196 -34.25 36.9 -1.6304 -35.6 38.183 -.1 -38.183 41.3 -.0999 -34.6337
4 72 36.95 -2.1196 -34.25 41.3 -.0999 -34.6337 41.3 -1.2133 -31.6908 36.8 -2.5815 -33.2
4 72 36.35 -3.1916 -32.1 36.8 -2.5815 -33.2 41.3 -1.2133 -31.6908 36.73 -4.5093 -28.1841
3 72 34.6496 -4.7736 -29.8551 35.05 -4.4328 -30.3 36.73 -4.5093 -28.1841
3 72 36.73 -4.5093 -28.1841 35.05 -4.4328 -30.3 35.75 -3.8095 -31.15
3 72 36.73 -4.5093 -28.1841 35.75 -3.8095 -31.15 36.35 -3.1916 -32.1
4 16 36.528 4 -47.604 42.426 4 -42.426 41.5779 3.1804 -41.5779 36.45 2.9078 -45.55
4 72 34.6 .7597 -43 34.5 1.3578 -44.25 35.05 1.9408 -44.9 41.5779 3.1804 -41.5779
4 72 41.5779 3.1804 -41.5779 35.05 1.9408 -44.9 35.75 2.4629 -45.3 36.45 2.9078 -45.55
4 72 35.0174 -.1 -40.9629 34.75 .3386 -42.05 34.6 .7597 -43 41.5779 3.1804 -41.5779
3 72 38.183 -.1 -38.183 35.0174 -.1 -40.9629 41.5779 3.1804 -41.5779
