0 Sticker  2.2 x  4.6 Blue "POLICE"
0 Name: 190265d.dat
0 Author: Philippe Hurbain [Philo]
0 !LDRAW_ORG Part UPDATE 2018-02
0 !LICENSE Redistributable under CCAL version 2.0 : see CAreadme.txt

0 BFC CERTIFY CCW

0 !KEYWORDS Fabuland, Set 350-3

0 !HISTORY 2018-12-08 [PTadmin] Official Update 2018-02

4 16 -17.2 0 12.7 -6.8 0 15.3 4.8319 0 -0.5552 -23.1 0 11.2
4 16 -31.3 0 9.9 -23.1 0 11.2 4.8319 0 -0.5552 -39 0 7.8
4 16 -44 0 5.2 -39 0 7.8 4.8319 0 -0.5552 -46.5 0 0.2
4 16 -46.4 0 -4.4 -46.5 0 0.2 4.8319 0 -0.5552 -43.3 0 -11.6
4 16 -40.9 0 -17.5 -43.3 0 -11.6 4.8319 0 -0.5552 -37.6 0 -21.4
4 16 -34.6 0 -22.3 -37.6 0 -21.4 4.8319 0 -0.5552 -31.3 0 -21.4
3 16 -24.6 0 -18.2 -31.3 0 -21.4 4.8319 0 -0.5552
3 16 -24.6 0 -18.2 4.8319 0 -0.5552 -18.5 0 -16.1
3 16 -18.5 0 -16.1 4.8319 0 -0.5552 -10.8 0 -14.6
3 16 -10.8 0 -14.6 4.8319 0 -0.5552 -3.2 0 -14
3 16 -3.2 0 -14 4.8319 0 -0.5552 0.75 0 -13.8
3 16 4.8319 0 -0.5552 -6.8 0 15.3 -1.45 0 18.2
4 16 4.8319 0 -0.5552 -1.45 0 18.2 2.75 0 21.1 6.85 0 22.5
4 16 4.8319 0 -0.5552 6.85 0 22.5 11.55 0 22.5 15.15 0 19.8
3 16 4.8319 0 -0.5552 15.15 0 19.8 17.35 0 15.8
3 16 4.8319 0 -0.5552 17.35 0 15.8 20.15 0 13.25
3 16 4.8319 0 -0.5552 20.15 0 13.25 23.85 0 12.45
4 16 4.8319 0 -0.5552 23.85 0 12.45 28.15 0 12.1 32.75 0 11.4
4 16 4.8319 0 -0.5552 32.75 0 11.4 37.95 0 9.6 43.15 0 6.4
4 16 4.8319 0 -0.5552 43.15 0 6.4 45.75 0 3.5 46.25 0 -0.2
4 16 4.8319 0 -0.5552 46.25 0 -0.2 45.45 0 -4.9 42.55 0 -10
3 16 4.8319 0 -0.5552 42.55 0 -10 41.65 0 -12.9
4 16 4.8319 0 -0.5552 41.65 0 -12.9 41.75 0 -16.6 40.65 0 -19.5
4 16 4.8319 0 -0.5552 40.65 0 -19.5 37.85 0 -21.6 33.75 0 -22.6
4 16 4.8319 0 -0.5552 33.75 0 -22.6 30.05 0 -21.6 24.35 0 -18.5
3 16 4.8319 0 -0.5552 24.35 0 -18.5 18.85 0 -16.5
3 16 4.8319 0 -0.5552 18.85 0 -16.5 12.85 0 -15.2
3 16 4.8319 0 -0.5552 12.85 0 -15.2 4.95 0 -14
3 16 4.8319 0 -0.5552 4.95 0 -14 0.75 0 -13.8
4 1 -33.95 -0.25 -11.15 -32.8 -0.25 -5.95 -34.8 -0.25 -1.45 -37.8 -0.25 -1.85
4 1 -37.8 -0.25 -1.85 -34.8 -0.25 -1.45 -34.4 -0.25 -0.35 -38.15 -0.25 1.5
4 1 -38.85 -0.25 -1.5 -37.8 -0.25 -1.85 -38.15 -0.25 1.5 -40.15 -0.25 0.8
4 1 -38.85 -0.25 -1.5 -40.15 -0.25 0.8 -40.8 -0.25 -0.4 -40.55 -0.25 -1.45
3 1 -40.55 -0.25 -1.45 -39.9 -0.25 -1.8 -38.85 -0.25 -1.5
4 1 -32.4 -0.25 3.8 -38.15 -0.25 1.5 -34.4 -0.25 -0.35 -32.1 -0.25 0.5
4 1 -30.2 -0.25 4.1 -32.4 -0.25 3.8 -32.1 -0.25 0.5 -30.3 -0.25 0.45
4 1 -27.8 -0.25 3.4 -30.2 -0.25 4.1 -30.3 -0.25 0.45 -29.2 -0.25 -0.25
4 1 -26.05 -0.25 1.85 -27.8 -0.25 3.4 -29.2 -0.25 -0.25 -25.4 -0.25 -0.4
4 1 -25.4 -0.25 -0.4 -29.2 -0.25 -0.25 -28.55 -0.25 -2.15 -25.2 -0.25 -2.6
4 1 -25.2 -0.25 -2.6 -28.55 -0.25 -2.15 -28.85 -0.25 -4.05 -25.75 -0.25 -5.25
4 1 -25.75 -0.25 -5.25 -28.85 -0.25 -4.05 -29.8 -0.25 -5.5 -27.7 -0.25 -7
4 1 -27.7 -0.25 -7 -29.8 -0.25 -5.5 -30.85 -0.25 -6 -29.25 -0.25 -8.3
4 1 -29.25 -0.25 -8.3 -30.85 -0.25 -6 -32.8 -0.25 -5.95 -29.85 -0.25 -9
4 1 -29.85 -0.25 -9 -32.8 -0.25 -5.95 -33.95 -0.25 -11.15 -29.8 -0.25 -10
4 1 -29.8 -0.25 -10 -33.95 -0.25 -11.15 -34 -0.25 -12.35 -28.95 -0.25 -10.8
4 1 -30.15 -0.25 -14.6 -28.95 -0.25 -10.8 -34 -0.25 -12.35 -32.1 -0.25 -15.5
4 1 -32.1 -0.25 -15.5 -34 -0.25 -12.35 -34.9 -0.25 -12.9 -35.5 -0.25 -14.2
4 1 -32.1 -0.25 -15.5 -35.5 -0.25 -14.2 -34.55 -0.25 -16.35 -33.6 -0.25 -16.7
4 1 -28.95 -0.25 -10.8 -30.15 -0.25 -14.6 -28.05 -0.25 -14.4 -26.7 -0.25 -14
4 1 -27.45 -0.25 -10.8 -28.95 -0.25 -10.8 -26.7 -0.25 -14 -26.55 -0.25 -11.25
4 1 -26.05 -0.25 -12.25 -26.55 -0.25 -11.25 -26.7 -0.25 -14 -26.1 -0.25 -13.25
4 1 -17.5 -0.25 1.85 -16.3 -0.25 2.4 -17.05 -0.25 5.55 -19.3 -0.25 4.8
4 1 -17.5 -0.25 1.85 -19.3 -0.25 4.8 -21.25 -0.25 2.9 -17.9 -0.25 0.7
4 1 -17.9 -0.25 0.7 -21.25 -0.25 2.9 -22 -0.25 0.2 -17.95 -0.25 -1.35
4 1 -17.95 -0.25 -1.35 -22 -0.25 0.2 -22.05 -0.25 -2.8 -17.55 -0.25 -4.55
4 1 -17.55 -0.25 -4.55 -22.05 -0.25 -2.8 -21.5 -0.25 -6 -16.6 -0.25 -6.75
4 1 -16.6 -0.25 -6.75 -21.5 -0.25 -6 -19.2 -0.25 -9.05 -17 -0.25 -10.4
4 1 -15 -0.25 -7.6 -16.6 -0.25 -6.75 -17 -0.25 -10.4 -14.55 -0.25 -10.45
4 1 -13.9 -0.25 -7.35 -15 -0.25 -7.6 -14.55 -0.25 -10.45 -12.6 -0.25 -9.7
4 1 -13.9 -0.25 -7.35 -12.6 -0.25 -9.7 -11.6 -0.25 -7.95 -13.35 -0.25 -5.9
4 1 -13.35 -0.25 -5.9 -11.6 -0.25 -7.95 -10.8 -0.25 -5.15 -13.35 -0.25 -2.8
4 1 -13.35 -0.25 -2.8 -10.8 -0.25 -5.15 -10.75 -0.25 -2.2 -14.05 -0.25 0.05
4 1 -14.05 -0.25 0.05 -10.75 -0.25 -2.2 -11.65 -0.25 1.4 -15.1 -0.25 1.9
4 1 -15.1 -0.25 1.9 -11.65 -0.25 1.4 -13.45 -0.25 3.8 -16.3 -0.25 2.4
4 1 -16.3 -0.25 2.4 -13.45 -0.25 3.8 -15.15 -0.25 5.05 -17.05 -0.25 5.55
4 1 -3.8 -0.25 9.9 -4.55 -0.25 5.55 -3.85 -0.25 6.85 -2.65 -0.25 9.9
4 1 -2.65 -0.25 9.9 -3.85 -0.25 6.85 -2.7 -0.25 7.25 -2.05 -0.25 7.95
3 1 -2.65 -0.25 9.9 -2.05 -0.25 7.95 -2 -0.25 9.1
4 1 -4.55 -0.25 5.55 -3.8 -0.25 9.9 -8.35 -0.25 9.4 -8.85 -0.25 6.3
4 1 -8.85 -0.25 6.3 -8.35 -0.25 9.4 -10.7 -0.25 9.25 -11.45 -0.25 8.65
4 1 -10.9 -0.25 6.4 -8.85 -0.25 6.3 -11.45 -0.25 8.65 -11.65 -0.25 7.15
3 1 -8.85 -0.25 6.3 -8.4 -0.25 5.5 -4.55 -0.25 5.55
4 1 -4.1 -0.25 -4.45 -4.55 -0.25 5.55 -8.4 -0.25 5.5 -7.7 -0.25 -5.65
4 1 -4.1 -0.25 -4.45 -7.7 -0.25 -5.65 -5.8 -0.25 -8.9 -3.25 -0.25 -5.3
4 1 -3.25 -0.25 -5.3 -5.8 -0.25 -8.9 -3.15 -0.25 -8.7 -2.15 -0.25 -5.2
4 1 -2.15 -0.25 -5.2 -3.15 -0.25 -8.7 -1.95 -0.25 -9.15 0.85 -0.25 -7.55
4 1 0.6 -0.25 -8.8 0.85 -0.25 -7.55 -1.95 -0.25 -9.15 -0.15 -0.25 -9.65
3 1 -1.95 -0.25 -9.15 -1.2 -0.25 -9.75 -0.15 -0.25 -9.65
4 1 -1.55 -0.25 -4.4 -2.15 -0.25 -5.2 0.85 -0.25 -7.55 1.65 -0.25 -3.65
4 1 -1.35 -0.25 -3.3 -1.55 -0.25 -4.4 1.65 -0.25 -3.65 -0.15 -0.25 -2.85
3 1 -0.15 -0.25 -2.85 1.65 -0.25 -3.65 1 -0.25 -2.9
4 1 -7.55 -0.25 -9.5 -5.8 -0.25 -8.9 -7.7 -0.25 -5.65 -8.7 -0.25 -7
4 1 -7.55 -0.25 -9.5 -8.7 -0.25 -7 -9.3 -0.25 -7.85 -9.1 -0.25 -9
3 1 -9.1 -0.25 -9 -8.6 -0.25 -9.65 -7.55 -0.25 -9.5
4 0 -24.15 -0.25 -0.55 -24.95 -0.25 2 -26.05 -0.25 1.85 -25.4 -0.25 -0.4
4 0 -23.9 -0.25 -3.7 -24.15 -0.25 -0.55 -25.4 -0.25 -0.4 -25.2 -0.25 -2.6
4 0 -24.6 -0.25 -5.55 -23.9 -0.25 -3.7 -25.2 -0.25 -2.6 -25.75 -0.25 -5.25
4 0 -25.6 -0.25 -7.2 -24.6 -0.25 -5.55 -25.75 -0.25 -5.25 -27.7 -0.25 -7
4 0 -27.35 -0.25 -8.25 -25.6 -0.25 -7.2 -27.7 -0.25 -7 -29.25 -0.25 -8.3
4 0 -28.45 -0.25 -9 -27.35 -0.25 -8.25 -29.25 -0.25 -8.3 -29.85 -0.25 -9
4 0 -28.45 -0.25 -9 -29.85 -0.25 -9 -29.8 -0.25 -10 -28.4 -0.25 -9.75
4 0 -28.4 -0.25 -9.75 -29.8 -0.25 -10 -28.95 -0.25 -10.8 -27.45 -0.25 -10.8
4 0 -26.85 -0.25 -9.55 -28.4 -0.25 -9.75 -27.45 -0.25 -10.8 -25.75 -0.25 -10.2
4 0 -25.75 -0.25 -10.2 -27.45 -0.25 -10.8 -26.55 -0.25 -11.25 -24.95 -0.25 -11.5
4 0 -24.95 -0.25 -11.5 -26.55 -0.25 -11.25 -26.05 -0.25 -12.25 -24.9 -0.25 -13.3
4 0 -24.9 -0.25 -13.3 -26.05 -0.25 -12.25 -26.1 -0.25 -13.25 -25.6 -0.25 -15.05
4 0 -25.6 -0.25 -15.05 -26.1 -0.25 -13.25 -26.7 -0.25 -14 -26.9 -0.25 -15.9
4 0 -26.9 -0.25 -15.9 -26.7 -0.25 -14 -28.05 -0.25 -14.4 -29.55 -0.25 -16.15
4 0 -29.55 -0.25 -16.15 -28.05 -0.25 -14.4 -30.15 -0.25 -14.6 -32.1 -0.25 -15.5
4 0 -32.8 -0.25 -18 -29.55 -0.25 -16.15 -32.1 -0.25 -15.5 -33.6 -0.25 -16.7
4 0 -34.1 -0.25 -18.55 -32.8 -0.25 -18 -33.6 -0.25 -16.7 -35.15 -0.25 -17.75
4 0 -35.15 -0.25 -17.75 -33.6 -0.25 -16.7 -34.55 -0.25 -16.35 -36.8 -0.25 -15.65
4 0 -36.8 -0.25 -15.65 -34.55 -0.25 -16.35 -35.5 -0.25 -14.2 -36.7 -0.25 -13.55
4 0 -36.7 -0.25 -13.55 -35.5 -0.25 -14.2 -34.9 -0.25 -12.9 -35.65 -0.25 -11.55
4 0 -35.65 -0.25 -11.55 -34.9 -0.25 -12.9 -34 -0.25 -12.35 -33.95 -0.25 -11.15
4 0 -35.65 -0.25 -11.55 -33.95 -0.25 -11.15 -37.8 -0.25 -1.85 -38.8 -0.25 -4.1
4 0 -39.7 -0.25 -3.75 -38.8 -0.25 -4.1 -37.8 -0.25 -1.85 -38.85 -0.25 -1.5
4 0 -39.7 -0.25 -3.75 -38.85 -0.25 -1.5 -39.9 -0.25 -1.8 -40.85 -0.25 -4.05
4 0 -42 -0.25 -3.15 -40.85 -0.25 -4.05 -39.9 -0.25 -1.8 -40.55 -0.25 -1.45
4 0 -42.75 -0.25 -1.55 -42 -0.25 -3.15 -40.55 -0.25 -1.45 -40.8 -0.25 -0.4
4 0 -42.5 -0.25 0.5 -42.75 -0.25 -1.55 -40.8 -0.25 -0.4 -40.15 -0.25 0.8
4 0 -40.8 -0.25 2.05 -42.5 -0.25 0.5 -40.15 -0.25 0.8 -38.15 -0.25 1.5
4 0 -32.85 -0.25 4.8 -40.8 -0.25 2.05 -38.15 -0.25 1.5 -32.4 -0.25 3.8
4 0 -30.25 -0.25 5.2 -32.85 -0.25 4.8 -32.4 -0.25 3.8 -30.2 -0.25 4.1
4 0 -27.925 -0.25 4.85 -30.25 -0.25 5.2 -30.2 -0.25 4.1 -27.8 -0.25 3.4
4 0 -26.05 -0.25 3.65 -27.925 -0.25 4.85 -27.8 -0.25 3.4 -26.05 -0.25 1.85
3 0 -26.05 -0.25 3.65 -26.05 -0.25 1.85 -24.95 -0.25 2
4 0 -24.15 -0.25 -0.55 -23.9 -0.25 -3.7 -22.05 -0.25 -2.8 -22 -0.25 0.2
4 0 -23.4 -0.25 2.35 -24.15 -0.25 -0.55 -22 -0.25 0.2 -21.25 -0.25 2.9
4 0 -21.65 -0.25 4.8 -23.4 -0.25 2.35 -21.25 -0.25 2.9 -19.3 -0.25 4.8
4 0 -19.45 -0.25 6.2 -21.65 -0.25 4.8 -19.3 -0.25 4.8 -17.05 -0.25 5.55
4 0 -16.9 -0.25 6.8 -19.45 -0.25 6.2 -17.05 -0.25 5.55 -15.15 -0.25 5.05
4 0 -14.5 -0.25 6.1 -16.9 -0.25 6.8 -15.15 -0.25 5.05 -12.8 -0.25 4.75
4 0 -12.8 -0.25 4.75 -15.15 -0.25 5.05 -13.45 -0.25 3.8 -11.05 -0.25 2.75
4 0 -11.05 -0.25 2.75 -13.45 -0.25 3.8 -11.65 -0.25 1.4 -10.1 -0.25 -0.35
4 0 -10.1 -0.25 -0.35 -11.65 -0.25 1.4 -10.75 -0.25 -2.2 -9.75 -0.25 -3.1
4 0 -9.75 -0.25 -3.1 -10.75 -0.25 -2.2 -10.8 -0.25 -5.15 -9.85 -0.25 -6.05
4 0 -9.85 -0.25 -6.05 -10.8 -0.25 -5.15 -11.6 -0.25 -7.95 -10.55 -0.25 -9.05
4 0 -11.85 -0.25 -10.65 -10.55 -0.25 -9.05 -11.6 -0.25 -7.95 -12.6 -0.25 -9.7
4 0 -14.4 -0.25 -11.9 -11.85 -0.25 -10.65 -12.6 -0.25 -9.7 -14.55 -0.25 -10.45
4 0 -21.5 -0.25 -6 -22.05 -0.25 -2.8 -23.9 -0.25 -3.7 -23.15 -0.25 -6.3
4 0 -21.5 -0.25 -6 -23.15 -0.25 -6.3 -21.55 -0.25 -9.1 -19.2 -0.25 -9.05
4 0 -19.2 -0.25 -9.05 -21.55 -0.25 -9.1 -18.75 -0.25 -11.3 -17 -0.25 -10.4
4 0 -17 -0.25 -10.4 -18.75 -0.25 -11.3 -16.4 -0.25 -12.05 -14.4 -0.25 -11.9
3 0 -17 -0.25 -10.4 -14.4 -0.25 -11.9 -14.55 -0.25 -10.45
4 0 -15.45 -0.25 -6.1 -16.6 -0.25 -6.75 -15 -0.25 -7.6 -14.65 -0.25 -6.1
4 0 -14.65 -0.25 -6.1 -15 -0.25 -7.6 -13.9 -0.25 -7.35 -13.35 -0.25 -5.9
4 0 -14.45 -0.25 -4.9 -14.65 -0.25 -6.1 -13.35 -0.25 -5.9 -13.35 -0.25 -2.8
4 0 -14.95 -0.25 -1.95 -14.45 -0.25 -4.9 -13.35 -0.25 -2.8 -14.05 -0.25 0.05
4 0 -15.7 -0.25 0.45 -14.95 -0.25 -1.95 -14.05 -0.25 0.05 -15.1 -0.25 1.9
4 0 -16.35 -0.25 0.85 -15.7 -0.25 0.45 -15.1 -0.25 1.9 -16.3 -0.25 2.4
4 0 -16.35 -0.25 0.85 -16.3 -0.25 2.4 -17.5 -0.25 1.85 -16.85 -0.25 0.3
4 0 -16.85 -0.25 0.3 -17.5 -0.25 1.85 -17.9 -0.25 0.7 -17.95 -0.25 -1.35
4 0 -16.55 -0.25 -3.25 -16.85 -0.25 0.3 -17.95 -0.25 -1.35 -17.55 -0.25 -4.55
3 0 -16.55 -0.25 -3.25 -17.55 -0.25 -4.55 -16.1 -0.25 -5
4 0 -15.45 -0.25 -6.1 -16.1 -0.25 -5 -17.55 -0.25 -4.55 -16.6 -0.25 -6.75
4 0 -30.05 -0.25 -3.55 -28.85 -0.25 -4.05 -28.55 -0.25 -2.15 -30.25 -0.25 -2
4 0 -30.25 -0.25 -2 -28.55 -0.25 -2.15 -29.2 -0.25 -0.25 -30.3 -0.25 0.45
4 0 -31.55 -0.25 -0.9 -30.25 -0.25 -2 -30.3 -0.25 0.45 -32.1 -0.25 0.5
4 0 -32.8 -0.25 -1.05 -31.55 -0.25 -0.9 -32.1 -0.25 0.5 -34.4 -0.25 -0.35
4 0 -32.8 -0.25 -1.05 -34.4 -0.25 -0.35 -34.8 -0.25 -1.45 -33.3 -0.25 -2.1
4 0 -32.95 -0.25 -3.45 -33.3 -0.25 -2.1 -34.8 -0.25 -1.45 -32.8 -0.25 -5.95
4 0 -31.8 -0.25 -4.65 -32.95 -0.25 -3.45 -32.8 -0.25 -5.95 -30.85 -0.25 -6
4 0 -30.6 -0.25 -4.55 -31.8 -0.25 -4.65 -30.85 -0.25 -6 -29.8 -0.25 -5.5
4 0 -30.05 -0.25 -3.55 -30.6 -0.25 -4.55 -29.8 -0.25 -5.5 -28.85 -0.25 -4.05
4 0 -9.3 -0.25 -7.85 -8.7 -0.25 -7 -9.85 -0.25 -6.05 -10.55 -0.25 -9.05
4 0 -9.3 -0.25 -7.85 -10.55 -0.25 -9.05 -10.35 -0.25 -10.3 -9.1 -0.25 -9
4 0 -9.1 -0.25 -9 -10.35 -0.25 -10.3 -9.65 -0.25 -11 -8.6 -0.25 -9.65
4 0 -8.6 -0.25 -9.65 -9.65 -0.25 -11 -8.25 -0.25 -11.15 -7.55 -0.25 -9.5
4 0 -7.55 -0.25 -9.5 -8.25 -0.25 -11.15 -6.05 -0.25 -10.3 -5.8 -0.25 -8.9
4 0 -3.15 -0.25 -8.7 -5.8 -0.25 -8.9 -6.05 -0.25 -10.3 -3.5 -0.25 -10.3
4 0 -1.95 -0.25 -9.15 -3.15 -0.25 -8.7 -3.5 -0.25 -10.3 -1.2 -0.25 -9.75
4 0 -1.2 -0.25 -9.75 -3.5 -0.25 -10.3 -1.7 -0.25 -10.9 -0.05 -0.25 -11
4 0 -0.15 -0.25 -9.65 -1.2 -0.25 -9.75 -0.05 -0.25 -11 1.5 -0.25 -9.9
4 0 0.6 -0.25 -8.8 -0.15 -0.25 -9.65 1.5 -0.25 -9.9 1.85 -0.25 -7.4
4 0 0.85 -0.25 -7.55 0.6 -0.25 -8.8 1.85 -0.25 -7.4 2.75 -0.25 -3.45
4 0 1.65 -0.25 -3.65 0.85 -0.25 -7.55 2.75 -0.25 -3.45 2.25 -0.25 -2.25
4 0 1 -0.25 -2.9 1.65 -0.25 -3.65 2.25 -0.25 -2.25 0.5 -0.25 -1.7
4 0 -0.15 -0.25 -2.85 1 -0.25 -2.9 0.5 -0.25 -1.7 -1.35 -0.25 -1.85
4 0 -1.35 -0.25 -3.3 -0.15 -0.25 -2.85 -1.35 -0.25 -1.85 -2.2 -0.25 -2.9
4 0 -1.55 -0.25 -4.4 -1.35 -0.25 -3.3 -2.2 -0.25 -2.9 -2.3 -0.25 -4.15
4 0 -2.15 -0.25 -5.2 -1.55 -0.25 -4.4 -2.3 -0.25 -4.15 -2.95 -0.25 -4.25
4 0 -3.25 -0.25 -5.3 -2.15 -0.25 -5.2 -2.95 -0.25 -4.25 -4.1 -0.25 -4.45
4 0 -4.55 -0.25 5.55 -4.1 -0.25 -4.45 -2.95 -0.25 -4.25 -3.4 -0.25 4.7
4 0 -3.85 -0.25 6.85 -4.55 -0.25 5.55 -3.4 -0.25 4.7 -1.95 -0.25 5.85
4 0 -2.7 -0.25 7.25 -3.85 -0.25 6.85 -1.95 -0.25 5.85 -1.05 -0.25 7.3
4 0 -2.05 -0.25 7.95 -2.7 -0.25 7.25 -1.05 -0.25 7.3 -0.85 -0.25 8.95
4 0 -2 -0.25 9.1 -2.05 -0.25 7.95 -0.85 -0.25 8.95 -1.6 -0.25 10.55
4 0 -2.65 -0.25 9.9 -2 -0.25 9.1 -1.6 -0.25 10.55 -3.1 -0.25 11.15
4 0 -3.8 -0.25 9.9 -2.65 -0.25 9.9 -3.1 -0.25 11.15 -8.4 -0.25 10.45
4 0 -8.35 -0.25 9.4 -3.8 -0.25 9.9 -8.4 -0.25 10.45 -11.1 -0.25 10.55
4 0 -10.7 -0.25 9.25 -8.35 -0.25 9.4 -11.1 -0.25 10.55 -12 -0.25 10.1
4 0 -11.45 -0.25 8.65 -10.7 -0.25 9.25 -12 -0.25 10.1 -12.85 -0.25 8.6
4 0 -11.65 -0.25 7.15 -11.45 -0.25 8.65 -12.85 -0.25 8.6 -13 -0.25 6.7
4 0 -10.9 -0.25 6.4 -11.65 -0.25 7.15 -13 -0.25 6.7 -12.25 -0.25 5.25
4 0 -10.9 -0.25 6.4 -12.25 -0.25 5.25 -10.05 -0.25 4.5 -8.85 -0.25 6.3
4 0 -8.4 -0.25 5.5 -8.85 -0.25 6.3 -10.05 -0.25 4.5 -7.7 -0.25 -5.65
3 0 -10.05 -0.25 4.5 -8.7 -0.25 -5.4 -7.7 -0.25 -5.65
4 0 -8.7 -0.25 -7 -7.7 -0.25 -5.65 -8.7 -0.25 -5.4 -9.85 -0.25 -6.05
4 16 -6.8 -0.25 15.3 -17.2 -0.25 12.7 -11.1 -0.25 10.55 -8.4 -0.25 10.45
4 16 -6.8 -0.25 15.3 -8.4 -0.25 10.45 -3.1 -0.25 11.15 0.7 -0.25 12.4
3 16 -17.2 -0.25 12.7 -12 -0.25 10.1 -11.1 -0.25 10.55
3 16 -17.2 -0.25 12.7 -12.85 -0.25 8.6 -12 -0.25 10.1
4 16 -13 -0.25 6.7 -12.85 -0.25 8.6 -17.2 -0.25 12.7 -14.5 -0.25 6.1
4 16 -12.25 -0.25 5.25 -13 -0.25 6.7 -14.5 -0.25 6.1 -12.8 -0.25 4.75
4 16 -10.05 -0.25 4.5 -12.25 -0.25 5.25 -12.8 -0.25 4.75 -11.05 -0.25 2.75
3 16 -10.05 -0.25 4.5 -11.05 -0.25 2.75 -10.1 -0.25 -0.35
4 16 -10.05 -0.25 4.5 -10.1 -0.25 -0.35 -9.75 -0.25 -3.1 -8.7 -0.25 -5.4
3 16 -9.75 -0.25 -3.1 -9.85 -0.25 -6.05 -8.7 -0.25 -5.4
4 16 -16.9 -0.25 6.8 -14.5 -0.25 6.1 -17.2 -0.25 12.7 -23.1 -0.25 11.2
3 16 -23.1 -0.25 11.2 -19.45 -0.25 6.2 -16.9 -0.25 6.8
4 16 -21.65 -0.25 4.8 -19.45 -0.25 6.2 -23.1 -0.25 11.2 -27.925 -0.25 4.85
4 16 -27.925 -0.25 4.85 -23.1 -0.25 11.2 -31.3 -0.25 9.9 -30.25 -0.25 5.2
4 16 -32.85 -0.25 4.8 -30.25 -0.25 5.2 -31.3 -0.25 9.9 -39 -0.25 7.8
4 16 -40.8 -0.25 2.05 -32.85 -0.25 4.8 -39 -0.25 7.8 -44 -0.25 5.2
4 16 -42.5 -0.25 0.5 -40.8 -0.25 2.05 -44 -0.25 5.2 -46.5 -0.25 0.2
4 16 -42.75 -0.25 -1.55 -42.5 -0.25 0.5 -46.5 -0.25 0.2 -46.4 -0.25 -4.4
4 16 -42 -0.25 -3.15 -42.75 -0.25 -1.55 -46.4 -0.25 -4.4 -43.3 -0.25 -11.6
3 16 -42 -0.25 -3.15 -43.3 -0.25 -11.6 -40.85 -0.25 -4.05
4 16 -39.7 -0.25 -3.75 -40.85 -0.25 -4.05 -43.3 -0.25 -11.6 -38.8 -0.25 -4.1
4 16 -35.65 -0.25 -11.55 -38.8 -0.25 -4.1 -43.3 -0.25 -11.6 -36.7 -0.25 -13.55
4 16 -36.7 -0.25 -13.55 -43.3 -0.25 -11.6 -40.9 -0.25 -17.5 -36.8 -0.25 -15.65
4 16 -36.8 -0.25 -15.65 -40.9 -0.25 -17.5 -37.6 -0.25 -21.4 -35.15 -0.25 -17.75
4 16 -35.15 -0.25 -17.75 -37.6 -0.25 -21.4 -34.6 -0.25 -22.3 -34.1 -0.25 -18.55
4 16 -34.1 -0.25 -18.55 -34.6 -0.25 -22.3 -31.3 -0.25 -21.4 -32.8 -0.25 -18
4 16 -32.8 -0.25 -18 -31.3 -0.25 -21.4 -24.6 -0.25 -18.2 -29.55 -0.25 -16.15
3 16 -26.9 -0.25 -15.9 -29.55 -0.25 -16.15 -24.6 -0.25 -18.2
4 16 -25.6 -0.25 -15.05 -26.9 -0.25 -15.9 -24.6 -0.25 -18.2 -18.5 -0.25 -16.1
4 16 -18.75 -0.25 -11.3 -25.6 -0.25 -15.05 -18.5 -0.25 -16.1 -16.4 -0.25 -12.05
4 16 -14.4 -0.25 -11.9 -16.4 -0.25 -12.05 -18.5 -0.25 -16.1 -10.8 -0.25 -14.6
4 16 -11.85 -0.25 -10.65 -14.4 -0.25 -11.9 -10.8 -0.25 -14.6 -10.35 -0.25 -10.3
3 16 -10.35 -0.25 -10.3 -10.8 -0.25 -14.6 -9.65 -0.25 -11
4 16 -8.25 -0.25 -11.15 -9.65 -0.25 -11 -10.8 -0.25 -14.6 -3.2 -0.25 -14
4 16 -6.05 -0.25 -10.3 -8.25 -0.25 -11.15 -3.2 -0.25 -14 -3.5 -0.25 -10.3
3 16 -3.5 -0.25 -10.3 -3.2 -0.25 -14 -1.7 -0.25 -10.9
4 16 -0.05 -0.25 -11 -1.7 -0.25 -10.9 -3.2 -0.25 -14 0.75 -0.25 -13.8
3 16 -10.55 -0.25 -9.05 -11.85 -0.25 -10.65 -10.35 -0.25 -10.3
4 16 -18.75 -0.25 -11.3 -21.55 -0.25 -9.1 -24.95 -0.25 -11.5 -24.9 -0.25 -13.3
3 16 -18.75 -0.25 -11.3 -24.9 -0.25 -13.3 -25.6 -0.25 -15.05
4 16 -25.75 -0.25 -10.2 -24.95 -0.25 -11.5 -21.55 -0.25 -9.1 -23.15 -0.25 -6.3
4 16 -25.75 -0.25 -10.2 -23.15 -0.25 -6.3 -25.6 -0.25 -7.2 -26.85 -0.25 -9.55
4 16 -26.85 -0.25 -9.55 -25.6 -0.25 -7.2 -27.35 -0.25 -8.25 -28.4 -0.25 -9.75
3 16 -27.35 -0.25 -8.25 -28.45 -0.25 -9 -28.4 -0.25 -9.75
3 16 -24.6 -0.25 -5.55 -25.6 -0.25 -7.2 -23.15 -0.25 -6.3
3 16 -23.9 -0.25 -3.7 -24.6 -0.25 -5.55 -23.15 -0.25 -6.3
4 16 -30.6 -0.25 -4.55 -30.05 -0.25 -3.55 -30.25 -0.25 -2 -31.8 -0.25 -4.65
4 16 -32.95 -0.25 -3.45 -31.8 -0.25 -4.65 -30.25 -0.25 -2 -31.55 -0.25 -0.9
4 16 -33.3 -0.25 -2.1 -32.95 -0.25 -3.45 -31.55 -0.25 -0.9 -32.8 -0.25 -1.05
4 16 -16.85 -0.25 0.3 -16.55 -0.25 -3.25 -14.95 -0.25 -1.95 -15.7 -0.25 0.45
3 16 -16.35 -0.25 0.85 -16.85 -0.25 0.3 -15.7 -0.25 0.45
4 16 -14.45 -0.25 -4.9 -14.95 -0.25 -1.95 -16.55 -0.25 -3.25 -16.1 -0.25 -5
4 16 -14.45 -0.25 -4.9 -16.1 -0.25 -5 -15.45 -0.25 -6.1 -14.65 -0.25 -6.1
4 16 -2.2 -0.25 -2.9 -3.4 -0.25 4.7 -2.95 -0.25 -4.25 -2.3 -0.25 -4.15
4 16 -3.4 -0.25 4.7 -2.2 -0.25 -2.9 -1.35 -0.25 -1.85 -1.95 -0.25 5.85
4 16 -1.95 -0.25 5.85 -1.35 -0.25 -1.85 0.5 -0.25 -1.7 2.4 -0.25 2.1
4 16 8.5 -0.25 9.575 8.4 -0.25 11.05 7.75 -0.25 10.85 7.95 -0.25 9.7
3 16 7.75 -0.25 10.85 7.65 -0.25 10.2 7.95 -0.25 9.7
4 16 8.4 -0.25 11.05 8.5 -0.25 9.575 8.95 -0.25 9.8 9.1 -0.25 10.2
3 16 8.4 -0.25 11.05 9.1 -0.25 10.2 8.9 -0.25 10.8
4 0 8.4 -0.25 11.05 8.9 -0.25 10.8 8.95 -0.25 11.6 8.25 -0.25 11.75
4 0 7.75 -0.25 10.85 8.4 -0.25 11.05 8.25 -0.25 11.75 7.5 -0.25 11.55
4 0 7.75 -0.25 10.85 7.5 -0.25 11.55 6.95 -0.25 10.9 6.8 -0.25 9.95
4 0 7.65 -0.25 10.2 7.75 -0.25 10.85 6.8 -0.25 9.95 7.15 -0.25 9.35
4 0 7.95 -0.25 9.7 7.65 -0.25 10.2 7.15 -0.25 9.35 7.85 -0.25 9.05
3 0 7.95 -0.25 9.7 7.85 -0.25 9.05 8.5 -0.25 9.575
4 0 8.5 -0.25 9.575 7.85 -0.25 9.05 8.75 -0.25 8.95 8.95 -0.25 9.8
4 0 8.95 -0.25 9.8 8.75 -0.25 8.95 9.55 -0.25 9.3 9.1 -0.25 10.2
4 0 9.1 -0.25 10.2 9.55 -0.25 9.3 9.8 -0.25 10 9.8 -0.25 10.75
4 0 8.9 -0.25 10.8 9.1 -0.25 10.2 9.8 -0.25 10.75 9.4 -0.25 11.35
3 0 8.95 -0.25 11.6 8.9 -0.25 10.8 9.4 -0.25 11.35
4 4 7.75 -0.25 12.95 9.85 -0.25 12.1 9.65 -0.25 13.5 7.9 -0.25 14.1
4 4 7.9 -0.25 14.1 9.65 -0.25 13.5 8.85 -0.25 16.35 7.3 -0.25 14.65
4 4 7.3 -0.25 14.65 8.85 -0.25 16.35 7.7 -0.25 16.05 7.15 -0.25 15.45
4 4 9.5 -0.25 16.1 8.85 -0.25 16.35 9.65 -0.25 13.5 10.225 -0.25 14.075
4 4 9.5 -0.25 16.1 10.225 -0.25 14.075 10.45 -0.25 14.8 10.15 -0.25 15.6
4 4 9.85 -0.25 12.1 7.75 -0.25 12.95 8.25 -0.25 11.75 8.95 -0.25 11.6
4 4 9.85 -0.25 12.1 8.95 -0.25 11.6 9.4 -0.25 11.35 10.3 -0.25 11.5
4 4 10.3 -0.25 11.5 9.4 -0.25 11.35 9.8 -0.25 10.75 10.95 -0.25 10.8
4 4 10.95 -0.25 10.8 9.8 -0.25 10.75 9.8 -0.25 10 12.15 -0.25 10.55
4 4 12.15 -0.25 10.55 9.8 -0.25 10 12.1 -0.25 8.7 13.15 -0.25 8.95
4 4 13.4 -0.25 10.6 12.15 -0.25 10.55 13.15 -0.25 8.95 14 -0.25 8.3
4 4 14.55 -0.25 10.7 13.4 -0.25 10.6 14 -0.25 8.3 15.3 -0.25 10.6
4 4 15.6 -0.25 9.8 15.3 -0.25 10.6 14 -0.25 8.3 15.4 -0.25 8.75
4 4 15.4 -0.25 8.75 14 -0.25 8.3 14.2 -0.25 7.85 14.85 -0.25 7.75
4 4 11.65 -0.25 8.05 12.1 -0.25 8.7 9.8 -0.25 10 9.55 -0.25 9.3
4 4 11.25 -0.25 7.25 11.65 -0.25 8.05 9.55 -0.25 9.3 8.75 -0.25 8.95
4 4 11.25 -0.25 7.25 8.75 -0.25 8.95 9.25 -0.25 7.45 10.15 -0.25 6.35
4 4 11.4 -0.25 6.2 11.25 -0.25 7.25 10.15 -0.25 6.35 10.7 -0.25 5.4
4 4 12.2 -0.25 5.55 11.4 -0.25 6.2 10.7 -0.25 5.4 10.7 -0.25 4.25
4 4 12.2 -0.25 5.55 10.7 -0.25 4.25 11.25 -0.25 3.35 11.95 -0.25 3.15
4 4 12.2 -0.25 5.55 11.95 -0.25 3.15 12.55 -0.25 3.5 12.85 -0.25 4.15
3 4 12.2 -0.25 5.55 12.85 -0.25 4.15 12.75 -0.25 4.95
4 4 8.35 -0.25 7.75 9.25 -0.25 7.45 8.75 -0.25 8.95 7.85 -0.25 9.05
4 4 7.05 -0.25 7.55 8.35 -0.25 7.75 7.85 -0.25 9.05 7.15 -0.25 9.35
4 4 7.05 -0.25 7.55 7.15 -0.25 9.35 5.05 -0.25 7.85 5.95 -0.25 7.25
4 4 5.95 -0.25 7.25 5.05 -0.25 7.85 4.5 -0.25 7.1 5.25 -0.25 6.35
4 4 5.25 -0.25 6.35 4.5 -0.25 7.1 3.85 -0.25 7.2 3.05 -0.25 6.95
4 4 5.25 -0.25 6.35 3.05 -0.25 6.95 2.7 -0.25 6.45 2.85 -0.25 5.55
4 4 5.25 -0.25 6.35 2.85 -0.25 5.55 3.9 -0.25 4.8 4.5 -0.25 4.65
4 4 5.25 -0.25 6.35 4.5 -0.25 4.65 5 -0.25 5 5.35 -0.25 5.55
4 4 5.05 -0.25 7.85 7.15 -0.25 9.35 6.8 -0.25 9.95 5.2 -0.25 8.95
4 4 4.85 -0.25 9.55 5.2 -0.25 8.95 6.8 -0.25 9.95 4.55 -0.25 11.65
4 4 4.55 -0.25 11.65 6.8 -0.25 9.95 6.95 -0.25 10.9 6.05 -0.25 11.8
4 4 6.05 -0.25 11.8 6.95 -0.25 10.9 7.5 -0.25 11.55 7.15 -0.25 12.25
4 4 7.15 -0.25 12.25 7.5 -0.25 11.55 8.25 -0.25 11.75 7.75 -0.25 12.95
4 4 4.15 -0.25 9.95 4.85 -0.25 9.55 4.55 -0.25 11.65 3.85 -0.25 12.4
4 4 3.25 -0.25 9.6 4.15 -0.25 9.95 3.85 -0.25 12.4 3.2 -0.25 12.85
4 4 3.25 -0.25 9.6 3.2 -0.25 12.85 2.4 -0.25 12.7 1.7 -0.25 12.1
4 4 3.25 -0.25 9.6 1.7 -0.25 12.1 1.5 -0.25 11.1 1.7 -0.25 10.05
4 4 3.25 -0.25 9.6 1.7 -0.25 10.05 2.25 -0.25 9.45 2.85 -0.25 9.25
4 16 7.4 -0.25 3.45 9.55 -0.25 3.5 9.7 -0.25 5 5.4 -0.25 3.9
4 16 5.55 -0.25 4.6 5.4 -0.25 3.9 9.7 -0.25 5 7.25 -0.25 6.4
4 16 8.15 -0.25 6.85 7.25 -0.25 6.4 9.7 -0.25 5 9.2 -0.25 6.15
3 16 8.15 -0.25 6.85 9.2 -0.25 6.15 8.8 -0.25 6.65
4 0 7.4 -0.25 3.45 7.35 -0.25 2.6 9.5 -0.25 2.65 9.55 -0.25 3.5
4 0 9.55 -0.25 3.5 9.5 -0.25 2.65 10.4 -0.25 2.15 11.25 -0.25 3.35
4 0 9.55 -0.25 3.5 11.25 -0.25 3.35 10.7 -0.25 4.25 9.7 -0.25 5
4 0 9.7 -0.25 5 10.7 -0.25 4.25 10.7 -0.25 5.4 10.15 -0.25 6.35
4 0 9.2 -0.25 6.15 9.7 -0.25 5 10.15 -0.25 6.35 9.25 -0.25 7.45
4 0 8.8 -0.25 6.65 9.2 -0.25 6.15 9.25 -0.25 7.45 8.35 -0.25 7.75
4 0 8.15 -0.25 6.85 8.8 -0.25 6.65 8.35 -0.25 7.75 7.05 -0.25 7.55
4 0 7.25 -0.25 6.4 8.15 -0.25 6.85 7.05 -0.25 7.55 5.95 -0.25 7.25
4 0 7.25 -0.25 6.4 5.95 -0.25 7.25 5.25 -0.25 6.35 5.35 -0.25 5.55
4 0 5.55 -0.25 4.6 7.25 -0.25 6.4 5.35 -0.25 5.55 5 -0.25 5
4 0 5.4 -0.25 3.9 5.55 -0.25 4.6 5 -0.25 5 4.5 -0.25 4.65
4 0 3.45 -0.25 3.8 5.4 -0.25 3.9 4.5 -0.25 4.65 3.9 -0.25 4.8
4 0 2.55 -0.25 4.2 3.45 -0.25 3.8 3.9 -0.25 4.8 2.85 -0.25 5.55
4 0 2 -0.25 5.35 2.55 -0.25 4.2 2.85 -0.25 5.55 2.7 -0.25 6.45
3 0 1.7 -0.25 6.7 2 -0.25 5.35 2.7 -0.25 6.45
4 0 1.7 -0.25 6.7 2.7 -0.25 6.45 3.05 -0.25 6.95 2.4 -0.25 7.75
4 0 2.4 -0.25 7.75 3.05 -0.25 6.95 3.85 -0.25 7.2 3.6 -0.25 8.1
4 0 3.6 -0.25 8.1 3.85 -0.25 7.2 4.5 -0.25 7.1 4.4 -0.25 8.1
4 0 4.4 -0.25 8.1 4.5 -0.25 7.1 5.05 -0.25 7.85 4.55 -0.25 8.7
4 0 4.55 -0.25 8.7 5.05 -0.25 7.85 5.2 -0.25 8.95 4.85 -0.25 9.55
4 0 4 -0.25 9.15 4.55 -0.25 8.7 4.85 -0.25 9.55 4.15 -0.25 9.95
4 0 3.2 -0.25 8.75 4 -0.25 9.15 4.15 -0.25 9.95 3.25 -0.25 9.6
4 0 3.2 -0.25 8.75 3.25 -0.25 9.6 2.85 -0.25 9.25 2.3 -0.25 8.4
4 0 2.3 -0.25 8.4 2.85 -0.25 9.25 2.25 -0.25 9.45 1.25 -0.25 8.8
4 0 0.6 -0.25 9.65 1.25 -0.25 8.8 2.25 -0.25 9.45 1.7 -0.25 10.05
4 0 0.3 -0.25 11.2 0.6 -0.25 9.65 1.7 -0.25 10.05 1.5 -0.25 11.1
4 0 0.7 -0.25 12.4 0.3 -0.25 11.2 1.5 -0.25 11.1 1.7 -0.25 12.1
4 0 1.45 -0.25 13.55 0.7 -0.25 12.4 1.7 -0.25 12.1 2.4 -0.25 12.7
4 0 2.55 -0.25 14 1.45 -0.25 13.55 2.4 -0.25 12.7 3.2 -0.25 12.85
4 0 3.6 -0.25 13.95 2.55 -0.25 14 3.2 -0.25 12.85 4.4 -0.25 13.4
3 0 4.4 -0.25 13.4 3.2 -0.25 12.85 3.85 -0.25 12.4
4 0 4.4 -0.25 13.4 3.85 -0.25 12.4 4.55 -0.25 11.65 5.1 -0.25 12.8
4 0 5.1 -0.25 12.8 4.55 -0.25 11.65 6.05 -0.25 11.8 6.5 -0.25 13
4 0 6.5 -0.25 13 6.05 -0.25 11.8 7.15 -0.25 12.25 7.75 -0.25 12.95
4 0 6.75 -0.25 13.7 6.5 -0.25 13 7.75 -0.25 12.95 7.9 -0.25 14.1
4 0 6.75 -0.25 13.7 7.9 -0.25 14.1 7.3 -0.25 14.65 6.15 -0.25 14.3
4 0 5.85 -0.25 15.35 6.15 -0.25 14.3 7.3 -0.25 14.65 7.15 -0.25 15.45
4 0 6.25 -0.25 16.55 5.85 -0.25 15.35 7.15 -0.25 15.45 7.7 -0.25 16.05
4 0 7.55 -0.25 17.35 6.25 -0.25 16.55 7.7 -0.25 16.05 8.85 -0.25 16.35
4 0 9 -0.25 17.6 7.55 -0.25 17.35 8.85 -0.25 16.35 9.5 -0.25 16.1
4 0 10.35 -0.25 17 9 -0.25 17.6 9.5 -0.25 16.1 10.15 -0.25 15.6
4 0 11.3 -0.25 15.9 10.35 -0.25 17 10.15 -0.25 15.6 10.45 -0.25 14.8
4 0 11.65 -0.25 14.55 11.3 -0.25 15.9 10.45 -0.25 14.8 10.225 -0.25 14.075
4 0 11.05 -0.25 13.45 11.65 -0.25 14.55 10.225 -0.25 14.075 9.65 -0.25 13.5
4 1 10.4 -0.25 2.15 9.5 -0.25 2.65 9.85 -0.25 -0.25 10.55 -0.25 0.3
3 1 10.4 -0.25 2.15 10.55 -0.25 0.3 10.85 -0.25 1.35
4 1 6.35 -0.25 0 9.85 -0.25 -0.25 9.5 -0.25 2.65 5.85 -0.25 0.9
3 1 9.5 -0.25 2.65 7.35 -0.25 2.6 5.85 -0.25 0.9
4 1 5.85 -0.25 0.9 7.35 -0.25 2.6 5.85 -0.25 2.85 4.3 -0.25 1.1
4 1 4.3 -0.25 1.1 5.85 -0.25 2.85 4.8 -0.25 2.95 4 -0.25 2.75
4 1 4.3 -0.25 1.1 4 -0.25 2.75 3.7 -0.25 1.9 3.75 -0.25 1.35
4 1 9.85 -0.25 -0.25 6.35 -0.25 0 5.55 -0.25 -5.55 9.2 -0.25 -5.75
4 1 6.3 -0.25 -8.6 9.2 -0.25 -5.75 5.55 -0.25 -5.55 5.1 -0.25 -8.5
4 1 5.1 -0.25 -8.5 5.55 -0.25 -5.55 4.4 -0.25 -6.5 4 -0.25 -8.6
4 1 3.5 -0.25 -8.15 4 -0.25 -8.6 4.4 -0.25 -6.5 3.35 -0.25 -7.45
3 1 4.4 -0.25 -6.5 3.55 -0.25 -6.85 3.35 -0.25 -7.45
4 1 9.2 -0.25 -5.75 6.3 -0.25 -8.6 7.95 -0.25 -9.25 9.5 -0.25 -6.65
4 1 9.5 -0.25 -6.65 7.95 -0.25 -9.25 9.15 -0.25 -9.55 9.9 -0.25 -8.95
4 1 10.1 -0.25 -7.05 9.5 -0.25 -6.65 9.9 -0.25 -8.95 10.35 -0.25 -7.95
4 1 23.75 -0.25 0.35 25.8 -0.25 5.05 25.65 -0.25 5.75 23.05 -0.25 0
4 1 22.25 -0.25 0.35 23.05 -0.25 0 25.65 -0.25 5.75 22.05 -0.25 1.15
4 1 22.3 -0.25 2.05 22.05 -0.25 1.15 25.65 -0.25 5.75 25.15 -0.25 6.25
4 1 22.3 -0.25 2.05 25.15 -0.25 6.25 24.45 -0.25 6.6 23.45 -0.25 6.2
4 1 21.95 -0.25 2.9 22.3 -0.25 2.05 23.45 -0.25 6.2 22.45 -0.25 5.45
4 1 21.05 -0.25 3.05 21.95 -0.25 2.9 22.45 -0.25 5.45 21.55 -0.25 5.55
4 1 20.15 -0.25 2.85 21.05 -0.25 3.05 21.55 -0.25 5.55 20.75 -0.25 6.3
4 1 20.15 -0.25 2.85 20.75 -0.25 6.3 19.85 -0.25 6.75 18.6 -0.25 6.65
4 1 20.15 -0.25 2.85 18.6 -0.25 6.65 16.35 -0.25 5.8 15.05 -0.25 4.5
4 1 19.25 -0.25 2.1 20.15 -0.25 2.85 15.05 -0.25 4.5 13.75 -0.25 2.3
4 1 17.95 -0.25 -2.15 19.25 -0.25 2.1 13.75 -0.25 2.3 12.85 -0.25 -1.45
4 1 17.35 -0.25 -4.95 17.95 -0.25 -2.15 12.85 -0.25 -1.45 12.4 -0.25 -4.7
4 1 17.35 -0.25 -4.95 12.4 -0.25 -4.7 13.4 -0.25 -7.5 17.5 -0.25 -5.95
4 1 17.5 -0.25 -5.95 13.4 -0.25 -7.5 15.05 -0.25 -9.75 17.1 -0.25 -10.85
4 1 17.5 -0.25 -5.95 17.1 -0.25 -10.85 18.45 -0.25 -10.7 18.5 -0.25 -6.85
4 1 18.5 -0.25 -6.85 18.45 -0.25 -10.7 20.05 -0.25 -10.15 19.8 -0.25 -6.85
4 1 19.8 -0.25 -6.85 20.05 -0.25 -10.15 21.4 -0.25 -8.7 20.45 -0.25 -5.9
4 1 20.45 -0.25 -5.9 21.4 -0.25 -8.7 22.15 -0.25 -8.3 22.95 -0.25 -5.9
4 1 23.9 -0.25 -6.95 22.95 -0.25 -5.9 22.15 -0.25 -8.3 23.95 -0.25 -7.5
3 1 23.95 -0.25 -7.5 22.15 -0.25 -8.3 23.25 -0.25 -8.25
4 1 20.45 -0.25 -5.9 22.95 -0.25 -5.9 22.8 -0.25 -4.8 22.25 -0.25 -4.35
4 1 20.45 -0.25 -5.9 22.25 -0.25 -4.35 21.35 -0.25 -4.15 20.45 -0.25 -4.75
4 1 37.55 -0.25 -2.55 37.7 -0.25 -3.45 38.3 -0.25 -3.75 39.35 -0.25 -3.45
4 1 37.55 -0.25 -2.55 39.35 -0.25 -3.45 40 -0.25 -2.3 40.35 -0.25 -1
4 1 37.55 -0.25 -2.55 40.35 -0.25 -1 39.85 -0.25 -0.15 38.15 -0.25 1.1
4 1 36.45 -0.25 -1 37.55 -0.25 -2.55 38.15 -0.25 1.1 35.35 -0.25 2.45
4 1 35.25 -0.25 -0.6 36.45 -0.25 -1 35.35 -0.25 2.45 32.85 -0.25 3.35
4 1 34 -0.25 -0.85 35.25 -0.25 -0.6 32.85 -0.25 3.35 31.5 -0.25 3.85
4 1 34 -0.25 -0.85 31.5 -0.25 3.85 30.05 -0.25 3.75 30.15 -0.25 1.35
4 1 29.4 -0.25 1.75 30.15 -0.25 1.35 30.05 -0.25 3.75 29.2 -0.25 2.65
4 1 34 -0.25 -0.85 30.15 -0.25 1.35 30 -0.25 -0.35 32.95 -0.25 -1.85
4 1 32.95 -0.25 -1.85 30 -0.25 -0.35 28.55 -0.25 -4.65 32.65 -0.25 -3.75
4 1 32.65 -0.25 -3.75 28.55 -0.25 -4.65 31.65 -0.25 -8.6 33.55 -0.25 -5.1
4 1 33.55 -0.25 -5.1 31.65 -0.25 -8.6 32.95 -0.25 -8.85 34.95 -0.25 -5.05
4 1 34.95 -0.25 -5.05 32.95 -0.25 -8.85 33.5 -0.25 -9.7 34.05 -0.25 -9.65
4 1 34.95 -0.25 -5.05 34.05 -0.25 -9.65 36.05 -0.25 -6.25 35.95 -0.25 -5.3
4 1 30.5 -0.25 -9.35 31.65 -0.25 -8.6 28.55 -0.25 -4.65 26.75 -0.25 -9.35
4 1 30.05 -0.25 -11 30.5 -0.25 -9.35 26.75 -0.25 -9.35 26.85 -0.25 -13.85
4 1 26.85 -0.25 -13.85 26.75 -0.25 -9.35 25.95 -0.25 -10.2 25.25 -0.25 -13.45
4 1 24.3 -0.25 -12.7 25.25 -0.25 -13.45 25.95 -0.25 -10.2 24.05 -0.25 -11.25
4 1 24.35 -0.25 -10.25 24.05 -0.25 -11.25 25.95 -0.25 -10.2 25.15 -0.25 -9.9
4 1 30.05 -0.25 -11 26.85 -0.25 -13.85 28.4 -0.25 -14.75 30.45 -0.25 -12.5
4 1 30.45 -0.25 -12.5 28.4 -0.25 -14.75 30.45 -0.25 -16.3 32.05 -0.25 -13.25
4 1 32.05 -0.25 -13.25 30.45 -0.25 -16.3 32.55 -0.25 -17.65 33.8 -0.25 -17.45
4 1 32.05 -0.25 -13.25 33.8 -0.25 -17.45 34.95 -0.25 -16.5 32.95 -0.25 -12.85
4 1 32.95 -0.25 -12.85 34.95 -0.25 -16.5 35.95 -0.25 -14.85 36.1 -0.25 -13.5
3 1 33.55 -0.25 -12.25 32.95 -0.25 -12.85 36.1 -0.25 -13.5
4 0 5.85 -0.25 2.85 7.35 -0.25 2.6 7.4 -0.25 3.45 5.4 -0.25 3.9
4 0 4.8 -0.25 2.95 5.85 -0.25 2.85 5.4 -0.25 3.9 3.45 -0.25 3.8
4 0 4 -0.25 2.75 4.8 -0.25 2.95 3.45 -0.25 3.8 2.75 -0.25 3.2
4 0 3.7 -0.25 1.9 4 -0.25 2.75 2.75 -0.25 3.2 2.4 -0.25 2.1
4 0 3.75 -0.25 1.35 3.7 -0.25 1.9 2.4 -0.25 2.1 2.65 -0.25 0.9
4 0 3.75 -0.25 1.35 2.65 -0.25 0.9 3.6 -0.25 -0.1 4.3 -0.25 1.1
4 0 4.3 -0.25 1.1 3.6 -0.25 -0.1 5.1 -0.25 -0.4 5.85 -0.25 0.9
4 0 6.35 -0.25 0 5.85 -0.25 0.9 5.1 -0.25 -0.4 5.55 -0.25 -5.55
3 0 5.1 -0.25 -0.4 4.6 -0.25 -4.9 5.55 -0.25 -5.55
4 0 4.4 -0.25 -6.5 5.55 -0.25 -5.55 4.6 -0.25 -4.9 3.5 -0.25 -5.75
4 0 3.55 -0.25 -6.85 4.4 -0.25 -6.5 3.5 -0.25 -5.75 2.75 -0.25 -6.45
4 0 3.35 -0.25 -7.45 2.75 -0.25 -6.45 2.4 -0.25 -7.35 2.3 -0.25 -8.55
4 0 3.5 -0.25 -8.15 3.35 -0.25 -7.45 2.3 -0.25 -8.55 3.1 -0.25 -9.65
4 0 4 -0.25 -8.6 3.5 -0.25 -8.15 3.1 -0.25 -9.65 4.2 -0.25 -9.95
4 0 5.1 -0.25 -8.5 4 -0.25 -8.6 4.2 -0.25 -9.95 5.8 -0.25 -9.65
4 0 6.3 -0.25 -8.6 5.1 -0.25 -8.5 5.8 -0.25 -9.65 7.95 -0.25 -9.25
4 0 7.95 -0.25 -9.25 5.8 -0.25 -9.65 7.05 -0.25 -10.5 8.5 -0.25 -11.05
4 0 7.95 -0.25 -9.25 8.5 -0.25 -11.05 9.65 -0.25 -10.65 9.15 -0.25 -9.55
4 0 9.15 -0.25 -9.55 9.65 -0.25 -10.65 10.55 -0.25 -9.85 9.9 -0.25 -8.95
4 0 9.9 -0.25 -8.95 10.55 -0.25 -9.85 11 -0.25 -8.3 10.35 -0.25 -7.95
4 0 10.35 -0.25 -7.95 11 -0.25 -8.3 11 -0.25 -7.05 10.1 -0.25 -7.05
4 0 10.1 -0.25 -7.05 11 -0.25 -7.05 10.6 -0.25 -6.15 9.5 -0.25 -6.65
4 0 9.5 -0.25 -6.65 10.6 -0.25 -6.15 10 -0.25 -5.35 9.2 -0.25 -5.75
4 0 9.2 -0.25 -5.75 10 -0.25 -5.35 10.55 -0.25 -0.85 9.85 -0.25 -0.25
4 0 10.55 -0.25 0.3 9.85 -0.25 -0.25 10.55 -0.25 -0.85 11.55 -0.25 -0.35
4 0 10.55 -0.25 0.3 11.55 -0.25 -0.35 11.9 -0.25 1.3 10.85 -0.25 1.35
4 0 10.85 -0.25 1.35 11.9 -0.25 1.3 11.4 -0.25 2.05 10.4 -0.25 2.15
4 0 11.25 -0.25 3.35 10.4 -0.25 2.15 11.4 -0.25 2.05 11.95 -0.25 3.15
4 0 11.95 -0.25 3.15 11.4 -0.25 2.05 12.1 -0.25 2.45 12.55 -0.25 3.5
4 0 13.75 -0.25 2.3 12.55 -0.25 3.5 12.1 -0.25 2.45 12.4 -0.25 2.05
4 0 13.75 -0.25 2.3 12.4 -0.25 2.05 11.9 -0.25 1.3 12.85 -0.25 -1.45
4 0 12.85 -0.25 -1.45 11.9 -0.25 1.3 11.55 -0.25 -0.35 11.2 -0.25 -3.25
4 0 12.85 -0.25 -1.45 11.2 -0.25 -3.25 11.35 -0.25 -5.4 12.4 -0.25 -4.7
4 0 12.4 -0.25 -4.7 11.35 -0.25 -5.4 12.2 -0.25 -8.45 13.4 -0.25 -7.5
4 0 13.4 -0.25 -7.5 12.2 -0.25 -8.45 14.2 -0.25 -11.35 15.05 -0.25 -9.75
4 0 15.05 -0.25 -9.75 14.2 -0.25 -11.35 16.55 -0.25 -12.4 17.1 -0.25 -10.85
4 0 17.1 -0.25 -10.85 16.55 -0.25 -12.4 18.35 -0.25 -12.45 18.45 -0.25 -10.7
4 0 18.45 -0.25 -10.7 18.35 -0.25 -12.45 20.4 -0.25 -11.6 20.05 -0.25 -10.15
4 0 20.05 -0.25 -10.15 20.4 -0.25 -11.6 21.65 -0.25 -10.25 21.4 -0.25 -8.7
4 0 22.15 -0.25 -8.3 21.4 -0.25 -8.7 21.65 -0.25 -10.25 23.25 -0.25 -8.25
4 0 24.35 -0.25 -10.25 23.25 -0.25 -8.25 21.65 -0.25 -10.25 22.65 -0.25 -10.45
4 0 24.05 -0.25 -11.25 24.35 -0.25 -10.25 22.65 -0.25 -10.45 22.9 -0.25 -11.35
4 0 24.3 -0.25 -12.7 24.05 -0.25 -11.25 22.9 -0.25 -11.35 22.65 -0.25 -12.4
4 0 24.3 -0.25 -12.7 22.65 -0.25 -12.4 22.8 -0.25 -13.45 23.8 -0.25 -14.4
4 0 25.25 -0.25 -13.45 24.3 -0.25 -12.7 23.8 -0.25 -14.4 26.2 -0.25 -14.85
4 0 26.85 -0.25 -13.85 25.25 -0.25 -13.45 26.2 -0.25 -14.85 28 -0.25 -16.05
4 0 28.4 -0.25 -14.75 26.85 -0.25 -13.85 28 -0.25 -16.05 30.45 -0.25 -16.3
4 0 30.45 -0.25 -16.3 28 -0.25 -16.05 30.1 -0.25 -17.55 32.1 -0.25 -18.85
4 0 32.55 -0.25 -17.65 30.45 -0.25 -16.3 32.1 -0.25 -18.85 33.85 -0.25 -18.95
4 0 33.8 -0.25 -17.45 32.55 -0.25 -17.65 33.85 -0.25 -18.95 35.6 -0.25 -17.55
4 0 34.95 -0.25 -16.5 33.8 -0.25 -17.45 35.6 -0.25 -17.55 37 -0.25 -15.6
4 0 35.95 -0.25 -14.85 34.95 -0.25 -16.5 37 -0.25 -15.6 37.4 -0.25 -14
4 0 36.1 -0.25 -13.5 35.95 -0.25 -14.85 37.4 -0.25 -14 37.25 -0.25 -12.65
4 0 36.1 -0.25 -13.5 37.25 -0.25 -12.65 36.45 -0.25 -12.15 33.55 -0.25 -12.25
4 0 33.55 -0.25 -12.25 36.45 -0.25 -12.15 34.2 -0.25 -11 32.75 -0.25 -11.4
4 0 32.95 -0.25 -12.85 33.55 -0.25 -12.25 32.75 -0.25 -11.4 32.2 -0.25 -11.9
4 0 32.05 -0.25 -13.25 32.95 -0.25 -12.85 32.2 -0.25 -11.9 31.35 -0.25 -11.85
4 0 30.45 -0.25 -12.5 32.05 -0.25 -13.25 31.35 -0.25 -11.85 30.05 -0.25 -11
4 0 30.05 -0.25 -11 31.35 -0.25 -11.85 31.2 -0.25 -10.9 30.5 -0.25 -9.35
4 0 30.5 -0.25 -9.35 31.2 -0.25 -10.9 31.7 -0.25 -10.15 31.65 -0.25 -8.6
4 0 31.65 -0.25 -8.6 31.7 -0.25 -10.15 32.4 -0.25 -10.25 32.95 -0.25 -8.85
4 0 33.5 -0.25 -9.7 32.95 -0.25 -8.85 32.4 -0.25 -10.25 32.7 -0.25 -10.65
4 0 34.2 -0.25 -11 33.5 -0.25 -9.7 32.7 -0.25 -10.65 32.75 -0.25 -11.4
4 0 34.05 -0.25 -9.65 33.5 -0.25 -9.7 34.2 -0.25 -11 35.15 -0.25 -10.2
4 0 34.05 -0.25 -9.65 35.15 -0.25 -10.2 36.95 -0.25 -6.7 36.05 -0.25 -6.25
4 0 36.05 -0.25 -6.25 36.95 -0.25 -6.7 37.1 -0.25 -5.75 35.95 -0.25 -5.3
4 0 35.95 -0.25 -5.3 37.1 -0.25 -5.75 36.9 -0.25 -4.9 35.65 -0.25 -3.8
4 0 34.95 -0.25 -5.05 35.95 -0.25 -5.3 35.65 -0.25 -3.8 34.7 -0.25 -3.75
4 0 33.55 -0.25 -5.1 34.95 -0.25 -5.05 34.7 -0.25 -3.75 32.65 -0.25 -3.75
3 0 34 -0.25 -3.25 32.65 -0.25 -3.75 34.7 -0.25 -3.75
4 0 32.95 -0.25 -1.85 32.65 -0.25 -3.75 34 -0.25 -3.25 34.15 -0.25 -2.2
4 0 34 -0.25 -0.85 32.95 -0.25 -1.85 34.15 -0.25 -2.2 35.1 -0.25 -1.85
4 0 35.25 -0.25 -0.6 34 -0.25 -0.85 35.1 -0.25 -1.85 36.45 -0.25 -1
4 0 36.45 -0.25 -1 35.1 -0.25 -1.85 35.9 -0.25 -2.35 37.55 -0.25 -2.55
4 0 37.55 -0.25 -2.55 35.9 -0.25 -2.35 36 -0.25 -3.1 37.7 -0.25 -3.45
4 0 37.7 -0.25 -3.45 36 -0.25 -3.1 35.65 -0.25 -3.8 36.9 -0.25 -4.9
4 0 38.3 -0.25 -3.75 37.7 -0.25 -3.45 36.9 -0.25 -4.9 38 -0.25 -5.15
4 0 38.3 -0.25 -3.75 38 -0.25 -5.15 39.35 -0.25 -5 39.35 -0.25 -3.45
4 0 39.35 -0.25 -3.45 39.35 -0.25 -5 40.95 -0.25 -3.7 40 -0.25 -2.3
4 0 40 -0.25 -2.3 40.95 -0.25 -3.7 41.6 -0.25 -1.75 40.35 -0.25 -1
4 0 40.35 -0.25 -1 41.6 -0.25 -1.75 41.5 -0.25 -0.25 39.85 -0.25 -0.15
4 0 39.85 -0.25 -0.15 41.5 -0.25 -0.25 39.7 -0.25 1.6 38.15 -0.25 1.1
4 0 38.15 -0.25 1.1 39.7 -0.25 1.6 35.9 -0.25 3.55 35.35 -0.25 2.45
4 0 35.35 -0.25 2.45 35.9 -0.25 3.55 32.8 -0.25 4.8 32.85 -0.25 3.35
4 0 32.85 -0.25 3.35 32.8 -0.25 4.8 31.05 -0.25 5.1 31.5 -0.25 3.85
4 0 31.5 -0.25 3.85 31.05 -0.25 5.1 29.6 -0.25 5 30.05 -0.25 3.75
4 0 30.05 -0.25 3.75 29.6 -0.25 5 28.25 -0.25 4.25 29.2 -0.25 2.65
4 0 29.2 -0.25 2.65 28.25 -0.25 4.25 27.5 -0.25 2.75 29.4 -0.25 1.75
4 0 29.4 -0.25 1.75 27.5 -0.25 2.75 27.25 -0.25 1.65 27.95 -0.25 0.45
4 0 30.15 -0.25 1.35 29.4 -0.25 1.75 27.95 -0.25 0.45 30 -0.25 -0.35
4 0 30 -0.25 -0.35 27.95 -0.25 0.45 26.6 -0.25 -4.2 28.55 -0.25 -4.65
4 0 28.55 -0.25 -4.65 26.6 -0.25 -4.2 25.5 -0.25 -8.2 26.75 -0.25 -9.35
4 0 25.95 -0.25 -10.2 26.75 -0.25 -9.35 25.5 -0.25 -8.2 25.15 -0.25 -9.9
4 0 24.35 -0.25 -10.25 25.15 -0.25 -9.9 25.5 -0.25 -8.2 24.5 -0.25 -8.35
4 0 23.25 -0.25 -8.25 24.35 -0.25 -10.25 24.5 -0.25 -8.35 23.95 -0.25 -7.5
4 0 23.95 -0.25 -7.5 24.5 -0.25 -8.35 25 -0.25 -7.55 25.05 -0.25 -6.25
4 0 23.9 -0.25 -6.95 23.95 -0.25 -7.5 25.05 -0.25 -6.25 24.1 -0.25 -5.05
4 0 22.95 -0.25 -5.9 23.9 -0.25 -6.95 24.1 -0.25 -5.05 24 -0.25 -3.85
4 0 22.8 -0.25 -4.8 22.95 -0.25 -5.9 24 -0.25 -3.85 23.25 -0.25 -3.05
4 0 22.25 -0.25 -4.35 22.8 -0.25 -4.8 23.25 -0.25 -3.05 21.6 -0.25 -2.8
4 0 21.35 -0.25 -4.15 22.25 -0.25 -4.35 21.6 -0.25 -2.8 20.3 -0.25 -3.2
4 0 20.45 -0.25 -4.75 21.35 -0.25 -4.15 20.3 -0.25 -3.2 19.65 -0.25 -4.15
4 0 20.45 -0.25 -4.75 19.65 -0.25 -4.15 19.4 -0.25 -5.6 20.45 -0.25 -5.9
4 0 19.8 -0.25 -6.85 20.45 -0.25 -5.9 19.4 -0.25 -5.6 18.9 -0.25 -5.85
4 0 18.5 -0.25 -6.85 19.8 -0.25 -6.85 18.9 -0.25 -5.85 17.5 -0.25 -5.95
4 0 17.5 -0.25 -5.95 18.9 -0.25 -5.85 18.5 -0.25 -5.25 17.35 -0.25 -4.95
4 0 17.35 -0.25 -4.95 18.5 -0.25 -5.25 18.55 -0.25 -3.85 17.95 -0.25 -2.15
4 0 17.95 -0.25 -2.15 18.55 -0.25 -3.85 20.1 -0.25 1.5 19.25 -0.25 2.1
4 0 20.15 -0.25 2.85 19.25 -0.25 2.1 20.1 -0.25 1.5 20.7 -0.25 1.8
4 0 21.05 -0.25 3.05 20.15 -0.25 2.85 20.7 -0.25 1.8 21.95 -0.25 2.9
4 0 21.95 -0.25 2.9 20.7 -0.25 1.8 21.15 -0.25 1.7 22.3 -0.25 2.05
4 0 22.05 -0.25 1.15 22.3 -0.25 2.05 21.15 -0.25 1.7 21.05 -0.25 0.75
4 0 22.25 -0.25 0.35 22.05 -0.25 1.15 21.05 -0.25 0.75 21.05 -0.25 -0.35
4 0 22.25 -0.25 0.35 21.05 -0.25 -0.35 21.95 -0.25 -1.05 23.3 -0.25 -1.25
4 0 23.05 -0.25 0 22.25 -0.25 0.35 23.3 -0.25 -1.25 24.3 -0.25 -0.75
3 0 23.75 -0.25 0.35 23.05 -0.25 0 24.3 -0.25 -0.75
4 0 23.75 -0.25 0.35 24.3 -0.25 -0.75 26.8 -0.25 4.8 25.8 -0.25 5.05
4 0 25.8 -0.25 5.05 26.8 -0.25 4.8 26.8 -0.25 6.2 25.65 -0.25 5.75
4 0 25.65 -0.25 5.75 26.8 -0.25 6.2 25.95 -0.25 7.15 25.15 -0.25 6.25
4 0 25.15 -0.25 6.25 25.95 -0.25 7.15 24.7 -0.25 7.8 24.45 -0.25 6.6
4 0 24.45 -0.25 6.6 24.7 -0.25 7.8 23.7 -0.25 7.85 23.45 -0.25 6.2
4 0 23.45 -0.25 6.2 23.7 -0.25 7.85 22.65 -0.25 7.05 22.45 -0.25 5.45
4 0 22.45 -0.25 5.45 22.65 -0.25 7.05 22.2 -0.25 6.6 21.55 -0.25 5.55
4 0 20.75 -0.25 6.3 21.55 -0.25 5.55 22.2 -0.25 6.6 21.35 -0.25 7.3
4 0 20.75 -0.25 6.3 21.35 -0.25 7.3 20.05 -0.25 8.1 19.85 -0.25 6.75
4 0 19.85 -0.25 6.75 20.05 -0.25 8.1 18.35 -0.25 8.05 18.6 -0.25 6.65
4 0 18.6 -0.25 6.65 18.35 -0.25 8.05 16.35 -0.25 7.2 16.35 -0.25 5.8
4 0 16.35 -0.25 5.8 16.35 -0.25 7.2 14.8 -0.25 5.75 15.05 -0.25 4.5
4 0 15.05 -0.25 4.5 14.8 -0.25 5.75 13.85 -0.25 4.8 13.75 -0.25 2.3
4 0 13.75 -0.25 2.3 13.85 -0.25 4.8 12.85 -0.25 4.15 12.55 -0.25 3.5
4 0 12.75 -0.25 4.95 12.85 -0.25 4.15 13.85 -0.25 4.8 13.7 -0.25 5.9
4 0 12.2 -0.25 5.55 12.75 -0.25 4.95 13.7 -0.25 5.9 13 -0.25 6.55
4 0 11.4 -0.25 6.2 12.2 -0.25 5.55 13 -0.25 6.55 12.5 -0.25 7.15
4 0 11.25 -0.25 7.25 11.4 -0.25 6.2 12.5 -0.25 7.15 11.65 -0.25 8.05
4 0 11.65 -0.25 8.05 12.5 -0.25 7.15 12.65 -0.25 7.95 12.1 -0.25 8.7
4 0 13.15 -0.25 8.95 12.1 -0.25 8.7 12.65 -0.25 7.95 14 -0.25 8.3
4 0 14 -0.25 8.3 12.65 -0.25 7.95 13.55 -0.25 7.75 14.2 -0.25 7.85
4 0 14.2 -0.25 7.85 13.55 -0.25 7.75 14.05 -0.25 7.05 14.7 -0.25 6.85
4 0 14.2 -0.25 7.85 14.7 -0.25 6.85 15.5 -0.25 7.05 14.85 -0.25 7.75
4 0 14.85 -0.25 7.75 15.5 -0.25 7.05 16.2 -0.25 7.95 15.4 -0.25 8.75
4 0 15.4 -0.25 8.75 16.2 -0.25 7.95 16.7 -0.25 9.25 15.6 -0.25 9.8
4 0 15.6 -0.25 9.8 16.7 -0.25 9.25 16.55 -0.25 10.75 15.3 -0.25 10.6
4 0 15.3 -0.25 10.6 16.55 -0.25 10.75 15.85 -0.25 11.6 14.85 -0.25 11.85
3 0 14.85 -0.25 11.85 14.55 -0.25 10.7 15.3 -0.25 10.6
4 0 13.4 -0.25 10.6 14.55 -0.25 10.7 14.85 -0.25 11.85 12.3 -0.25 11.6
4 0 12.15 -0.25 10.55 13.4 -0.25 10.6 12.3 -0.25 11.6 11.4 -0.25 11.75
4 0 10.95 -0.25 10.8 12.15 -0.25 10.55 11.4 -0.25 11.75 10.3 -0.25 11.5
4 0 10.3 -0.25 11.5 11.4 -0.25 11.75 10.8 -0.25 12.35 9.85 -0.25 12.1
4 0 9.65 -0.25 13.5 9.85 -0.25 12.1 10.8 -0.25 12.35 11.05 -0.25 13.45
4 16 -1.45 -0.25 18.2 -6.8 -0.25 15.3 0.7 -0.25 12.4 1.45 -0.25 13.55
4 16 -1.45 -0.25 18.2 1.45 -0.25 13.55 2.55 -0.25 14 2.75 -0.25 21.1
4 16 2.75 -0.25 21.1 2.55 -0.25 14 6.25 -0.25 16.55 6.85 -0.25 22.5
4 16 6.85 -0.25 22.5 6.25 -0.25 16.55 7.55 -0.25 17.35 11.55 -0.25 22.5
3 16 11.55 -0.25 22.5 7.55 -0.25 17.35 9 -0.25 17.6
4 16 11.55 -0.25 22.5 9 -0.25 17.6 10.35 -0.25 17 15.15 -0.25 19.8
4 16 15.15 -0.25 19.8 10.35 -0.25 17 11.3 -0.25 15.9 17.35 -0.25 15.8
4 16 17.35 -0.25 15.8 11.3 -0.25 15.9 11.65 -0.25 14.55 14.85 -0.25 11.85
3 16 17.35 -0.25 15.8 14.85 -0.25 11.85 15.85 -0.25 11.6
4 16 17.35 -0.25 15.8 15.85 -0.25 11.6 16.55 -0.25 10.75 20.15 -0.25 13.25
4 16 20.15 -0.25 13.25 16.55 -0.25 10.75 20.05 -0.25 8.1 23.85 -0.25 12.45
4 16 23.85 -0.25 12.45 20.05 -0.25 8.1 23.7 -0.25 7.85 28.15 -0.25 12.1
3 16 28.15 -0.25 12.1 23.7 -0.25 7.85 24.7 -0.25 7.8
4 16 28.15 -0.25 12.1 24.7 -0.25 7.8 25.95 -0.25 7.15 32.75 -0.25 11.4
4 16 32.75 -0.25 11.4 25.95 -0.25 7.15 26.8 -0.25 6.2 31.05 -0.25 5.1
4 16 37.95 -0.25 9.6 32.75 -0.25 11.4 31.05 -0.25 5.1 32.8 -0.25 4.8
3 16 37.95 -0.25 9.6 32.8 -0.25 4.8 35.9 -0.25 3.55
4 16 37.95 -0.25 9.6 35.9 -0.25 3.55 39.7 -0.25 1.6 43.15 -0.25 6.4
4 16 45.75 -0.25 3.5 43.15 -0.25 6.4 39.7 -0.25 1.6 46.25 -0.25 -0.2
3 16 39.7 -0.25 1.6 41.5 -0.25 -0.25 46.25 -0.25 -0.2
4 16 46.25 -0.25 -0.2 41.5 -0.25 -0.25 41.6 -0.25 -1.75 45.45 -0.25 -4.9
4 16 45.45 -0.25 -4.9 41.6 -0.25 -1.75 40.95 -0.25 -3.7 42.55 -0.25 -10
4 16 42.55 -0.25 -10 40.95 -0.25 -3.7 39.35 -0.25 -5 37.25 -0.25 -12.65
4 16 41.65 -0.25 -12.9 42.55 -0.25 -10 37.25 -0.25 -12.65 37.4 -0.25 -14
4 16 41.75 -0.25 -16.6 41.65 -0.25 -12.9 37.4 -0.25 -14 40.65 -0.25 -19.5
3 16 37.4 -0.25 -14 37 -0.25 -15.6 40.65 -0.25 -19.5
4 16 40.65 -0.25 -19.5 37 -0.25 -15.6 35.6 -0.25 -17.55 37.85 -0.25 -21.6
4 16 37.85 -0.25 -21.6 35.6 -0.25 -17.55 33.85 -0.25 -18.95 33.75 -0.25 -22.6
4 16 33.75 -0.25 -22.6 33.85 -0.25 -18.95 32.1 -0.25 -18.85 30.05 -0.25 -21.6
4 16 30.05 -0.25 -21.6 32.1 -0.25 -18.85 30.1 -0.25 -17.55 24.35 -0.25 -18.5
4 16 24.35 -0.25 -18.5 30.1 -0.25 -17.55 28 -0.25 -16.05 26.2 -0.25 -14.85
4 16 24.35 -0.25 -18.5 26.2 -0.25 -14.85 23.8 -0.25 -14.4 18.85 -0.25 -16.5
4 16 18.85 -0.25 -16.5 23.8 -0.25 -14.4 18.35 -0.25 -12.45 12.85 -0.25 -15.2
3 16 16.55 -0.25 -12.4 12.85 -0.25 -15.2 18.35 -0.25 -12.45
4 16 12.85 -0.25 -15.2 16.55 -0.25 -12.4 14.2 -0.25 -11.35 9.65 -0.25 -10.65
4 16 12.85 -0.25 -15.2 9.65 -0.25 -10.65 8.5 -0.25 -11.05 4.95 -0.25 -14
3 16 7.05 -0.25 -10.5 4.95 -0.25 -14 8.5 -0.25 -11.05
4 16 4.95 -0.25 -14 7.05 -0.25 -10.5 5.8 -0.25 -9.65 4.2 -0.25 -9.95
4 16 4.95 -0.25 -14 4.2 -0.25 -9.95 3.1 -0.25 -9.65 1.5 -0.25 -9.9
4 16 4.95 -0.25 -14 1.5 -0.25 -9.9 -0.05 -0.25 -11 0.75 -0.25 -13.8
3 16 2.3 -0.25 -8.55 1.5 -0.25 -9.9 3.1 -0.25 -9.65
4 16 1.85 -0.25 -7.4 1.5 -0.25 -9.9 2.3 -0.25 -8.55 2.4 -0.25 -7.35
4 16 1.85 -0.25 -7.4 2.4 -0.25 -7.35 2.75 -0.25 -6.45 2.75 -0.25 -3.45
3 16 2.75 -0.25 -3.45 2.75 -0.25 -6.45 3.5 -0.25 -5.75
4 16 2.75 -0.25 -3.45 3.5 -0.25 -5.75 4.6 -0.25 -4.9 5.1 -0.25 -0.4
4 16 2.75 -0.25 -3.45 5.1 -0.25 -0.4 3.6 -0.25 -0.1 2.25 -0.25 -2.25
4 16 2.25 -0.25 -2.25 3.6 -0.25 -0.1 2.65 -0.25 0.9 0.5 -0.25 -1.7
3 16 2.4 -0.25 2.1 0.5 -0.25 -1.7 2.65 -0.25 0.9
4 16 -1.95 -0.25 5.85 2.4 -0.25 2.1 2.75 -0.25 3.2 2.55 -0.25 4.2
3 16 2.55 -0.25 4.2 2.75 -0.25 3.2 3.45 -0.25 3.8
4 16 -1.95 -0.25 5.85 2.55 -0.25 4.2 2 -0.25 5.35 -1.05 -0.25 7.3
4 16 -1.05 -0.25 7.3 2 -0.25 5.35 1.7 -0.25 6.7 -0.85 -0.25 8.95
4 16 1.25 -0.25 8.8 -0.85 -0.25 8.95 1.7 -0.25 6.7 2.4 -0.25 7.75
3 16 1.25 -0.25 8.8 2.4 -0.25 7.75 2.3 -0.25 8.4
4 16 2.3 -0.25 8.4 2.4 -0.25 7.75 3.6 -0.25 8.1 3.2 -0.25 8.75
4 16 4 -0.25 9.15 3.2 -0.25 8.75 3.6 -0.25 8.1 4.55 -0.25 8.7
3 16 4.55 -0.25 8.7 3.6 -0.25 8.1 4.4 -0.25 8.1
4 16 -0.85 -0.25 8.95 1.25 -0.25 8.8 0.6 -0.25 9.65 -1.6 -0.25 10.55
3 16 0.3 -0.25 11.2 -1.6 -0.25 10.55 0.6 -0.25 9.65
4 16 -3.1 -0.25 11.15 -1.6 -0.25 10.55 0.3 -0.25 11.2 0.7 -0.25 12.4
4 16 6.25 -0.25 16.55 2.55 -0.25 14 3.6 -0.25 13.95 5.85 -0.25 15.35
4 16 5.85 -0.25 15.35 3.6 -0.25 13.95 4.4 -0.25 13.4 6.15 -0.25 14.3
4 16 6.15 -0.25 14.3 4.4 -0.25 13.4 5.1 -0.25 12.8 6.5 -0.25 13
3 16 6.15 -0.25 14.3 6.5 -0.25 13 6.75 -0.25 13.7
4 16 14.85 -0.25 11.85 11.05 -0.25 13.45 10.8 -0.25 12.35 12.3 -0.25 11.6
3 16 10.8 -0.25 12.35 11.4 -0.25 11.75 12.3 -0.25 11.6
3 16 11.65 -0.25 14.55 11.05 -0.25 13.45 14.85 -0.25 11.85
4 16 20.05 -0.25 8.1 16.55 -0.25 10.75 16.7 -0.25 9.25 18.35 -0.25 8.05
4 16 18.35 -0.25 8.05 16.7 -0.25 9.25 16.2 -0.25 7.95 16.35 -0.25 7.2
4 16 16.35 -0.25 7.2 16.2 -0.25 7.95 15.5 -0.25 7.05 14.8 -0.25 5.75
4 16 14.8 -0.25 5.75 15.5 -0.25 7.05 14.7 -0.25 6.85 13.7 -0.25 5.9
3 16 13.7 -0.25 5.9 13.85 -0.25 4.8 14.8 -0.25 5.75
4 16 13 -0.25 6.55 13.7 -0.25 5.9 14.7 -0.25 6.85 14.05 -0.25 7.05
4 16 13 -0.25 6.55 14.05 -0.25 7.05 13.55 -0.25 7.75 12.5 -0.25 7.15
3 16 12.65 -0.25 7.95 12.5 -0.25 7.15 13.55 -0.25 7.75
3 16 21.35 -0.25 7.3 22.2 -0.25 6.6 22.65 -0.25 7.05
4 16 21.35 -0.25 7.3 22.65 -0.25 7.05 23.7 -0.25 7.85 20.05 -0.25 8.1
3 16 26.8 -0.25 6.2 29.6 -0.25 5 31.05 -0.25 5.1
4 16 29.6 -0.25 5 26.8 -0.25 6.2 26.8 -0.25 4.8 28.25 -0.25 4.25
3 16 26.8 -0.25 4.8 27.5 -0.25 2.75 28.25 -0.25 4.25
4 16 27.25 -0.25 1.65 27.5 -0.25 2.75 26.8 -0.25 4.8 24.3 -0.25 -0.75
4 16 27.95 -0.25 0.45 27.25 -0.25 1.65 24.3 -0.25 -0.75 26.6 -0.25 -4.2
4 16 24 -0.25 -3.85 26.6 -0.25 -4.2 24.3 -0.25 -0.75 23.25 -0.25 -3.05
3 16 24.3 -0.25 -0.75 23.3 -0.25 -1.25 23.25 -0.25 -3.05
4 16 23.25 -0.25 -3.05 23.3 -0.25 -1.25 21.95 -0.25 -1.05 21.6 -0.25 -2.8
4 16 21.6 -0.25 -2.8 21.95 -0.25 -1.05 21.05 -0.25 -0.35 20.3 -0.25 -3.2
4 16 20.3 -0.25 -3.2 21.05 -0.25 -0.35 18.55 -0.25 -3.85 19.65 -0.25 -4.15
4 16 19.65 -0.25 -4.15 18.55 -0.25 -3.85 18.5 -0.25 -5.25 19.4 -0.25 -5.6
3 16 18.5 -0.25 -5.25 18.9 -0.25 -5.85 19.4 -0.25 -5.6
4 16 20.1 -0.25 1.5 18.55 -0.25 -3.85 21.05 -0.25 -0.35 21.05 -0.25 0.75
4 16 20.1 -0.25 1.5 21.05 -0.25 0.75 21.15 -0.25 1.7 20.7 -0.25 1.8
4 16 26.6 -0.25 -4.2 24 -0.25 -3.85 24.1 -0.25 -5.05 25.05 -0.25 -6.25
4 16 25.5 -0.25 -8.2 26.6 -0.25 -4.2 25.05 -0.25 -6.25 25 -0.25 -7.55
3 16 25 -0.25 -7.55 24.5 -0.25 -8.35 25.5 -0.25 -8.2
4 16 32.4 -0.25 -10.25 31.7 -0.25 -10.15 32.2 -0.25 -11.9 32.75 -0.25 -11.4
3 16 32.4 -0.25 -10.25 32.75 -0.25 -11.4 32.7 -0.25 -10.65
4 16 31.35 -0.25 -11.85 32.2 -0.25 -11.9 31.7 -0.25 -10.15 31.2 -0.25 -10.9
4 16 34.7 -0.25 -3.75 35.65 -0.25 -3.8 36 -0.25 -3.1 35.9 -0.25 -2.35
4 16 34 -0.25 -3.25 34.7 -0.25 -3.75 35.9 -0.25 -2.35 34.15 -0.25 -2.2
3 16 35.1 -0.25 -1.85 34.15 -0.25 -2.2 35.9 -0.25 -2.35
4 16 39.35 -0.25 -5 38 -0.25 -5.15 37.1 -0.25 -5.75 36.95 -0.25 -6.7
3 16 36.9 -0.25 -4.9 37.1 -0.25 -5.75 38 -0.25 -5.15
4 16 37.25 -0.25 -12.65 39.35 -0.25 -5 36.95 -0.25 -6.7 35.15 -0.25 -10.2
3 16 35.15 -0.25 -10.2 36.45 -0.25 -12.15 37.25 -0.25 -12.65
3 16 35.15 -0.25 -10.2 34.2 -0.25 -11 36.45 -0.25 -12.15
4 16 -21.65 -0.25 4.8 -27.925 -0.25 4.85 -26.05 -0.25 3.65 -23.4 -0.25 2.35
3 16 -26.05 -0.25 3.65 -24.95 -0.25 2 -23.4 -0.25 2.35
3 16 -23.4 -0.25 2.35 -24.95 -0.25 2 -24.15 -0.25 -0.55
4 16 11.2 -0.25 -3.25 11.55 -0.25 -0.35 10.55 -0.25 -0.85 10 -0.25 -5.35
4 16 11.35 -0.25 -5.4 11.2 -0.25 -3.25 10 -0.25 -5.35 10.6 -0.25 -6.15
4 16 11.35 -0.25 -5.4 10.6 -0.25 -6.15 11 -0.25 -7.05 12.2 -0.25 -8.45
3 16 11 -0.25 -7.05 11 -0.25 -8.3 12.2 -0.25 -8.45
4 16 12.2 -0.25 -8.45 11 -0.25 -8.3 10.55 -0.25 -9.85 14.2 -0.25 -11.35
3 16 10.55 -0.25 -9.85 9.65 -0.25 -10.65 14.2 -0.25 -11.35
4 16 18.35 -0.25 -12.45 23.8 -0.25 -14.4 22.8 -0.25 -13.45 20.4 -0.25 -11.6
3 16 20.4 -0.25 -11.6 22.8 -0.25 -13.45 22.65 -0.25 -12.4
4 16 20.4 -0.25 -11.6 22.65 -0.25 -12.4 22.9 -0.25 -11.35 21.65 -0.25 -10.25
3 16 21.65 -0.25 -10.25 22.9 -0.25 -11.35 22.65 -0.25 -10.45
4 16 12.4 -0.25 2.05 12.1 -0.25 2.45 11.4 -0.25 2.05 11.9 -0.25 1.3
3 0 2.75 -0.25 -6.45 3.35 -0.25 -7.45 3.55 -0.25 -6.85
4 16 -31.3 0 9.9 -31.3 -0.25 9.9 -23.1 -0.25 11.2 -23.1 0 11.2
4 16 -39 0 7.8 -39 -0.25 7.8 -31.3 -0.25 9.9 -31.3 0 9.9
4 16 -44 0 5.2 -44 -0.25 5.2 -39 -0.25 7.8 -39 0 7.8
4 16 -46.5 0 0.2 -46.5 -0.25 0.2 -44 -0.25 5.2 -44 0 5.2
4 16 -46.4 0 -4.4 -46.4 -0.25 -4.4 -46.5 -0.25 0.2 -46.5 0 0.2
4 16 -43.3 0 -11.6 -43.3 -0.25 -11.6 -46.4 -0.25 -4.4 -46.4 0 -4.4
4 16 -40.9 0 -17.5 -40.9 -0.25 -17.5 -43.3 -0.25 -11.6 -43.3 0 -11.6
4 16 -37.6 0 -21.4 -37.6 -0.25 -21.4 -40.9 -0.25 -17.5 -40.9 0 -17.5
4 16 -34.6 0 -22.3 -34.6 -0.25 -22.3 -37.6 -0.25 -21.4 -37.6 0 -21.4
4 16 -31.3 0 -21.4 -31.3 -0.25 -21.4 -34.6 -0.25 -22.3 -34.6 0 -22.3
4 16 -24.6 0 -18.2 -24.6 -0.25 -18.2 -31.3 -0.25 -21.4 -31.3 0 -21.4
4 16 -18.5 0 -16.1 -18.5 -0.25 -16.1 -24.6 -0.25 -18.2 -24.6 0 -18.2
4 16 -10.8 0 -14.6 -10.8 -0.25 -14.6 -18.5 -0.25 -16.1 -18.5 0 -16.1
4 16 -3.2 0 -14 -3.2 -0.25 -14 -10.8 -0.25 -14.6 -10.8 0 -14.6
4 16 0.75 0 -13.8 0.75 -0.25 -13.8 -3.2 -0.25 -14 -3.2 0 -14
4 16 4.95 0 -14 4.95 -0.25 -14 0.75 -0.25 -13.8 0.75 0 -13.8
4 16 12.85 0 -15.2 12.85 -0.25 -15.2 4.95 -0.25 -14 4.95 0 -14
4 16 18.85 0 -16.5 18.85 -0.25 -16.5 12.85 -0.25 -15.2 12.85 0 -15.2
4 16 24.35 0 -18.5 24.35 -0.25 -18.5 18.85 -0.25 -16.5 18.85 0 -16.5
4 16 30.05 0 -21.6 30.05 -0.25 -21.6 24.35 -0.25 -18.5 24.35 0 -18.5
4 16 33.75 0 -22.6 33.75 -0.25 -22.6 30.05 -0.25 -21.6 30.05 0 -21.6
4 16 37.85 0 -21.6 37.85 -0.25 -21.6 33.75 -0.25 -22.6 33.75 0 -22.6
4 16 40.65 0 -19.5 40.65 -0.25 -19.5 37.85 -0.25 -21.6 37.85 0 -21.6
4 16 41.75 0 -16.6 41.75 -0.25 -16.6 40.65 -0.25 -19.5 40.65 0 -19.5
4 16 41.65 0 -12.9 41.65 -0.25 -12.9 41.75 -0.25 -16.6 41.75 0 -16.6
4 16 42.55 0 -10 42.55 -0.25 -10 41.65 -0.25 -12.9 41.65 0 -12.9
4 16 45.45 0 -4.9 45.45 -0.25 -4.9 42.55 -0.25 -10 42.55 0 -10
4 16 46.25 0 -0.2 46.25 -0.25 -0.2 45.45 -0.25 -4.9 45.45 0 -4.9
4 16 45.75 0 3.5 45.75 -0.25 3.5 46.25 -0.25 -0.2 46.25 0 -0.2
4 16 43.15 0 6.4 43.15 -0.25 6.4 45.75 -0.25 3.5 45.75 0 3.5
4 16 37.95 0 9.6 37.95 -0.25 9.6 43.15 -0.25 6.4 43.15 0 6.4
4 16 32.75 0 11.4 32.75 -0.25 11.4 37.95 -0.25 9.6 37.95 0 9.6
4 16 28.15 0 12.1 28.15 -0.25 12.1 32.75 -0.25 11.4 32.75 0 11.4
4 16 23.85 0 12.45 23.85 -0.25 12.45 28.15 -0.25 12.1 28.15 0 12.1
4 16 20.15 0 13.25 20.15 -0.25 13.25 23.85 -0.25 12.45 23.85 0 12.45
4 16 17.35 0 15.8 17.35 -0.25 15.8 20.15 -0.25 13.25 20.15 0 13.25
4 16 15.15 0 19.8 15.15 -0.25 19.8 17.35 -0.25 15.8 17.35 0 15.8
4 16 11.55 0 22.5 11.55 -0.25 22.5 15.15 -0.25 19.8 15.15 0 19.8
4 16 6.85 0 22.5 6.85 -0.25 22.5 11.55 -0.25 22.5 11.55 0 22.5
4 16 2.75 0 21.1 2.75 -0.25 21.1 6.85 -0.25 22.5 6.85 0 22.5
4 16 -1.45 0 18.2 -1.45 -0.25 18.2 2.75 -0.25 21.1 2.75 0 21.1
4 16 -6.8 0 15.3 -6.8 -0.25 15.3 -1.45 -0.25 18.2 -1.45 0 18.2
4 16 -17.2 0 12.7 -17.2 -0.25 12.7 -6.8 -0.25 15.3 -6.8 0 15.3
4 16 -23.1 0 11.2 -23.1 -0.25 11.2 -17.2 -0.25 12.7 -17.2 0 12.7
5 24 33.75 -0.25 -22.6 33.75 0 -22.6 37.85 -0.25 -21.6 30.05 -0.25 -21.6
5 24 37.85 -0.25 -21.6 37.85 0 -21.6 40.65 -0.25 -19.5 33.75 -0.25 -22.6
5 24 40.65 -0.25 -19.5 40.65 0 -19.5 41.75 -0.25 -16.6 37.85 -0.25 -21.6
5 24 41.75 -0.25 -16.6 41.75 0 -16.6 41.65 -0.25 -12.9 40.65 -0.25 -19.5
5 24 41.65 -0.25 -12.9 41.65 0 -12.9 42.55 -0.25 -10 41.75 -0.25 -16.6
5 24 42.55 -0.25 -10 42.55 0 -10 45.45 -0.25 -4.9 41.65 -0.25 -12.9
5 24 45.45 -0.25 -4.9 45.45 0 -4.9 42.55 -0.25 -10 46.25 -0.25 -0.2
5 24 46.25 -0.25 -0.2 46.25 0 -0.2 45.75 -0.25 3.5 45.45 -0.25 -4.9
5 24 45.75 -0.25 3.5 45.75 0 3.5 43.15 -0.25 6.4 46.25 -0.25 -0.2
5 24 43.15 -0.25 6.4 43.15 0 6.4 37.95 -0.25 9.6 45.75 -0.25 3.5
5 24 37.95 -0.25 9.6 37.95 0 9.6 32.75 -0.25 11.4 43.15 -0.25 6.4
5 24 32.75 -0.25 11.4 32.75 0 11.4 28.15 -0.25 12.1 37.95 -0.25 9.6
5 24 28.15 -0.25 12.1 28.15 0 12.1 23.85 -0.25 12.45 32.75 -0.25 11.4
5 24 23.85 -0.25 12.45 23.85 0 12.45 20.15 -0.25 13.25 28.15 -0.25 12.1
5 24 20.15 -0.25 13.25 20.15 0 13.25 17.35 -0.25 15.8 23.85 -0.25 12.45
5 24 17.35 -0.25 15.8 17.35 0 15.8 15.15 -0.25 19.8 20.15 -0.25 13.25
5 24 15.15 -0.25 19.8 15.15 0 19.8 11.55 -0.25 22.5 17.35 -0.25 15.8
5 24 11.55 -0.25 22.5 11.55 0 22.5 6.85 -0.25 22.5 15.15 -0.25 19.8
5 24 6.85 -0.25 22.5 6.85 0 22.5 2.75 -0.25 21.1 11.55 -0.25 22.5
5 24 2.75 -0.25 21.1 2.75 0 21.1 -1.45 -0.25 18.2 6.85 -0.25 22.5
5 24 -1.45 -0.25 18.2 -1.45 0 18.2 -6.8 -0.25 15.3 2.75 -0.25 21.1
5 24 -6.8 -0.25 15.3 -6.8 0 15.3 -17.2 -0.25 12.7 -1.45 -0.25 18.2
5 24 -17.2 -0.25 12.7 -17.2 0 12.7 -23.1 -0.25 11.2 -6.8 -0.25 15.3
5 24 -23.1 -0.25 11.2 -23.1 0 11.2 -31.3 -0.25 9.9 -17.2 -0.25 12.7
5 24 -31.3 -0.25 9.9 -31.3 0 9.9 -39 -0.25 7.8 -23.1 -0.25 11.2
5 24 -39 -0.25 7.8 -39 0 7.8 -44 -0.25 5.2 -31.3 -0.25 9.9
5 24 -44 -0.25 5.2 -44 0 5.2 -46.5 -0.25 0.2 -39 -0.25 7.8
5 24 -46.5 -0.25 0.2 -46.5 0 0.2 -46.4 -0.25 -4.4 -44 -0.25 5.2
5 24 -46.4 -0.25 -4.4 -46.4 0 -4.4 -43.3 -0.25 -11.6 -46.5 -0.25 0.2
5 24 -43.3 -0.25 -11.6 -43.3 0 -11.6 -40.9 -0.25 -17.5 -46.4 -0.25 -4.4
5 24 -40.9 -0.25 -17.5 -40.9 0 -17.5 -37.6 -0.25 -21.4 -43.3 -0.25 -11.6
5 24 -37.6 -0.25 -21.4 -37.6 0 -21.4 -34.6 -0.25 -22.3 -40.9 -0.25 -17.5
5 24 -34.6 -0.25 -22.3 -34.6 0 -22.3 -31.3 -0.25 -21.4 -37.6 -0.25 -21.4
5 24 -31.3 -0.25 -21.4 -31.3 0 -21.4 -24.6 -0.25 -18.2 -34.6 -0.25 -22.3
5 24 -24.6 -0.25 -18.2 -24.6 0 -18.2 -18.5 -0.25 -16.1 -31.3 -0.25 -21.4
5 24 -18.5 -0.25 -16.1 -18.5 0 -16.1 -10.8 -0.25 -14.6 -24.6 -0.25 -18.2
5 24 -10.8 -0.25 -14.6 -10.8 0 -14.6 -3.2 -0.25 -14 -18.5 -0.25 -16.1
5 24 -3.2 -0.25 -14 -3.2 0 -14 0.75 -0.25 -13.8 -10.8 -0.25 -14.6
5 24 0.75 -0.25 -13.8 0.75 0 -13.8 4.95 -0.25 -14 -3.2 -0.25 -14
5 24 4.95 -0.25 -14 4.95 0 -14 12.85 -0.25 -15.2 0.75 -0.25 -13.8
5 24 12.85 -0.25 -15.2 12.85 0 -15.2 18.85 -0.25 -16.5 4.95 -0.25 -14
5 24 18.85 -0.25 -16.5 18.85 0 -16.5 24.35 -0.25 -18.5 12.85 -0.25 -15.2
5 24 24.35 -0.25 -18.5 24.35 0 -18.5 30.05 -0.25 -21.6 18.85 -0.25 -16.5
5 24 30.05 -0.25 -21.6 30.05 0 -21.6 33.75 -0.25 -22.6 24.35 -0.25 -18.5
