0 Sticker  1.9 x  2.9 with Exxon Gas Pumps Number 4
0 Name: 192375l.dat
0 Author: Takeshi Takahashi [RainbowDolphin]
0 !LDRAW_ORG Part UPDATE 2023-05
0 !LICENSE Licensed under CC BY 4.0 : see CAreadme.txt

0 BFC CERTIFY CCW

0 !KEYWORDS Gas Station, Set 6375-2

0 !HISTORY 2023-10-31 [OrionP] Official Update 2023-05


1 0 0 -0.25 0 1 0 0 0 1 0 0 0 1 s\192375is01.dat
4 0 25.50875 -.25 11.25 24.48875 -.25 11.25 24.48875 -.25 6.031 25.50875 -.25 6.031
4 0 24.48875 -.25 2.75 25.50875 -.25 2.75 25.50875 -.25 4.6455 24.48875 -.25 4.6455
3 0 19.09125 -.25 11.25 19.09125 -.25 6.167 22.32125 -.25 11.25
3 0 22.80575 -.25 5.997 22.80575 -.25 9.7285 20.44275 -.25 5.997
4 0 22.77175 -.25 2.75 22.77175 -.25 4.6455 19.09125 -.25 4.6455 19.09125 -.25 2.75
4 15 22.77175 -.25 2.75 24.48875 -.25 2.75 24.48875 -.25 4.6455 22.77175 -.25 4.6455
4 15 24.48875 -.25 6.031 24.48875 -.25 4.6455 25.50875 -.25 4.6455 25.50875 -.25 6.031
4 15 20.44275 -.25 5.997 22.80575 -.25 9.7285 22.32125 -.25 11.25 19.09125 -.25 6.167
3 15 22.80575 -.25 9.7285 24.48875 -.25 11.25 22.32125 -.25 11.25
3 15 20.44275 -.25 5.997 19.09125 -.25 6.167 19.09125 -.25 4.6455
4 15 22.80575 -.25 5.997 20.44275 -.25 5.997 19.09125 -.25 4.6455 22.77175 -.25 4.6455
4 15 24.48875 -.25 6.031 24.48875 -.25 11.25 22.80575 -.25 9.7285 22.80575 -.25 5.997
4 15 22.77175 -.25 4.6455 24.48875 -.25 4.6455 24.48875 -.25 6.031 22.80575 -.25 5.997

4 0 25.50875 -.25 11.25 29 -.25 18.5 17 -.25 18.5 19.09125 -.25 11.25
3 0 19.09125 -.25 11.25 17 -.25 18.5 17 -.25 8.2
4 0 19.09125 -.25 11.25 17 -.25 8.2 17 -.25 5.3 19.09125 -.25 2.75
3 0 19.09125 -.25 2.75 17 -.25 5.3 17 -.25 2.7
3 0 19.09125 -.25 2.75 17 -.25 2.7 29 -.25 -4.5
3 0 19.09125 -.25 2.75 29 -.25 -4.5 25.50875 -.25 2.75
4 0 29 -.25 18.5 25.50875 -.25 11.25 25.50875 -.25 2.75 29 -.25 -4.5

0 // background box
1 16 0 -0.25 0 29 0 0 0 0.25 0 0 0 18.5 box5-12.dat
