0 Sticker  0.8 x  8 with Black and Yellow Chevrons
0 Name: 195475b.dat
0 Author: Ulrich Röder [UR]
0 !LDRAW_ORG Part UPDATE 2019-02
0 !LICENSE Redistributable under CCAL version 2.0 : see CAreadme.txt

0 BFC CERTIFY CCW




0 !KEYWORDS Set 7755, Train

0 !HISTORY 2019-09-09 [PTadmin] Official Update 2019-02

0 // Main
1 16 0 -0.25 0 79.8 0 0 0 0.25 0 0 0 -7.8 box5-12.dat

0 // Yellow
3 14 79.8 -.25 0 79.8 -.25 7.8 72.75 -.25 7.8
4 14 44.25 -.25 -7.8 53.25 -.25 -7.8 60.25 -.25 0 57.25 -.25 7.8
4 14 41 -.25 7.8 26.5 -.25 -7.8 35.5 -.25 -7.8 49.5 -.25 7.8
4 14 5.7 -.25 7.8 0 -.25 1.42 0 -.25 -7.8 14.5 -.25 7.8
4 14 -60.25 -.25 -5.1 -57.6 -.25 -7.8 -48.25 -.25 -7.8 -60.25 -.25 4
4 14 60.25 -.25 0 67.25 -.25 -7.8 77.25 -.25 -7.8 63.25 -.25 7.8
4 14 -15 -.25 7.8 0 -.25 -7.8 0 -.25 1.42 -5.7 -.25 7.8
4 14 23.6 -.25 7.8 9 -.25 -7.8 18 -.25 -7.8 32.5 -.25 7.8
3 14 60.25 -.25 0 63.25 -.25 7.8 57.25 -.25 7.8
4 14 -62.9 -.25 -7.8 -60.25 -.25 -5.1 -60.25 -.25 4 -71 -.25 -7.8
4 14 -79.8 -.25 -7.8 -65.5 -.25 7.8 -73.75 -.25 7.8 -79.8 -.25 1.5
4 14 -9.5 -.25 -7.8 -25 -.25 7.8 -35.5 -.25 7.8 -19 -.25 -7.8
4 14 -55 -.25 7.8 -39 -.25 -7.8 -29 -.25 -7.8 -45 -.25 7.8

0 // Black
3 0 67.25 -.25 -7.8 60.25 -.25 0 53.25 -.25 -7.8
3 0 0 -.25 1.42 5.7 -.25 7.8 -5.7 -.25 7.8
3 0 -60.25 -.25 -5.1 -62.9 -.25 -7.8 -57.6 -.25 -7.8
4 0 0 -.25 -7.8 9 -.25 -7.8 23.6 -.25 7.8 14.5 -.25 7.8
4 0 44.25 -.25 -7.8 57.25 -.25 7.8 49.5 -.25 7.8 35.5 -.25 -7.8
4 0 79.8 -.25 0 72.75 -.25 7.8 63.25 -.25 7.8 77.25 -.25 -7.8
3 0 79.8 -.25 0 77.25 -.25 -7.8 79.8 -.25 -7.8
4 0 -71 -.25 -7.8 -60.25 -.25 4 -65.5 -.25 7.8 -79.8 -.25 -7.8
4 0 26.5 -.25 -7.8 41 -.25 7.8 32.5 -.25 7.8 18 -.25 -7.8
3 0 -79.8 -.25 1.5 -73.75 -.25 7.8 -79.8 -.25 7.8
4 0 -39 -.25 -7.8 -55 -.25 7.8 -60.25 -.25 4 -48.25 -.25 -7.8
3 0 -55 -.25 7.8 -65.5 -.25 7.8 -60.25 -.25 4
4 0 -25 -.25 7.8 -9.5 -.25 -7.8 0 -.25 -7.8 -15 -.25 7.8
4 0 -45 -.25 7.8 -29 -.25 -7.8 -19 -.25 -7.8 -35.5 -.25 7.8
