0 Plant Vine Curled with Bar
0 Name: 1997.dat
0 Author: Philippe Hurbain [Philo]
0 !LDRAW_ORG Part UPDATE 2024-05
0 !LICENSE Licensed under CC BY 4.0 : see CAreadme.txt

0 BFC CERTIFY CCW

0 !KEYWORDS animal, Horn, Spiral, Sprout, Tail

0 !HISTORY 2023-11-20 {LEGO Instructions App} Original part shape
0 !HISTORY 2023-11-21 [Philo] File preparation for LDraw Parts Tracker
0 !HISTORY 2024-06-30 [OrionP] Official Update 2024-05

1 16 0 0 0 4 0 0 0 -8 0 0 0 4 4-4cylo.dat
1 16 0 0 0 2 0 0 0 -1 0 0 0 2 4-4ring1.dat
0 BFC INVERTNEXT
1 16 0 -11 0 2 0 0 0 11 0 0 0 2 4-4cylc.dat
1 16 0 0 0 1 0 0 0 1 0 0 0 1 s\1997s01.dat
1 16 0 0 0 -1 0 0 0 1 0 0 0 1 s\1997s01.dat
5 24 0 -55.181 17.469 0 -50.292 14.935 -2.731 -50.179 15.455 2.731 -50.179 15.455
5 24 0 -54.828 10.715 0 -57.308 13.765 2.514 -57.654 12.978 -2.514 -57.654 12.978
5 24 0 -65.321 15.732 0 -67.59 14.447 -2.289 -67.47 14.249 2.289 -67.47 14.249
5 24 0 -63.448 -8.579 0 -58.493 -6.194 2.598 -58.793 -5.892 -2.598 -58.793 -5.892
5 24 0 -53.222 6.564 0 -54.828 10.715 -2.283 -55.295 10.174 2.283 -55.295 10.174
5 24 0 -62.638 1.861 0 -64.04 0.277 2.594 -63.753 -0.165 -2.594 -63.753 -0.165
5 24 0 -62.243 6.099 0 -61.926 4.097 2.517 -61.445 4.178 -2.517 -61.445 4.178
5 24 0 -67.349 -9.219 0 -63.448 -8.579 2.431 -67.33 -8.925 -2.431 -67.33 -8.925
5 24 0 -52.358 27.625 0 -57.958 28.962 -2.872 -57.902 28.168 2.872 -57.902 28.168
5 24 0 -34.896 0.885 0 -30.464 -2.654 3.64 -29.886 -2.227 -3.64 -29.886 -2.227
5 24 0 -82.261 -2.815 0 -78.477 -6.168 2.727 -78.132 -5.736 -2.727 -78.132 -5.736
5 24 0 -61.686 29.223 0 -65.009 29.177 -2.86 -64.782 28.448 2.86 -64.782 28.448
5 24 0 -75.964 9.292 0 -75.052 12.64 2.711 -75.648 12.771 -2.711 -75.648 12.771
5 24 0 -78.477 -6.168 0 -74.153 -8.284 2.697 -73.91 -7.776 -2.697 -73.91 -7.776
5 24 0 -74.606 3.2 0 -75.736 5.98 -2.835 -76.478 5.525 2.835 -76.478 5.525
5 24 0 -64.255 18.591 0 -61.697 18.557 2.588 -61.718 19.109 -2.588 -61.718 19.109
5 24 0 -29.116 11.935 0 -33.52 15.723 -3.521 -33.944 14.675 3.521 -33.944 14.675
5 24 0 -45.039 10.555 0 -39.74 5.547 -3.158 -39.41 6.232 3.158 -39.41 6.232
5 24 0 -74.153 -8.284 0 -70.423 -9.13 -2.487 -70.293 -8.728 2.487 -70.293 -8.728
5 24 0 -25.491 9.638 0 -29.116 11.935 -3.707 -29.605 11.078 3.707 -29.605 11.078
5 24 0 -70.423 -9.13 0 -67.349 -9.219 -2.431 -67.33 -8.925 2.431 -67.33 -8.925
5 24 0 -50.292 14.935 0 -45.039 10.555 -2.862 -44.782 11.263 2.862 -44.782 11.263
5 24 0 -14.149 -7.897 0 -10.5 -8 -3.0616 -10.5 -7.3912 3.0616 -10.5 -7.3912
5 24 0 -68.238 -0.705 0 -70.066 -0.285 -2.787 -69.814 -1.089 2.787 -69.814 -1.089
5 24 0 -61.926 4.097 0 -62.638 1.861 2.608 -62.169 1.662 -2.608 -62.169 1.662
5 24 0 -76.856 25.36 0 -80.236 22.823 -2.683 -79.647 22.641 2.683 -79.647 22.641
5 24 0 -72.255 27.539 0 -76.856 25.36 2.887 -76.305 24.801 -2.887 -76.305 24.801
5 24 0 -57.308 13.765 0 -61.16 15.517 2.443 -61.375 14.675 -2.443 -61.375 14.675
5 24 0 -68.725 12.794 0 -68.724 10.654 2.099 -68.49 12.691 -2.099 -68.49 12.691
5 24 0 -22.052 8.668 0 -25.491 9.638 -3.768 -25.941 8.807 3.768 -25.941 8.807
5 24 0 -67.59 14.447 0 -68.725 12.794 -2.099 -68.49 12.691 2.099 -68.49 12.691
5 24 0 -75.052 12.64 0 -73.088 15.312 -2.711 -75.648 12.771 2.711 -75.648 12.771
5 24 0 -66.097 -0.633 0 -68.238 -0.705 -2.655 -68.043 -1.291 2.655 -68.043 -1.291
5 24 0 -57.958 28.962 0 -61.686 29.223 -2.859 -61.526 28.528 2.859 -61.526 28.528
5 24 0 -70.066 -0.285 0 -71.382 0.254 -2.711 -71.412 -0.47 2.711 -71.412 -0.47
5 24 0 -66.734 18.332 0 -64.255 18.591 2.553 -66.655 18.75 -2.553 -66.655 18.75
5 24 0 -39.74 5.547 0 -34.896 0.885 -3.511 -34.444 1.581 3.511 -34.444 1.581
5 24 0 -84.547 17.183 0 -86.484 11.765 2.594 -85.943 11.758 -2.594 -85.943 11.758
5 24 0 -33.52 15.723 0 -39.069 20.278 -3.198 -39.535 19.328 3.198 -39.535 19.328
5 24 0 -39.069 20.278 0 -45.367 24.336 -2.991 -45.715 23.567 2.991 -45.715 23.567
5 24 0 -65.009 29.177 0 -68.526 28.627 2.932 -68.229 27.924 -2.932 -68.229 27.924
5 24 0 -53.222 3.164 0 -53.222 6.564 -2.422 -53.812 6.05 2.422 -53.812 6.05
5 24 0 -14.714 8.208 0 -18.748 8.351 -4.033 -18.702 7.283 4.033 -18.702 7.283
5 24 0 -68.526 28.627 0 -72.255 27.539 2.891 -71.928 26.906 -2.891 -71.928 26.906
5 24 0 -73.018 1.334 0 -74.606 3.2 -2.823 -75.252 2.671 2.823 -75.252 2.671
5 24 0 -10.5 8 0 -14.714 8.208 -3.0616 -10.5 7.3912 3.0616 -10.5 7.3912
5 24 0 -86.484 11.765 0 -86.484 7.365 -2.594 -85.943 7.358 2.594 -85.943 7.358
5 24 0 -54.95 -1.995 0 -53.222 3.164 -2.422 -53.812 2.65 2.422 -53.812 2.65
5 24 0 -71.559 16.52 0 -69.23 17.622 2.629 -69.176 18.116 -2.629 -69.176 18.116
5 24 0 -63.374 7.33 0 -62.243 6.099 -2.194 -63.167 7.344 2.194 -63.167 7.344
5 24 0 -68.724 10.654 0 -67.35 8.95 -2.174 -68.534 10.747 2.174 -68.534 10.747
5 24 0 -73.088 15.312 0 -71.559 16.52 2.649 -73.316 15.769 -2.649 -73.316 15.769
5 24 0 -18.748 8.351 0 -22.052 8.668 4.033 -18.702 7.283 -4.033 -18.702 7.283
5 24 0 -64.04 0.277 0 -66.097 -0.633 2.608 -65.952 -1.141 -2.608 -65.952 -1.141
5 24 0 -85.27 2.346 0 -82.261 -2.815 2.657 -81.822 -2.461 -2.657 -81.822 -2.461
5 24 0 -58.969 18.404 0 -55.181 17.469 -2.659 -55.258 17.99 2.659 -55.258 17.99
5 24 0 -67.35 8.95 0 -65.251 7.848 2.409 -67.218 9.028 -2.409 -67.218 9.028
5 24 0 -45.367 24.336 0 -52.358 27.625 -2.928 -52.494 26.757 2.928 -52.494 26.757
5 24 0 -65.251 7.848 0 -63.374 7.33 -2.194 -63.167 7.344 2.194 -63.167 7.344
5 24 0 -80.236 22.823 0 -84.547 17.183 -2.651 -84.041 16.991 2.651 -84.041 16.991
5 24 0 -69.23 17.622 0 -66.734 18.332 -2.629 -69.176 18.116 2.629 -69.176 18.116
5 24 0 -58.493 -6.194 0 -54.95 -1.995 -2.598 -58.793 -5.892 2.598 -58.793 -5.892
5 24 0 -61.16 15.517 0 -65.321 15.732 2.392 -65.089 15.072 -2.392 -65.089 15.072
5 24 0 -86.484 7.365 0 -85.27 2.346 -2.619 -84.7693 2.6148 2.619 -84.7693 2.6148
5 24 0 -75.736 5.98 0 -75.964 9.292 -2.815 -76.73 9.191 2.815 -76.73 9.191
5 24 0 -30.464 -2.654 0 -25.402 -5.297 -3.64 -29.886 -2.227 3.64 -29.886 -2.227
5 24 0 -71.382 0.254 0 -73.018 1.334 -2.708 -73.367 0.7 2.708 -73.367 0.7
5 24 0 -25.402 -5.297 0 -20.084 -6.999 -3.554 -20.18 -6.456 3.554 -20.18 -6.456
5 24 0 -61.697 18.557 0 -58.969 18.404 2.588 -61.718 19.109 -2.588 -61.718 19.109
5 24 0 -20.084 -6.999 0 -14.149 -7.897 3.554 -20.18 -6.456 -3.554 -20.18 -6.456
