0 Minifig Hoverboard with Magenta, White and Lime Lines and "HOVER BOARD" Pattern
0 Name: 21271p01.dat
0 Author: Evert-Jan Boer [ejboer]
0 !LDRAW_ORG Part UPDATE 2020-03
0 !LICENSE Redistributable under CCAL version 2.0 : see CAreadme.txt

0 BFC CERTIFY CCW

0 !CATEGORY Minifig Footwear
0 !KEYWORDS Bricklink 21271pb01, Set 71201, Back to the Future

0 !HISTORY 2020-12-29 [PTadmin] Official Update 2020-03

1 16 0 0 0 1 0 0 0 1 0 0 0 1 s\21271s01.dat

4 16 -17.8974 0 -30.5159 -20 0 -30 -18.478 0 -37.654 -16.6302 0 -36.8886
4 16 16.6302 0 -36.8886 18.478 0 -37.654 20 0 -30 18 0 -30
3 26 -11.2454 0 -36.4578 -8.2213 0 -37.654 -7.9794 0 -37.5737
4 26 -10.132 0 -36.0883 -6.866 0 -37.2041 -5.7526 0 -36.8345 -9.0186 0 -35.7187
4 26 -3.4515 0 -36.0707 -6.7175 0 -34.9549 -7.8309 0 -35.3244 -4.5649 0 -36.4403
4 26 -5.6041 0 -34.5853 -2.3381 0 -35.7011 -1.2247 0 -35.3316 -4.4907 0 -34.2157
4 26 1.0763 0 -34.5677 -2.1897 0 -33.4519 -3.3031 0 -33.8214 -.0371 0 -34.9373
4 26 5.7526 0 -30.8155 9.0186 0 -31.9313 10.132 0 -31.5618 6.866 0 -30.4459
3 26 4.8846 0 -31.3189 4.9 0 -31.55 7.8309 0 -32.3256
4 26 4.7793 0 -32.0329 6.7175 0 -32.6952 7.8309 0 -32.3256 4.9 0 -31.55
4 26 5.6041 0 -33.0647 4.4651 0 -32.6756 3.7674 0 -33.1872 4.4907 0 -33.4343
4 26 2.7632 0 -33.6441 1.75 0 -33.9 1.5309 0 -33.9731 2.1897 0 -34.1981
3 26 2.7632 0 -33.6441 2.1897 0 -34.1981 3.3031 0 -33.8286
4 26 .05 0 -33.25 .0992 0 -32.7339 .0371 0 -32.7127 -1.0763 0 -33.0823
3 26 -1.0763 0 -33.0823 .0884 0 -33.4802 .05 0 -33.25
4 15 11.2454 0 -31.1922 7.9794 0 -30.0763 6.866 0 -30.4459 10.132 0 -31.5618
3 15 5.7526 0 -30.8155 4.8706 0 -31.1083 4.8846 0 -31.3189
4 15 9.0186 0 -31.9313 5.7526 0 -30.8155 4.8846 0 -31.3189 7.8309 0 -32.3256
4 15 4.7793 0 -32.0329 4.75 0 -32.15 5.6041 0 -33.0647 6.7175 0 -32.6952
3 15 4.75 0 -32.15 4.4651 0 -32.6756 5.6041 0 -33.0647
4 15 2.7632 0 -33.6441 3.3031 0 -33.8286 4.4907 0 -33.4343 3.7674 0 -33.1872
4 15 -1.0763 0 -33.0823 -2.1897 0 -33.4519 .15 0 -33.85 .0884 0 -33.4802
4 15 .15 0 -33.85 -2.1897 0 -33.4519 1.0763 0 -34.5677 .55 0 -34.15
3 15 1.0064 0 -34.1479 .55 0 -34.15 1.0763 0 -34.5677
4 27 2.7632 0 -33.6441 .1202 0 -32.6851 .0992 0 -32.7339 1.75 0 -33.9
4 27 1.75 0 -33.9 .0992 0 -32.7339 .05 0 -33.25 1.5309 0 -33.9731
4 27 1.0064 0 -34.1479 1.5309 0 -33.9731 .05 0 -33.25 .0884 0 -33.4802
4 27 .55 0 -34.15 1.0064 0 -34.1479 .0884 0 -33.4802 .15 0 -33.85
4 27 4.4651 0 -32.6756 .1202 0 -32.6851 2.7632 0 -33.6441 3.7674 0 -33.1872
4 27 4.4651 0 -32.6756 4.75 0 -32.15 4.7793 0 -32.0329 .1202 0 -32.6851
4 27 4.7793 0 -32.0329 4.9 0 -31.55 4.8846 0 -31.3189 .1202 0 -32.6851
3 27 4.8706 0 -31.1083 .1202 0 -32.6851 4.8846 0 -31.3189
3 15 .1202 0 -32.6851 .0371 0 -32.7127 .0992 0 -32.7339
4 15 -6.866 0 -37.2041 -10.132 0 -36.0883 -11.2454 0 -36.4578 -7.9794 0 -37.5737
4 15 -4.5649 0 -36.4403 -7.8309 0 -35.3244 -9.0186 0 -35.7187 -5.7526 0 -36.8345
4 15 -6.7175 0 -34.9549 -3.4515 0 -36.0707 -2.3381 0 -35.7011 -5.6041 0 -34.5853
4 15 -4.4907 0 -34.2157 -1.2247 0 -35.3316 -.0371 0 -34.9373 -3.3031 0 -33.8214
3 26 -.0371 0 -34.9373 -1.2247 0 -35.3316 0 0 -35.225
3 26 0 0 -35.225 -1.2247 0 -35.3316 -2.3381 0 -35.7011
3 26 0 0 -35.225 -2.3381 0 -35.7011 -3.4515 0 -36.0707
3 26 0 0 -35.225 -3.4515 0 -36.0707 -4.5649 0 -36.4403
3 26 0 0 -35.225 -4.5649 0 -36.4403 -5.7526 0 -36.8345
4 26 -6.866 0 -37.2041 -7.3175 0 -37.654 0 0 -35.225 -5.7526 0 -36.8345
3 26 1.0763 0 -34.5677 -.0371 0 -34.9373 0 0 -35.225
3 26 3.3031 0 -33.8286 2.1897 0 -34.1981 0 0 -35.225
3 26 4.4907 0 -33.4343 3.3031 0 -33.8286 0 0 -35.225
3 26 5.6041 0 -33.0647 4.4907 0 -33.4343 0 0 -35.225
3 26 6.7175 0 -32.6952 5.6041 0 -33.0647 0 0 -35.225
4 26 15.7406 0 -30 7.8309 0 -32.3256 6.7175 0 -32.6952 0 0 -35.225
3 26 0 0 -32.425 -2.1897 0 -33.4519 -1.0763 0 -33.0823
3 26 0 0 -32.425 -1.0763 0 -33.0823 .0371 0 -32.7127
3 26 0 0 -32.425 .0371 0 -32.7127 .1202 0 -32.6851
3 26 4.8706 0 -31.1083 0 0 -32.425 .1202 0 -32.6851
3 26 5.7526 0 -30.8155 0 0 -32.425 4.8706 0 -31.1083
4 26 7.3054 0 -30 0 0 -32.425 5.7526 0 -30.8155 6.866 0 -30.4459
3 26 0 0 -32.425 -4.4907 0 -34.2157 -3.3031 0 -33.8214
3 26 0 0 -32.425 -3.3031 0 -33.8214 -2.1897 0 -33.4519
3 16 -18 0 -30 -20 0 -30 -17.8974 0 -30.5159
3 16 -16.6302 0 -36.8886 -18.478 0 -37.654 -16.1187 0 -37.654
3 16 16.6302 0 -36.8886 16.3587 0 -37.2948 18.478 0 -37.654
3 26 2.1897 0 -34.1981 1.0763 0 -34.5677 0 0 -35.225
4 15 1.0064 0 -34.1479 1.0763 0 -34.5677 2.1897 0 -34.1981 1.5309 0 -33.9731
3 15 -16.3431 0 -30 -18 0 -30 -17.8974 0 -30.5159
4 15 9.9512 0 -30 12.3588 0 -30.8226 13.5464 0 -30.4284 12.2927 0 -30
3 15 14.8368 0 -30 14.4878 0 -30 14.6598 0 -30.0588
4 15 -9.9395 0 -37.654 -12.3588 0 -36.8274 -13.5464 0 -37.2217 -12.281 0 -37.654
3 26 -14.6598 0 -37.5912 -15.7526 0 -37.654 -14.8489 0 -37.654
3 26 -13.5464 0 -37.2217 -15.7526 0 -37.654 -14.6598 0 -37.5912
3 26 -12.3588 0 -36.8274 -15.7526 0 -37.654 -13.5464 0 -37.2217
3 26 -11.2454 0 -36.4578 -15.7526 0 -37.654 -12.3588 0 -36.8274
3 26 -10.132 0 -36.0883 -15.7526 0 -37.654 -11.2454 0 -36.4578
3 26 -9.0186 0 -35.7187 -15.7526 0 -37.654 -10.132 0 -36.0883
3 26 -7.8309 0 -35.3244 -15.7526 0 -37.654 -9.0186 0 -35.7187
3 26 -6.7175 0 -34.9549 -15.7526 0 -37.654 -7.8309 0 -35.3244
3 26 -5.6041 0 -34.5853 -15.7526 0 -37.654 -6.7175 0 -34.9549
4 26 -5.6041 0 -34.5853 -4.4907 0 -34.2157 0 0 -32.425 -15.7526 0 -37.654
4 26 -12.281 0 -37.654 -13.5464 0 -37.2217 -14.6598 0 -37.5912 -14.4761 0 -37.654
4 26 -8.2213 0 -37.654 -11.2454 0 -36.4578 -12.3588 0 -36.8274 -9.9395 0 -37.654
3 26 -7.9794 0 -37.5737 -8.2213 0 -37.654 -7.3175 0 -37.654
3 26 -6.866 0 -37.2041 -7.9794 0 -37.5737 -7.3175 0 -37.654
3 26 7.3054 0 -30 6.866 0 -30.4459 7.9794 0 -30.0763
4 26 9.0928 0 -29.7067 7.3054 0 -30 7.9794 0 -30.0763 9.9512 0 -30
4 26 7.9794 0 -30.0763 11.2454 0 -31.1922 12.3588 0 -30.8226 9.9512 0 -30
4 26 12.2927 0 -30 13.5464 0 -30.4284 14.6598 0 -30.0588 14.4878 0 -30
3 26 15.7406 0 -30 14.8368 0 -30 14.6598 0 -30.0588
3 26 15.7406 0 -30 9.0186 0 -31.9313 7.8309 0 -32.3256
3 26 15.7406 0 -30 10.132 0 -31.5618 9.0186 0 -31.9313
3 26 15.7406 0 -30 11.2454 0 -31.1922 10.132 0 -31.5618
3 26 15.7406 0 -30 12.3588 0 -30.8226 11.2454 0 -31.1922
3 26 15.7406 0 -30 13.5464 0 -30.4284 12.3588 0 -30.8226
3 26 15.7406 0 -30 14.6598 0 -30.0588 13.5464 0 -30.4284
3 15 16.3587 0 -37.2948 15.2767 0 -37.654 16.1187 0 -37.654
3 16 16.3587 0 -37.2948 16.1187 0 -37.654 18.478 0 -37.654
3 16 15.2948 0 -36.165 14.5197 0 -36.6863 15.6109 0 -36.3233
3 16 16.1202 0 -30.8845 15.1713 0 -31.2002 15.867 0 -31.2322
3 16 11.9262 0 -37.2856 11.6108 0 -37.654 12.2424 0 -37.4439
3 16 12.7517 0 -32.0051 11.8028 0 -32.3207 12.4985 0 -32.3528
4 16 12.2593 0 -34.6982 12.2099 0 -35.2415 14.8404 0 -34.3665 14.8929 0 -33.8221
3 16 15.1713 0 -31.2002 14.8929 0 -33.8221 15.867 0 -31.2322
4 16 15.867 0 -31.2322 14.8929 0 -33.8221 14.8404 0 -34.3665 15.2948 0 -36.165
3 16 14.8404 0 -34.3665 14.5197 0 -36.6863 15.2948 0 -36.165
3 16 11.8028 0 -32.3207 12.2099 0 -35.2415 12.2593 0 -34.6982
3 16 11.8028 0 -32.3207 12.2593 0 -34.6982 12.4985 0 -32.3528
4 16 9.7763 0 -36.6834 10.6616 0 -36.8105 10.8994 0 -35.7829 9.9981 0 -35.9246
4 16 6.8348 0 -37.5038 6.6298 0 -36.729 5.7762 0 -36.3806 5.9336 0 -37.4875
4 16 6.6298 0 -36.729 6.6934 0 -36.1282 6.0931 0 -35.274 5.7762 0 -36.3806
4 16 6.6934 0 -36.1282 6.9152 0 -35.3693 6.5837 0 -34.5311 6.0931 0 -35.274
4 16 7.2323 0 -33.9465 6.5837 0 -34.5311 6.9152 0 -35.3693 7.2793 0 -34.7213
4 16 8.0073 0 -33.5833 7.2323 0 -33.9465 7.2793 0 -34.7213 7.7064 0 -34.263
4 16 7.7064 0 -34.263 8.4023 0 -33.9789 8.8454 0 -33.4099 8.0073 0 -33.5833
4 16 8.4023 0 -33.9789 9.0348 0 -33.9792 9.8572 0 -33.6003 8.8454 0 -33.4099
4 16 10.5052 0 -34.1224 9.8572 0 -33.6003 9.0348 0 -33.9792 9.6038 0 -34.2642
4 16 9.6038 0 -34.2642 9.904 0 -34.6913 10.8683 0 -34.8974 10.5052 0 -34.1224
4 16 9.904 0 -34.6913 10.0459 0 -35.2764 10.8994 0 -35.7829 10.8683 0 -34.8974
3 16 10.0459 0 -35.2764 9.9981 0 -35.9246 10.8994 0 -35.7829
4 16 4.4961 0 -35.2256 4.6225 0 -35.447 5.2393 0 -35.2418 5.0339 0 -34.9413
3 16 4.5439 0 -34.7354 4.4961 0 -35.2256 5.0339 0 -34.9413
4 16 3.6108 0 -35.0985 3.8793 0 -35.5889 4.4961 0 -35.2256 4.5439 0 -34.7354
4 16 2.6141 0 -36.0624 3.1516 0 -36.2525 3.8793 0 -35.5889 3.6108 0 -35.0985
4 16 1.9018 0 -37.2478 2.6134 0 -37.1692 3.1516 0 -36.2525 2.6141 0 -36.0624
3 16 -.0582 0 -36.2663 -1.007 0 -36.582 -.3114 0 -36.614
4 16 -.3114 0 -36.614 -1.007 0 -36.582 -2.4872 0 -37.654 -1.0787 0 -37.1855
4 191 15.2767 0 -37.654 14.5197 0 -36.6863 11.9262 0 -37.2856 12.2424 0 -37.4439
4 191 14.5197 0 -36.6863 14.8404 0 -34.3665 12.2099 0 -35.2415 11.9262 0 -37.2856
3 191 15.1713 0 -31.2002 12.7517 0 -32.0051 14.8929 0 -33.8221
4 191 12.7517 0 -32.0051 12.4985 0 -32.3528 12.2593 0 -34.6982 14.8929 0 -33.8221
4 191 3.1516 0 -36.2525 4.285 0 -37.654 4.6225 0 -35.447 3.8793 0 -35.5889
3 191 4.4961 0 -35.2256 3.8793 0 -35.5889 4.6225 0 -35.447
3 191 -1.0787 0 -37.1855 -2.4872 0 -37.654 -1.1344 0 -37.654
3 191 -3.6165 0 -37.45 -4.2296 0 -37.654 -3.6381 0 -37.654
3 191 3.6108 0 -35.0985 -.0582 0 -36.2663 2.6141 0 -36.0624
4 191 1.9018 0 -37.2478 2.6141 0 -36.0624 -.0582 0 -36.2663 -.3114 0 -36.614
4 191 -.432 0 -37.654 1.7438 0 -37.654 1.9018 0 -37.2478 -.3114 0 -36.614
3 191 11.8028 0 -32.3207 10.8683 0 -34.8974 10.8994 0 -35.7829
3 191 11.8028 0 -32.3207 10.5052 0 -34.1224 10.8683 0 -34.8974
3 191 11.8028 0 -32.3207 9.8572 0 -33.6003 10.5052 0 -34.1224
3 191 11.8028 0 -32.3207 8.8454 0 -33.4099 9.8572 0 -33.6003
3 191 7.2323 0 -33.9465 4.5439 0 -34.7354 6.5837 0 -34.5311
4 191 6.0931 0 -35.274 6.5837 0 -34.5311 4.5439 0 -34.7354 5.0339 0 -34.9413
3 191 5.0339 0 -34.9413 5.2393 0 -35.2418 6.0931 0 -35.274
3 191 5.2393 0 -35.2418 5.7762 0 -36.3806 6.0931 0 -35.274
3 191 10.0459 0 -35.2764 6.6934 0 -36.1282 9.9981 0 -35.9246
4 191 6.8348 0 -37.5038 9.9981 0 -35.9246 6.6934 0 -36.1282 6.6298 0 -36.729
4 191 9.5071 0 -37.2999 9.7763 0 -36.6834 9.9981 0 -35.9246 6.8348 0 -37.5038
4 191 6.6934 0 -36.1282 10.0459 0 -35.2764 9.904 0 -34.6913 6.9152 0 -35.3693
4 191 9.6038 0 -34.2642 7.2793 0 -34.7213 6.9152 0 -35.3693 9.904 0 -34.6913
4 191 9.6038 0 -34.2642 9.0348 0 -33.9792 7.7064 0 -34.263 7.2793 0 -34.7213
3 191 8.4023 0 -33.9789 7.7064 0 -34.263 9.0348 0 -33.9792
4 16 -1.4557 0 -31.0778 -2.1513 0 -31.2051 -2.6567 0 -31.7433 -1.8502 0 -31.7898
4 16 -3.3528 0 -31.3962 -2.6567 0 -31.7433 -2.1513 0 -31.2051 -2.61 0 -31.095
4 16 -2.61 0 -31.095 -2.9426 0 -30.5736 -3.7171 0 -30.78 -3.3528 0 -31.3962
3 16 -2.9431 0 -30.0992 -3.7171 0 -30.78 -2.9426 0 -30.5736
3 16 -.4704 0 -30 .088 0 -30.5613 1.2158 0 -30.553
4 16 .088 0 -30.5613 -.5541 0 -31.4089 1.5796 0 -30.6949 1.2158 0 -30.553
4 16 -1.8502 0 -31.7898 -.5541 0 -31.4089 .088 0 -30.5613 -1.4557 0 -31.0778
4 16 -3.7171 0 -30.78 -2.9431 0 -30.0992 -3.6443 0 -30 -3.7494 0 -30.2108
3 16 -3.7629 0 -32.2189 -5.5328 0 -33.0747 -3.3991 0 -32.3608
4 16 -6.1499 0 -32.6485 -5.5328 0 -33.0747 -3.7629 0 -32.2189 -4.8907 0 -32.2272
4 16 -9.9784 0 -30.8187 -9.9158 0 -30.2178 -10.6548 0 -30 -10.8483 0 -30.5825
4 16 -9.8513 0 -31.3562 -9.9784 0 -30.8187 -10.8483 0 -30.5825 -10.816 0 -31.1517
4 16 -10.816 0 -31.1517 -10.5465 0 -31.7997 -9.408 0 -31.8933 -9.8513 0 -31.3562
4 16 -8.7591 0 -32.4143 -9.408 0 -31.8933 -10.5465 0 -31.7997 -9.8974 0 -32.4788
4 16 -7.7942 0 -32.7769 -8.7591 0 -32.4143 -9.8974 0 -32.4788 -8.9798 0 -33.0154
4 16 -7.2091 0 -32.792 -7.7942 0 -32.7769 -8.9798 0 -33.0154 -7.9359 0 -33.2988
4 16 -6.2599 0 -33.2653 -7.2091 0 -32.792 -7.9359 0 -33.2988 -6.9714 0 -33.3451
4 16 -6.1499 0 -32.6485 -7.2091 0 -32.792 -6.2599 0 -33.2653 -5.5328 0 -33.0747
4 191 -2.8347 0 -30 -2.9431 0 -30.0992 -2.9426 0 -30.5736 -2.61 0 -31.095
4 191 0 0 -32.425 -1.8502 0 -31.7898 -2.6567 0 -31.7433 -3.3991 0 -32.3608
4 191 -3.3528 0 -31.3962 -3.7629 0 -32.2189 -3.3991 0 -32.3608 -2.6567 0 -31.7433
4 16 -10.6119 0 -29.8708 -10.6548 0 -30 -9.9158 0 -30.2178 -9.7855 0 -30
4 16 -7.0604 0 -30 -4.8907 0 -32.2272 -3.7629 0 -32.2189 -5.9483 0 -30
4 16 -3.497 0 -29.7046 -3.6443 0 -30 -2.9431 0 -30.0992 -2.8347 0 -30
4 16 -1.1713 0 -29.2955 -.4704 0 -30 1.2158 0 -30.553 .6711 0 -30
4 191 -9.9158 0 -30.2178 -9.9784 0 -30.8187 -7.0604 0 -30 -9.7855 0 -30
4 191 -9.408 0 -31.8933 -7.0604 0 -30 -9.9784 0 -30.8187 -9.8513 0 -31.3562
4 191 -7.7942 0 -32.7769 -7.0604 0 -30 -9.408 0 -31.8933 -8.7591 0 -32.4143
4 191 -6.1499 0 -32.6485 -7.0604 0 -30 -7.7942 0 -32.7769 -7.2091 0 -32.792
3 191 -7.0604 0 -30 -6.1499 0 -32.6485 -4.8907 0 -32.2272
3 191 -3.6443 0 -30 -5.9483 0 -30 -3.7494 0 -30.2108
3 191 -5.9483 0 -30 -3.7171 0 -30.78 -3.7494 0 -30.2108
4 191 -3.7629 0 -32.2189 -3.3528 0 -31.3962 -3.7171 0 -30.78 -5.9483 0 -30
4 191 -2.61 0 -31.095 -2.1513 0 -31.2051 -1.4557 0 -31.0778 -2.8347 0 -30
4 191 .088 0 -30.5613 -.4704 0 -30 -2.8347 0 -30 -1.4557 0 -31.0778
4 191 1.5796 0 -30.6949 3.6565 0 -30 .6711 0 -30 1.2158 0 -30.553
4 16 -1.007 0 -36.582 -3.6165 0 -37.45 -3.6381 0 -37.654 -2.4872 0 -37.654
4 16 -.3114 0 -36.614 -1.0787 0 -37.1855 -1.1344 0 -37.654 -.432 0 -37.654
4 16 2.6134 0 -37.1692 1.9018 0 -37.2478 1.7438 0 -37.654 2.4119 0 -37.654
4 16 5.2393 0 -35.2418 4.6225 0 -35.447 4.285 0 -37.654 4.9298 0 -37.654
4 16 6.8348 0 -37.5038 5.9336 0 -37.4875 6.0362 0 -37.654 6.9473 0 -37.654
4 16 10.6616 0 -36.8105 9.7763 0 -36.6834 9.5071 0 -37.2999 10.1711 0 -37.654
3 16 9.5071 0 -37.2999 9.244 0 -37.654 10.1711 0 -37.654
4 16 11.1512 0 -37.8069 11.6108 0 -37.654 11.9262 0 -37.2856 11.1693 0 -37.654
4 16 11.9262 0 -37.2856 12.2099 0 -35.2415 11.8028 0 -32.3207 11.1693 0 -37.654
4 191 3.1516 0 -36.2525 2.6134 0 -37.1692 2.4119 0 -37.654 4.285 0 -37.654
4 191 5.2393 0 -35.2418 4.9298 0 -37.654 5.9336 0 -37.4875 5.7762 0 -36.3806
4 191 4.6673 0 -39.7003 6.0362 0 -37.654 5.9336 0 -37.4875 4.9298 0 -37.654
4 191 6.9473 0 -37.654 9.244 0 -37.654 9.5071 0 -37.2999 6.8348 0 -37.5038
3 191 10.6616 0 -36.8105 10.1711 0 -37.654 11.1693 0 -37.654
4 191 11.8028 0 -32.3207 10.8994 0 -35.7829 10.6616 0 -36.8105 11.1693 0 -37.654
4 191 -10.8483 0 -30.5825 -10.6548 0 -30 -16.3431 0 -30 -17.8974 0 -30.5159
3 191 -17.8974 0 -30.5159 -10.816 0 -31.1517 -10.8483 0 -30.5825
4 191 -17.8974 0 -30.5159 -16.6302 0 -36.8886 -10.5465 0 -31.7997 -10.816 0 -31.1517
4 191 -10.5465 0 -31.7997 -16.6302 0 -36.8886 -16.1187 0 -37.654 -15.7526 0 -37.654
3 191 -10.5465 0 -31.7997 -15.7526 0 -37.654 -9.8974 0 -32.4788
3 191 -9.8974 0 -32.4788 -15.7526 0 -37.654 -8.9798 0 -33.0154
3 191 -8.9798 0 -33.0154 -15.7526 0 -37.654 -7.9359 0 -33.2988
3 191 -.5541 0 -31.4089 -1.8502 0 -31.7898 0 0 -32.425
3 191 -3.3991 0 -32.3608 -5.5328 0 -33.0747 0 0 -32.425
4 191 -5.5328 0 -33.0747 -6.2599 0 -33.2653 -15.7526 0 -37.654 0 0 -32.425
3 191 -6.2599 0 -33.2653 -6.9714 0 -33.3451 -15.7526 0 -37.654
3 191 -7.9359 0 -33.2988 -15.7526 0 -37.654 -6.9714 0 -33.3451
3 191 1.5796 0 -30.6949 -.5541 0 -31.4089 0 0 -32.425
4 191 0 0 -32.425 7.3054 0 -30 3.6565 0 -30 1.5796 0 -30.6949
3 191 -3.6165 0 -37.45 -7.3175 0 -37.654 -4.2296 0 -37.654
4 191 -3.6165 0 -37.45 -1.007 0 -36.582 0 0 -35.225 -7.3175 0 -37.654
3 191 0 0 -35.225 -1.007 0 -36.582 -.0582 0 -36.2663
4 191 4.5439 0 -34.7354 0 0 -35.225 -.0582 0 -36.2663 3.6108 0 -35.0985
4 191 8.0073 0 -33.5833 0 0 -35.225 4.5439 0 -34.7354 7.2323 0 -33.9465
4 191 18 0 -30 15.7406 0 -30 15.1713 0 -31.2002 16.1202 0 -30.8845
3 191 15.7406 0 -30 12.7517 0 -32.0051 15.1713 0 -31.2002
3 191 15.7406 0 -30 11.8028 0 -32.3207 12.7517 0 -32.0051
3 191 15.7406 0 -30 8.8454 0 -33.4099 11.8028 0 -32.3207
4 191 8.8454 0 -33.4099 15.7406 0 -30 0 0 -35.225 8.0073 0 -33.5833
4 191 16.1202 0 -30.8845 15.867 0 -31.2322 15.2948 0 -36.165 18 0 -30
3 191 18 0 -30 15.2948 0 -36.165 15.6109 0 -36.3233
4 191 16.3587 0 -37.2948 16.6302 0 -36.8886 18 0 -30 15.6109 0 -36.3233
3 191 12.2424 0 -37.4439 11.6108 0 -37.654 15.2767 0 -37.654
4 191 15.2767 0 -37.654 16.3587 0 -37.2948 15.6109 0 -36.3233 14.5197 0 -36.6863
4 26 -15.7732 0 -37.9608 -15.3056 0 -38.8706 -13.6206 0 -39.4463 -12.5072 0 -39.0767
4 15 14.1583 0 -40.5874 14.066 0 -40.5559 12.9526 0 -40.9255 13.7502 0 -41.198
4 15 10.7258 0 -41.6646 12.9341 0 -42.4191 13.3421 0 -41.8086 11.8392 0 -41.2951
4 15 12.3111 0 -43.0063 9.5381 0 -42.0589 8.4247 0 -42.4285 11.5685 0 -43.5026
3 15 7.3113 0 -42.798 10.6117 0 -44.142 10.8259 0 -43.9989
4 26 11.5685 0 -43.5026 8.4247 0 -42.4285 7.3113 0 -42.798 10.8259 0 -43.9989
4 26 12.7278 0 -42.7278 10.7258 0 -41.6646 9.5381 0 -42.0589 12.3111 0 -43.0063
3 26 10.7258 0 -41.6646 12.7278 0 -42.7278 12.9341 0 -42.4191
4 26 11.8392 0 -41.2951 13.3421 0 -41.8086 13.7502 0 -41.198 12.9526 0 -40.9255
3 26 14.2116 0 -40.5075 14.066 0 -40.5559 14.1583 0 -40.5874
4 15 6.1979 0 -43.1676 7.3113 0 -42.798 15.2767 0 -37.654 -4.2688 0 -44.142
3 15 -14.8489 0 -37.654 -15.7732 0 -37.9608 -12.5072 0 -39.0767
3 15 -15.3056 0 -38.8706 -14.6831 0 -39.8021 -13.6206 0 -39.4463
4 26 -12.5072 0 -39.0767 -13.6206 0 -39.4463 -14.6831 0 -39.8021 -14.5207 0 -40.0451
3 26 -11.3938 0 -38.7071 -12.5072 0 -39.0767 -14.5207 0 -40.0451
3 26 -10.2804 0 -38.3375 -11.3938 0 -38.7071 -14.5207 0 -40.0451
3 26 -9.0928 0 -37.9433 -10.2804 0 -38.3375 -14.5207 0 -40.0451
4 26 -7.3175 0 -37.654 -8.2213 0 -37.654 -9.0928 0 -37.9433 -14.5207 0 -40.0451
3 26 -16.0522 0 -37.7534 -15.3056 0 -38.8706 -15.7732 0 -37.9608
3 16 -16.1187 0 -37.654 -18.478 0 -37.654 -16.0522 0 -37.7534
4 16 -16.0522 0 -37.7534 -18.478 0 -37.654 -14.142 0 -44.142 -15.3056 0 -38.8706
3 16 -15.3056 0 -38.8706 -14.142 0 -44.142 -14.6831 0 -39.8021
3 16 -14.6831 0 -39.8021 -14.142 0 -44.142 -14.5207 0 -40.0451
3 16 -14.5207 0 -40.0451 -14.142 0 -44.142 -12.7278 0 -42.7278
3 16 -12.7278 0 -42.7278 -14.142 0 -44.142 -10.6117 0 -44.142
3 16 10.8259 0 -43.9989 10.6117 0 -44.142 14.142 0 -44.142
3 16 11.5685 0 -43.5026 10.8259 0 -43.9989 14.142 0 -44.142
3 16 12.3111 0 -43.0063 11.5685 0 -43.5026 14.142 0 -44.142
3 16 12.7278 0 -42.7278 12.3111 0 -43.0063 14.142 0 -44.142
3 16 12.9341 0 -42.4191 12.7278 0 -42.7278 14.142 0 -44.142
3 16 13.3421 0 -41.8086 12.9341 0 -42.4191 14.142 0 -44.142
3 16 13.7502 0 -41.198 13.3421 0 -41.8086 14.142 0 -44.142
3 16 14.1583 0 -40.5874 13.7502 0 -41.198 14.142 0 -44.142
3 16 14.2116 0 -40.5075 14.1583 0 -40.5874 14.142 0 -44.142
4 15 -12.281 0 -37.654 -10.2804 0 -38.3375 -9.0928 0 -37.9433 -9.9395 0 -37.654
4 15 -14.6598 0 -37.5912 -14.8489 0 -37.654 -12.5072 0 -39.0767 -14.4761 0 -37.654
3 15 -14.4761 0 -37.654 -12.5072 0 -39.0767 -11.3938 0 -38.7071
4 26 -16.0522 0 -37.7534 -15.7732 0 -37.9608 -14.8489 0 -37.654 -15.7526 0 -37.654
4 26 -14.4761 0 -37.654 -11.3938 0 -38.7071 -10.2804 0 -38.3375 -12.281 0 -37.654
3 26 -8.2213 0 -37.654 -9.9395 0 -37.654 -9.0928 0 -37.9433
3 26 3.8969 0 -43.9314 3.2626 0 -44.142 4.5132 0 -44.142
4 26 9.0498 0 -44.142 6.1979 0 -43.1676 5.0103 0 -43.5619 6.7083 0 -44.142
3 15 15.2767 0 -37.654 7.3113 0 -42.798 8.4247 0 -42.4285
3 15 15.2767 0 -37.654 8.4247 0 -42.4285 9.5381 0 -42.0589
3 15 15.2767 0 -37.654 9.5381 0 -42.0589 10.7258 0 -41.6646
3 15 15.2767 0 -37.654 10.7258 0 -41.6646 11.8392 0 -41.2951
3 15 15.2767 0 -37.654 11.8392 0 -41.2951 12.9526 0 -40.9255
3 15 15.2767 0 -37.654 12.9526 0 -40.9255 14.066 0 -40.5559
4 15 16.1187 0 -37.654 15.2767 0 -37.654 14.066 0 -40.5559 14.2116 0 -40.5075
4 15 6.1979 0 -43.1676 9.0498 0 -44.142 10.6117 0 -44.142 7.3113 0 -42.798
3 15 5.0103 0 -43.5619 3.8969 0 -43.9314 4.5132 0 -44.142
4 15 8.5486 0 -45.5208 6.7083 0 -44.142 5.0103 0 -43.5619 4.5132 0 -44.142
3 15 3.8969 0 -43.9314 -4.2688 0 -44.142 3.2626 0 -44.142
3 15 5.0103 0 -43.5619 -4.2688 0 -44.142 3.8969 0 -43.9314
3 15 6.1979 0 -43.1676 -4.2688 0 -44.142 5.0103 0 -43.5619
4 16 14.2116 0 -40.5075 14.142 0 -44.142 18.478 0 -37.654 16.1187 0 -37.654
4 16 8.7315 0 -38.6118 9.38 0 -38.3434 9.244 0 -37.654 9.1431 0 -37.7899
4 16 7.767 0 -38.7219 8.7315 0 -38.6118 9.1431 0 -37.7899 8.5263 0 -38.1531
4 16 7.103 0 -38.6266 7.767 0 -38.7219 8.5263 0 -38.1531 7.7673 0 -38.2475
4 16 7.7673 0 -38.2475 7.214 0 -38.01 6.3917 0 -38.2309 7.103 0 -38.6266
3 16 4.6673 0 -39.7003 3.8923 0 -40.2216 4.9835 0 -39.8586
4 16 .4923 0 -41.0892 1.0456 0 -41.1686 1.6475 0 -39.4929 .9358 0 -39.7296
3 16 .4923 0 -41.0892 .2865 0 -41.4211 1.0456 0 -41.1686
4 16 -1.4241 0 -40.0931 -1.3654 0 -39.5994 -3.2229 0 -40.2173 -3.318 0 -40.7232
3 16 -1.4241 0 -40.0931 -1.5935 0 -41.5195 -.8836 0 -41.5468
3 16 -4.5179 0 -37.7499 -5.4668 0 -38.0655 -4.7711 0 -38.0976
3 16 -5.4668 0 -38.0655 -5.7451 0 -40.6875 -4.7711 0 -38.0976
4 16 -5.7976 0 -41.2319 -5.3433 0 -43.0304 -4.7711 0 -38.0976 -5.7451 0 -40.6875
4 16 -8.8066 0 -44.0244 -8.3481 0 -44.1054 -7.4623 0 -43.4718 -8.0632 0 -43.5663
4 16 -8.0632 0 -43.5663 -8.3952 0 -43.5187 -9.1542 0 -43.6131 -8.8066 0 -44.0244
4 16 -8.3952 0 -43.5187 -8.5531 0 -43.2024 -9.2171 0 -43.1071 -9.1542 0 -43.6131
4 16 -8.5531 0 -43.2024 -8.5213 0 -42.8229 -8.9954 0 -42.5064 -9.2171 0 -43.1071
4 16 -8.5213 0 -42.8229 -8.0782 0 -42.254 -8.4258 0 -41.8427 -8.9954 0 -42.5064
4 16 -8.0782 0 -42.254 -7.5088 0 -41.9065 -7.6824 0 -41.3846 -8.4258 0 -41.8427
3 16 -1.5935 0 -41.5195 -.5675 0 -41.7052 -.8836 0 -41.5468
4 16 -4.0463 0 -42.3355 -4.1257 0 -42.8888 -.5675 0 -41.7052 -1.5935 0 -41.5195
3 16 -5.3433 0 -43.0304 -7.3045 0 -43.9463 -5.0272 0 -43.1887
4 16 -8.3481 0 -44.1054 -7.3045 0 -43.9463 -5.3433 0 -43.0304 -7.4623 0 -43.4718
3 16 -6.042 0 -42.9994 -7.4623 0 -43.4718 -5.3433 0 -43.0304
3 16 -5.7976 0 -41.2319 -6.042 0 -42.9994 -5.3433 0 -43.0304
3 16 -8.8827 0 -39.2019 -9.8316 0 -39.5175 -9.3731 0 -39.6285
3 16 -5.7451 0 -40.6875 -6.5121 0 -40.9426 -5.7976 0 -41.2319
4 16 -5.7976 0 -41.2319 -6.5121 0 -40.9426 -7.2503 0 -41.2151 -6.6864 0 -41.5275
4 16 -7.5088 0 -41.9065 -6.6864 0 -41.5275 -7.2503 0 -41.2151 -7.6824 0 -41.3846
3 191 1.6475 0 -39.4929 1.0456 0 -41.1686 3.8923 0 -40.2216
4 191 -1.4241 0 -40.0931 -3.318 0 -40.7232 -4.0463 0 -42.3355 -1.5935 0 -41.5195
4 191 -4.0463 0 -42.3355 -5.3433 0 -43.0304 -5.0272 0 -43.1887 -4.1257 0 -42.8888
3 191 -1.1344 0 -37.654 -2.4872 0 -37.654 -1.3654 0 -39.5994
4 191 -2.4872 0 -37.654 -3.6801 0 -38.0508 -3.2229 0 -40.2173 -1.3654 0 -39.5994
3 191 -3.6381 0 -37.654 -4.2296 0 -37.654 -3.6801 0 -38.0508
4 191 -4.2296 0 -37.654 -4.5179 0 -37.7499 -4.7711 0 -38.0976 -3.6801 0 -38.0508
4 191 -3.6801 0 -38.0508 -4.7711 0 -38.0976 -3.318 0 -40.7232 -3.2229 0 -40.2173
4 191 -5.3433 0 -43.0304 -4.0463 0 -42.3355 -3.318 0 -40.7232 -4.7711 0 -38.0976
4 191 -5.7976 0 -41.2319 -6.6864 0 -41.5275 -7.5088 0 -41.9065 -6.042 0 -42.9994
4 191 -6.042 0 -42.9994 -7.5088 0 -41.9065 -8.0782 0 -42.254 -7.4623 0 -43.4718
4 191 -7.4623 0 -43.4718 -8.0782 0 -42.254 -8.5213 0 -42.8229 -8.0632 0 -43.5663
4 191 -8.3952 0 -43.5187 -8.0632 0 -43.5663 -8.5213 0 -42.8229 -8.5531 0 -43.2024
4 191 -.5675 0 -41.7052 .4923 0 -41.0892 .9358 0 -39.7296 -.8836 0 -41.5468
4 191 -4.2688 0 -44.142 .2865 0 -41.4211 .4923 0 -41.0892 -.5675 0 -41.7052
3 191 10.0918 0 -37.7904 9.38 0 -38.3434 11.1512 0 -37.8069
3 191 7.103 0 -38.6266 4.9835 0 -39.8586 7.767 0 -38.7219
3 191 6.3917 0 -38.2309 4.9835 0 -39.8586 7.103 0 -38.6266
3 191 8.7315 0 -38.6118 7.767 0 -38.7219 4.9835 0 -39.8586
3 191 -9.3731 0 -39.6285 -7.6824 0 -41.3846 -7.2503 0 -41.2151
3 191 -9.3731 0 -39.6285 -8.4258 0 -41.8427 -7.6824 0 -41.3846
4 191 -8.9954 0 -42.5064 -8.4258 0 -41.8427 -9.3731 0 -39.6285 -9.8316 0 -39.5175
4 191 8.5263 0 -38.1531 9.1431 0 -37.7899 7.214 0 -38.01 7.7673 0 -38.2475
3 16 -2.4872 0 -37.654 -3.6381 0 -37.654 -3.6801 0 -38.0508
3 16 -.432 0 -37.654 -1.1344 0 -37.654 -1.3654 0 -39.5994
4 16 -1.4241 0 -40.0931 -.8836 0 -41.5468 -.432 0 -37.654 -1.3654 0 -39.5994
4 16 .9358 0 -39.7296 1.6475 0 -39.4929 2.4119 0 -37.654 1.7438 0 -37.654
4 16 4.6673 0 -39.7003 4.9298 0 -37.654 4.285 0 -37.654 3.8923 0 -40.2216
4 16 7.214 0 -38.01 6.9473 0 -37.654 6.0362 0 -37.654 6.3917 0 -38.2309
4 16 10.1711 0 -37.654 9.244 0 -37.654 9.38 0 -38.3434 10.0918 0 -37.7904
4 191 -.8836 0 -41.5468 .9358 0 -39.7296 1.7438 0 -37.654 -.432 0 -37.654
4 191 1.6475 0 -39.4929 3.8923 0 -40.2216 4.285 0 -37.654 2.4119 0 -37.654
4 191 4.6673 0 -39.7003 4.9835 0 -39.8586 6.3917 0 -38.2309 6.0362 0 -37.654
4 191 9.244 0 -37.654 6.9473 0 -37.654 7.214 0 -38.01 9.1431 0 -37.7899
4 191 10.0918 0 -37.7904 11.1512 0 -37.8069 11.1693 0 -37.654 10.1711 0 -37.654
3 191 -15.7526 0 -37.654 -16.1187 0 -37.654 -16.0522 0 -37.7534
3 191 -4.2296 0 -37.654 -7.3175 0 -37.654 -4.5179 0 -37.7499
4 191 -8.9954 0 -42.5064 -9.8316 0 -39.5175 -14.5207 0 -40.0451 -12.7278 0 -42.7278
4 191 -8.9954 0 -42.5064 -12.7278 0 -42.7278 -10.6117 0 -44.142 -9.2171 0 -43.1071
3 191 -9.2171 0 -43.1071 -10.6117 0 -44.142 -9.1542 0 -43.6131
3 191 -9.1542 0 -43.6131 -10.6117 0 -44.142 -8.8066 0 -44.0244
3 191 -8.8066 0 -44.0244 -10.6117 0 -44.142 -8.3481 0 -44.1054
4 191 -8.5068 0 -45.5488 -4.2688 0 -44.142 -8.3481 0 -44.1054 -10.6117 0 -44.142
3 191 -7.3045 0 -43.9463 -8.3481 0 -44.1054 -4.2688 0 -44.142
3 191 -5.0272 0 -43.1887 -7.3045 0 -43.9463 -4.2688 0 -44.142
3 191 -4.1257 0 -42.8888 -5.0272 0 -43.1887 -4.2688 0 -44.142
3 191 15.2767 0 -37.654 11.6108 0 -37.654 11.1512 0 -37.8069
4 191 11.1512 0 -37.8069 9.38 0 -38.3434 8.7315 0 -38.6118 15.2767 0 -37.654
3 191 -.5675 0 -41.7052 -4.1257 0 -42.8888 -4.2688 0 -44.142
3 191 1.0456 0 -41.1686 .2865 0 -41.4211 -4.2688 0 -44.142
3 191 3.8923 0 -40.2216 1.0456 0 -41.1686 -4.2688 0 -44.142
3 191 4.9835 0 -39.8586 3.8923 0 -40.2216 -4.2688 0 -44.142
4 191 15.2767 0 -37.654 8.7315 0 -38.6118 4.9835 0 -39.8586 -4.2688 0 -44.142
4 191 -7.3175 0 -37.654 -14.5207 0 -40.0451 -9.8316 0 -39.5175 -8.8827 0 -39.2019
3 191 -7.3175 0 -37.654 -5.4668 0 -38.0655 -4.5179 0 -37.7499
4 191 -7.3175 0 -37.654 -8.8827 0 -39.2019 -6.5121 0 -40.9426 -5.4668 0 -38.0655
3 191 -5.4668 0 -38.0655 -6.5121 0 -40.9426 -5.7451 0 -40.6875
4 16 -9.3731 0 -39.6285 -7.2503 0 -41.2151 -6.5121 0 -40.9426 -8.8827 0 -39.2019
3 15 .4825 0 -45.0649 4.3477 0 -47.1355 5.7353 0 -46.8595
4 15 4.3477 0 -47.1355 .4825 0 -45.0649 -.3985 0 -45.3573 -.4525 0 -45.4954
4 15 2.9601 0 -47.4114 -.7114 0 -46.1569 -.9703 0 -46.8185 1.5726 0 -47.6873
4 15 -1.4781 0 -47.7061 0 0 -48 .0925 0 -47.9816 -1.3341 0 -47.4942
4 26 1.5726 0 -47.6873 -1.0999 0 -47.1498 -1.3341 0 -47.4942 .0925 0 -47.9816
3 26 -.9703 0 -46.8185 -1.0999 0 -47.1498 1.5726 0 -47.6873
4 26 -.7114 0 -46.1569 2.9601 0 -47.4114 4.3477 0 -47.1355 -.4525 0 -45.4954
4 26 .4825 0 -45.0649 5.7353 0 -46.8595 6.8886 0 -46.6302 1.6701 0 -44.6706
3 26 1.6701 0 -44.6706 6.8886 0 -46.6302 7.0635 0 -46.5134
3 26 3.2626 0 -44.142 2.7835 0 -44.301 7.85 0 -46
3 15 .4825 0 -45.0649 -8.5068 0 -45.5488 -.3985 0 -45.3573
4 15 -6.8886 0 -46.6302 -5.228 0 -46.9604 -.3985 0 -45.3573 -8.5068 0 -45.5488
3 27 -5.228 0 -46.9604 -1.4781 0 -47.7061 -1.3341 0 -47.4942
4 27 -.9703 0 -46.8185 -5.228 0 -46.9604 -1.3341 0 -47.4942 -1.0999 0 -47.1498
3 27 -.7114 0 -46.1569 -5.228 0 -46.9604 -.9703 0 -46.8185
3 27 -.4525 0 -45.4954 -5.228 0 -46.9604 -.7114 0 -46.1569
3 27 -.3985 0 -45.3573 -5.228 0 -46.9604 -.4525 0 -45.4954
3 15 1.6701 0 -44.6706 -8.5068 0 -45.5488 .4825 0 -45.0649
4 15 -4.2688 0 -44.142 -8.5068 0 -45.5488 1.6701 0 -44.6706 2.7835 0 -44.301
4 16 -10.6117 0 -44.142 -14.142 0 -44.142 -7.654 0 -48.478 -8.5068 0 -45.5488
3 16 -8.5068 0 -45.5488 -7.654 0 -48.478 -6.8886 0 -46.6302
3 16 -6.8886 0 -46.6302 -7.654 0 -48.478 -5.228 0 -46.9604
3 16 5.7353 0 -46.8595 4.3477 0 -47.1355 7.654 0 -48.478
3 16 6.8886 0 -46.6302 5.7353 0 -46.8595 7.654 0 -48.478
4 16 6.8886 0 -46.6302 7.654 0 -48.478 7.85 0 -46 7.0635 0 -46.5134
4 16 7.85 0 -46 7.654 0 -48.478 9.2912 0 -45.0245 8.5486 0 -45.5208
4 16 10.0833 0 -44.4951 9.2912 0 -45.0245 7.654 0 -48.478 14.142 0 -44.142
3 16 14.142 0 -44.142 10.6117 0 -44.142 10.0833 0 -44.4951
4 15 1.6701 0 -44.6706 7.0635 0 -46.5134 7.85 0 -46 2.7835 0 -44.301
4 26 8.5486 0 -45.5208 4.5132 0 -44.142 3.2626 0 -44.142 7.85 0 -46
4 26 6.7083 0 -44.142 9.2912 0 -45.0245 10.0833 0 -44.4951 9.0498 0 -44.142
3 15 10.6117 0 -44.142 9.0498 0 -44.142 10.0833 0 -44.4951
3 15 6.7083 0 -44.142 8.5486 0 -45.5208 9.2912 0 -45.0245
3 15 3.2626 0 -44.142 -4.2688 0 -44.142 2.7835 0 -44.301
3 16 -5.228 0 -46.9604 -7.654 0 -48.478 -1.4781 0 -47.7061
3 16 -1.4781 0 -47.7061 -7.654 0 -48.478 0 0 -48
4 16 0 0 -50 7.654 0 -48.478 0 0 -48 -7.654 0 -48.478
3 16 .0925 0 -47.9816 0 0 -48 7.654 0 -48.478
3 16 1.5726 0 -47.6873 .0925 0 -47.9816 7.654 0 -48.478
3 16 2.9601 0 -47.4114 1.5726 0 -47.6873 7.654 0 -48.478
3 16 4.3477 0 -47.1355 2.9601 0 -47.4114 7.654 0 -48.478
4 26 -7.8478 0 17.7654 -18 0 14.9 -18 0 14.15 -7.8971 0 17.5176
3 26 -7.4142 0 18.4142 -18 0 14.9 -7.8478 0 17.7654
3 26 -7.3712 0 18.4429 -18 0 14.9 -7.4142 0 18.4142
4 26 -5.7 0 19 -3.45 0 19 -2.898 0 19.4986 -3.1971 0 19.8343
3 26 -2.898 0 19.4986 -3.45 0 19 -2.5935 0 19.2855
3 26 18 0 28.4 -.375 0 22.275 .1 0 21.8
4 26 18 0 28.4 .1 0 21.8 .2077 0 21.7192 18 0 27.65
4 26 1.575 0 20.675 18 0 26.15 18 0 26.9 .9 0 21.2
3 26 18 0 25.35 2.1 0 20.05 2.4 0 19.6
4 26 18 0 25.35 2.4 0 19.6 2.4774 0 19.4258 18 0 24.6
4 26 -17.025 0 13.675 -15.9 0 13.3 -8 0 15.9333 -8 0 16.6833
4 26 -8 0 14.4333 -8 0 15.1833 -14.775 0 12.925 -13.65 0 12.55
4 26 5.7 0 19 18 0 23.1 18 0 23.85 3.45 0 19
3 26 18 0 22.3 7.0576 0 18.6525 7.4142 0 18.4142
4 26 7.6289 0 18.093 18 0 21.55 18 0 22.3 7.4142 0 18.4142
4 26 -12.45 0 12.15 -11.325 0 11.775 -8 0 12.8833 -8 0 13.6333
4 26 -10.2 0 11.4 -9.075 0 11.025 -8 0 11.3833 -8 0 12.1333
3 26 18 0 20.8 7.913 0 17.4377 8 0 17
4 26 8 0 16.7167 18 0 20.05 18 0 20.8 8 0 17
4 26 8 0 15.9167 8 0 15.1667 18 0 18.5 18 0 19.25
4 26 8 0 14.4167 8 0 13.6667 18 0 17 18 0 17.75
4 26 8.7 0 13.1 9.6643 0 12.6714 18 0 15.45 18 0 16.2
4 26 10.6024 0 12.2342 11.3707 0 11.7402 18 0 13.95 18 0 14.7
4 26 18 0 12.4 18 0 13.15 12.138 0 11.196 12.768 0 10.656
4 26 9.6706 0 8.1235 8.8103 0 8.5868 8 0 8.3167 8 0 7.5667
4 26 13.3929 0 10.1143 13.9898 0 9.5633 18 0 10.9 18 0 11.65
4 26 11.1484 0 7.0661 10.4539 0 7.5846 8 0 6.7667 8 0 6.0167
4 26 14.6273 0 8.9758 15.2409 0 8.4303 18 0 9.35 18 0 10.1
4 26 16.3098 0 7.2866 18 0 7.85 18 0 8.6 15.7971 0 7.8657
4 26 12.1 0 6.4 11.8742 0 6.5581 8.1 0 5.3 9.225 0 4.925
3 26 12.1 0 6.4 9.225 0 4.925 12.41 0 5.9867
4 26 10.425 0 4.525 11.55 0 4.15 13.1 0 4.6667 12.8226 0 5.3242
3 26 13.0044 0 3.8848 12.675 0 3.775 12.9194 0 3.6935
4 26 17.1 0 6.2 18 0 6.3 18 0 7.05 16.7781 0 6.6427
3 26 18 0 6.3 17.1 0 6.2 17.1414 0 6.0138
4 26 18 0 5.55 17.2966 0 5.3155 17.2371 0 4.5457 18 0 4.8
4 26 16.77 0 2.84 18 0 3.25 18 0 4 17.0625 0 3.6875
3 26 18 0 2.5 17.25 0 2.25 18 0 2
4 15 .2077 0 21.7192 .9 0 21.2 18 0 26.9 18 0 27.65
4 15 -18 0 14.9 -7.3712 0 18.4429 -6.7654 0 18.8478 -18 0 15.65
3 15 -3.1971 0 19.8343 -6 0 19 -5.7 0 19
4 15 -17.025 0 13.675 -8 0 16.6833 -8 0 17 -18 0 14.15
3 15 -7.8971 0 17.5176 -18 0 14.15 -8 0 17
3 15 -2.5935 0 19.2855 -3.45 0 19 -2.1857 0 19
3 15 18 0 26.15 1.575 0 20.675 1.8 0 20.5
4 15 2.1 0 20.05 18 0 25.35 18 0 26.15 1.8 0 20.5
3 15 2.4774 0 19.4258 2.6667 0 19 3.45 0 19
4 15 18 0 23.85 18 0 24.6 2.4774 0 19.4258 3.45 0 19
4 15 -18 0 11.5 -14.775 0 12.925 -8 0 15.9333 -15.9 0 13.3
3 15 -8 0 15.9333 -14.775 0 12.925 -8 0 15.1833
3 15 18 0 23.1 5.7 0 19 6 0 19
3 15 18 0 23.1 6 0 19 6.7654 0 18.8478
4 15 18 0 23.1 6.7654 0 18.8478 7.0576 0 18.6525 18 0 22.3
4 15 -13.65 0 12.55 -12.45 0 12.15 -8 0 13.6333 -8 0 14.4333
4 15 -8 0 12.1333 -8 0 12.8833 -11.325 0 11.775 -10.2 0 11.4
3 15 18 0 21.55 7.6289 0 18.093 7.8478 0 17.7654
4 15 18 0 21.55 7.8478 0 17.7654 7.913 0 17.4377 18 0 20.8
4 15 18 0 19.25 18 0 20.05 8 0 16.7167 8 0 15.9167
3 15 -8 0 11.3833 -9.075 0 11.025 -8 0 10.6667
4 15 8 0 15.1667 8 0 14.4167 18 0 17.75 18 0 18.5
4 15 18 0 17 8 0 13.6667 8 0 13.4231 8.7 0 13.1
3 15 18 0 17 8.7 0 13.1 18 0 16.2
3 15 18 0 15.45 9.6643 0 12.6714 10.5 0 12.3
4 15 18 0 15.45 10.5 0 12.3 10.6024 0 12.2342 18 0 14.7
3 15 18 0 13.95 11.3707 0 11.7402 11.9 0 11.4
4 15 12.138 0 11.196 18 0 13.15 18 0 13.95 11.9 0 11.4
3 15 18 0 12.4 12.768 0 10.656 13.3 0 10.2
4 15 18 0 12.4 13.3 0 10.2 13.3929 0 10.1143 18 0 11.65
3 15 8 0 9.0429 8 0 8.3167 8.6 0 8.7
3 15 8.6 0 8.7 8 0 8.3167 8.8103 0 8.5868
4 15 13.9898 0 9.5633 14.6273 0 8.9758 18 0 10.1 18 0 10.9
4 15 8 0 7.5667 8 0 6.7667 9.9 0 8 9.6706 0 8.1235
3 15 9.9 0 8 8 0 6.7667 10.4539 0 7.5846
3 15 18 0 9.35 15.2409 0 8.4303 15.5 0 8.2
4 15 15.7971 0 7.8657 18 0 8.6 18 0 9.35 15.5 0 8.2
4 15 16.3098 0 7.2866 16.7781 0 6.6427 18 0 7.05 18 0 7.85
4 15 12.8226 0 5.3242 12.7 0 5.6 12.41 0 5.9867 10.425 0 4.525
4 15 8 0 2.8333 12.675 0 3.775 13.1 0 4.6667 11.55 0 4.15
4 15 13.0044 0 3.8848 13.1 0 4.1 13.1 0 4.6667 12.675 0 3.775
4 15 18 0 5.55 18 0 6.3 17.1414 0 6.0138 17.2966 0 5.3155
4 15 18 0 4.8 17.2371 0 4.5457 17.2 0 4.1 18 0 4
3 15 17.2 0 4.1 17.0625 0 3.6875 18 0 4
3 15 18 0 3.25 16.77 0 2.84 18 0 2.5
4 15 16.5857 0 2.4714 17.25 0 2.25 18 0 2.5 16.77 0 2.84
4 27 -2.898 0 19.4986 .9 0 21.2 .2077 0 21.7192 -3.1971 0 19.8343
4 27 1.575 0 20.675 .9 0 21.2 -2.898 0 19.4986 -2.5935 0 19.2855
4 27 1.575 0 20.675 -2.5935 0 19.2855 2.1 0 20.05 1.8 0 20.5
4 27 -2.5935 0 19.2855 -2.1857 0 19 2.4 0 19.6 2.1 0 20.05
3 27 2.4 0 19.6 -2.1857 0 19 2.4774 0 19.4258
3 27 2.4774 0 19.4258 -2.1857 0 19 2.6667 0 19
4 27 8 0 13.4231 8 0 9.0429 8.6 0 8.7 8.7 0 13.1
4 27 8.6 0 8.7 8.8103 0 8.5868 9.6643 0 12.6714 8.7 0 13.1
4 27 10.6024 0 12.2342 10.5 0 12.3 9.6643 0 12.6714 8.8103 0 8.5868
3 27 10.6024 0 12.2342 8.8103 0 8.5868 11.3707 0 11.7402
4 27 11.3707 0 11.7402 8.8103 0 8.5868 12.138 0 11.196 11.9 0 11.4
3 27 12.138 0 11.196 8.8103 0 8.5868 9.6706 0 8.1235
4 27 12.768 0 10.656 12.138 0 11.196 9.6706 0 8.1235 9.9 0 8
4 27 12.768 0 10.656 9.9 0 8 13.3929 0 10.1143 13.3 0 10.2
4 27 9.9 0 8 10.4539 0 7.5846 13.9898 0 9.5633 13.3929 0 10.1143
4 27 11.8742 0 6.5581 15.2409 0 8.4303 14.6273 0 8.9758 11.1484 0 7.0661
4 27 15.5 0 8.2 15.2409 0 8.4303 11.8742 0 6.5581 12.1 0 6.4
4 27 12.41 0 5.9867 15.7971 0 7.8657 15.5 0 8.2 12.1 0 6.4
4 27 15.7971 0 7.8657 12.41 0 5.9867 16.7781 0 6.6427 16.3098 0 7.2866
4 27 17.1 0 6.2 16.7781 0 6.6427 12.41 0 5.9867 12.7 0 5.6
4 27 17.1 0 6.2 12.7 0 5.6 12.8226 0 5.3242 17.1414 0 6.0138
3 27 17.1414 0 6.0138 12.8226 0 5.3242 17.2966 0 5.3155
4 27 13.1 0 4.6667 17.2371 0 4.5457 17.2966 0 5.3155 12.8226 0 5.3242
3 27 13.1 0 4.6667 17.2 0 4.1 17.2371 0 4.5457
4 27 13.1 0 4.6667 13.1 0 4.1 17.0625 0 3.6875 17.2 0 4.1
4 27 16.77 0 2.84 17.0625 0 3.6875 13.1 0 4.1 13.0044 0 3.8848
4 27 16.77 0 2.84 13.0044 0 3.8848 12.9194 0 3.6935 16.5857 0 2.4714
4 27 14.6273 0 8.9758 13.9898 0 9.5633 10.4539 0 7.5846 11.1484 0 7.0661
4 26 -18 0 16.4 -18 0 15.65 -3.7095 0 20.4135 -4.1351 0 21.0216
4 27 -4.1351 0 21.0216 -3.7095 0 20.4135 .1 0 21.8 -.375 0 22.275
4 27 .2077 0 21.7192 .1 0 21.8 -3.7095 0 20.4135 -3.1971 0 19.8343
3 15 -3.7095 0 20.4135 -18 0 15.65 -6.7654 0 18.8478
4 15 -6.7654 0 18.8478 -6 0 19 -3.1971 0 19.8343 -3.7095 0 20.4135
3 15 -18 0 14.15 -18 0 11.5 -17.025 0 13.675
3 15 -17.025 0 13.675 -18 0 11.5 -15.9 0 13.3
3 15 -14.775 0 12.925 -18 0 11.5 -13.65 0 12.55
3 15 -13.65 0 12.55 -18 0 11.5 -12.45 0 12.15
3 15 -12.45 0 12.15 -18 0 11.5 -11.325 0 11.775
4 15 -11.325 0 11.775 -18 0 11.5 -8 0 8.1667 -10.2 0 11.4
3 15 -10.2 0 11.4 -8 0 8.1667 -9.075 0 11.025
3 15 -9.075 0 11.025 -8 0 8.1667 -8 0 10.6667
3 15 -4.1351 0 21.0216 -18 0 18.9 -18 0 16.4
4 15 -4.1351 0 21.0216 -.375 0 22.275 18 0 30.9 -18 0 18.9
3 15 18 0 30.9 -.375 0 22.275 18 0 28.4
3 15 8.1 0 5.3 8 0 2.8333 9.225 0 4.925
4 15 12.41 0 5.9867 9.225 0 4.925 8 0 2.8333 10.425 0 4.525
3 15 10.425 0 4.525 8 0 2.8333 11.55 0 4.15
3 15 12.675 0 3.775 8 0 2.8333 12.9194 0 3.6935
4 15 18 0 -.5 16.5857 0 2.4714 12.9194 0 3.6935 8 0 2.8333
3 15 16.5857 0 2.4714 18 0 -.5 17.25 0 2.25
3 15 17.25 0 2.25 18 0 -.5 18 0 2
3 15 8 0 6.0167 8 0 2.8333 8.1 0 5.3
4 15 8 0 6.0167 8.1 0 5.3 11.8742 0 6.5581 11.1484 0 7.0661
3 16 20 0 34.187 18 0 30.9 18 0 28.4
4 26 -18 0 -5.2 -18 0 -5.95 -8 0 -9.3667 -8 0 -8.6167
4 26 -8 0 -10.8667 -8 0 -10.1167 -18 0 -6.7 -18 0 -7.45
4 26 -18 0 -8.25 -18 0 -9 -8 0 -12.4167 -8 0 -11.6667
4 26 -18 0 -9.75 -18 0 -10.5 -8 0 -13.9167 -8 0 -13.1667
4 26 -8 0 -14.7167 -18 0 -11.3 -18 0 -12.05 -8 0 -15.4667
4 26 -8 0 -16.9667 -8 0 -16.2167 -18 0 -12.8 -18 0 -13.55
4 26 -18 0 -14.35 -18 0 -15.1 -7.4142 0 -18.4142 -7.8017 0 -17.8344
3 26 -18 0 -15.1 -6.7654 0 -18.8478 -7.4142 0 -18.4142
3 26 -4.3902 0 -19 -6 0 -19 2.3381 0 -21.2989
4 26 2.3381 0 -21.2989 -6 0 -19 -6.7654 0 -18.8478 1.2247 0 -21.6685
3 26 -18 0 -15.1 1.2247 0 -21.6685 -6.7654 0 -18.8478
4 26 -2.0488 0 -19 3.5258 0 -20.9046 4.6392 0 -20.5351 .1463 0 -19
4 26 5.7526 0 -20.1655 5.3276 0 -19.2703 4.5366 0 -19 2.3415 0 -19
4 26 11.05 0 -15.6 14.8083 0 -17.1595 15.9217 0 -16.7899 11.0291 0 -15.1183
3 26 11.05 0 -15.6 11.002 0 -15.859 14.8083 0 -17.1595
3 26 10.8714 0 -16.5644 10.8 0 -16.95 13.6949 0 -17.5291
4 26 13.6949 0 -17.5291 10.8 0 -16.95 10.6804 0 -17.2491 12.5814 0 -17.8987
3 26 10.3988 0 -17.9529 10.3 0 -18.2 11.3938 0 -18.2929
4 26 11.3938 0 -18.2929 10.3 0 -18.2 9.9977 0 -18.5659 10.2804 0 -18.6625
4 26 -1.0021 0 -22.4076 .1113 0 -22.038 -18 0 -15.85 -18 0 -16.6
4 26 -3.3031 0 -23.1714 -2.1897 0 -22.8019 -18 0 -17.4 -18 0 -18.15
4 26 -18 0 -18.9 -18 0 -19.65 -5.5299 0 -23.9106 -4.4165 0 -23.541
4 26 -18 0 -20.45 -18 0 -21.2 -7.8309 0 -24.6744 -6.7175 0 -24.3049
4 26 -18 0 -21.95 -18 0 -22.7 -10.0577 0 -25.4136 -8.9443 0 -25.044
4 26 -12.3588 0 -26.1774 -11.2454 0 -25.8078 -18 0 -23.5 -18 0 -24.25
4 26 -14.5856 0 -26.9166 -13.4722 0 -26.547 -18 0 -25 -18 0 -25.75
4 26 -16.8866 0 -27.6804 -15.7732 0 -27.3108 -18 0 -26.55 -18 0 -27.3
4 16 -20 0 0 -18 0 -2.7 -8 0 8.1667 -18 0 11.5
3 16 8 0 2.8333 8 0 -11.5833 18 0 -.5
4 15 -8 0 -10.1167 -8 0 -9.3667 -18 0 -5.95 -18 0 -6.7
4 15 -18 0 -7.45 -18 0 -8.25 -8 0 -11.6667 -8 0 -10.8667
4 15 -18 0 -9 -18 0 -9.75 -8 0 -13.1667 -8 0 -12.4167
4 15 -18 0 -10.5 -18 0 -11.3 -8 0 -14.7167 -8 0 -13.9167
4 15 -18 0 -12.05 -18 0 -12.8 -8 0 -16.2167 -8 0 -15.4667
4 15 -8 0 -16.9667 -18 0 -13.55 -18 0 -14.35 -8 0 -17
3 15 -18 0 -14.35 -7.8478 0 -17.7654 -8 0 -17
3 15 -18 0 -14.35 -7.8017 0 -17.8344 -7.8478 0 -17.7654
4 15 3.5258 0 -20.9046 -2.0488 0 -19 -4.3902 0 -19 2.3381 0 -21.2989
4 15 .1463 0 -19 4.6392 0 -20.5351 5.7526 0 -20.1655 2.3415 0 -19
3 15 5.2094 0 -19 4.5366 0 -19 5.3276 0 -19.2703
3 15 9.9977 0 -18.5659 9.781 0 -18.8283 10.2804 0 -18.6625
4 15 10.3988 0 -17.9529 11.3938 0 -18.2929 12.5814 0 -17.8987 10.6804 0 -17.2491
4 15 14.8083 0 -17.1595 11.002 0 -15.859 10.8714 0 -16.5644 13.6949 0 -17.5291
3 27 6 0 -19 5.2094 0 -19 5.3276 0 -19.2703
4 27 6.7654 0 -18.8478 6 0 -19 5.3276 0 -19.2703 5.7526 0 -20.1655
4 27 5.7526 0 -20.1655 9.781 0 -18.8283 7.4142 0 -18.4142 6.7654 0 -18.8478
4 27 7.8478 0 -17.7654 7.4142 0 -18.4142 9.781 0 -18.8283 9.9977 0 -18.5659
4 27 10.3988 0 -17.9529 7.8478 0 -17.7654 9.9977 0 -18.5659 10.3 0 -18.2
4 27 10.3988 0 -17.9529 10.6804 0 -17.2491 8 0 -17 7.8478 0 -17.7654
4 27 10.8714 0 -16.5644 8 0 -17 10.6804 0 -17.2491 10.8 0 -16.95
3 27 11.002 0 -15.859 8 0 -17 10.8714 0 -16.5644
3 27 11.05 0 -15.6 8 0 -17 11.002 0 -15.859
4 27 8 0 -14.0833 8 0 -17 11.05 0 -15.6 11.0291 0 -15.1183
4 15 -18 0 -2.7 -18 0 -5.2 -8 0 -8.6167 -8 0 -6.1167
4 15 8 0 -14.0833 11.0291 0 -15.1183 18 0 -15 8 0 -11.5833
3 15 18 0 -15 11.0291 0 -15.1183 15.9217 0 -16.7899
4 26 12.5072 0 -28.5733 15.7732 0 -29.6892 16.8866 0 -29.3196 13.6206 0 -28.2037
4 26 14.8083 0 -27.8095 18 0 -28.9 18 0 -28.15 15.9217 0 -27.4399
4 15 .1113 0 -22.038 1.2247 0 -21.6685 -18 0 -15.1 -18 0 -15.85
4 15 17.0351 0 -27.0703 15.9217 0 -27.4399 18 0 -28.15 18 0 -27.4
4 15 -5.5299 0 -23.9106 -18 0 -19.65 -18 0 -20.45 -6.7175 0 -24.3049
4 15 -1.0021 0 -22.4076 -18 0 -16.6 -18 0 -17.4 -2.1897 0 -22.8019
3 15 12.5072 0 -28.5733 14.8368 0 -30 15.7732 0 -29.6892
4 15 13.6206 0 -28.2037 16.8866 0 -29.3196 18 0 -28.9 14.8083 0 -27.8095
3 15 18 0 -28.9 16.8866 0 -29.3196 18 0 -28.95
4 15 -18 0 -21.2 -18 0 -21.95 -8.9443 0 -25.044 -7.8309 0 -24.6744
4 15 -18 0 -22.7 -18 0 -23.5 -11.2454 0 -25.8078 -10.0577 0 -25.4136
4 15 -13.4722 0 -26.547 -12.3588 0 -26.1774 -18 0 -24.25 -18 0 -25
4 15 -14.5856 0 -26.9166 -18 0 -25.75 -18 0 -26.55 -15.7732 0 -27.3108
3 15 18 0 -15 15.9217 0 -16.7899 18 0 -18.6
3 15 15.9217 0 -16.7899 14.8083 0 -17.1595 18 0 -18.6
3 15 14.8083 0 -17.1595 13.6949 0 -17.5291 18 0 -18.6
3 15 13.6949 0 -17.5291 12.5814 0 -17.8987 18 0 -18.6
3 15 12.5814 0 -17.8987 11.3938 0 -18.2929 18 0 -18.6
3 15 11.3938 0 -18.2929 10.2804 0 -18.6625 18 0 -18.6
3 15 18 0 -18.6 10.2804 0 -18.6625 9.781 0 -18.8283
3 15 18 0 -18.6 9.781 0 -18.8283 5.7526 0 -20.1655
3 15 18 0 -18.6 5.7526 0 -20.1655 4.6392 0 -20.5351
3 15 18 0 -18.6 4.6392 0 -20.5351 3.5258 0 -20.9046
3 15 18 0 -18.6 3.5258 0 -20.9046 2.3381 0 -21.2989
3 15 18 0 -18.6 2.3381 0 -21.2989 1.2247 0 -21.6685
4 15 0 0 -24.575 18 0 -18.6 1.2247 0 -21.6685 .1113 0 -22.038
4 15 -18 0 -18.15 -18 0 -18.9 -4.4165 0 -23.541 -3.3031 0 -23.1714
4 15 -16.3431 0 -30 -16.8866 0 -27.6804 -18 0 -27.3 -18 0 -30
3 16 -18 0 -27.3 -20 0 -30 -18 0 -30
3 16 -18 0 -26.55 -20 0 -30 -18 0 -27.3
3 16 -18 0 -25.75 -20 0 -30 -18 0 -26.55
3 16 -18 0 -25 -20 0 -30 -18 0 -25.75
3 16 -18 0 -24.25 -20 0 -30 -18 0 -25
3 16 -18 0 -23.5 -20 0 -30 -18 0 -24.25
3 16 -18 0 -22.7 -20 0 -30 -18 0 -23.5
3 16 -18 0 -21.95 -20 0 -30 -18 0 -22.7
3 16 -18 0 -21.2 -20 0 -30 -18 0 -21.95
3 16 -20 0 34.187 -18 0 16.4 -18 0 18.9
3 16 -20 0 34.187 -18 0 15.65 -18 0 16.4
3 16 -20 0 34.187 -18 0 14.9 -18 0 15.65
3 16 -20 0 34.187 -18 0 14.15 -18 0 14.9
4 16 -18 0 14.15 -20 0 34.187 -20 0 0 -18 0 11.5
3 16 -20 0 0 -18 0 -5.2 -18 0 -2.7
3 16 -20 0 0 -18 0 -5.95 -18 0 -5.2
3 16 -20 0 0 -18 0 -6.7 -18 0 -5.95
3 16 -20 0 0 -18 0 -7.45 -18 0 -6.7
3 16 -20 0 0 -18 0 -8.25 -18 0 -7.45
3 16 -20 0 0 -18 0 -9 -18 0 -8.25
3 16 -20 0 0 -18 0 -9.75 -18 0 -9
3 16 -20 0 0 -18 0 -10.5 -18 0 -9.75
3 16 -20 0 0 -18 0 -11.3 -18 0 -10.5
3 16 -20 0 0 -18 0 -12.05 -18 0 -11.3
3 16 -18 0 -20.45 -20 0 -30 -18 0 -21.2
3 16 -18 0 -19.65 -20 0 -30 -18 0 -20.45
3 16 -18 0 -18.9 -20 0 -30 -18 0 -19.65
3 16 -18 0 -18.15 -20 0 -30 -18 0 -18.9
3 16 -18 0 -17.4 -20 0 -30 -18 0 -18.15
3 16 -18 0 -16.6 -20 0 -30 -18 0 -17.4
3 16 -20 0 0 -18 0 -12.8 -18 0 -12.05
3 16 -20 0 0 -18 0 -13.55 -18 0 -12.8
3 16 -20 0 0 -18 0 -14.35 -18 0 -13.55
3 16 -20 0 0 -18 0 -15.1 -18 0 -14.35
3 16 -20 0 0 -18 0 -15.85 -18 0 -15.1
4 16 -18 0 -16.6 -18 0 -15.85 -20 0 0 -20 0 -30
3 26 18 0 -28.95 16.8866 0 -29.3196 18 0 -29.25
3 26 18 0 -29.25 16.8866 0 -29.3196 15.7732 0 -29.6892
3 26 18 0 -26.45 17.0351 0 -27.0703 18 0 -27.4
3 26 18 0 -26.45 15.9217 0 -27.4399 17.0351 0 -27.0703
3 26 18 0 -26.45 14.8083 0 -27.8095 15.9217 0 -27.4399
3 26 18 0 -26.45 13.6206 0 -28.2037 14.8083 0 -27.8095
3 26 18 0 -26.45 12.5072 0 -28.5733 13.6206 0 -28.2037
3 26 18 0 -26.45 11.3938 0 -28.9429 12.5072 0 -28.5733
3 26 18 0 -26.45 10.2804 0 -29.3125 11.3938 0 -28.9429
3 16 20 0 34.187 18 0 28.4 18 0 27.65
3 16 20 0 34.187 18 0 27.65 18 0 26.9
3 16 20 0 34.187 18 0 26.9 18 0 26.15
3 16 20 0 34.187 18 0 26.15 18 0 25.35
3 16 20 0 34.187 18 0 25.35 18 0 24.6
3 16 20 0 34.187 18 0 24.6 18 0 23.85
3 16 20 0 34.187 18 0 23.85 18 0 23.1
3 16 20 0 34.187 18 0 23.1 18 0 22.3
3 16 20 0 34.187 18 0 22.3 18 0 21.55
3 16 20 0 34.187 18 0 21.55 18 0 20.8
3 16 20 0 34.187 18 0 20.8 18 0 20.05
3 16 20 0 34.187 18 0 20.05 18 0 19.25
3 16 20 0 34.187 18 0 19.25 18 0 18.5
3 16 20 0 34.187 18 0 18.5 18 0 17.75
3 16 20 0 34.187 18 0 17.75 18 0 17
3 16 20 0 34.187 18 0 17 18 0 16.2
4 16 20 0 34.187 18 0 16.2 18 0 15.45 20 0 0
3 16 18 0 15.45 18 0 14.7 20 0 0
3 16 18 0 14.7 18 0 13.95 20 0 0
3 16 18 0 13.95 18 0 13.15 20 0 0
3 16 18 0 13.15 18 0 12.4 20 0 0
3 16 18 0 12.4 18 0 11.65 20 0 0
3 16 18 0 11.65 18 0 10.9 20 0 0
3 16 18 0 10.9 18 0 10.1 20 0 0
3 16 18 0 10.1 18 0 9.35 20 0 0
3 16 18 0 9.35 18 0 8.6 20 0 0
3 16 18 0 8.6 18 0 7.85 20 0 0
3 16 18 0 7.85 18 0 7.05 20 0 0
3 16 18 0 7.05 18 0 6.3 20 0 0
3 16 18 0 6.3 18 0 5.55 20 0 0
3 16 18 0 5.55 18 0 4.8 20 0 0
3 16 18 0 4.8 18 0 4 20 0 0
3 16 18 0 4 18 0 3.25 20 0 0
3 16 18 0 3.25 18 0 2.5 20 0 0
3 16 18 0 2.5 18 0 2 20 0 0
3 16 18 0 2 18 0 -.5 20 0 0
4 16 8 0 -11.5833 18 0 -15 20 0 0 18 0 -.5
3 16 20 0 0 18 0 -15 18 0 -18.6
4 16 18 0 -26.45 20 0 -30 20 0 0 18 0 -18.6
3 16 18 0 -29.25 18 0 -30 20 0 -30
3 16 18 0 -28.95 18 0 -29.25 20 0 -30
3 16 18 0 -28.9 18 0 -28.95 20 0 -30
3 16 18 0 -28.15 18 0 -28.9 20 0 -30
3 16 18 0 -27.4 18 0 -28.15 20 0 -30
3 16 18 0 -26.45 18 0 -27.4 20 0 -30
4 16 8 0 2.8333 -8 0 -6.1167 -8 0 -8.6167 8 0 -11.5833
3 16 -8 0 -8.6167 -8 0 -9.3667 8 0 -11.5833
3 16 -8 0 -9.3667 -8 0 -10.1167 8 0 -11.5833
3 16 -8 0 -10.1167 -8 0 -10.8667 8 0 -11.5833
3 16 -8 0 -10.8667 -8 0 -11.6667 8 0 -11.5833
3 16 8 0 -11.5833 -8 0 -11.6667 -8 0 -12.4167
3 16 8 0 -11.5833 -8 0 -12.4167 -8 0 -13.1667
3 16 8 0 -11.5833 -8 0 -13.1667 -8 0 -13.9167
3 16 8 0 -11.5833 -8 0 -13.9167 -8 0 -14.7167
3 16 8 0 -11.5833 -8 0 -14.7167 -8 0 -15.4667
3 16 8 0 -11.5833 -8 0 -15.4667 -8 0 -16.2167
3 16 8 0 -11.5833 -8 0 -16.2167 -8 0 -16.9667
4 16 -8 0 -17 -7.8478 0 -17.7654 -7.8017 0 -17.8344 8 0 -11.5833
4 16 -7.8017 0 -17.8344 -7.4142 0 -18.4142 -6.7654 0 -18.8478 8 0 -11.5833
4 16 -4.3902 0 -19 8 0 -11.5833 -6.7654 0 -18.8478 -6 0 -19
3 16 8 0 -11.5833 -4.3902 0 -19 -2.0488 0 -19
3 16 8 0 -11.5833 -2.0488 0 -19 .1463 0 -19
3 16 8 0 -11.5833 .1463 0 -19 2.3415 0 -19
3 16 8 0 -11.5833 2.3415 0 -19 4.5366 0 -19
3 16 8 0 -11.5833 4.5366 0 -19 5.2094 0 -19
4 16 5.2094 0 -19 6 0 -19 6.7654 0 -18.8478 8 0 -11.5833
3 16 8 0 -11.5833 6.7654 0 -18.8478 7.4142 0 -18.4142
4 16 8 0 -11.5833 7.4142 0 -18.4142 7.8478 0 -17.7654 8 0 -14.0833
3 16 8 0 -14.0833 7.8478 0 -17.7654 8 0 -17
4 16 -18 0 -2.7 -8 0 -6.1167 8 0 2.8333 -8 0 8.1667
4 16 -8 0 8.1667 8 0 2.8333 8 0 6.0167 -8 0 10.6667
3 16 -8 0 10.6667 8 0 6.0167 8 0 6.7667
3 16 -8 0 10.6667 8 0 6.7667 8 0 7.5667
3 16 -8 0 10.6667 8 0 7.5667 8 0 8.3167
3 16 -8 0 10.6667 8 0 8.3167 8 0 9.0429
3 16 8 0 13.4231 -8 0 10.6667 8 0 9.0429
3 16 8 0 13.6667 -8 0 10.6667 8 0 13.4231
3 16 8 0 14.4167 -8 0 10.6667 8 0 13.6667
3 16 8 0 15.1667 -8 0 10.6667 8 0 14.4167
3 16 8 0 15.9167 -8 0 10.6667 8 0 15.1667
3 16 8 0 16.7167 -8 0 10.6667 8 0 15.9167
4 16 8 0 16.7167 8 0 17 7.913 0 17.4377 -8 0 10.6667
4 16 7.913 0 17.4377 7.8478 0 17.7654 7.6289 0 18.093 -8 0 10.6667
4 16 7.0576 0 18.6525 -8 0 10.6667 7.6289 0 18.093 7.4142 0 18.4142
3 16 6.7654 0 18.8478 -8 0 10.6667 7.0576 0 18.6525
4 16 6.7654 0 18.8478 6 0 19 5.7 0 19 -8 0 10.6667
3 16 5.7 0 19 3.45 0 19 -8 0 10.6667
4 16 3.45 0 19 2.6667 0 19 -8 0 11.3833 -8 0 10.6667
3 16 2.6667 0 19 -8 0 12.1333 -8 0 11.3833
3 16 2.6667 0 19 -8 0 12.8833 -8 0 12.1333
3 16 2.6667 0 19 -8 0 13.6333 -8 0 12.8833
3 16 2.6667 0 19 -8 0 14.4333 -8 0 13.6333
3 16 2.6667 0 19 -8 0 15.1833 -8 0 14.4333
3 16 2.6667 0 19 -8 0 15.9333 -8 0 15.1833
3 16 2.6667 0 19 -8 0 16.6833 -8 0 15.9333
4 16 -8 0 16.6833 2.6667 0 19 -7.8971 0 17.5176 -8 0 17
3 16 -3.45 0 19 -7.3712 0 18.4429 -7.4142 0 18.4142
4 16 -7.3712 0 18.4429 -3.45 0 19 -5.7 0 19 -6.7654 0 18.8478
3 16 -5.7 0 19 -6 0 19 -6.7654 0 18.8478
4 16 -7.4142 0 18.4142 -7.8478 0 17.7654 -2.1857 0 19 -3.45 0 19
4 16 -7.8971 0 17.5176 2.6667 0 19 -2.1857 0 19 -7.8478 0 17.7654
3 16 8 0 -11.5833 -8 0 -16.9667 -8 0 -17
3 26 1.2593 0 33.7698 3.1111 0 32.387 4.2222 0 32.7574
4 26 2 0 32.0167 -.963 0 33.029 -2.0741 0 32.6586 .8889 0 31.6463
4 26 -.2222 0 31.2759 -3.1852 0 32.2883 -4.2963 0 31.9179 -1.3333 0 30.9056
4 26 -6.5926 0 31.1525 -3.6296 0 30.1401 -2.4444 0 30.5352 -5.4074 0 31.5475
4 26 -4.7407 0 29.7698 -7.7037 0 30.7821 -8.8148 0 30.4117 -5.8519 0 29.3994
4 26 -18 0 27.65 -17.7778 0 27.4241 -14.8148 0 26.4117 -16.6667 0 27.7944
3 26 -16.6667 0 27.7944 -14.8148 0 26.4117 -13.7037 0 26.7821
4 26 -15.9259 0 26.0414 -18 0 26.75 -18 0 26 -17.037 0 25.671
3 15 -18 0 26 -18 0 25.35 -17.037 0 25.671
3 15 -17.7778 0 27.4241 -15.9259 0 26.0414 -14.8148 0 26.4117
4 15 -15.9259 0 26.0414 -17.7778 0 27.4241 -18 0 27.35 -18 0 26.75
4 15 -16.6667 0 27.7944 -13.7037 0 26.7821 -12.5926 0 27.1525 -15.5556 0 28.1648
3 26 -17.037 0 25.671 -18 0 25.35 -18 0 25.05
3 26 -15.9259 0 26.0414 -17.037 0 25.671 -18 0 25.05
3 26 -14.8148 0 26.4117 -15.9259 0 26.0414 -18 0 25.05
3 26 -13.7037 0 26.7821 -14.8148 0 26.4117 -18 0 25.05
3 26 -12.5926 0 27.1525 -13.7037 0 26.7821 -18 0 25.05
3 26 -11.4074 0 27.5475 -12.5926 0 27.1525 -18 0 25.05
3 26 -.2222 0 31.2759 -1.3333 0 30.9056 0 0 31.05
3 26 0 0 31.05 -1.3333 0 30.9056 -2.4444 0 30.5352
3 26 0 0 31.05 -2.4444 0 30.5352 -3.6296 0 30.1401
3 26 0 0 31.05 -3.6296 0 30.1401 -4.7407 0 29.7698
3 26 0 0 31.05 -4.7407 0 29.7698 -5.8519 0 29.3994
3 26 0 0 31.05 -5.8519 0 29.3994 -6.963 0 29.029
3 26 .8889 0 31.6463 -.2222 0 31.2759 0 0 31.05
3 26 2 0 32.0167 .8889 0 31.6463 0 0 31.05
3 26 3.1111 0 32.387 2 0 32.0167 0 0 31.05
3 26 4.2222 0 32.7574 3.1111 0 32.387 0 0 31.05
3 26 5.3333 0 33.1278 4.2222 0 32.7574 0 0 31.05
3 26 6.5185 0 33.5228 5.3333 0 33.1278 0 0 31.05
3 26 0 0 31.05 -6.963 0 29.029 -8.0741 0 28.6586
3 26 -10.2963 0 27.9179 -11.4074 0 27.5475 -18 0 25.05
3 26 -9.1852 0 28.2883 -10.2963 0 27.9179 -18 0 25.05
4 26 0 0 31.05 -8.0741 0 28.6586 -9.1852 0 28.2883 -18 0 25.05
3 26 0 0 33.65 -.963 0 33.029 .1481 0 33.3994
4 26 3.1111 0 32.387 1.2593 0 33.7698 0 0 33.65 .1481 0 33.3994
3 26 0 0 33.65 -2.0741 0 32.6586 -.963 0 33.029
3 26 0 0 33.65 -3.1852 0 32.2883 -2.0741 0 32.6586
3 26 0 0 33.65 -4.2963 0 31.9179 -3.1852 0 32.2883
3 26 0 0 33.65 -5.4074 0 31.5475 -4.2963 0 31.9179
3 26 -18 0 27.65 -18 0 27.35 -17.7778 0 27.4241
3 26 -15.5556 0 28.1648 -18 0 27.65 -16.6667 0 27.7944
3 26 -14.3704 0 28.5599 -18 0 27.65 -15.5556 0 28.1648
3 26 -13.2593 0 28.9303 -18 0 27.65 -14.3704 0 28.5599
3 26 -12.1482 0 29.3006 -18 0 27.65 -13.2593 0 28.9303
3 26 -11.037 0 29.671 -18 0 27.65 -12.1482 0 29.3006
3 26 -9.9259 0 30.0414 -18 0 27.65 -11.037 0 29.671
3 26 -8.8148 0 30.4117 -18 0 27.65 -9.9259 0 30.0414
3 26 0 0 33.65 -6.5926 0 31.1525 -5.4074 0 31.5475
3 26 0 0 33.65 -7.7037 0 30.7821 -6.5926 0 31.1525
4 26 -8.8148 0 30.4117 -7.7037 0 30.7821 0 0 33.65 -18 0 27.65
4 26 1.611 0 34.187 0 0 33.65 1.2593 0 33.7698 2.3704 0 34.1401
4 16 -18 0 25.05 -18 0 18.9 18 0 30.9 0 0 31.05
4 16 20 0 34.187 9.411 0 34.187 0 0 31.05 18 0 30.9
3 16 -20 0 34.187 -18 0 18.9 -18 0 25.05
3 16 -20 0 34.187 -18 0 25.05 -18 0 25.35
3 16 -20 0 34.187 -18 0 25.35 -18 0 26
3 16 -20 0 34.187 -18 0 26 -18 0 26.75
3 16 -20 0 34.187 -18 0 26.75 -18 0 27.35
3 16 -20 0 34.187 -18 0 27.35 -18 0 27.65
3 16 -20 0 34.187 -18 0 27.65 -18 0 33.7
4 27 -13.1752 0 28.1515 -13.15 0 27.9 -12.6 0 27.65 -12.1482 0 29.3006
4 27 -11.4074 0 27.5475 -12.1482 0 29.3006 -12.6 0 27.65 -11.9 0 27.55
4 27 -10.1 0 29.8 -11.037 0 29.671 -8.75 0 29.3 -9.2 0 29.6
4 27 -10.2963 0 27.9179 -9.1852 0 28.2883 -8.85 0 28.65 -11.037 0 29.671
3 15 -13.2593 0 28.9303 -13.2 0 28.4 -12.9461 0 28.8232
4 15 -13.2593 0 28.9303 -14.3704 0 28.5599 -13.1752 0 28.1515 -13.2 0 28.4
3 15 -8.0741 0 28.6586 -8.85 0 28.65 -9.1852 0 28.2883
3 15 -8.7331 0 28.8838 -8.85 0 28.65 -8.0741 0 28.6586
4 15 -9.9259 0 30.0414 -6.963 0 29.029 -5.8519 0 29.3994 -8.8148 0 30.4117
4 15 -4.7407 0 29.7698 -3.6296 0 30.1401 -6.5926 0 31.1525 -7.7037 0 30.7821
4 15 -2.4444 0 30.5352 -1.3333 0 30.9056 -4.2963 0 31.9179 -5.4074 0 31.5475
4 15 -2.0741 0 32.6586 -3.1852 0 32.2883 -.2222 0 31.2759 .8889 0 31.6463
4 15 .1481 0 33.3994 -.963 0 33.029 2 0 32.0167 3.1111 0 32.387
4 15 2.3704 0 34.1401 1.2593 0 33.7698 4.2222 0 32.7574 5.3333 0 33.1278
3 26 -13.2593 0 28.9303 -12.9461 0 28.8232 -12.9 0 28.9
3 26 -12.1482 0 29.3006 -13.2593 0 28.9303 -12.9 0 28.9
3 26 -14.3704 0 28.5599 -13.15 0 27.9 -13.1752 0 28.1515
4 26 -15.5556 0 28.1648 -12.5926 0 27.1525 -13.15 0 27.9 -14.3704 0 28.5599
3 26 -13.15 0 27.9 -12.5926 0 27.1525 -12.6 0 27.65
3 26 -12.6 0 27.65 -12.5926 0 27.1525 -11.9 0 27.55
3 26 -11.9 0 27.55 -12.5926 0 27.1525 -11.4074 0 27.5475
4 27 -12.1482 0 29.3006 -11.4074 0 27.5475 -10.2963 0 27.9179 -11.037 0 29.671
3 26 -9.9259 0 30.0414 -11.037 0 29.671 -10.1 0 29.8
3 26 -9.9259 0 30.0414 -10.1 0 29.8 -9.2 0 29.6
4 26 -6.963 0 29.029 -8.7 0 28.95 -8.7331 0 28.8838 -8.0741 0 28.6586
3 26 -8.75 0 29.3 -8.7 0 28.95 -6.963 0 29.029
3 26 -9.2 0 29.6 -8.75 0 29.3 -6.963 0 29.029
3 26 -9.9259 0 30.0414 -9.2 0 29.6 -6.963 0 29.029
4 16 -18 0 27.65 0 0 33.65 -16.5411 0 34.187 -18 0 33.7
3 16 -18 0 34.187 -20 0 34.187 -18 0 33.7
3 27 -12.1482 0 29.3006 -12.9 0 28.9 -12.9461 0 28.8232
4 27 -13.1752 0 28.1515 -12.1482 0 29.3006 -12.9461 0 28.8232 -13.2 0 28.4
3 27 -11.037 0 29.671 -8.85 0 28.65 -8.7331 0 28.8838
4 27 -8.7331 0 28.8838 -8.7 0 28.95 -8.75 0 29.3 -11.037 0 29.671
3 15 -15.7732 0 -27.3108 -16.8866 0 -27.6804 -16.3431 0 -30
3 15 -14.5856 0 -26.9166 -15.7732 0 -27.3108 -16.3431 0 -30
3 15 -13.4722 0 -26.547 -14.5856 0 -26.9166 -16.3431 0 -30
3 15 -12.3588 0 -26.1774 -13.4722 0 -26.547 -16.3431 0 -30
3 15 -11.2454 0 -25.8078 -12.3588 0 -26.1774 -16.3431 0 -30
3 15 -10.0577 0 -25.4136 -11.2454 0 -25.8078 -16.3431 0 -30
3 15 -8.9443 0 -25.044 -10.0577 0 -25.4136 -16.3431 0 -30
3 15 -7.8309 0 -24.6744 -8.9443 0 -25.044 -16.3431 0 -30
3 15 -6.7175 0 -24.3049 -7.8309 0 -24.6744 -16.3431 0 -30
3 15 -5.5299 0 -23.9106 -6.7175 0 -24.3049 -16.3431 0 -30
3 15 -4.4165 0 -23.541 -5.5299 0 -23.9106 -16.3431 0 -30
3 15 -3.3031 0 -23.1714 -4.4165 0 -23.541 -16.3431 0 -30
3 15 -2.1897 0 -22.8019 -3.3031 0 -23.1714 -16.3431 0 -30
3 15 -1.0021 0 -22.4076 -2.1897 0 -22.8019 -16.3431 0 -30
4 15 0 0 -24.575 .1113 0 -22.038 -1.0021 0 -22.4076 -16.3431 0 -30
4 15 9.0928 0 -29.7067 9.9512 0 -30 12.2927 0 -30 10.2804 0 -29.3125
4 15 11.3938 0 -28.9429 14.4878 0 -30 14.8368 0 -30 12.5072 0 -28.5733
4 26 14.4878 0 -30 11.3938 0 -28.9429 10.2804 0 -29.3125 12.2927 0 -30
4 26 14.8368 0 -30 15.7406 0 -30 18 0 -29.25 15.7732 0 -29.6892
4 26 10.2804 0 -29.3125 18 0 -26.45 7.3054 0 -30 9.0928 0 -29.7067
3 15 -16.5411 0 34.187 -18 0 34.187 -18 0 33.7
3 16 1.611 0 34.187 -16.5411 0 34.187 0 0 33.65
3 26 4.5746 0 34.187 1.611 0 34.187 2.3704 0 34.1401
4 26 2.3704 0 34.1401 5.3333 0 33.1278 6.5185 0 33.5228 4.5746 0 34.187
3 26 9.411 0 34.187 6.7698 0 34.187 7.6296 0 33.8932
4 26 6.5185 0 33.5228 0 0 31.05 9.411 0 34.187 7.6296 0 33.8932
4 15 6.5185 0 33.5228 7.6296 0 33.8932 6.7698 0 34.187 4.5746 0 34.187
4 16 13.7174 0 -26.001 13.0219 0 -26.1283 12.5165 0 -26.6664 13.323 0 -26.7129
4 16 13.0219 0 -26.1283 12.5632 0 -26.0181 11.7413 0 -26.2404 12.5165 0 -26.6664
4 16 12.5632 0 -26.0181 12.2306 0 -25.4967 11.3928 0 -25.6716 11.7413 0 -26.2404
3 16 12.2301 0 -25.0224 11.3928 0 -25.6716 12.2306 0 -25.4967
4 16 11.9607 0 -24.5325 11.3605 0 -25.1024 11.3928 0 -25.6716 12.2301 0 -25.0224
4 16 9.2549 0 -22.7489 9.8721 0 -23.1751 10.4093 0 -22.8899 9.7922 0 -22.4637
3 16 9.8721 0 -23.1751 9.1769 0 -23.6186 9.92 0 -23.6336
4 16 10.1418 0 -23.9812 9.92 0 -23.6336 9.1769 0 -23.6186 9.3988 0 -24.1243
4 16 9.3988 0 -24.1243 9.8737 0 -24.5981 10.5691 0 -24.3127 10.1418 0 -23.9812
4 16 9.8737 0 -24.5981 10.4432 0 -24.8821 11.0594 0 -24.5177 10.5691 0 -24.3127
4 16 10.4432 0 -24.8821 10.9177 0 -25.0397 11.5496 0 -24.5646 11.0594 0 -24.5177
4 16 10.9177 0 -25.0397 11.3605 0 -25.1024 11.9607 0 -24.5325 11.5496 0 -24.5646
4 16 9.1769 0 -23.6186 9.8721 0 -23.1751 9.2549 0 -22.7489 9.113 0 -23.1127
4 16 13.5853 0 -23.9889 11.9607 0 -24.5325 12.2301 0 -25.0224 14.0179 0 -24.4242
4 16 12.8268 0 -21.4483 9.7922 0 -22.4637 10.4093 0 -22.8899 12.02 0 -22.351
3 16 12.8268 0 -21.4483 12.02 0 -22.351 12.6534 0 -21.8754
4 16 16.2467 0 -25.5238 12.6534 0 -21.8754 12.02 0 -22.351 13.5853 0 -23.9889
3 16 13.5853 0 -23.9889 14.0179 0 -24.4242 16.2467 0 -25.5238
3 16 14.0179 0 -24.4242 15.119 0 -25.532 16.2467 0 -25.5238
4 16 9.1004 0 -25.9113 9.748 0 -25.3256 9.2729 0 -24.6937 8.7202 0 -25.2477
4 16 9.2275 0 -26.4488 10.0967 0 -26.0525 9.748 0 -25.3256 9.1004 0 -25.9113
4 16 10.0967 0 -26.0525 9.2275 0 -26.4488 9.1491 0 -27.0023 10.066 0 -26.9064
4 16 10.066 0 -26.9064 9.1491 0 -27.0023 8.9441 0 -27.4927 9.6874 0 -27.6657
3 16 8.9441 0 -27.4927 8.8817 0 -28.2517 9.6874 0 -27.6657
4 16 8.9441 0 -27.4927 8.4386 0 -27.8727 7.9649 0 -28.5057 8.8817 0 -28.2517
4 16 7.0795 0 -28.5383 7.9649 0 -28.5057 8.4386 0 -27.8727 7.5533 0 -28.0635
4 16 6.0663 0 -27.4011 5.7508 0 -28.0339 6.5576 0 -28.3966 6.6676 0 -27.7799
4 16 5.7508 0 -28.0339 6.0663 0 -27.4011 5.4805 0 -26.7535 4.9278 0 -27.3075
4 16 4.9278 0 -27.3075 5.4805 0 -26.7535 5.1636 0 -26.1214 4.4367 0 -26.47
4 16 4.4367 0 -26.47 5.1636 0 -26.1214 5.1627 0 -25.3308 4.3251 0 -25.6638
4 16 5.3836 0 -24.8878 4.5613 0 -24.7939 4.3251 0 -25.6638 5.1627 0 -25.3308
4 16 5.652 0 -24.5871 5.0508 0 -24.2083 4.5613 0 -24.7939 5.3836 0 -24.8878
4 16 6.0944 0 -24.3336 5.5721 0 -23.8757 5.0508 0 -24.2083 5.652 0 -24.5871
4 16 5.5721 0 -23.8757 6.0944 0 -24.3336 6.885 0 -24.3327 6.5048 0 -23.6691
4 16 6.5048 0 -23.6691 6.885 0 -24.3327 7.6283 0 -24.5058 7.7225 0 -23.8416
4 16 7.7225 0 -23.8416 7.6283 0 -24.5058 8.277 0 -24.8687 8.5608 0 -24.1411
4 16 8.7202 0 -25.2477 9.2729 0 -24.6937 8.5608 0 -24.1411 8.277 0 -24.8687
4 16 16.6105 0 -25.6656 16.2467 0 -25.5238 15.119 0 -25.532 14.4768 0 -26.3796
4 16 13.323 0 -26.7129 14.4768 0 -26.3796 15.119 0 -25.532 13.7174 0 -26.001
3 16 5.0565 0 -29.268 4.5668 0 -29.6954 5.4203 0 -29.4098
3 16 -.3075 0 -25.843 -1.7299 0 -26.3189 -.3861 0 -26.2383
3 16 3.2013 0 -24.6689 2.253 0 -24.9862 3.1227 0 -25.0643
4 16 3.1874 0 -26.888 5.0565 0 -29.268 3.1227 0 -25.0643 2.253 0 -24.9862
4 16 3.4767 0 -27.4767 3.1874 0 -26.888 1.6845 0 -27.3909 2.4535 0 -27.819
3 16 3.1874 0 -26.888 3.4767 0 -27.4767 5.0565 0 -29.268
3 16 3.4767 0 -27.4767 4.0934 0 -28.7318 5.0565 0 -29.268
3 16 4.0934 0 -28.7318 4.5668 0 -29.6954 5.0565 0 -29.268
3 16 2.4535 0 -27.819 4.5668 0 -29.6954 4.0934 0 -28.7318
4 16 4.5668 0 -29.6954 2.4535 0 -27.819 1.6845 0 -27.3909 -1.7299 0 -26.3189
3 16 -.3861 0 -26.2383 -1.7299 0 -26.3189 1.6845 0 -27.3909
3 16 -2.2041 0 -26.4776 -3.4858 0 -26.9064 -2.3775 0 -26.9047
4 16 -3.4858 0 -26.9064 -1.6672 0 -28.8287 .6711 0 -30 -2.3775 0 -26.9047
4 16 -1.1713 0 -29.2955 -2.2171 0 -28.96 -2.9914 0 -29.3245 -2.5798 0 -29.7668
4 16 -3.497 0 -29.7046 -2.8347 0 -30 -2.5798 0 -29.7668 -2.9914 0 -29.3245
4 16 -6.5664 0 -27.9372 -2.9914 0 -29.3245 -2.2171 0 -28.96 -5.2858 0 -27.825
3 16 -5.1439 0 -27.4612 -6.5664 0 -27.9372 -5.2858 0 -27.825
3 16 -1.6672 0 -28.8287 -2.2171 0 -28.96 -1.1713 0 -29.2955
3 16 -7.1828 0 -28.1434 -7.9897 0 -29.0461 -7.3562 0 -28.5705
4 16 -7.1828 0 -28.1434 -9.3165 0 -28.8574 -8.9365 0 -29.3629 -7.9897 0 -29.0461
4 16 -9.3165 0 -28.8574 -10.0276 0 -29.2535 -9.6791 0 -29.8223 -8.9365 0 -29.3629
4 16 -10.0276 0 -29.2535 -10.6119 0 -29.8708 -9.7855 0 -30 -9.6791 0 -29.8223
4 16 7.0795 0 -28.5383 7.5533 0 -28.0635 6.6676 0 -27.7799 6.5576 0 -28.3966
3 191 14.0179 0 -24.4242 13.7174 0 -26.001 15.119 0 -25.532
4 191 12.5632 0 -26.0181 13.0219 0 -26.1283 13.7174 0 -26.001 14.0179 0 -24.4242
4 191 12.5632 0 -26.0181 14.0179 0 -24.4242 12.2301 0 -25.0224 12.2306 0 -25.4967
4 191 13.5853 0 -23.9889 12.02 0 -22.351 11.5496 0 -24.5646 11.9607 0 -24.5325
3 191 12.02 0 -22.351 11.0594 0 -24.5177 11.5496 0 -24.5646
4 191 11.0594 0 -24.5177 12.02 0 -22.351 10.1418 0 -23.9812 10.5691 0 -24.3127
3 191 12.02 0 -22.351 10.4093 0 -22.8899 10.1418 0 -23.9812
4 191 10.1418 0 -23.9812 10.4093 0 -22.8899 9.8721 0 -23.1751 9.92 0 -23.6336
3 191 3.4767 0 -27.4767 2.4535 0 -27.819 4.0934 0 -28.7318
3 191 2.253 0 -24.9862 1.6845 0 -27.3909 3.1874 0 -26.888
4 191 -.3075 0 -25.843 -.3861 0 -26.2383 1.6845 0 -27.3909 2.253 0 -24.9862
3 191 -3.4858 0 -26.9064 -2.2171 0 -28.96 -1.6672 0 -28.8287
4 191 -2.2171 0 -28.96 -3.4858 0 -26.9064 -5.1439 0 -27.4612 -5.2858 0 -27.825
3 191 -6.5664 0 -27.9372 -3.497 0 -29.7046 -2.9914 0 -29.3245
4 191 -5.9483 0 -30 -3.6443 0 -30 -3.497 0 -29.7046 -6.5664 0 -27.9372
4 191 10.0967 0 -26.0525 10.066 0 -26.9064 12.5165 0 -26.6664 11.7413 0 -26.2404
4 191 13.323 0 -26.7129 12.5165 0 -26.6664 10.066 0 -26.9064 9.6874 0 -27.6657
4 191 18 0 -26.45 13.323 0 -26.7129 9.6874 0 -27.6657 8.8817 0 -28.2517
3 191 10.9177 0 -25.0397 11.3928 0 -25.6716 11.3605 0 -25.1024
4 191 11.7413 0 -26.2404 11.3928 0 -25.6716 10.9177 0 -25.0397 10.0967 0 -26.0525
4 191 10.0967 0 -26.0525 10.9177 0 -25.0397 10.4432 0 -24.8821 9.748 0 -25.3256
3 191 9.8737 0 -24.5981 9.748 0 -25.3256 10.4432 0 -24.8821
4 191 9.748 0 -25.3256 9.8737 0 -24.5981 9.3988 0 -24.1243 9.2729 0 -24.6937
4 191 9.2729 0 -24.6937 9.3988 0 -24.1243 9.1769 0 -23.6186 8.5608 0 -24.1411
4 191 8.5608 0 -24.1411 9.1769 0 -23.6186 9.113 0 -23.1127 7.7225 0 -23.8416
4 191 9.2549 0 -22.7489 6.5048 0 -23.6691 7.7225 0 -23.8416 9.113 0 -23.1127
4 191 3.2013 0 -24.6689 3.1227 0 -25.0643 4.3251 0 -25.6638 4.5613 0 -24.7939
3 191 3.1227 0 -25.0643 4.4367 0 -26.47 4.3251 0 -25.6638
4 191 7.3054 0 -30 7.9649 0 -28.5057 7.0795 0 -28.5383 5.4203 0 -29.4098
4 191 7.0795 0 -28.5383 6.5576 0 -28.3966 5.0565 0 -29.268 5.4203 0 -29.4098
3 191 5.7508 0 -28.0339 5.0565 0 -29.268 6.5576 0 -28.3966
3 191 4.9278 0 -27.3075 5.0565 0 -29.268 5.7508 0 -28.0339
4 191 4.9278 0 -27.3075 4.4367 0 -26.47 3.1227 0 -25.0643 5.0565 0 -29.268
3 191 5.0508 0 -24.2083 3.2013 0 -24.6689 4.5613 0 -24.7939
4 191 6.6676 0 -27.7799 7.5533 0 -28.0635 8.4386 0 -27.8727 8.9441 0 -27.4927
4 191 8.9441 0 -27.4927 9.1491 0 -27.0023 9.2275 0 -26.4488 6.6676 0 -27.7799
4 191 9.1004 0 -25.9113 6.0663 0 -27.4011 6.6676 0 -27.7799 9.2275 0 -26.4488
4 191 6.0663 0 -27.4011 9.1004 0 -25.9113 8.7202 0 -25.2477 5.4805 0 -26.7535
4 191 8.7202 0 -25.2477 8.277 0 -24.8687 5.1636 0 -26.1214 5.4805 0 -26.7535
4 191 5.1636 0 -26.1214 8.277 0 -24.8687 7.6283 0 -24.5058 5.1627 0 -25.3308
4 191 5.3836 0 -24.8878 5.1627 0 -25.3308 7.6283 0 -24.5058 6.885 0 -24.3327
4 191 5.3836 0 -24.8878 6.885 0 -24.3327 6.0944 0 -24.3336 5.652 0 -24.5871
4 16 -5.9483 0 -30 -7.3562 0 -28.5705 -7.9897 0 -29.0461 -7.0604 0 -30
3 16 -1.6672 0 -28.8287 -1.1713 0 -29.2955 .6711 0 -30
4 191 -9.7855 0 -30 -7.0604 0 -30 -8.9365 0 -29.3629 -9.6791 0 -29.8223
3 191 -7.9897 0 -29.0461 -8.9365 0 -29.3629 -7.0604 0 -30
4 191 -7.1828 0 -28.1434 -7.3562 0 -28.5705 -5.9483 0 -30 -6.5664 0 -27.9372
4 191 -2.8347 0 -30 -.4704 0 -30 -1.1713 0 -29.2955 -2.5798 0 -29.7668
4 191 -2.2041 0 -26.4776 -2.3775 0 -26.9047 .6711 0 -30 -1.7299 0 -26.3189
4 191 .6711 0 -30 3.6565 0 -30 4.5668 0 -29.6954 -1.7299 0 -26.3189
3 191 -10.6119 0 -29.8708 -16.3431 0 -30 -10.6548 0 -30
3 191 -10.0276 0 -29.2535 -16.3431 0 -30 -10.6119 0 -29.8708
3 191 -9.3165 0 -28.8574 -16.3431 0 -30 -10.0276 0 -29.2535
3 191 4.5668 0 -29.6954 3.6565 0 -30 7.3054 0 -30
3 191 5.4203 0 -29.4098 4.5668 0 -29.6954 7.3054 0 -30
4 191 7.9649 0 -28.5057 7.3054 0 -30 18 0 -26.45 8.8817 0 -28.2517
3 191 14.4768 0 -26.3796 13.323 0 -26.7129 18 0 -26.45
3 191 16.6105 0 -25.6656 14.4768 0 -26.3796 18 0 -26.45
4 191 12.8268 0 -21.4483 12.6534 0 -21.8754 16.2467 0 -25.5238 18 0 -18.6
3 191 18 0 -18.6 16.2467 0 -25.5238 16.6105 0 -25.6656
3 191 18 0 -18.6 16.6105 0 -25.6656 18 0 -26.45
3 191 -7.1828 0 -28.1434 -16.3431 0 -30 -9.3165 0 -28.8574
3 191 -6.5664 0 -27.9372 -16.3431 0 -30 -7.1828 0 -28.1434
3 191 -5.1439 0 -27.4612 -16.3431 0 -30 -6.5664 0 -27.9372
3 191 -3.4858 0 -26.9064 -16.3431 0 -30 -5.1439 0 -27.4612
3 191 -2.2041 0 -26.4776 -16.3431 0 -30 -3.4858 0 -26.9064
3 191 -1.7299 0 -26.3189 -16.3431 0 -30 -2.2041 0 -26.4776
3 191 -.3075 0 -25.843 -16.3431 0 -30 -1.7299 0 -26.3189
3 191 2.253 0 -24.9862 -16.3431 0 -30 -.3075 0 -25.843
4 191 0 0 -24.575 9.7922 0 -22.4637 12.8268 0 -21.4483 18 0 -18.6
4 191 3.2013 0 -24.6689 0 0 -24.575 -16.3431 0 -30 2.253 0 -24.9862
4 191 5.5721 0 -23.8757 0 0 -24.575 3.2013 0 -24.6689 5.0508 0 -24.2083
4 191 6.5048 0 -23.6691 9.2549 0 -22.7489 0 0 -24.575 5.5721 0 -23.8757
3 191 9.7922 0 -22.4637 0 0 -24.575 9.2549 0 -22.7489
3 191 18 0 -29.25 15.7406 0 -30 18 0 -30
4 26 17.7037 -1.3047 37.2512 14.7407 -1.7358 38.2636 13.6296 -1.5781 37.8932 16.5926 -1.147 36.8809
4 26 15.4815 -.9893 36.5105 12.5185 -1.4204 37.5228 11.3333 -1.2522 37.1278 14.2963 -.8211 36.1154
4 26 13.1852 -.6634 35.7451 10.2222 -1.0945 36.7574 9.1111 -.9368 36.387 12.0741 -.5057 35.3747
4 26 6.8889 -.6214 35.6463 9.8519 -.1903 34.634 10.963 -.348 35.0043 8 -.7791 36.0167
4 15 18 -1.581 37.9 15.8519 -1.8935 38.634 14.7407 -1.7358 38.2636 17.7037 -1.3047 37.2512
3 15 18 -1.581 37.9 17.7037 -1.3047 37.2512 18 -1.3468 37.35
3 26 18 -1.3468 37.35 17.7037 -1.3047 37.2512 18 -1.219 37.05
3 26 17.7037 -1.3047 37.2512 16.5926 -1.147 36.8809 18 -1.219 37.05
3 26 18 -1.219 37.05 16.5926 -1.147 36.8809 15.4815 -.9893 36.5105
3 26 18 -1.219 37.05 15.4815 -.9893 36.5105 14.2963 -.8211 36.1154
3 26 18 -1.219 37.05 14.2963 -.8211 36.1154 13.1852 -.6634 35.7451
3 26 18 -1.219 37.05 13.1852 -.6634 35.7451 12.0741 -.5057 35.3747
3 26 18 -1.219 37.05 12.0741 -.5057 35.3747 10.963 -.348 35.0043
3 26 18 -1.219 37.05 10.963 -.348 35.0043 9.8519 -.1903 34.634
4 26 9.8519 -.1903 34.634 8.7407 -.0326 34.2636 9.411 0 34.187 18 -1.219 37.05
3 26 18 -2.3261 39.65 15.8519 -1.8935 38.634 18 -1.581 37.9
3 26 18 -2.3261 39.65 14.7407 -1.7358 38.2636 15.8519 -1.8935 38.634
3 26 18 -2.3261 39.65 13.6296 -1.5781 37.8932 14.7407 -1.7358 38.2636
3 26 18 -2.3261 39.65 12.5185 -1.4204 37.5228 13.6296 -1.5781 37.8932
3 26 18 -2.3261 39.65 11.3333 -1.2522 37.1278 12.5185 -1.4204 37.5228
3 26 18 -2.3261 39.65 10.2222 -1.0945 36.7574 11.3333 -1.2522 37.1278
3 26 18 -2.3261 39.65 9.1111 -.9368 36.387 10.2222 -1.0945 36.7574
3 16 18 -1.3468 37.35 18 -1.219 37.05 20 0 34.187
3 16 18 -1.581 37.9 18 -1.3468 37.35 20 0 34.187
4 16 20 -4.048 43.694 18 -2.3261 39.65 18 -1.581 37.9 20 0 34.187
4 15 4.5746 0 34.187 6.7698 0 34.187 4.6667 -.306 34.9056 3.5556 -.1483 34.5352
4 15 8.7407 -.0326 34.2636 9.8519 -.1903 34.634 6.8889 -.6214 35.6463 5.7778 -.4637 35.2759
4 15 12.0741 -.5057 35.3747 9.1111 -.9368 36.387 8 -.7791 36.0167 10.963 -.348 35.0043
4 15 13.1852 -.6634 35.7451 14.2963 -.8211 36.1154 11.3333 -1.2522 37.1278 10.2222 -1.0945 36.7574
4 15 15.4815 -.9893 36.5105 16.5926 -1.147 36.8809 13.6296 -1.5781 37.8932 12.5185 -1.4204 37.5228
4 26 -4.518 -4.048 43.694 -6.768 -4.048 43.694 -18 -2.4538 39.95 -18 -2.1345 39.2
3 16 -18 -.8571 36.2 -20 0 34.187 -18 0 34.187
3 16 -18 -1.1765 36.95 -20 0 34.187 -18 -.8571 36.2
3 16 -18 -1.4958 37.7 -20 0 34.187 -18 -1.1765 36.95
3 16 -18 -1.8151 38.45 -20 0 34.187 -18 -1.4958 37.7
3 16 -18 -2.1345 39.2 -20 0 34.187 -18 -1.8151 38.45
4 16 -20 -4.048 43.694 -20 0 34.187 -18 -2.1345 39.2 -18 -2.4538 39.95
3 26 -13.518 -4.048 43.694 -13.8006 -4.048 43.694 -13.9149 -3.9917 43.5617
4 26 -9.018 -4.048 43.694 -11.268 -4.048 43.694 -15.3188 -3.4731 42.3438 -15.8 -3.3267 42
3 16 -20 -4.048 43.694 -18 -2.4538 39.95 -18 -2.6242 40.35
3 16 -18 -4.048 43.694 -20 -4.048 43.694 -18 -2.6242 40.35
4 16 17.7551 -4.8746 45.6354 11.9393 -4.048 43.694 18 -2.3261 39.65 20 -4.048 43.694
4 16 -16.5411 0 34.187 1.611 0 34.187 18 -2.3261 39.65 11.9393 -4.048 43.694
3 26 3.5556 -.1483 34.5352 1.611 0 34.187 4.5746 0 34.187
3 26 4.6667 -.306 34.9056 1.611 0 34.187 3.5556 -.1483 34.5352
3 26 5.7778 -.4637 35.2759 1.611 0 34.187 4.6667 -.306 34.9056
3 26 6.8889 -.6214 35.6463 1.611 0 34.187 5.7778 -.4637 35.2759
3 26 8 -.7791 36.0167 1.611 0 34.187 6.8889 -.6214 35.6463
4 26 8 -.7791 36.0167 9.1111 -.9368 36.387 18 -2.3261 39.65 1.611 0 34.187
3 26 8.7407 -.0326 34.2636 6.7698 0 34.187 9.411 0 34.187
4 26 4.6667 -.306 34.9056 6.7698 0 34.187 8.7407 -.0326 34.2636 5.7778 -.4637 35.2759
3 16 18 -1.219 37.05 9.411 0 34.187 20 0 34.187
4 27 -13.9149 -3.9917 43.5617 -18 -4.048 43.694 -15.3188 -3.4731 42.3438 -14.4 -3.7525 43
4 27 -15.3188 -3.4731 42.3438 -18 -4.048 43.694 -16.9 -3.0074 41.25 -15.8 -3.3267 42
3 27 -18 -4.048 43.694 -18 -2.6242 40.35 -17.2781 -2.8756 40.9406
3 27 -18 -4.048 43.694 -17.2781 -2.8756 40.9406 -16.9 -3.0074 41.25
3 15 -18 -.8571 36.2 -18 0 34.187 -16.5411 0 34.187
4 15 -18 -.8571 36.2 -16.5411 0 34.187 11.9393 -4.048 43.694 4.482 -4.048 43.694
4 15 -18 -1.4958 37.7 -18 -1.1765 36.95 2.232 -4.048 43.694 -.018 -4.048 43.694
4 15 -18 -2.1345 39.2 -18 -1.8151 38.45 -2.268 -4.048 43.694 -4.518 -4.048 43.694
4 15 -18 -2.6242 40.35 -18 -2.4538 39.95 -9.018 -4.048 43.694 -17.2781 -2.8756 40.9406
3 15 -11.268 -4.048 43.694 -14.4 -3.7525 43 -15.3188 -3.4731 42.3438
4 15 -13.9149 -3.9917 43.5617 -14.4 -3.7525 43 -11.268 -4.048 43.694 -13.518 -4.048 43.694
4 26 -15.8 -3.3267 42 -16.9 -3.0074 41.25 -17.2781 -2.8756 40.9406 -9.018 -4.048 43.694
4 26 4.482 -4.048 43.694 2.232 -4.048 43.694 -18 -1.1765 36.95 -18 -.8571 36.2
4 26 -18 -1.8151 38.45 -18 -1.4958 37.7 -.018 -4.048 43.694 -2.268 -4.048 43.694
3 16 -18.902 -5.0868 46.1338 -18 -4.6041 45 -17.9239 -4.767 45.3827
3 16 -18.902 -5.0868 46.1338 -17.9239 -4.767 45.3827 -17.7071 -4.9051 45.7071
3 16 -18.902 -5.0868 46.1338 -17.7071 -4.9051 45.7071 -17.3827 -4.9974 45.9239
3 16 18.902 -5.0868 46.1338 17 -5.0298 46 17.3827 -4.9974 45.9239
3 16 18.902 -5.0868 46.1338 17.3827 -4.9974 45.9239 17.7071 -4.9051 45.7071
4 26 -2.268 -4.048 43.694 -.018 -4.048 43.694 6.9 -5.0298 46 4.65 -5.0298 46
4 26 -6.768 -4.048 43.694 -4.518 -4.048 43.694 2.4 -5.0298 46 .15 -5.0298 46
4 15 -.018 -4.048 43.694 2.232 -4.048 43.694 9.15 -5.0298 46 6.9 -5.0298 46
3 15 17.7071 -4.9051 45.7071 11.9393 -4.048 43.694 17.7551 -4.8746 45.6354
4 16 17.7071 -4.9051 45.7071 17.7551 -4.8746 45.6354 20 -4.048 43.694 18.902 -5.0868 46.1338
4 26 -6.6 -5.0298 46 -13.464 -4.214 44.0838 -13.8006 -4.048 43.694 -13.518 -4.048 43.694
3 15 -8.85 -5.0298 46 -12.6 -4.5828 44.95 -12.9 -4.455 44.65
4 15 -11.7146 -4.9426 45.7951 -12.6 -4.5828 44.95 -8.85 -5.0298 46 -11.1 -5.0298 46
4 16 -18.902 -5.0868 46.1338 -20 -4.048 43.694 -18 -4.048 43.694 -18 -4.6041 45
3 27 -17 -5.0298 46 -13.8006 -4.048 43.694 -13.464 -4.214 44.0838
3 27 -17 -5.0298 46 -13.464 -4.214 44.0838 -12.9 -4.455 44.65
3 27 -17 -5.0298 46 -12.9 -4.455 44.65 -12.6 -4.5828 44.95
3 27 -11.5 -5.0298 46 -17 -5.0298 46 -11.7146 -4.9426 45.7951
3 27 -17 -5.0298 46 -12.6 -4.5828 44.95 -11.7146 -4.9426 45.7951
4 26 -12.9 -4.455 44.65 -13.464 -4.214 44.0838 -6.6 -5.0298 46 -8.85 -5.0298 46
4 15 17 -5.0298 46 11.9393 -4.048 43.694 17.7071 -4.9051 45.7071 17.3827 -4.9974 45.9239
4 27 -13.9149 -3.9917 43.5617 -13.8006 -4.048 43.694 -18 -4.6041 45 -18 -4.048 43.694
4 27 -18 -4.6041 45 -13.8006 -4.048 43.694 -17.7071 -4.9051 45.7071 -17.9239 -4.767 45.3827
4 27 -17.7071 -4.9051 45.7071 -13.8006 -4.048 43.694 -17 -5.0298 46 -17.3827 -4.9974 45.9239
4 15 17 -5.0298 46 11.4 -5.0298 46 4.482 -4.048 43.694 11.9393 -4.048 43.694
4 15 4.65 -5.0298 46 2.4 -5.0298 46 -4.518 -4.048 43.694 -2.268 -4.048 43.694
4 15 -18 -2.4538 39.95 -6.768 -4.048 43.694 -2.1 -5.0298 46 -9.018 -4.048 43.694
3 15 .15 -5.0298 46 -2.1 -5.0298 46 -6.768 -4.048 43.694
4 15 -4.35 -5.0298 46 -6.6 -5.0298 46 -13.518 -4.048 43.694 -11.268 -4.048 43.694
4 26 -2.1 -5.0298 46 -4.35 -5.0298 46 -11.268 -4.048 43.694 -9.018 -4.048 43.694
4 26 11.4 -5.0298 46 9.15 -5.0298 46 2.232 -4.048 43.694 4.482 -4.048 43.694
3 16 -18.902 -5.0868 46.1338 -17.3827 -4.9974 45.9239 -17 -5.0298 46
3 16 0 -5.0868 46.1338 -6.6 -5.0298 46 -4.35 -5.0298 46
3 16 0 -5.0868 46.1338 -4.35 -5.0298 46 -2.1 -5.0298 46
3 16 0 -5.0868 46.1338 -2.1 -5.0298 46 .15 -5.0298 46
3 16 0 -5.0868 46.1338 .15 -5.0298 46 2.4 -5.0298 46
3 16 0 -5.0868 46.1338 2.4 -5.0298 46 4.65 -5.0298 46
3 16 0 -5.0868 46.1338 4.65 -5.0298 46 6.9 -5.0298 46
3 16 0 -5.0868 46.1338 6.9 -5.0298 46 9.15 -5.0298 46
4 16 18.902 -5.0868 46.1338 0 -5.0868 46.1338 9.15 -5.0298 46 11.4 -5.0298 46
3 16 18.902 -5.0868 46.1338 11.4 -5.0298 46 17 -5.0298 46
3 16 -11 -5.0868 46.1338 -11.5 -5.0298 46 -11.1 -5.0298 46
3 26 -11.1 -5.0298 46 -11.5 -5.0298 46 -11.7146 -4.9426 45.7951
3 16 -11 -5.0868 46.1338 -11.1 -5.0298 46 -8.85 -5.0298 46
4 16 0 -5.0868 46.1338 -11 -5.0868 46.1338 -8.85 -5.0298 46 -6.6 -5.0298 46
4 16 -11 -5.0868 46.1338 -18.902 -5.0868 46.1338 -17 -5.0298 46 -11.5 -5.0298 46
3 16 16.25 -5.5171 47.1443 0 -5.0868 46.1338 18.902 -5.0868 46.1338
3 16 -16.25 -5.5171 47.1443 -18.902 -5.0868 46.1338 -11 -5.0868 46.1338
4 16 16.25 -5.5171 47.1443 -16.25 -5.5171 47.1443 -11 -5.0868 46.1338 0 -5.0868 46.1338
