0 Tile  3 x  2 with Angled End with Nexo Power Shield Pattern - Banana Bombs
0 Name: 22385p015.dat
0 Author: Johann Eisner [technicbasics]
0 !LDRAW_ORG Part UPDATE 2019-01
0 !LICENSE Redistributable under CCAL version 2.0 : see CAreadme.txt

0 BFC CERTIFY CCW

0 !HISTORY 2019-06-28 [PTadmin] Official Update 2019-01

1 16 0 0 0 1 0 0 0 1 0 0 0 1 s\22385s01.dat
4 15 0 0 -19.6 -13.2 0 -5.8 -15.6 0 -7.1 0 0 -22.8
4 1 -9.6 0 -5.8 -12 0 -5.8 0 0 -19.6 0 0 -15.6
3 1 -12 0 -5.8 -13.2 0 -5.8 0 0 -19.6
3 15 -15.6 0 26.4 -13.2 0 24.2 -9.6 0 24.2
3 15 -15.6 0 26.4 -9.6 0 24.2 -7.2 0 24.2
4 15 -15.6 0 26.4 -7.2 0 24.2 -4.8 0 24.2 0 0 26.4
3 15 0 0 26.4 -4.8 0 24.2 -2.4 0 24.2
3 15 0 0 26.4 -2.4 0 24.2 0 0 24.2
4 1 0 0 23 0 0 24.2 -2.4 0 24.2 -2.4 0 23
4 1 -2.4 0 23 -2.4 0 24.2 -4.8 0 24.2 -4.8 0 23
4 1 -4.8 0 23 -4.8 0 24.2 -7.2 0 24.2 -7.2 0 23
4 1 -7.2 0 23 -7.2 0 24.2 -9.6 0 24.2 -9.6 0 23
4 1 -12 0 23 -9.6 0 23 -9.6 0 24.2 -13.2 0 24.2
4 1 -12 0 23 -13.2 0 24.2 -13.2 0 20.6 -12 0 20.6
3 15 -15.6 0 26.4 -13.2 0 20.6 -13.2 0 24.2
3 15 -15.6 0 26.4 -13.2 0 18.2 -13.2 0 20.6
3 15 -15.6 0 26.4 -13.2 0 15.8 -13.2 0 18.2
3 15 -15.6 0 26.4 -13.2 0 13.4 -13.2 0 15.8
4 15 -13.2 0 11 -13.2 0 13.4 -15.6 0 26.4 -15.6 0 -7.1
3 15 -13.2 0 11 -15.6 0 -7.1 -13.2 0 8.6
3 15 -13.2 0 8.6 -15.6 0 -7.1 -13.2 0 6.2
3 15 -13.2 0 6.2 -15.6 0 -7.1 -13.2 0 3.8
3 15 -13.2 0 3.8 -15.6 0 -7.1 -13.2 0 1.4
4 1 -12 0 1.4 -9.6 0 1.4 -9.6 0 3.8 -12 0 3.8
4 1 -13.2 0 1.4 -12 0 1.4 -12 0 3.8 -13.2 0 3.8
4 1 -13.2 0 6.2 -13.2 0 3.8 -12 0 3.8 -12 0 6.2
4 15 -12 0 6.2 -12 0 3.8 -9.6 0 3.8 -9.6 0 6.2
4 15 -12 0 6.2 -9.6 0 6.2 -9.6 0 8.6 -12 0 8.6
4 1 -13.2 0 6.2 -12 0 6.2 -12 0 8.6 -13.2 0 8.6
4 1 -13.2 0 11 -13.2 0 8.6 -12 0 8.6 -12 0 11
4 15 -12 0 11 -12 0 8.6 -9.6 0 8.6 -9.6 0 11
4 1 -12 0 11 -9.6 0 11 -9.6 0 13.4 -12 0 13.4
4 1 -13.2 0 11 -12 0 11 -12 0 13.4 -13.2 0 13.4
4 1 -13.2 0 15.8 -13.2 0 13.4 -12 0 13.4 -12 0 15.8
4 15 -12 0 15.8 -12 0 13.4 -9.6 0 13.4 -9.6 0 15.8
4 1 -13.2 0 18.2 -13.2 0 15.8 -12 0 15.8 -12 0 18.2
4 1 -12 0 18.2 -12 0 15.8 -9.6 0 15.8 -9.6 0 18.2
4 15 -12 0 18.2 -9.6 0 18.2 -9.6 0 20.6 -12 0 20.6
4 1 -13.2 0 18.2 -12 0 18.2 -12 0 20.6 -13.2 0 20.6
4 1 -9.6 0 23 -12 0 23 -12 0 20.6 -9.6 0 20.6
4 15 -7.2 0 23 -9.6 0 23 -9.6 0 20.6 -7.2 0 20.6
4 1 -4.8 0 23 -7.2 0 23 -7.2 0 20.6 -4.8 0 20.6
4 1 -2.4 0 23 -4.8 0 23 -4.8 0 20.6 -2.4 0 20.6
4 1 0 0 23 -2.4 0 23 -2.4 0 20.6 0 0 20.6
4 15 15.6 0 -7.1 13.2 0 -5.8 0 0 -19.6 0 0 -22.8
4 1 0 0 -19.6 12 0 -5.8 9.6 0 -5.8 0 0 -15.6
3 1 13.2 0 -5.8 12 0 -5.8 0 0 -19.6
3 15 15.6 0 26.4 9.6 0 24.2 13.2 0 24.2
3 15 15.6 0 26.4 7.2 0 24.2 9.6 0 24.2
4 15 4.8 0 24.2 7.2 0 24.2 15.6 0 26.4 0 0 26.4
3 15 0 0 26.4 2.4 0 24.2 4.8 0 24.2
3 15 0 0 26.4 0 0 24.2 2.4 0 24.2
4 1 2.4 0 24.2 0 0 24.2 0 0 23 2.4 0 23
4 1 4.8 0 24.2 2.4 0 24.2 2.4 0 23 4.8 0 23
4 1 7.2 0 24.2 4.8 0 24.2 4.8 0 23 7.2 0 23
4 1 9.6 0 24.2 7.2 0 24.2 7.2 0 23 9.6 0 23
4 1 9.6 0 24.2 9.6 0 23 12 0 23 13.2 0 24.2
4 1 13.2 0 20.6 13.2 0 24.2 12 0 23 12 0 20.6
3 15 15.6 0 26.4 13.2 0 24.2 13.2 0 20.6
3 15 15.6 0 26.4 13.2 0 20.6 13.2 0 18.2
3 15 15.6 0 26.4 13.2 0 18.2 13.2 0 15.8
3 15 15.6 0 26.4 13.2 0 15.8 13.2 0 13.4
4 15 15.6 0 26.4 13.2 0 13.4 13.2 0 11 15.6 0 -7.1
3 15 13.2 0 11 13.2 0 8.6 15.6 0 -7.1
3 15 13.2 0 8.6 13.2 0 6.2 15.6 0 -7.1
3 15 13.2 0 6.2 13.2 0 3.8 15.6 0 -7.1
3 15 13.2 0 3.8 13.2 0 1.4 15.6 0 -7.1
4 1 9.6 0 3.8 9.6 0 1.4 12 0 1.4 12 0 3.8
4 1 12 0 3.8 12 0 1.4 13.2 0 1.4 13.2 0 3.8
4 1 12 0 3.8 13.2 0 3.8 13.2 0 6.2 12 0 6.2
4 1 9.6 0 3.8 12 0 3.8 12 0 6.2 9.6 0 6.2
4 15 9.6 0 8.6 9.6 0 6.2 12 0 6.2 12 0 8.6
4 1 12 0 8.6 12 0 6.2 13.2 0 6.2 13.2 0 8.6
4 1 12 0 8.6 13.2 0 8.6 13.2 0 11 12 0 11
4 15 9.6 0 8.6 12 0 8.6 12 0 11 9.6 0 11
4 1 9.6 0 13.4 9.6 0 11 12 0 11 12 0 13.4
4 1 12 0 13.4 12 0 11 13.2 0 11 13.2 0 13.4
4 1 12 0 13.4 13.2 0 13.4 13.2 0 15.8 12 0 15.8
4 15 9.6 0 13.4 12 0 13.4 12 0 15.8 9.6 0 15.8
4 1 12 0 15.8 13.2 0 15.8 13.2 0 18.2 12 0 18.2
4 1 9.6 0 15.8 12 0 15.8 12 0 18.2 9.6 0 18.2
4 15 9.6 0 20.6 9.6 0 18.2 12 0 18.2 12 0 20.6
4 1 12 0 20.6 12 0 18.2 13.2 0 18.2 13.2 0 20.6
4 1 12 0 20.6 12 0 23 9.6 0 23 9.6 0 20.6
4 15 9.6 0 20.6 9.6 0 23 7.2 0 23 7.2 0 20.6
4 1 7.2 0 20.6 7.2 0 23 4.8 0 23 4.8 0 20.6
4 1 4.8 0 20.6 4.8 0 23 2.4 0 23 2.4 0 20.6
4 15 2.4 0 20.6 2.4 0 23 0 0 23 0 0 20.6
4 1 -12 0 1.4 -13.2 0 1.4 -13.2 0 -1 -12 0 -1
4 15 -9.6 0 1.4 -12 0 1.4 -12 0 -1 -9.6 0 -1
4 15 -9.6 0 -3.4 -9.6 0 -1 -12 0 -1 -12 0 -3.4
4 1 -12 0 -3.4 -12 0 -1 -13.2 0 -1 -13.2 0 -3.4
4 1 -12 0 -3.4 -13.2 0 -3.4 -13.2 0 -5.8 -12 0 -5.8
4 15 -9.6 0 -3.4 -12 0 -3.4 -12 0 -5.8 -9.6 0 -5.8
3 15 -13.2 0 -3.4 -15.6 0 -7.1 -13.2 0 -5.8
3 15 -13.2 0 -1 -15.6 0 -7.1 -13.2 0 -3.4
3 15 -13.2 0 1.4 -15.6 0 -7.1 -13.2 0 -1
4 1 13.2 0 -3.4 13.2 0 -1 12 0 -1 12 0 -3.4
4 15 12 0 -3.4 12 0 -1 9.6 0 -1 9.6 0 -3.4
4 15 12 0 1.4 9.6 0 1.4 9.6 0 -1 12 0 -1
4 1 13.2 0 1.4 12 0 1.4 12 0 -1 13.2 0 -1
3 15 13.2 0 1.4 13.2 0 -1 15.6 0 -7.1
3 15 13.2 0 -1 13.2 0 -3.4 15.6 0 -7.1
3 15 13.2 0 -3.4 13.2 0 -5.8 15.6 0 -7.1
4 1 13.2 0 -5.8 13.2 0 -3.4 12 0 -3.4 12 0 -5.8
4 15 12 0 -5.8 12 0 -3.4 9.6 0 -3.4 9.6 0 -5.8
4 16 -16 0 30 -15.6 0 26.4 0 0 26.4 16 0 30
3 16 16 0 30 0 0 26.4 15.6 0 26.4
4 16 16 0 30 15.6 0 26.4 15.6 0 -7.1 16 0 -8.34
4 16 -15.6 0 -7.1 -15.6 0 26.4 -16 0 30 -16 0 -8.34
4 16 0 0 -22.8 -15.6 0 -7.1 -16 0 -8.34 0 0 -24.353
4 16 0 0 -22.8 0 0 -24.353 16 0 -8.34 15.6 0 -7.1
4 15 -7.2 0 20.6 -9.6 0 20.6 -9.6 0 18.2 -6.27 0 19.62
4 15 9.6 0 18.2 9.6 0 20.6 7.2 0 20.6 6.97 0 15.02
4 366 -2.98 0 -3.85 -3.36 0 -4.34 -2.789 0 -4.314 -1.502 0 -3.85
4 366 -2.643 0 -3.476 -2.98 0 -3.85 -1.502 0 -3.85 -.28 0 -3.234
4 366 -1.49 0 -2.6 -2.643 0 -3.476 -.28 0 -3.234 .923 0 -2.56
4 366 -.484 0 -1.734 -1.49 0 -2.6 .923 0 -2.56 2.012 0 -1.698
4 366 .444 0 -.798 -.484 0 -1.734 2.012 0 -1.698 3.065 0 -.741
4 366 1.36 0 .154 .444 0 -.798 3.065 0 -.741 3.96 0 .334
4 366 2.221 0 1.143 1.36 0 .154 3.96 0 .334 4.706 0 1.467
4 366 3.051 0 2.131 2.221 0 1.143 4.706 0 1.467 5.303 0 2.789
4 366 3.809 0 3.151 3.051 0 2.131 5.303 0 2.789 5.796 0 4.086
4 366 4.635 0 4.169 3.809 0 3.151 5.796 0 4.086 6.12 0 5.17
4 366 5.467 0 5.182 4.635 0 4.169 6.12 0 5.17 6.32 0 5.88
4 366 6.18 0 6.07 5.467 0 5.182 6.32 0 5.88 6.34 0 6.15
4 14 -7.47 0 -5 -7.55 0 -5.27 -7.4 0 -5.42 -6.64 0 -5.44
4 14 -7.24 0 -4.68 -7.47 0 -5 -6.64 0 -5.44 -5.24 0 -5.35
4 14 -6.83 0 -4.28 -7.24 0 -4.68 -5.24 0 -5.35 -3.1 0 -5.06
4 14 -5.54 0 -3.28 -6.83 0 -4.28 -3.1 0 -5.06 -3.36 0 -4.34
4 14 -2.789 0 -4.314 -3.36 0 -4.34 -3.1 0 -5.06 -1.72 0 -4.75
4 14 -1.502 0 -3.85 -2.789 0 -4.314 -1.72 0 -4.75 -.46 0 -4.39
4 14 -.28 0 -3.234 -1.502 0 -3.85 -.46 0 -4.39 .72 0 -3.94
4 14 .923 0 -2.56 -.28 0 -3.234 .72 0 -3.94 2 0 -3.28
4 14 2.012 0 -1.698 .923 0 -2.56 2 0 -3.28 3.13 0 -2.5
4 14 3.065 0 -.741 2.012 0 -1.698 3.13 0 -2.5 4.25 0 -1.48
4 14 3.96 0 .334 3.065 0 -.741 4.25 0 -1.48 5.34 0 -.14
4 14 4.706 0 1.467 3.96 0 .334 5.34 0 -.14 6.04 0 1.11
4 14 5.303 0 2.789 4.706 0 1.467 6.04 0 1.11 6.56 0 2.43
4 14 5.796 0 4.086 5.303 0 2.789 6.56 0 2.43 6.89 0 3.77
4 14 6.12 0 5.17 5.796 0 4.086 6.89 0 3.77 7.12 0 4.93
4 14 6.32 0 5.88 6.12 0 5.17 7.12 0 4.93 7.14 0 6.05
4 14 6.34 0 6.15 6.32 0 5.88 7.14 0 6.05 7.1 0 6.86
4 14 4.91 0 8.12 6.34 0 6.15 7.1 0 6.86 7.06 0 7.6
4 14 5.49 0 8.89 4.91 0 8.12 7.06 0 7.6 6.96 0 8.02
4 14 5.71 0 9.49 5.49 0 8.89 6.96 0 8.02 7.29 0 8.86
4 14 5.88 0 10.19 5.71 0 9.49 7.29 0 8.86 7.6 0 9.7
4 14 6.13 0 10.82 5.88 0 10.19 7.6 0 9.7 7.77 0 10.46
4 14 6.33 0 11.17 6.13 0 10.82 7.77 0 10.46 7.77 0 10.68
4 14 6.55 0 11.36 6.33 0 11.17 7.77 0 10.68 7.72 0 10.89
4 14 6.85 0 11.39 6.55 0 11.36 7.72 0 10.89 7.61 0 11.07
4 14 7.14 0 11.34 6.85 0 11.39 7.61 0 11.07 7.43 0 11.23
4 14 6.18 0 6.07 6.34 0 6.15 4.91 0 8.12 4.12 0 7.15
4 14 5.467 0 5.182 6.18 0 6.07 4.12 0 7.15 3.28 0 5.99
4 14 4.635 0 4.169 5.467 0 5.182 3.28 0 5.99 2.18 0 4.6
4 14 3.809 0 3.151 4.635 0 4.169 2.18 0 4.6 1.14 0 3.27
4 14 3.051 0 2.131 3.809 0 3.151 1.14 0 3.27 .53 0 2.43
4 14 2.221 0 1.143 3.051 0 2.131 .53 0 2.43 -.24 0 1.57
4 14 1.36 0 .154 2.221 0 1.143 -.24 0 1.57 -1.11 0 .66
4 14 .444 0 -.798 1.36 0 .154 -1.11 0 .66 -1.9 0 -.14
4 14 -.484 0 -1.734 .444 0 -.798 -1.9 0 -.14 -3.14 0 -1.3
4 14 -1.49 0 -2.6 -.484 0 -1.734 -3.14 0 -1.3 -3.91 0 -1.92
4 14 -2.643 0 -3.476 -1.49 0 -2.6 -3.91 0 -1.92 -4.66 0 -2.6
4 14 -2.98 0 -3.85 -2.643 0 -3.476 -4.66 0 -2.6 -5.54 0 -3.28
3 14 -5.54 0 -3.28 -3.36 0 -4.34 -2.98 0 -3.85
4 1 4.25 0 8.79 3.92 0 18.94 .45 0 5.67 3.28 0 5.99
3 1 4.25 0 8.79 3.28 0 5.99 4.12 0 7.15
4 1 4.25 0 8.79 4.12 0 7.15 4.91 0 8.12 5.49 0 8.89
4 1 4.73 0 9.38 4.25 0 8.79 5.49 0 8.89 5.71 0 9.49
4 1 4.86 0 9.99 4.73 0 9.38 5.71 0 9.49 5.88 0 10.19
4 1 5.1 0 10.65 4.86 0 9.99 5.88 0 10.19 6.13 0 10.82
4 1 5.34 0 11.28 5.1 0 10.65 6.13 0 10.82 6.33 0 11.17
4 1 5.63 0 11.75 5.34 0 11.28 6.33 0 11.17 6.55 0 11.36
4 1 5.97 0 12.09 5.63 0 11.75 6.55 0 11.36 6.85 0 11.39
4 1 6.36 0 12.21 5.97 0 12.09 6.85 0 11.39 6.74 0 12.26
4 1 7.17 0 12.25 6.74 0 12.26 6.85 0 11.39 7.14 0 11.34
4 1 7.52 0 12.15 7.17 0 12.25 7.14 0 11.34 7.43 0 11.23
4 1 7.91 0 11.88 7.52 0 12.15 7.43 0 11.23 7.61 0 11.07
4 1 8.29 0 11.58 7.91 0 11.88 7.61 0 11.07 7.72 0 10.89
4 1 8.6 0 11.22 8.29 0 11.58 7.72 0 10.89 7.77 0 10.68
4 1 8.72 0 10.84 8.6 0 11.22 7.77 0 10.68 7.77 0 10.46
4 1 8.7 0 10.46 8.72 0 10.84 7.77 0 10.46 7.6 0 9.7
4 1 8.56 0 9.88 8.7 0 10.46 7.6 0 9.7 7.29 0 8.86
4 1 8.02 0 8.28 8.56 0 9.88 7.29 0 8.86 6.96 0 8.02
4 1 7.94 0 7.88 8.02 0 8.28 6.96 0 8.02 7.06 0 7.6
4 1 8 0 7.26 7.94 0 7.88 7.06 0 7.6 7.1 0 6.86
4 1 8.06 0 6.24 8 0 7.26 7.1 0 6.86 7.14 0 6.05
4 1 8.06 0 6.24 7.14 0 6.05 7.12 0 4.93 8.03 0 5.14
4 1 7.92 0 4.3 8.03 0 5.14 7.12 0 4.93 6.89 0 3.77
4 1 7.77 0 3.27 7.92 0 4.3 6.89 0 3.77 6.56 0 2.43
4 1 7.52 0 2.35 7.77 0 3.27 6.56 0 2.43 7.19 0 1.48
4 1 7.19 0 1.48 6.56 0 2.43 6.04 0 1.11 6.74 0 .46
4 1 6.74 0 .46 6.04 0 1.11 5.34 0 -.14 6.28 0 -.41
4 1 5.82 0 -1.09 6.28 0 -.41 5.34 0 -.14 4.25 0 -1.48
4 1 5.82 0 -1.09 4.25 0 -1.48 6.23 0 -2.72 6.7 0 -2.16
4 1 6.37 0 -.91 5.82 0 -1.09 6.7 0 -2.16 7.36 0 -1.48
4 1 7.09 0 -.73 6.37 0 -.91 7.36 0 -1.48 7.96 0 -.88
4 1 7.79 0 -.5 7.09 0 -.73 7.96 0 -.88 8.27 0 -.59
4 1 8.12 0 -.41 7.79 0 -.5 8.27 0 -.59 8.27 0 -.44
3 1 4.25 0 -1.48 3.13 0 -2.5 6.23 0 -2.72
3 1 3.13 0 -2.5 2 0 -3.28 6.23 0 -2.72
4 1 6.23 0 -2.72 2 0 -3.28 .72 0 -3.94 .03 0 -9.24
3 1 .72 0 -3.94 -.46 0 -4.39 .03 0 -9.24
4 1 .03 0 -9.24 -.46 0 -4.39 -1.72 0 -4.75 -3.27 0 -6.07
3 1 -1.72 0 -4.75 -3.1 0 -5.06 -3.27 0 -6.07
4 1 -3.27 0 -6.07 -3.1 0 -5.06 -5.24 0 -5.35 -4.38 0 -6.21
4 1 -5.48 0 -6.3 -4.38 0 -6.21 -5.24 0 -5.35 -6.64 0 -5.44
4 1 -6.7 0 -6.38 -5.48 0 -6.3 -6.64 0 -5.44 -7.4 0 -5.42
4 1 -7.49 0 -6.34 -6.7 0 -6.38 -7.4 0 -5.42 -7.75 0 -6.21
4 1 -7.75 0 -6.21 -7.4 0 -5.42 -7.55 0 -5.27 -8.05 0 -5.99
4 1 -8.25 0 -5.75 -8.05 0 -5.99 -7.55 0 -5.27 -8.36 0 -5.44
4 1 -8.38 0 -5.19 -8.36 0 -5.44 -7.55 0 -5.27 -7.47 0 -5
4 1 -8.35 0 -4.92 -8.38 0 -5.19 -7.47 0 -5 -8.21 0 -4.56
4 1 -8.21 0 -4.56 -7.47 0 -5 -7.24 0 -4.68 -7.98 0 -4.22
4 1 -7.98 0 -4.22 -7.24 0 -4.68 -6.83 0 -4.28 -7.48 0 -3.69
4 1 -7.48 0 -3.69 -6.83 0 -4.28 -5.54 0 -3.28 -6.54 0 -2.94
4 1 -6.54 0 -2.94 -5.54 0 -3.28 -4.66 0 -2.6 -5.01 0 -1.67
4 1 -4.42 0 -1.16 -5.01 0 -1.67 -4.66 0 -2.6 -3.91 0 -1.92
4 1 -4.42 0 -1.16 -3.91 0 -1.92 -3.14 0 -1.3 -1.9 0 -.14
4 1 -2.36 0 2.19 -4.42 0 -1.16 -1.9 0 -.14 -1.11 0 .66
4 1 -2.36 0 2.19 -1.11 0 .66 -.24 0 1.57 .53 0 2.43
4 1 -2.36 0 2.19 .53 0 2.43 1.14 0 3.27 .45 0 5.67
3 1 .45 0 5.67 1.14 0 3.27 2.18 0 4.6
3 1 3.28 0 5.99 .45 0 5.67 2.18 0 4.6
3 1 -8.18 0 5.8 -4.42 0 -1.16 -2.36 0 2.19
3 1 -6.27 0 19.62 -2.36 0 2.19 .45 0 5.67
3 1 -8.6 0 -.92 -6.54 0 -2.94 -5.01 0 -1.67
4 1 -6.63 0 8.95 -5.41 0 7.25 -5.36 0 8.86 -6.09 0 10.19
3 1 -6.09 0 10.19 -6.68 0 9.84 -6.63 0 8.95
4 1 5.52 0 14.17 5.98 0 13.73 6.97 0 15.02 5.64 0 14.87
3 1 6.31 0 16.22 5.64 0 14.87 6.97 0 15.02
4 15 -6.27 0 19.62 .45 0 5.67 3.92 0 18.94 0 0 20.6
3 15 2.4 0 20.6 0 0 20.6 3.92 0 18.94
3 15 4.8 0 20.6 2.4 0 20.6 3.92 0 18.94
4 15 4.8 0 20.6 3.92 0 18.94 6.31 0 16.22 7.2 0 20.6
3 15 7.2 0 20.6 6.31 0 16.22 6.97 0 15.02
4 15 9.6 0 15.8 9.6 0 18.2 6.97 0 15.02 7.17 0 12.25
4 15 9.6 0 15.8 7.17 0 12.25 7.52 0 12.15 9.6 0 13.4
3 15 9.6 0 13.4 7.52 0 12.15 7.91 0 11.88
3 15 9.6 0 13.4 7.91 0 11.88 8.29 0 11.58
4 15 9.6 0 13.4 8.29 0 11.58 8.6 0 11.22 9.6 0 11
3 15 8.6 0 11.22 8.72 0 10.84 9.6 0 11
3 15 9.6 0 11 8.72 0 10.84 8.7 0 10.46
4 15 9.6 0 11 8.7 0 10.46 8.56 0 9.88 9.6 0 8.6
4 15 9.6 0 8.6 8.56 0 9.88 8.02 0 8.28 7.94 0 7.88
4 15 9.6 0 8.6 7.94 0 7.88 8 0 7.26 9.6 0 6.2
3 15 8 0 7.26 8.06 0 6.24 9.6 0 6.2
3 15 8.06 0 6.24 8.03 0 5.14 9.6 0 6.2
4 15 9.6 0 6.2 8.03 0 5.14 7.92 0 4.3 9.6 0 3.8
3 15 7.92 0 4.3 7.77 0 3.27 9.6 0 3.8
4 15 9.6 0 3.8 7.77 0 3.27 7.52 0 2.35 9.6 0 1.4
4 15 9.6 0 1.4 7.52 0 2.35 7.19 0 1.48 8.12 0 -.41
3 15 9.6 0 1.4 8.12 0 -.41 8.27 0 -.44
4 15 9.6 0 -1 9.6 0 1.4 8.27 0 -.44 8.27 0 -.59
4 15 9.6 0 -1 8.27 0 -.59 7.96 0 -.88 7.36 0 -1.48
4 15 9.6 0 -3.4 9.6 0 -1 7.36 0 -1.48 6.7 0 -2.16
4 15 9.6 0 -3.4 6.7 0 -2.16 6.23 0 -2.72 9.6 0 -5.8
4 15 9.6 0 -5.8 6.23 0 -2.72 .03 0 -9.24 0 0 -15.6
4 15 0 0 -15.6 .03 0 -9.24 -3.27 0 -6.07 -4.38 0 -6.21
3 15 -4.38 0 -6.21 -5.48 0 -6.3 0 0 -15.6
3 15 -5.48 0 -6.3 -6.7 0 -6.38 0 0 -15.6
3 15 -7.49 0 -6.34 0 0 -15.6 -6.7 0 -6.38
4 15 0 0 -15.6 -7.49 0 -6.34 -7.75 0 -6.21 -9.6 0 -5.8
3 15 -9.6 0 -5.8 -7.75 0 -6.21 -8.05 0 -5.99
3 15 -8.25 0 -5.75 -9.6 0 -5.8 -8.05 0 -5.99
3 15 -8.36 0 -5.44 -9.6 0 -5.8 -8.25 0 -5.75
3 15 -8.38 0 -5.19 -9.6 0 -5.8 -8.36 0 -5.44
3 15 -8.35 0 -4.92 -9.6 0 -5.8 -8.38 0 -5.19
4 15 -9.6 0 -5.8 -8.35 0 -4.92 -8.21 0 -4.56 -9.6 0 -3.4
3 15 -9.6 0 -3.4 -8.21 0 -4.56 -7.98 0 -4.22
4 15 -9.6 0 -3.4 -7.98 0 -4.22 -7.48 0 -3.69 -8.6 0 -.92
3 15 -8.6 0 -.92 -7.48 0 -3.69 -6.54 0 -2.94
3 15 -8.6 0 -.92 -9.6 0 -1 -9.6 0 -3.4
4 15 -9.6 0 1.4 -9.6 0 -1 -8.6 0 -.92 -8.18 0 5.8
3 15 -8.18 0 5.8 -9.6 0 3.8 -9.6 0 1.4
3 15 -9.6 0 6.2 -9.6 0 3.8 -8.18 0 5.8
4 15 -9.6 0 6.2 -8.18 0 5.8 -5.41 0 7.25 -6.63 0 8.95
4 15 -9.6 0 8.6 -9.6 0 6.2 -6.63 0 8.95 -6.68 0 9.84
4 15 -9.6 0 11 -9.6 0 8.6 -6.68 0 9.84 -6.09 0 10.19
3 15 -9.6 0 13.4 -9.6 0 11 -6.09 0 10.19
4 15 -9.6 0 15.8 -9.6 0 13.4 -6.09 0 10.19 -6.27 0 19.62
3 15 -6.27 0 19.62 -9.6 0 18.2 -9.6 0 15.8
3 15 -4.8 0 20.6 -7.2 0 20.6 -6.27 0 19.62
3 15 -2.4 0 20.6 -4.8 0 20.6 -6.27 0 19.62
3 15 0 0 20.6 -2.4 0 20.6 -6.27 0 19.62
3 15 -5.41 0 7.25 -8.18 0 5.8 -2.36 0 2.19
3 15 -5.36 0 8.86 -5.41 0 7.25 -2.36 0 2.19
3 15 -6.27 0 19.62 -5.36 0 8.86 -2.36 0 2.19
3 15 -6.27 0 19.62 -6.09 0 10.19 -5.36 0 8.86
4 15 4.25 0 8.79 4.73 0 9.38 4.86 0 9.99 3.92 0 18.94
4 15 5.52 0 14.17 3.92 0 18.94 4.86 0 9.99 5.1 0 10.65
3 15 3.92 0 18.94 5.52 0 14.17 5.64 0 14.87
3 15 3.92 0 18.94 5.64 0 14.87 6.31 0 16.22
3 15 5.52 0 14.17 5.1 0 10.65 5.34 0 11.28
4 15 5.52 0 14.17 5.34 0 11.28 5.63 0 11.75 5.98 0 13.73
3 15 5.98 0 13.73 5.63 0 11.75 5.97 0 12.09
3 15 5.98 0 13.73 5.97 0 12.09 6.36 0 12.21
3 15 5.98 0 13.73 6.36 0 12.21 6.74 0 12.26
4 15 5.98 0 13.73 6.74 0 12.26 7.17 0 12.25 6.97 0 15.02
4 15 7.79 0 -.5 8.12 0 -.41 7.19 0 1.48 6.74 0 .46
4 15 7.09 0 -.73 7.79 0 -.5 6.74 0 .46 6.28 0 -.41
3 15 6.28 0 -.41 6.37 0 -.91 7.09 0 -.73
3 15 6.28 0 -.41 5.82 0 -1.09 6.37 0 -.91
4 15 -4.42 0 -1.16 -8.18 0 5.8 -8.6 0 -.92 -5.01 0 -1.67
