0 Tile  3 x  2 with Angled End with Nexo Power Shield Pattern - Mace Rain
0 Name: 22385p203.dat
0 Author: Johann Eisner [technicbasics]
0 !LDRAW_ORG Part UPDATE 2019-03
0 !LICENSE Redistributable under CCAL version 2.0 : see CAreadme.txt

0 BFC CERTIFY CCW

0 !HISTORY 2019-12-27 [PTadmin] Official Update 2019-03

1 16 0 0 0 1 0 0 0 1 0 0 0 1 s\22385s01.dat
4 14 0 0 -19.6 -13.2 0 -5.8 -15.6 0 -7.1 0 0 -22.8
4 0 -9.6 0 -5.8 -12 0 -5.8 0 0 -19.6 0 0 -15.6
3 0 -12 0 -5.8 -13.2 0 -5.8 0 0 -19.6
3 14 -15.6 0 26.4 -13.2 0 24.2 -9.6 0 24.2
3 14 -15.6 0 26.4 -9.6 0 24.2 -7.2 0 24.2
4 14 -15.6 0 26.4 -7.2 0 24.2 -4.8 0 24.2 0 0 26.4
3 14 0 0 26.4 -4.8 0 24.2 -2.4 0 24.2
3 14 0 0 26.4 -2.4 0 24.2 0 0 24.2
4 0 0 0 23 0 0 24.2 -2.4 0 24.2 -2.4 0 23
4 0 -2.4 0 23 -2.4 0 24.2 -4.8 0 24.2 -4.8 0 23
4 0 -4.8 0 23 -4.8 0 24.2 -7.2 0 24.2 -7.2 0 23
4 0 -7.2 0 23 -7.2 0 24.2 -9.6 0 24.2 -9.6 0 23
4 0 -12 0 23 -9.6 0 23 -9.6 0 24.2 -13.2 0 24.2
4 0 -12 0 23 -13.2 0 24.2 -13.2 0 20.6 -12 0 20.6
3 14 -15.6 0 26.4 -13.2 0 20.6 -13.2 0 24.2
3 14 -15.6 0 26.4 -13.2 0 18.2 -13.2 0 20.6
3 14 -15.6 0 26.4 -13.2 0 15.8 -13.2 0 18.2
3 14 -15.6 0 26.4 -13.2 0 13.4 -13.2 0 15.8
4 14 -13.2 0 11 -13.2 0 13.4 -15.6 0 26.4 -15.6 0 -7.1
3 14 -13.2 0 11 -15.6 0 -7.1 -13.2 0 8.6
3 14 -13.2 0 8.6 -15.6 0 -7.1 -13.2 0 6.2
3 14 -13.2 0 6.2 -15.6 0 -7.1 -13.2 0 3.8
3 14 -13.2 0 3.8 -15.6 0 -7.1 -13.2 0 1.4
4 0 -12 0 1.4 -9.6 0 1.4 -9.6 0 3.8 -12 0 3.8
4 0 -13.2 0 1.4 -12 0 1.4 -12 0 3.8 -13.2 0 3.8
4 0 -13.2 0 6.2 -13.2 0 3.8 -12 0 3.8 -12 0 6.2
4 14 -12 0 6.2 -12 0 3.8 -9.6 0 3.8 -9.6 0 6.2
4 14 -12 0 6.2 -9.6 0 6.2 -9.6 0 8.6 -12 0 8.6
4 0 -13.2 0 6.2 -12 0 6.2 -12 0 8.6 -13.2 0 8.6
4 0 -13.2 0 11 -13.2 0 8.6 -12 0 8.6 -12 0 11
4 14 -12 0 11 -12 0 8.6 -9.6 0 8.6 -9.6 0 11
4 0 -12 0 11 -9.6 0 11 -9.6 0 13.4 -12 0 13.4
4 0 -13.2 0 11 -12 0 11 -12 0 13.4 -13.2 0 13.4
4 0 -13.2 0 15.8 -13.2 0 13.4 -12 0 13.4 -12 0 15.8
4 14 -12 0 15.8 -12 0 13.4 -9.6 0 13.4 -9.6 0 15.8
4 0 -13.2 0 18.2 -13.2 0 15.8 -12 0 15.8 -12 0 18.2
4 0 -12 0 18.2 -12 0 15.8 -9.6 0 15.8 -9.6 0 18.2
4 14 -12 0 18.2 -9.6 0 18.2 -9.6 0 20.6 -12 0 20.6
4 0 -13.2 0 18.2 -12 0 18.2 -12 0 20.6 -13.2 0 20.6
4 0 -9.6 0 23 -12 0 23 -12 0 20.6 -9.6 0 20.6
4 14 -7.2 0 23 -9.6 0 23 -9.6 0 20.6 -7.2 0 20.6
4 14 -4.8 0 23 -7.2 0 23 -7.2 0 20.6 -4.8 0 20.6
4 14 -2.4 0 23 -4.8 0 23 -4.8 0 20.6 -2.4 0 20.6
4 0 0 0 23 -2.4 0 23 -2.4 0 20.6 0 0 20.6
4 14 15.6 0 -7.1 13.2 0 -5.8 0 0 -19.6 0 0 -22.8
4 0 0 0 -19.6 12 0 -5.8 9.6 0 -5.8 0 0 -15.6
3 0 13.2 0 -5.8 12 0 -5.8 0 0 -19.6
3 14 15.6 0 26.4 9.6 0 24.2 13.2 0 24.2
3 14 15.6 0 26.4 7.2 0 24.2 9.6 0 24.2
4 14 4.8 0 24.2 7.2 0 24.2 15.6 0 26.4 0 0 26.4
3 14 0 0 26.4 2.4 0 24.2 4.8 0 24.2
3 14 0 0 26.4 0 0 24.2 2.4 0 24.2
4 0 2.4 0 24.2 0 0 24.2 0 0 23 2.4 0 23
4 0 4.8 0 24.2 2.4 0 24.2 2.4 0 23 4.8 0 23
4 0 7.2 0 24.2 4.8 0 24.2 4.8 0 23 7.2 0 23
4 0 9.6 0 24.2 7.2 0 24.2 7.2 0 23 9.6 0 23
4 0 9.6 0 24.2 9.6 0 23 12 0 23 13.2 0 24.2
4 0 13.2 0 20.6 13.2 0 24.2 12 0 23 12 0 20.6
3 14 15.6 0 26.4 13.2 0 24.2 13.2 0 20.6
3 14 15.6 0 26.4 13.2 0 20.6 13.2 0 18.2
3 14 15.6 0 26.4 13.2 0 18.2 13.2 0 15.8
3 14 15.6 0 26.4 13.2 0 15.8 13.2 0 13.4
4 14 15.6 0 26.4 13.2 0 13.4 13.2 0 11 15.6 0 -7.1
3 14 13.2 0 11 13.2 0 8.6 15.6 0 -7.1
3 14 13.2 0 8.6 13.2 0 6.2 15.6 0 -7.1
3 14 13.2 0 6.2 13.2 0 3.8 15.6 0 -7.1
3 14 13.2 0 3.8 13.2 0 1.4 15.6 0 -7.1
4 14 9.6 0 3.8 9.6 0 1.4 12 0 1.4 12 0 3.8
4 0 12 0 3.8 12 0 1.4 13.2 0 1.4 13.2 0 3.8
4 0 12 0 3.8 13.2 0 3.8 13.2 0 6.2 12 0 6.2
4 14 9.6 0 3.8 12 0 3.8 12 0 6.2 9.6 0 6.2
4 0 9.6 0 8.6 9.6 0 6.2 12 0 6.2 12 0 8.6
4 0 12 0 8.6 12 0 6.2 13.2 0 6.2 13.2 0 8.6
4 0 12 0 8.6 13.2 0 8.6 13.2 0 11 12 0 11
4 14 9.6 0 8.6 12 0 8.6 12 0 11 9.6 0 11
4 14 9.6 0 13.4 9.6 0 11 12 0 11 12 0 13.4
4 0 12 0 13.4 12 0 11 13.2 0 11 13.2 0 13.4
4 0 12 0 13.4 13.2 0 13.4 13.2 0 15.8 12 0 15.8
4 14 9.6 0 13.4 12 0 13.4 12 0 15.8 9.6 0 15.8
4 0 12 0 15.8 13.2 0 15.8 13.2 0 18.2 12 0 18.2
4 0 9.6 0 15.8 12 0 15.8 12 0 18.2 9.6 0 18.2
4 0 9.6 0 20.6 9.6 0 18.2 12 0 18.2 12 0 20.6
4 0 12 0 20.6 12 0 18.2 13.2 0 18.2 13.2 0 20.6
4 14 12 0 20.6 12 0 23 9.6 0 23 9.6 0 20.6
4 14 9.6 0 20.6 9.6 0 23 7.2 0 23 7.2 0 20.6
4 0 7.2 0 20.6 7.2 0 23 4.8 0 23 4.8 0 20.6
4 14 4.8 0 20.6 4.8 0 23 2.4 0 23 2.4 0 20.6
4 14 2.4 0 20.6 2.4 0 23 0 0 23 0 0 20.6
4 0 -12 0 1.4 -13.2 0 1.4 -13.2 0 -1 -12 0 -1
4 14 -9.6 0 1.4 -12 0 1.4 -12 0 -1 -9.6 0 -1
4 14 -9.6 0 -3.4 -9.6 0 -1 -12 0 -1 -12 0 -3.4
4 0 -12 0 -3.4 -12 0 -1 -13.2 0 -1 -13.2 0 -3.4
4 0 -12 0 -3.4 -13.2 0 -3.4 -13.2 0 -5.8 -12 0 -5.8
4 14 -9.6 0 -3.4 -12 0 -3.4 -12 0 -5.8 -9.6 0 -5.8
3 14 -13.2 0 -3.4 -15.6 0 -7.1 -13.2 0 -5.8
3 14 -13.2 0 -1 -15.6 0 -7.1 -13.2 0 -3.4
3 14 -13.2 0 1.4 -15.6 0 -7.1 -13.2 0 -1
4 0 13.2 0 -3.4 13.2 0 -1 12 0 -1 12 0 -3.4
4 0 12 0 -3.4 12 0 -1 9.6 0 -1 9.6 0 -3.4
4 14 12 0 1.4 9.6 0 1.4 9.6 0 -1 12 0 -1
4 0 13.2 0 1.4 12 0 1.4 12 0 -1 13.2 0 -1
3 14 13.2 0 1.4 13.2 0 -1 15.6 0 -7.1
3 14 13.2 0 -1 13.2 0 -3.4 15.6 0 -7.1
3 14 13.2 0 -3.4 13.2 0 -5.8 15.6 0 -7.1
4 0 13.2 0 -5.8 13.2 0 -3.4 12 0 -3.4 12 0 -5.8
4 14 12 0 -5.8 12 0 -3.4 9.6 0 -3.4 9.6 0 -5.8
4 16 -16 0 30 -15.6 0 26.4 0 0 26.4 16 0 30
3 16 16 0 30 0 0 26.4 15.6 0 26.4
4 16 16 0 30 15.6 0 26.4 15.6 0 -7.1 16 0 -8.34
4 16 -15.6 0 -7.1 -15.6 0 26.4 -16 0 30 -16 0 -8.34
4 16 0 0 -22.8 -15.6 0 -7.1 -16 0 -8.34 0 0 -24.353
4 16 0 0 -22.8 0 0 -24.353 16 0 -8.34 15.6 0 -7.1
4 0 0.04 0 -6.16 1.61 0 -2.36 0.04 0 -2.05 -1.53 0 -2.36
4 0 -1.53 0 -2.36 0.04 0 -2.05 -0.46 0 -1.4 -1.48 0 -1.65
4 0 -1.48 0 -1.65 -0.46 0 -1.4 -0.85 0 -0.98 -1.33 0 -1.09
3 0 -1.16 0 -0.78 -1.33 0 -1.09 -0.85 0 -0.98
4 0 3.84 0 -4.59 2.85 0 -3.19 0.04 0 -6.16 4.15 0 -6.16
4 0 3.84 0 -7.73 4.15 0 -6.16 0.04 0 -6.16 2.95 0 -9.07
4 0 3.84 0 -4.59 4.15 0 -6.16 4.8 0 -5.66 4.55 0 -4.64
4 0 4.55 0 -4.64 4.8 0 -5.66 5.22 0 -5.27 5.11 0 -4.79
3 0 5.11 0 -4.79 5.22 0 -5.27 5.42 0 -4.96
4 0 1.61 0 -9.96 2.95 0 -9.07 0.04 0 -6.16 0.04 0 -10.27
4 0 3.84 0 -7.73 2.95 0 -9.07 3.76 0 -9.17 4.3 0 -8.27
4 0 4.3 0 -8.27 3.76 0 -9.17 4.33 0 -9.19 4.59 0 -8.78
3 0 4.59 0 -8.78 4.33 0 -9.19 4.69 0 -9.12
4 0 -1.53 0 -9.96 0.04 0 -10.27 0.04 0 -6.16 -2.87 0 -9.07
4 0 1.61 0 -9.96 0.04 0 -10.27 0.54 0 -10.92 1.56 0 -10.67
4 0 1.56 0 -10.67 0.54 0 -10.92 0.93 0 -11.34 1.41 0 -11.23
3 0 1.41 0 -11.23 0.93 0 -11.34 1.24 0 -11.54
4 0 -3.76 0 -7.73 -2.87 0 -9.07 0.04 0 -6.16 -4.07 0 -6.16
4 0 -1.53 0 -9.96 -2.87 0 -9.07 -2.97 0 -9.88 -2.07 0 -10.42
4 0 -2.07 0 -10.42 -2.97 0 -9.88 -2.99 0 -10.45 -2.58 0 -10.71
3 0 -2.99 0 -10.45 -2.92 0 -10.81 -2.58 0 -10.71
4 0 -3.76 0 -4.59 -4.07 0 -6.16 0.04 0 -6.16 -2.87 0 -3.25
4 0 -3.76 0 -7.73 -4.07 0 -6.16 -4.72 0 -6.66 -4.47 0 -7.68
4 0 -4.47 0 -7.68 -4.72 0 -6.66 -5.14 0 -7.05 -5.03 0 -7.53
3 0 -5.14 0 -7.05 -5.34 0 -7.36 -5.03 0 -7.53
3 0 -1.53 0 -2.36 -2.87 0 -3.25 0.04 0 -6.16
4 0 -3.76 0 -4.59 -2.87 0 -3.25 -3.68 0 -3.15 -4.22 0 -4.05
4 0 -4.22 0 -4.05 -3.68 0 -3.15 -4.25 0 -3.13 -4.51 0 -3.54
3 0 -4.25 0 -3.13 -4.61 0 -3.2 -4.51 0 -3.54
4 0 4.91 0 -0.3 4.27 0 0.14 4.34 0 -0.29 4.48 0 -0.38
4 0 4.52 0 0.51 4.27 0 0.14 4.91 0 -0.3 5.16 0 0.06
4 0 4.52 0 0.51 5.16 0 0.06 5.52 0 0.56 4.87 0 1.01
4 0 4.34 0 1.38 3.91 0 1.3 4.35 0 0.63 4.87 0 1.01
4 0 5.52 0 0.56 5.16 0 0.06 5.3 0 -0.03 6 0 0.23
4 0 6.08 0 -0.2 6 0 0.23 5.3 0 -0.03 3.94 0 -1.98
3 0 4.87 0 1.01 4.35 0 0.63 4.52 0 0.51
4 0 4.05 0 -1.51 3.98 0 -1.08 3.84 0 -1 3.41 0 -1.07
4 0 3.8 0 -1.88 4.05 0 -1.51 3.41 0 -1.07 3.16 0 -1.44
4 0 3.8 0 -1.88 3.16 0 -1.44 2.81 0 -1.94 3.43 0 -2.37
4 0 3.94 0 -2.73 4.38 0 -2.66 3.94 0 -1.98 3.43 0 -2.37
4 0 2.81 0 -1.94 3.16 0 -1.44 2.99 0 -1.32 2.29 0 -1.58
4 0 2.21 0 -1.15 2.29 0 -1.58 2.99 0 -1.32 4.35 0 0.63
3 0 3.8 0 -1.88 3.43 0 -2.37 3.94 0 -1.98
4 0 3.43 0 -2.37 2.81 0 -1.94 2.24 0 -2.77 2.85 0 -3.19
3 0 3.91 0 1.3 2.21 0 -1.15 4.35 0 0.63
3 0 6.08 0 -0.2 3.94 0 -1.98 4.38 0 -2.66
4 0 7.55 0 3.52 6.91 0 3.96 6.98 0 3.53 7.12 0 3.44
4 0 7.16 0 4.33 6.91 0 3.96 7.55 0 3.52 7.8 0 3.88
4 0 7.16 0 4.33 7.8 0 3.88 8.16 0 4.38 7.51 0 4.83
4 0 6.98 0 5.2 6.55 0 5.12 6.99 0 4.45 7.51 0 4.83
4 0 8.16 0 4.38 7.8 0 3.88 7.94 0 3.79 8.64 0 4.05
4 0 8.72 0 3.62 8.64 0 4.05 7.94 0 3.79 6.58 0 1.84
3 0 7.51 0 4.83 6.99 0 4.45 7.16 0 4.33
4 0 6.69 0 2.31 6.62 0 2.74 6.48 0 2.82 6.05 0 2.75
4 0 6.44 0 1.94 6.69 0 2.31 6.05 0 2.75 5.8 0 2.38
4 0 6.44 0 1.94 5.8 0 2.38 5.45 0 1.88 6.07 0 1.45
4 0 6.58 0 1.09 7.02 0 1.16 6.58 0 1.84 6.07 0 1.45
4 0 5.45 0 1.88 5.8 0 2.38 5.63 0 2.5 4.93 0 2.24
4 0 4.85 0 2.67 4.93 0 2.24 5.63 0 2.5 6.99 0 4.45
3 0 6.44 0 1.94 6.07 0 1.45 6.58 0 1.84
4 0 6.07 0 1.45 5.45 0 1.88 4.87 0 1.01 5.52 0 0.56
3 0 6.55 0 5.12 4.85 0 2.67 6.99 0 4.45
3 0 8.72 0 3.62 6.58 0 1.84 7.02 0 1.16
4 0 8.09 0 5.7 8.44 0 6.2 8.27 0 6.32 7.57 0 6.06
4 0 7.49 0 6.49 7.57 0 6.06 8.27 0 6.32 8.94 0 7.28
4 0 8.71 0 5.27 8.09 0 5.7 7.51 0 4.83 8.16 0 4.38
3 0 8.94 0 8.57 7.49 0 6.49 8.94 0 7.28
3 0 8.44 0 6.2 8.09 0 5.7 8.71 0 5.27
4 0 8.69 0 6.57 8.44 0 6.2 8.71 0 5.27 8.94 0 5.11
3 0 8.94 0 6.61 8.69 0 6.57 8.94 0 5.11
4 0 2.24 0 -2.77 1.61 0 -2.36 0.04 0 -6.16 2.85 0 -3.19
4 0 -4.54 0 10.07 -3.26 0 13.15 -4.54 0 13.4 -5.81 0 13.15
4 0 -5.81 0 13.15 -4.54 0 13.4 -4.94 0 13.92 -5.77 0 13.72
4 0 -5.77 0 13.72 -4.94 0 13.92 -5.26 0 14.26 -5.65 0 14.18
3 0 -5.51 0 14.43 -5.65 0 14.18 -5.26 0 14.26
4 0 -1.46 0 11.34 -2.26 0 12.48 -4.54 0 10.07 -1.21 0 10.07
4 0 -1.46 0 8.8 -1.21 0 10.07 -4.54 0 10.07 -2.18 0 7.72
4 0 -1.46 0 11.34 -1.21 0 10.07 -0.68 0 10.48 -0.88 0 11.3
4 0 -0.88 0 11.3 -0.68 0 10.48 -0.34 0 10.79 -0.43 0 11.18
3 0 -0.43 0 11.18 -0.34 0 10.79 -0.18 0 11.04
4 0 -3.26 0 6.99 -2.18 0 7.72 -4.54 0 10.07 -4.54 0 6.74
4 0 -1.46 0 8.8 -2.18 0 7.72 -1.52 0 7.63 -1.08 0 8.36
4 0 -1.08 0 8.36 -1.52 0 7.63 -1.06 0 7.61 -0.85 0 7.95
3 0 -0.85 0 7.95 -1.06 0 7.61 -0.77 0 7.68
4 0 -5.81 0 6.99 -4.54 0 6.74 -4.54 0 10.07 -6.89 0 7.72
4 0 -3.26 0 6.99 -4.54 0 6.74 -4.13 0 6.22 -3.3 0 6.42
4 0 -3.3 0 6.42 -4.13 0 6.22 -3.82 0 5.88 -3.43 0 5.97
3 0 -3.43 0 5.97 -3.82 0 5.88 -3.56 0 5.71
4 0 -7.61 0 8.8 -6.89 0 7.72 -4.54 0 10.07 -7.87 0 10.07
4 0 -5.81 0 6.99 -6.89 0 7.72 -6.97 0 7.06 -6.25 0 6.62
4 0 -6.25 0 6.62 -6.97 0 7.06 -6.99 0 6.6 -6.65 0 6.38
3 0 -6.99 0 6.6 -6.93 0 6.3 -6.65 0 6.38
4 0 -7.61 0 11.34 -7.87 0 10.07 -4.54 0 10.07 -6.89 0 12.42
4 0 -7.61 0 8.8 -7.87 0 10.07 -8.39 0 9.66 -8.189 0 8.84
4 0 -8.189 0 8.84 -8.39 0 9.66 -8.73 0 9.35 -8.64 0 8.96
3 0 -8.73 0 9.35 -8.89 0 9.1 -8.64 0 8.96
3 0 -5.81 0 13.15 -6.89 0 12.42 -4.54 0 10.07
4 0 -7.61 0 11.34 -6.89 0 12.42 -7.55 0 12.51 -7.99 0 11.78
4 0 -7.99 0 11.78 -7.55 0 12.51 -8.01 0 12.53 -8.22 0 12.19
3 0 -8.01 0 12.53 -8.3 0 12.46 -8.22 0 12.19
4 0 -0.6 0 14.81 -1.11 0 15.17 -1.05 0 14.82 -0.94 0 14.75
4 0 -0.91 0 15.47 -1.11 0 15.17 -0.6 0 14.81 -0.39 0 15.11
4 0 -0.91 0 15.47 -0.39 0 15.11 -0.1 0 15.51 -0.62 0 15.88
4 0 -1.05 0 16.18 -1.4 0 16.11 -1.05 0 15.56 -0.62 0 15.88
4 0 -0.1 0 15.51 -0.39 0 15.11 -0.28 0 15.03 0.29 0 15.24
4 0 0.36 0 14.9 0.29 0 15.24 -0.28 0 15.03 -1.38 0 13.46
3 0 -0.62 0 15.88 -1.05 0 15.56 -0.91 0 15.47
4 0 -1.29 0 13.83 -1.35 0 14.18 -1.46 0 14.25 -1.8 0 14.19
4 0 -1.49 0 13.54 -1.29 0 13.83 -1.8 0 14.19 -2.009 0 13.89
4 0 -1.49 0 13.54 -2.009 0 13.89 -2.29 0 13.48 -1.79 0 13.14
4 0 -1.37 0 12.85 -1.03 0 12.91 -1.38 0 13.46 -1.79 0 13.14
4 0 -2.29 0 13.48 -2.009 0 13.89 -2.14 0 13.99 -2.72 0 13.78
4 0 -2.78 0 14.12 -2.72 0 13.78 -2.14 0 13.99 -1.05 0 15.56
3 0 -1.49 0 13.54 -1.79 0 13.14 -1.38 0 13.46
4 0 -1.79 0 13.14 -2.29 0 13.48 -2.75 0 12.82 -2.26 0 12.48
3 0 -1.4 0 16.11 -2.78 0 14.12 -1.05 0 15.56
3 0 0.36 0 14.9 -1.38 0 13.46 -1.03 0 12.91
4 0 1.54 0 17.91 1.02 0 18.26 1.09 0 17.92 1.19 0 17.85
4 0 1.23 0 18.56 1.02 0 18.26 1.54 0 17.91 1.75 0 18.2
4 0 1.23 0 18.56 1.75 0 18.2 2.04 0 18.61 1.52 0 18.97
4 0 1.09 0 19.27 0.74 0 19.2 1.09 0 18.66 1.52 0 18.97
4 0 2.04 0 18.61 1.75 0 18.2 1.86 0 18.13 2.43 0 18.34
4 0 2.49 0 17.99 2.43 0 18.34 1.86 0 18.13 0.76 0 16.55
3 0 1.52 0 18.97 1.09 0 18.66 1.23 0 18.56
4 0 0.85 0 16.93 0.79 0 17.27 0.68 0 17.34 0.33 0 17.29
4 0 0.65 0 16.63 0.85 0 16.93 0.33 0 17.29 0.13 0 16.99
4 0 0.65 0 16.63 0.13 0 16.99 -0.15 0 16.58 0.35 0 16.23
4 0 0.76 0 15.94 1.12 0 16 0.76 0 16.55 0.35 0 16.23
4 0 -0.15 0 16.58 0.13 0 16.99 -0.01 0 17.08 -0.58 0 16.87
4 0 -0.64 0 17.22 -0.58 0 16.87 -0.01 0 17.08 1.09 0 18.66
3 0 0.65 0 16.63 0.35 0 16.23 0.76 0 16.55
4 0 0.35 0 16.23 -0.15 0 16.58 -0.62 0 15.88 -0.1 0 15.51
3 0 0.74 0 19.2 -0.64 0 17.22 1.09 0 18.66
3 0 2.49 0 17.99 0.76 0 16.55 1.12 0 16
4 0 2.49 0 19.32 1.77 0 19.32 1.52 0 18.97 2.04 0 18.61
4 0 -2.75 0 12.82 -3.26 0 13.15 -4.54 0 10.07 -2.26 0 12.48
4 0 5.22 0 12.7 6.34 0 15.4 5.22 0 15.62 4.1 0 15.4
4 0 4.1 0 15.4 5.22 0 15.62 4.86 0 16.079 4.14 0 15.9
4 0 4.14 0 15.9 4.86 0 16.079 4.59 0 16.379 4.24 0 16.3
3 0 4.37 0 16.52 4.24 0 16.3 4.59 0 16.379
4 0 7.92 0 13.82 7.22 0 14.81 5.22 0 12.7 8.14 0 12.7
4 0 7.92 0 11.58 8.14 0 12.7 5.22 0 12.7 7.28 0 10.63
4 0 7.92 0 13.82 8.14 0 12.7 8.6 0 13.05 8.42 0 13.78
4 0 8.42 0 13.78 8.6 0 13.05 8.9 0 13.33 8.82 0 13.67
3 0 8.82 0 13.67 8.9 0 13.33 9.04 0 13.55
4 0 6.34 0 10 7.28 0 10.63 5.22 0 12.7 5.22 0 9.78
4 0 7.92 0 11.58 7.28 0 10.63 7.86 0 10.56 8.25 0 11.2
4 0 8.25 0 11.2 7.86 0 10.56 8.27 0 10.54 8.45 0 10.84
3 0 8.45 0 10.84 8.27 0 10.54 8.52 0 10.6
4 0 4.1 0 10 5.22 0 9.78 5.22 0 12.7 3.15 0 10.63
4 0 6.34 0 10 5.22 0 9.78 5.57 0 9.32 6.3 0 9.49
4 0 6.3 0 9.49 5.57 0 9.32 5.85 0 9.02 6.19 0 9.1
3 0 6.19 0 9.1 5.85 0 9.02 6.07 0 8.88
4 0 2.52 0 11.58 3.15 0 10.63 5.22 0 12.7 2.3 0 12.7
4 0 4.1 0 10 3.15 0 10.63 3.08 0 10.06 3.72 0 9.67
4 0 3.72 0 9.67 3.08 0 10.06 3.06 0 9.65 3.36 0 9.46
3 0 3.06 0 9.65 3.12 0 9.39 3.36 0 9.46
4 0 2.52 0 13.82 2.3 0 12.7 5.22 0 12.7 3.15 0 14.76
4 0 2.52 0 11.58 2.3 0 12.7 1.84 0 12.34 2.009 0 11.62
4 0 2.009 0 11.62 1.84 0 12.34 1.54 0 12.07 1.62 0 11.73
3 0 1.54 0 12.07 1.4 0 11.85 1.62 0 11.73
3 0 4.1 0 15.4 3.15 0 14.76 5.22 0 12.7
4 0 2.52 0 13.82 3.15 0 14.76 2.58 0 14.84 2.19 0 14.2
4 0 2.19 0 14.2 2.58 0 14.84 2.17 0 14.85 1.98 0 14.56
3 0 2.17 0 14.85 1.91 0 14.8 1.98 0 14.56
4 0 8.67 0 16.86 8.22 0 17.17 8.27 0 16.87 8.37 0 16.81
4 0 8.4 0 17.43 8.22 0 17.17 8.67 0 16.86 8.94 0 17.27
4 0 8.28 0 18.05 7.97 0 18 8.28 0 17.52 8.65 0 17.79
4 0 8.65 0 17.79 8.28 0 17.52 8.4 0 17.43 8.94 0 17.27
4 0 8.07 0 16 8.01 0 16.309 7.92 0 16.37 7.61 0 16.309
4 0 7.89 0 15.74 8.07 0 16 7.61 0 16.309 7.44 0 16.05
4 0 7.89 0 15.74 7.44 0 16.05 7.19 0 15.69 7.63 0 15.39
4 0 7.99 0 15.13 8.3 0 15.19 7.99 0 15.67 7.63 0 15.39
4 0 7.19 0 15.69 7.44 0 16.05 7.32 0 16.14 6.81 0 15.95
4 0 6.76 0 16.26 6.81 0 15.95 7.32 0 16.14 8.28 0 17.52
3 0 7.89 0 15.74 7.63 0 15.39 7.99 0 15.67
4 0 7.63 0 15.39 7.19 0 15.69 6.78 0 15.11 7.22 0 14.81
3 0 7.97 0 18 6.76 0 16.26 8.28 0 17.52
4 0 6.78 0 15.11 6.34 0 15.4 5.22 0 12.7 7.22 0 14.81
4 0 8.94 0 16.149 8.94 0 17.05 7.99 0 15.67 8.3 0 15.19
3 0 8.94 0 18.27 8.65 0 17.79 8.94 0 17.27
4 15 2.326 0 6.171 3.22 0 7.789 2.029 0 6.376 1.218 0 4.461
4 15 1.218 0 4.461 2.029 0 6.376 0.83 0 4.728 -0.127 0 2.469
4 15 -0.127 0 2.469 0.83 0 4.728 -0.548 0 2.758 -1.505 0 0.499
4 15 -1.505 0 0.499 -0.548 0 2.758 -1.893 0 0.766 -2.704 0 -1.148
4 15 -2.704 0 -1.148 -1.893 0 0.766 -3.001 0 -0.944 -3.895 0 -2.562
4 15 1.502 0 0.035 2.387 0 1.301 2.118 0 1.486 1.253 0 0.206
4 15 2.387 0 1.301 3.252 0 2.581 3.003 0 2.752 2.118 0 1.486
3 15 3.869 0 3.745 3.003 0 2.752 3.252 0 2.581
3 15 1.253 0 0.206 0.636 0 -0.958 1.502 0 0.035
4 15 7.802 0 -0.469 8.419 0 0.695 7.553 0 -0.298 6.937 0 -1.749
4 15 6.937 0 -1.749 7.553 0 -0.298 6.668 0 -1.564 6.052 0 -3.015
4 15 6.052 0 -3.015 6.668 0 -1.564 5.803 0 -2.844 5.186 0 -4.008
4 15 7.822 0 -4.909 8.439 0 -3.745 7.573 0 -4.738 6.957 0 -6.189
4 15 6.957 0 -6.189 7.573 0 -4.738 6.688 0 -6.004 6.072 0 -7.455
4 15 6.072 0 -7.455 6.688 0 -6.004 5.823 0 -7.284 5.206 0 -8.448
4 15 -5.118 0 16.951 -4.501 0 18.115 -5.367 0 17.122 -5.983 0 15.671
4 15 -5.983 0 15.671 -5.367 0 17.122 -6.252 0 15.856 -6.868 0 14.405
4 15 -6.868 0 14.405 -6.252 0 15.856 -7.117 0 14.576 -7.734 0 13.412
4 15 -1.539 0 18.408 -0.829 0 19.747 -1.825 0 18.605 -2.532 0 16.937
4 15 -2.532 0 16.937 -1.825 0 18.605 -2.843 0 17.15 -3.55 0 15.482
4 15 -3.55 0 15.482 -2.843 0 17.15 -3.836 0 15.679 -4.546 0 14.34
3 14 0.33 0 17.29 -0.01 0 17.08 0.13 0 16.99
4 14 -0.01 0 17.08 0.33 0 17.29 1.02 0 18.26 1.09 0 18.66
3 14 1.09 0 18.66 1.02 0 18.26 1.23 0 18.56
4 14 1.09 0 17.92 1.02 0 18.26 0.33 0 17.29 0.68 0 17.34
4 14 1.19 0 17.85 1.09 0 17.92 0.68 0 17.34 0.79 0 17.27
4 14 1.54 0 17.91 1.19 0 17.85 0.79 0 17.27 0.85 0 16.93
4 14 0.76 0 16.55 1.54 0 17.91 0.85 0 16.93 0.65 0 16.63
4 14 1.54 0 17.91 0.76 0 16.55 1.86 0 18.13 1.75 0 18.2
3 14 -1.8 0 14.19 -2.14 0 13.99 -2.009 0 13.89
4 14 -2.14 0 13.99 -1.8 0 14.19 -1.11 0 15.17 -1.05 0 15.56
3 14 -1.05 0 15.56 -1.11 0 15.17 -0.91 0 15.47
4 14 -1.05 0 14.82 -1.11 0 15.17 -1.8 0 14.19 -1.46 0 14.25
4 14 -0.94 0 14.75 -1.05 0 14.82 -1.46 0 14.25 -1.35 0 14.18
4 14 -0.6 0 14.81 -0.94 0 14.75 -1.35 0 14.18 -1.29 0 13.83
4 14 -1.38 0 13.46 -0.6 0 14.81 -1.29 0 13.83 -1.49 0 13.54
4 14 -0.6 0 14.81 -1.38 0 13.46 -0.28 0 15.03 -0.39 0 15.11
4 14 8.22 0 17.17 8.4 0 17.43 8.28 0 17.52 7.61 0 16.309
4 14 7.61 0 16.309 8.28 0 17.52 7.32 0 16.14 7.44 0 16.05
4 14 8.27 0 16.87 8.22 0 17.17 7.61 0 16.309 7.92 0 16.37
4 14 8.37 0 16.81 8.27 0 16.87 7.92 0 16.37 8.01 0 16.309
4 14 8.67 0 16.86 8.37 0 16.81 8.01 0 16.309 8.07 0 16
4 14 7.99 0 15.67 8.67 0 16.86 8.07 0 16 7.89 0 15.74
4 14 8.67 0 16.86 7.99 0 15.67 8.94 0 17.05 8.94 0 17.27
3 14 8.94 0 7.28 8.69 0 6.57 8.94 0 6.61
4 14 8.69 0 6.57 8.94 0 7.28 8.27 0 6.32 8.44 0 6.2
4 14 8.71 0 5.27 8.16 0 4.38 8.64 0 4.05 8.94 0 5.11
4 14 8.94 0 5.11 8.64 0 4.05 8.72 0 3.62 9.6 0 3.8
4 14 6.69 0 2.31 6.44 0 1.94 6.58 0 1.84 7.55 0 3.52
4 14 7.55 0 3.52 6.58 0 1.84 7.94 0 3.79 7.8 0 3.88
4 14 6.69 0 2.31 7.55 0 3.52 7.12 0 3.44 6.62 0 2.74
4 14 6.62 0 2.74 7.12 0 3.44 6.98 0 3.53 6.48 0 2.82
4 14 6.48 0 2.82 6.98 0 3.53 6.91 0 3.96 6.05 0 2.75
4 14 6.99 0 4.45 6.05 0 2.75 6.91 0 3.96 7.16 0 4.33
4 14 6.05 0 2.75 6.99 0 4.45 5.63 0 2.5 5.8 0 2.38
4 14 4.05 0 -1.51 3.8 0 -1.88 3.94 0 -1.98 4.91 0 -0.3
4 14 4.91 0 -0.3 3.94 0 -1.98 5.3 0 -0.03 5.16 0 0.06
4 14 4.05 0 -1.51 4.91 0 -0.3 4.48 0 -0.38 3.98 0 -1.08
4 14 3.98 0 -1.08 4.48 0 -0.38 4.34 0 -0.29 3.84 0 -1
4 14 3.84 0 -1 4.34 0 -0.29 4.27 0 0.14 3.41 0 -1.07
4 14 4.35 0 0.63 3.41 0 -1.07 4.27 0 0.14 4.52 0 0.51
4 14 3.41 0 -1.07 4.35 0 0.63 2.99 0 -1.32 3.16 0 -1.44
4 14 0 0 20.6 -0.829 0 19.747 0.74 0 19.2 1.09 0 19.27
4 14 1.77 0 19.32 0 0 20.6 1.09 0 19.27 1.52 0 18.97
4 14 2.4 0 20.6 0 0 20.6 1.77 0 19.32 2.49 0 19.32
4 14 4.8 0 20.6 2.4 0 20.6 2.49 0 19.32 6.256 0 18.257
4 14 8.94 0 18.27 9.6 0 20.6 8.28 0 18.05 8.65 0 17.79
4 14 9.6 0 18.2 9.6 0 20.6 8.94 0 18.27 8.94 0 17.27
4 14 9.6 0 18.2 8.94 0 17.27 8.94 0 17.05 9.6 0 15.8
3 14 8.94 0 17.05 8.94 0 16.149 9.6 0 15.8
4 14 9.6 0 15.8 8.94 0 16.149 8.3 0 15.19 8.82 0 13.67
4 14 9.6 0 15.8 8.82 0 13.67 9.04 0 13.55 9.6 0 13.4
3 14 9.04 0 13.55 8.9 0 13.33 9.6 0 13.4
4 14 9.6 0 13.4 8.9 0 13.33 8.6 0 13.05 8.25 0 11.2
4 14 9.6 0 11 9.6 0 13.4 8.25 0 11.2 8.45 0 10.84
4 14 9.6 0 11 8.52 0 10.6 8.94 0 8.57 9.6 0 8.6
4 14 9.6 0 8.6 8.94 0 8.57 8.94 0 7.28 9.6 0 6.2
3 14 8.94 0 7.28 8.94 0 6.61 9.6 0 6.2
4 14 9.6 0 6.2 8.94 0 6.61 8.94 0 5.11 9.6 0 3.8
4 14 9.6 0 1.4 9.6 0 3.8 8.72 0 3.62 8.419 0 0.695
4 14 8.419 0 0.695 8.72 0 3.62 7.02 0 1.16 7.553 0 -0.298
4 14 6.08 0 -0.2 7.553 0 -0.298 7.02 0 1.16 6.58 0 1.09
4 14 6 0 0.23 6.08 0 -0.2 6.58 0 1.09 6.07 0 1.45
3 14 6.07 0 1.45 5.52 0 0.56 6 0 0.23
4 14 9.6 0 -1 9.6 0 1.4 8.419 0 0.695 7.802 0 -0.469
4 14 9.6 0 -1 7.802 0 -0.469 6.937 0 -1.749 9.6 0 -3.4
4 14 8.439 0 -3.745 9.6 0 -3.4 6.937 0 -1.749 6.052 0 -3.015
4 14 9.6 0 -5.8 9.6 0 -3.4 8.439 0 -3.745 7.822 0 -4.909
3 14 7.822 0 -4.909 6.957 0 -6.189 9.6 0 -5.8
3 14 9.6 0 -5.8 6.957 0 -6.189 6.072 0 -7.455
4 14 9.6 0 -5.8 6.072 0 -7.455 5.206 0 -8.448 4.69 0 -9.12
4 14 0 0 -15.6 9.6 0 -5.8 4.69 0 -9.12 1.24 0 -11.54
4 14 -2.92 0 -10.81 0 0 -15.6 1.24 0 -11.54 -2.58 0 -10.71
4 14 -9.6 0 -5.8 0 0 -15.6 -2.92 0 -10.81 -5.34 0 -7.36
4 14 -9.6 0 -3.4 -9.6 0 -5.8 -5.34 0 -7.36 -4.61 0 -3.2
4 14 -9.6 0 -1 -9.6 0 -3.4 -4.61 0 -3.2 -3.895 0 -2.562
4 14 -9.6 0 1.4 -9.6 0 -1 -3.895 0 -2.562 -3.001 0 -0.944
4 14 -9.6 0 1.4 -3.001 0 -0.944 -1.893 0 0.766 -9.6 0 3.8
4 14 -6.93 0 6.3 -9.6 0 3.8 -1.893 0 0.766 -3.56 0 5.71
3 14 -3.56 0 5.71 -1.893 0 0.766 -0.548 0 2.758
4 14 -3.56 0 5.71 -0.548 0 2.758 0.83 0 4.728 -0.77 0 7.68
4 14 -0.77 0 7.68 0.83 0 4.728 2.029 0 6.376 -0.249 0 8.73
4 14 -0.249 0 8.73 2.029 0 6.376 3.22 0 7.789 0.28 0 9.305
4 14 3.22 0 7.789 3.12 0 9.39 0.769 0 9.92 0.28 0 9.305
4 14 1.62 0 11.73 1.514 0 11.297 3.12 0 9.39 3.06 0 9.65
4 14 2.009 0 11.62 1.62 0 11.73 3.06 0 9.65 3.08 0 10.06
4 14 2.52 0 11.58 2.009 0 11.62 3.08 0 10.06 3.15 0 10.63
4 14 3.12 0 9.39 3.22 0 7.789 6.07 0 8.88 5.85 0 9.02
4 14 3.36 0 9.46 3.12 0 9.39 5.85 0 9.02 5.57 0 9.32
4 14 3.72 0 9.67 3.36 0 9.46 5.57 0 9.32 5.22 0 9.78
3 14 4.1 0 10 3.72 0 9.67 5.22 0 9.78
4 14 -4.51 0 -3.54 -4.61 0 -3.2 -5.34 0 -7.36 -5.14 0 -7.05
4 14 -4.22 0 -4.05 -4.51 0 -3.54 -5.14 0 -7.05 -4.72 0 -6.66
4 14 -3.76 0 -4.59 -4.22 0 -4.05 -4.72 0 -6.66 -4.07 0 -6.16
4 14 -3.895 0 -2.562 -4.61 0 -3.2 -4.25 0 -3.13 -1.33 0 -1.09
4 14 -1.48 0 -1.65 -1.33 0 -1.09 -4.25 0 -3.13 -3.68 0 -3.15
4 14 -1.53 0 -2.36 -1.48 0 -1.65 -3.68 0 -3.15 -2.87 0 -3.25
4 14 -2.704 0 -1.148 -3.895 0 -2.562 -1.33 0 -1.09 -1.16 0 -0.78
3 14 -1.505 0 0.499 -2.704 0 -1.148 -1.16 0 -0.78
4 14 0.636 0 -0.958 -1.505 0 0.499 -1.16 0 -0.78 -0.85 0 -0.98
4 14 2.29 0 -1.58 0.636 0 -0.958 -0.85 0 -0.98 -0.46 0 -1.4
4 14 1.61 0 -2.36 2.29 0 -1.58 -0.46 0 -1.4 0.04 0 -2.05
4 14 2.81 0 -1.94 2.29 0 -1.58 1.61 0 -2.36 2.24 0 -2.77
4 14 0.636 0 -0.958 2.29 0 -1.58 2.21 0 -1.15 1.502 0 0.035
4 14 1.502 0 0.035 2.21 0 -1.15 3.91 0 1.3 2.387 0 1.301
4 14 3.252 0 2.581 2.387 0 1.301 3.91 0 1.3 4.34 0 1.38
4 14 3.252 0 2.581 4.34 0 1.38 4.93 0 2.24 4.85 0 2.67
4 14 3.869 0 3.745 3.252 0 2.581 4.85 0 2.67 6.55 0 5.12
4 14 2.326 0 6.171 3.869 0 3.745 6.55 0 5.12 3.22 0 7.789
4 14 3.22 0 7.789 6.55 0 5.12 7.49 0 6.49 6.07 0 8.88
4 14 6.07 0 8.88 7.49 0 6.49 8.94 0 8.57 8.52 0 10.6
4 14 6.19 0 9.1 6.07 0 8.88 8.52 0 10.6 8.27 0 10.54
4 14 6.3 0 9.49 6.19 0 9.1 8.27 0 10.54 7.86 0 10.56
4 14 6.34 0 10 6.3 0 9.49 7.86 0 10.56 7.28 0 10.63
3 14 9.6 0 11 8.45 0 10.84 8.52 0 10.6
4 14 7.92 0 11.58 8.25 0 11.2 8.6 0 13.05 8.14 0 12.7
4 14 8.82 0 13.67 8.3 0 15.19 7.99 0 15.13 8.42 0 13.78
4 14 8.42 0 13.78 7.99 0 15.13 7.22 0 14.81 7.92 0 13.82
3 14 7.63 0 15.39 7.22 0 14.81 7.99 0 15.13
4 14 6.34 0 15.4 6.78 0 15.11 7.19 0 15.69 6.81 0 15.95
4 14 5.22 0 15.62 6.34 0 15.4 6.81 0 15.95 4.86 0 16.079
4 14 4.86 0 16.079 6.81 0 15.95 6.76 0 16.26 4.59 0 16.379
4 14 2.49 0 19.32 2.04 0 18.61 2.43 0 18.34 5.864 0 17.589
4 14 1.91 0 14.8 4.37 0 16.52 2.49 0 17.99 1.12 0 16
4 14 0.36 0 14.9 1.91 0 14.8 1.12 0 16 0.76 0 15.94
4 14 0.29 0 15.24 0.36 0 14.9 0.76 0 15.94 0.35 0 16.23
3 14 0.35 0 16.23 -0.1 0 15.51 0.29 0 15.24
4 14 4.37 0 16.52 1.91 0 14.8 2.17 0 14.85 4.24 0 16.3
4 14 4.24 0 16.3 2.17 0 14.85 2.58 0 14.84 4.14 0 15.9
4 14 4.14 0 15.9 2.58 0 14.84 3.15 0 14.76 4.1 0 15.4
4 14 2.3 0 12.7 2.52 0 13.82 2.19 0 14.2 1.84 0 12.34
4 14 1.84 0 12.34 2.19 0 14.2 1.98 0 14.56 1.54 0 12.07
4 14 1.54 0 12.07 1.98 0 14.56 1.91 0 14.8 1.4 0 11.85
4 14 1.4 0 11.85 1.91 0 14.8 0.36 0 14.9 -1.03 0 12.91
4 14 1.4 0 11.85 -1.03 0 12.91 -0.18 0 11.04 1.514 0 11.297
3 14 1.4 0 11.85 1.514 0 11.297 1.62 0 11.73
4 14 -0.77 0 7.68 -0.249 0 8.73 -0.18 0 11.04 -0.34 0 10.79
4 14 -0.85 0 7.95 -0.77 0 7.68 -0.34 0 10.79 -0.68 0 10.48
4 14 -1.08 0 8.36 -0.85 0 7.95 -0.68 0 10.48 -1.21 0 10.07
3 14 -1.21 0 10.07 -1.46 0 8.8 -1.08 0 8.36
4 14 -0.43 0 11.18 -0.18 0 11.04 -1.03 0 12.91 -1.37 0 12.85
4 14 -0.88 0 11.3 -0.43 0 11.18 -1.37 0 12.85 -2.26 0 12.48
3 14 -2.26 0 12.48 -1.46 0 11.34 -0.88 0 11.3
3 14 -1.79 0 13.14 -2.26 0 12.48 -1.37 0 12.85
4 14 -3.43 0 5.97 -3.56 0 5.71 -0.77 0 7.68 -1.06 0 7.61
4 14 -3.3 0 6.42 -3.43 0 5.97 -1.06 0 7.61 -1.52 0 7.63
4 14 -3.26 0 6.99 -3.3 0 6.42 -1.52 0 7.63 -2.18 0 7.72
4 14 -6.65 0 6.38 -6.93 0 6.3 -3.56 0 5.71 -3.82 0 5.88
4 14 -6.25 0 6.62 -6.65 0 6.38 -3.82 0 5.88 -4.13 0 6.22
4 14 -5.81 0 6.99 -6.25 0 6.62 -4.13 0 6.22 -4.54 0 6.74
4 14 -6.89 0 7.72 -7.61 0 8.8 -8.189 0 8.84 -6.97 0 7.06
4 14 -6.97 0 7.06 -8.189 0 8.84 -8.64 0 8.96 -6.99 0 6.6
4 14 -6.99 0 6.6 -8.64 0 8.96 -9.6 0 6.2 -6.93 0 6.3
3 14 -6.93 0 6.3 -9.6 0 6.2 -9.6 0 3.8
4 14 -9.6 0 8.6 -9.6 0 6.2 -8.64 0 8.96 -8.89 0 9.1
4 14 -9.6 0 11 -9.6 0 8.6 -8.89 0 9.1 -8.3 0 12.46
4 14 -8.3 0 12.46 -8.89 0 9.1 -8.73 0 9.35 -8.22 0 12.19
4 14 -8.22 0 12.19 -8.73 0 9.35 -8.39 0 9.66 -7.99 0 11.78
4 14 -7.99 0 11.78 -8.39 0 9.66 -7.87 0 10.07 -7.61 0 11.34
4 14 -9.6 0 13.4 -9.6 0 11 -8.3 0 12.46 -7.734 0 13.412
4 14 -9.6 0 13.4 -7.734 0 13.412 -7.117 0 14.576 -9.6 0 15.8
4 14 -9.6 0 15.8 -7.117 0 14.576 -6.252 0 15.856 -9.6 0 18.2
4 14 -9.6 0 18.2 -6.252 0 15.856 -5.367 0 17.122 -7.2 0 20.6
4 14 -7.2 0 20.6 -5.367 0 17.122 -4.501 0 18.115 -4.8 0 20.6
4 14 -4.8 0 20.6 -4.501 0 18.115 -1.825 0 18.605 -2.4 0 20.6
3 14 -2.4 0 20.6 -1.825 0 18.605 -0.829 0 19.747
3 14 0 0 20.6 -2.4 0 20.6 -0.829 0 19.747
3 14 -7.2 0 20.6 -9.6 0 20.6 -9.6 0 18.2
4 14 -6.89 0 12.42 -5.81 0 13.15 -5.77 0 13.72 -7.55 0 12.51
4 14 -7.55 0 12.51 -5.77 0 13.72 -5.65 0 14.18 -8.01 0 12.53
4 14 -8.01 0 12.53 -5.65 0 14.18 -7.734 0 13.412 -8.3 0 12.46
4 14 -6.868 0 14.405 -7.734 0 13.412 -5.65 0 14.18 -5.51 0 14.43
3 14 -5.983 0 15.671 -6.868 0 14.405 -5.51 0 14.43
4 14 -5.983 0 15.671 -5.51 0 14.43 -4.546 0 14.34 -3.836 0 15.679
4 14 -5.118 0 16.951 -5.983 0 15.671 -3.836 0 15.679 -2.843 0 17.15
4 14 -4.501 0 18.115 -5.118 0 16.951 -2.843 0 17.15 -1.825 0 18.605
3 14 -5.51 0 14.43 -5.26 0 14.26 -4.546 0 14.34
4 14 -4.546 0 14.34 -2.72 0 13.78 -2.78 0 14.12 -3.55 0 15.482
4 14 -3.55 0 15.482 -2.78 0 14.12 -1.4 0 16.11 -2.532 0 16.937
4 14 -2.532 0 16.937 -1.4 0 16.11 -0.64 0 17.22 -1.539 0 18.408
4 14 -1.539 0 18.408 -0.64 0 17.22 0.74 0 19.2 -0.829 0 19.747
4 14 -0.64 0 17.22 -1.4 0 16.11 -1.05 0 16.18 -0.58 0 16.87
4 14 -0.58 0 16.87 -1.05 0 16.18 -0.62 0 15.88 -0.15 0 16.58
4 14 -4.546 0 14.34 -5.26 0 14.26 -4.94 0 13.92 -2.72 0 13.78
4 14 -3.26 0 13.15 -2.72 0 13.78 -4.94 0 13.92 -4.54 0 13.4
4 14 -2.29 0 13.48 -2.72 0 13.78 -3.26 0 13.15 -2.75 0 12.82
4 14 -1.505 0 0.499 0.636 0 -0.958 1.253 0 0.206 -0.127 0 2.469
4 14 -0.127 0 2.469 1.253 0 0.206 2.118 0 1.486 1.218 0 4.461
3 14 1.218 0 4.461 2.118 0 1.486 3.003 0 2.752
4 14 1.218 0 4.461 3.003 0 2.752 3.869 0 3.745 2.326 0 6.171
4 14 3.94 0 -2.73 3.43 0 -2.37 2.85 0 -3.19 3.84 0 -4.59
4 14 3.94 0 -2.73 3.84 0 -4.59 4.55 0 -4.64 5.186 0 -4.008
4 14 4.38 0 -2.66 3.94 0 -2.73 5.186 0 -4.008 5.803 0 -2.844
4 14 4.38 0 -2.66 5.803 0 -2.844 6.668 0 -1.564 6.08 0 -0.2
3 14 6.08 0 -0.2 6.668 0 -1.564 7.553 0 -0.298
3 14 5.186 0 -4.008 4.55 0 -4.64 5.11 0 -4.79
4 14 5.186 0 -4.008 5.11 0 -4.79 5.42 0 -4.96 7.573 0 -4.738
4 14 6.052 0 -3.015 5.186 0 -4.008 7.573 0 -4.738 8.439 0 -3.745
3 14 7.573 0 -4.738 5.42 0 -4.96 6.688 0 -6.004
3 14 5.42 0 -4.96 5.823 0 -7.284 6.688 0 -6.004
4 14 5.206 0 -8.448 5.823 0 -7.284 5.42 0 -4.96 4.59 0 -8.78
4 14 4.59 0 -8.78 5.42 0 -4.96 5.22 0 -5.27 4.3 0 -8.27
4 14 4.3 0 -8.27 5.22 0 -5.27 4.8 0 -5.66 3.84 0 -7.73
3 14 4.8 0 -5.66 4.15 0 -6.16 3.84 0 -7.73
3 14 5.206 0 -8.448 4.59 0 -8.78 4.69 0 -9.12
4 14 1.24 0 -11.54 4.69 0 -9.12 4.33 0 -9.19 1.41 0 -11.23
4 14 1.41 0 -11.23 4.33 0 -9.19 3.76 0 -9.17 1.56 0 -10.67
4 14 1.56 0 -10.67 3.76 0 -9.17 2.95 0 -9.07 1.61 0 -9.96
4 14 -2.58 0 -10.71 1.24 0 -11.54 0.93 0 -11.34 -2.07 0 -10.42
4 14 -2.07 0 -10.42 0.93 0 -11.34 0.54 0 -10.92 -1.53 0 -9.96
3 14 -1.53 0 -9.96 0.54 0 -10.92 0.04 0 -10.27
4 14 -5.34 0 -7.36 -2.92 0 -10.81 -2.99 0 -10.45 -5.03 0 -7.53
4 14 -5.03 0 -7.53 -2.99 0 -10.45 -2.97 0 -9.88 -4.47 0 -7.68
4 14 -4.47 0 -7.68 -2.97 0 -9.88 -2.87 0 -9.07 -3.76 0 -7.73
4 15 0.769 0 9.92 0.496 0 10.107 0.104 0 9.439 0.28 0 9.305
3 14 -0.18 0 11.04 -0.249 0 8.73 0.104 0 9.439
3 14 -0.18 0 11.04 0.104 0 9.439 0.496 0 10.107
3 15 0.104 0 9.439 -0.249 0 8.73 0.28 0 9.305
4 15 0.985 0 10.722 0.496 0 10.107 0.769 0 9.92 1.161 0 10.588
3 14 -0.18 0 11.04 0.496 0 10.107 0.985 0 10.722
3 14 1.514 0 11.297 -0.18 0 11.04 0.985 0 10.722
3 14 1.514 0 11.297 1.161 0 10.588 3.12 0 9.39
3 14 1.161 0 10.588 0.769 0 9.92 3.12 0 9.39
3 15 1.514 0 11.297 0.985 0 10.722 1.161 0 10.588
4 15 6.921 0 18.738 7.274 0 19.447 6.745 0 18.872 6.529 0 18.07
4 15 6.529 0 18.07 6.745 0 18.872 6.256 0 18.257 5.864 0 17.589
4 15 6.04 0 17.455 6.529 0 18.07 5.864 0 17.589 5.511 0 16.88
4 14 4.59 0 16.379 6.76 0 16.26 5.511 0 16.88 4.37 0 16.52
3 14 6.04 0 17.455 5.511 0 16.88 6.76 0 16.26
4 14 6.529 0 18.07 6.04 0 17.455 6.76 0 16.26 7.97 0 18
4 14 6.921 0 18.738 6.529 0 18.07 7.97 0 18 8.28 0 18.05
4 14 7.274 0 19.447 6.921 0 18.738 8.28 0 18.05 9.6 0 20.6
3 14 9.6 0 20.6 7.2 0 20.6 7.274 0 19.447
4 14 6.745 0 18.872 7.274 0 19.447 7.2 0 20.6 4.8 0 20.6
3 14 4.8 0 20.6 6.256 0 18.257 6.745 0 18.872
3 14 2.49 0 19.32 5.864 0 17.589 6.256 0 18.257
4 14 5.511 0 16.88 5.864 0 17.589 2.43 0 18.34 2.49 0 17.99
3 14 2.49 0 17.99 4.37 0 16.52 5.511 0 16.88
4 14 4.93 0 2.24 4.34 0 1.38 4.87 0 1.01 5.45 0 1.88
4 14 7.57 0 6.06 7.49 0 6.49 6.55 0 5.12 6.98 0 5.2
4 14 8.09 0 5.7 7.57 0 6.06 6.98 0 5.2 7.51 0 4.83
