0 Tile  3 x  2 with Angled End with Nexo Power Shield Pattern - Ice Burst
0 Name: 22385p010.dat
0 Author: Johann Eisner [technicbasics]
0 !LDRAW_ORG Part UPDATE 2019-03
0 !LICENSE Redistributable under CCAL version 2.0 : see CAreadme.txt

0 BFC CERTIFY CCW

0 !HISTORY 2019-12-27 [PTadmin] Official Update 2019-03

1 16 0 0 0 1 0 0 0 1 0 0 0 1 s\22385s01.dat
4 321 0 0 -19.6 -13.2 0 -5.8 -15.6 0 -7.1 0 0 -22.8
4 15 -9.6 0 -5.8 -12 0 -5.8 0 0 -19.6 0 0 -15.6
3 15 -12 0 -5.8 -13.2 0 -5.8 0 0 -19.6
3 321 -15.6 0 26.4 -13.2 0 24.2 -9.6 0 24.2
3 321 -15.6 0 26.4 -9.6 0 24.2 -7.2 0 24.2
4 321 -15.6 0 26.4 -7.2 0 24.2 -4.8 0 24.2 0 0 26.4
3 321 0 0 26.4 -4.8 0 24.2 -2.4 0 24.2
3 321 0 0 26.4 -2.4 0 24.2 0 0 24.2
4 15 0 0 23 0 0 24.2 -2.4 0 24.2 -2.4 0 23
4 15 -2.4 0 23 -2.4 0 24.2 -4.8 0 24.2 -4.8 0 23
4 15 -4.8 0 23 -4.8 0 24.2 -7.2 0 24.2 -7.2 0 23
4 15 -7.2 0 23 -7.2 0 24.2 -9.6 0 24.2 -9.6 0 23
4 15 -12 0 23 -9.6 0 23 -9.6 0 24.2 -13.2 0 24.2
4 15 -12 0 23 -13.2 0 24.2 -13.2 0 20.6 -12 0 20.6
3 321 -15.6 0 26.4 -13.2 0 20.6 -13.2 0 24.2
3 321 -15.6 0 26.4 -13.2 0 18.2 -13.2 0 20.6
3 321 -15.6 0 26.4 -13.2 0 15.8 -13.2 0 18.2
3 321 -15.6 0 26.4 -13.2 0 13.4 -13.2 0 15.8
4 321 -13.2 0 11 -13.2 0 13.4 -15.6 0 26.4 -15.6 0 -7.1
3 321 -13.2 0 11 -15.6 0 -7.1 -13.2 0 8.6
3 321 -13.2 0 8.6 -15.6 0 -7.1 -13.2 0 6.2
3 321 -13.2 0 6.2 -15.6 0 -7.1 -13.2 0 3.8
3 321 -13.2 0 3.8 -15.6 0 -7.1 -13.2 0 1.4
4 15 -12 0 1.4 -9.6 0 1.4 -9.6 0 3.8 -12 0 3.8
4 15 -13.2 0 1.4 -12 0 1.4 -12 0 3.8 -13.2 0 3.8
4 15 -13.2 0 6.2 -13.2 0 3.8 -12 0 3.8 -12 0 6.2
4 321 -12 0 6.2 -12 0 3.8 -9.6 0 3.8 -9.6 0 6.2
4 15 -12 0 6.2 -9.6 0 6.2 -9.6 0 8.6 -12 0 8.6
4 15 -13.2 0 6.2 -12 0 6.2 -12 0 8.6 -13.2 0 8.6
4 15 -13.2 0 11 -13.2 0 8.6 -12 0 8.6 -12 0 11
4 15 -12 0 11 -12 0 8.6 -9.6 0 8.6 -9.6 0 11
4 321 -12 0 11 -9.6 0 11 -9.6 0 13.4 -12 0 13.4
4 15 -13.2 0 11 -12 0 11 -12 0 13.4 -13.2 0 13.4
4 15 -13.2 0 15.8 -13.2 0 13.4 -12 0 13.4 -12 0 15.8
4 321 -12 0 15.8 -12 0 13.4 -9.6 0 13.4 -9.6 0 15.8
4 15 -13.2 0 18.2 -13.2 0 15.8 -12 0 15.8 -12 0 18.2
4 321 -12 0 18.2 -12 0 15.8 -9.6 0 15.8 -9.6 0 18.2
4 15 -12 0 18.2 -9.6 0 18.2 -9.6 0 20.6 -12 0 20.6
4 15 -13.2 0 18.2 -12 0 18.2 -12 0 20.6 -13.2 0 20.6
4 321 -9.6 0 23 -12 0 23 -12 0 20.6 -9.6 0 20.6
4 15 -7.2 0 23 -9.6 0 23 -9.6 0 20.6 -7.2 0 20.6
4 15 -4.8 0 23 -7.2 0 23 -7.2 0 20.6 -4.8 0 20.6
4 321 -2.4 0 23 -4.8 0 23 -4.8 0 20.6 -2.4 0 20.6
4 15 0 0 23 -2.4 0 23 -2.4 0 20.6 0 0 20.6
4 321 15.6 0 -7.1 13.2 0 -5.8 0 0 -19.6 0 0 -22.8
4 15 0 0 -19.6 12 0 -5.8 9.6 0 -5.8 0 0 -15.6
3 15 13.2 0 -5.8 12 0 -5.8 0 0 -19.6
3 321 15.6 0 26.4 9.6 0 24.2 13.2 0 24.2
3 321 15.6 0 26.4 7.2 0 24.2 9.6 0 24.2
4 321 4.8 0 24.2 7.2 0 24.2 15.6 0 26.4 0 0 26.4
3 321 0 0 26.4 2.4 0 24.2 4.8 0 24.2
3 321 0 0 26.4 0 0 24.2 2.4 0 24.2
4 15 2.4 0 24.2 0 0 24.2 0 0 23 2.4 0 23
4 15 4.8 0 24.2 2.4 0 24.2 2.4 0 23 4.8 0 23
4 15 7.2 0 24.2 4.8 0 24.2 4.8 0 23 7.2 0 23
4 15 9.6 0 24.2 7.2 0 24.2 7.2 0 23 9.6 0 23
4 15 9.6 0 24.2 9.6 0 23 12 0 23 13.2 0 24.2
4 15 13.2 0 20.6 13.2 0 24.2 12 0 23 12 0 20.6
3 321 15.6 0 26.4 13.2 0 24.2 13.2 0 20.6
3 321 15.6 0 26.4 13.2 0 20.6 13.2 0 18.2
3 321 15.6 0 26.4 13.2 0 18.2 13.2 0 15.8
3 321 15.6 0 26.4 13.2 0 15.8 13.2 0 13.4
4 321 15.6 0 26.4 13.2 0 13.4 13.2 0 11 15.6 0 -7.1
3 321 13.2 0 11 13.2 0 8.6 15.6 0 -7.1
3 321 13.2 0 8.6 13.2 0 6.2 15.6 0 -7.1
3 321 13.2 0 6.2 13.2 0 3.8 15.6 0 -7.1
3 321 13.2 0 3.8 13.2 0 1.4 15.6 0 -7.1
4 15 9.6 0 3.8 9.6 0 1.4 12 0 1.4 12 0 3.8
4 15 12 0 3.8 12 0 1.4 13.2 0 1.4 13.2 0 3.8
4 15 12 0 3.8 13.2 0 3.8 13.2 0 6.2 12 0 6.2
4 15 9.6 0 3.8 12 0 3.8 12 0 6.2 9.6 0 6.2
4 321 9.6 0 8.6 9.6 0 6.2 12 0 6.2 12 0 8.6
4 15 12 0 8.6 12 0 6.2 13.2 0 6.2 13.2 0 8.6
4 15 12 0 8.6 13.2 0 8.6 13.2 0 11 12 0 11
4 321 9.6 0 8.6 12 0 8.6 12 0 11 9.6 0 11
4 15 9.6 0 13.4 9.6 0 11 12 0 11 12 0 13.4
4 15 12 0 13.4 12 0 11 13.2 0 11 13.2 0 13.4
4 15 12 0 13.4 13.2 0 13.4 13.2 0 15.8 12 0 15.8
4 321 9.6 0 13.4 12 0 13.4 12 0 15.8 9.6 0 15.8
4 15 12 0 15.8 13.2 0 15.8 13.2 0 18.2 12 0 18.2
4 15 9.6 0 15.8 12 0 15.8 12 0 18.2 9.6 0 18.2
4 15 9.6 0 20.6 9.6 0 18.2 12 0 18.2 12 0 20.6
4 15 12 0 20.6 12 0 18.2 13.2 0 18.2 13.2 0 20.6
4 321 12 0 20.6 12 0 23 9.6 0 23 9.6 0 20.6
4 321 9.6 0 20.6 9.6 0 23 7.2 0 23 7.2 0 20.6
4 321 7.2 0 20.6 7.2 0 23 4.8 0 23 4.8 0 20.6
4 15 4.8 0 20.6 4.8 0 23 2.4 0 23 2.4 0 20.6
4 15 2.4 0 20.6 2.4 0 23 0 0 23 0 0 20.6
4 15 -12 0 1.4 -13.2 0 1.4 -13.2 0 -1 -12 0 -1
4 321 -9.6 0 1.4 -12 0 1.4 -12 0 -1 -9.6 0 -1
4 321 -9.6 0 -3.4 -9.6 0 -1 -12 0 -1 -12 0 -3.4
4 15 -12 0 -3.4 -12 0 -1 -13.2 0 -1 -13.2 0 -3.4
4 15 -12 0 -3.4 -13.2 0 -3.4 -13.2 0 -5.8 -12 0 -5.8
4 321 -9.6 0 -3.4 -12 0 -3.4 -12 0 -5.8 -9.6 0 -5.8
3 321 -13.2 0 -3.4 -15.6 0 -7.1 -13.2 0 -5.8
3 321 -13.2 0 -1 -15.6 0 -7.1 -13.2 0 -3.4
3 321 -13.2 0 1.4 -15.6 0 -7.1 -13.2 0 -1
4 15 13.2 0 -3.4 13.2 0 -1 12 0 -1 12 0 -3.4
4 321 12 0 -3.4 12 0 -1 9.6 0 -1 9.6 0 -3.4
4 15 12 0 1.4 9.6 0 1.4 9.6 0 -1 12 0 -1
4 15 13.2 0 1.4 12 0 1.4 12 0 -1 13.2 0 -1
3 321 13.2 0 1.4 13.2 0 -1 15.6 0 -7.1
3 321 13.2 0 -1 13.2 0 -3.4 15.6 0 -7.1
3 321 13.2 0 -3.4 13.2 0 -5.8 15.6 0 -7.1
4 15 13.2 0 -5.8 13.2 0 -3.4 12 0 -3.4 12 0 -5.8
4 15 12 0 -5.8 12 0 -3.4 9.6 0 -3.4 9.6 0 -5.8
4 16 -16 0 30 -15.6 0 26.4 0 0 26.4 16 0 30
3 16 16 0 30 0 0 26.4 15.6 0 26.4
4 16 16 0 30 15.6 0 26.4 15.6 0 -7.1 16 0 -8.34
4 16 -15.6 0 -7.1 -15.6 0 26.4 -16 0 30 -16 0 -8.34
4 16 0 0 -22.8 -15.6 0 -7.1 -16 0 -8.34 0 0 -24.353
4 16 0 0 -22.8 0 0 -24.353 16 0 -8.34 15.6 0 -7.1
4 321 -7.2 0 20.6 -9.6 0 20.6 -9.6 0 18.2 -2.92 0 19.23
4 321 9.6 0 18.2 9.6 0 20.6 7.2 0 20.6 2.94 0 17.58
4 321 -1.6 0 -3.33 -.698 0 -3.75 -.429 0 -3.101 -1.3 0 -2.78
4 321 -2.48 0 -2.99 -1.6 0 -3.33 -1.3 0 -2.78 -2.2 0 -2.34
4 321 -3.08 0 -2.71 -2.48 0 -2.99 -2.2 0 -2.34 -2.72 0 -2.12
4 321 -3.25 0 -2.55 -3.08 0 -2.71 -2.72 0 -2.12 -2.94 0 -2.08
4 321 -3.25 0 -2.55 -2.94 0 -2.08 -3.1 0 -2.12 -3.28 0 -2.37
3 321 -3.1 0 -2.12 -3.23 0 -2.22 -3.28 0 -2.37
4 321 -2.2 0 -2.34 -1.3 0 -2.78 -1.85 0 -1.4 -2.26 0 -2.12
4 321 -2.49 0 -1.55 -2.26 0 -2.12 -1.85 0 -1.4 -1.92 0 -1.29
4 321 -2.49 0 -1.55 -1.92 0 -1.29 -2.11 0 -1.26 -2.39 0 -1.37
3 321 -2.11 0 -1.26 -2.26 0 -1.27 -2.39 0 -1.37
4 321 -1.6 0 -3.33 -2.48 0 -2.99 -2.65 0 -3.1 -2.71 0 -3.78
4 321 -2.71 0 -3.78 -2.65 0 -3.1 -3.06 0 -3.25 -2.93 0 -3.77
4 321 -2.93 0 -3.77 -3.06 0 -3.25 -3.17 0 -3.43 -3.12 0 -3.64
4 321 -.46 0 -1.838 -.287 0 -2.818 .399 0 -2.666 .163 0 -1.769
4 321 -.686 0 -.922 -.46 0 -1.838 .163 0 -1.769 .007 0 -.779
4 321 -.801 0 -.27 -.686 0 -.922 .007 0 -.779 -.111 0 -.227
4 321 -.767 0 -.039 -.801 0 -.27 -.111 0 -.227 -.205 0 -.024
4 321 -.767 0 -.039 -.205 0 -.024 -.329 0 .085 -.637 0 .089
3 321 -.486 0 .134 -.637 0 .089 -.329 0 .085
4 321 .007 0 -.779 .163 0 -1.769 .978 0 -.526 .153 0 -.604
4 321 .488 0 -.088 .153 0 -.604 .978 0 -.526 1.028 0 -.406
4 321 .488 0 -.088 1.028 0 -.406 .943 0 -.233 .693 0 -.067
3 321 .693 0 -.067 .943 0 -.233 .849 0 -.116
4 321 -.46 0 -1.838 -.686 0 -.922 -.874 0 -.846 -1.465 0 -1.187
4 321 -1.465 0 -1.187 -.874 0 -.846 -1.232 0 -.596 -1.583 0 -1.001
4 321 -1.583 0 -1.001 -1.232 0 -.596 -1.442 0 -.61 -1.586 0 -.771
4 321 1.367 0 -2.163 .664 0 -2.867 1.182 0 -3.342 1.781 0 -2.633
4 321 1.988 0 -1.453 1.367 0 -2.163 1.781 0 -2.633 2.503 0 -1.938
4 321 2.456 0 -.985 1.988 0 -1.453 2.503 0 -1.938 2.887 0 -1.525
4 321 2.664 0 -.88 2.456 0 -.985 2.887 0 -1.525 3 0 -1.332
4 321 2.664 0 -.88 3 0 -1.332 3.017 0 -1.168 2.844 0 -.913
3 321 2.844 0 -.913 3.017 0 -1.168 2.968 0 -1.011
4 321 2.503 0 -1.938 1.781 0 -2.633 3.266 0 -2.589 2.73 0 -1.957
4 321 3.344 0 -1.936 2.73 0 -1.957 3.266 0 -2.589 3.394 0 -2.56
4 321 3.344 0 -1.936 3.394 0 -2.56 3.487 0 -2.392 3.479 0 -2.091
3 321 3.479 0 -2.091 3.487 0 -2.392 3.529 0 -2.248
4 321 1.367 0 -2.163 1.988 0 -1.453 1.942 0 -1.255 1.324 0 -.966
4 321 1.324 0 -.966 1.942 0 -1.255 1.942 0 -.819 1.409 0 -.763
4 321 1.409 0 -.763 1.942 0 -.819 1.81 0 -.654 1.596 0 -.629
4 321 2.2 0 -4.26 1.298 0 -3.84 1.029 0 -4.489 1.9 0 -4.81
4 321 3.08 0 -4.6 2.2 0 -4.26 1.9 0 -4.81 2.8 0 -5.25
4 321 3.68 0 -4.88 3.08 0 -4.6 2.8 0 -5.25 3.32 0 -5.47
4 321 3.85 0 -5.04 3.68 0 -4.88 3.32 0 -5.47 3.54 0 -5.51
4 321 3.85 0 -5.04 3.54 0 -5.51 3.7 0 -5.47 3.88 0 -5.22
3 321 3.88 0 -5.22 3.7 0 -5.47 3.83 0 -5.37
4 321 2.8 0 -5.25 1.9 0 -4.81 2.45 0 -6.19 2.86 0 -5.47
4 321 3.09 0 -6.04 2.86 0 -5.47 2.45 0 -6.19 2.52 0 -6.3
4 321 3.09 0 -6.04 2.52 0 -6.3 2.71 0 -6.33 2.99 0 -6.22
3 321 2.99 0 -6.22 2.71 0 -6.33 2.86 0 -6.32
4 321 2.2 0 -4.26 3.08 0 -4.6 3.25 0 -4.49 3.31 0 -3.81
4 321 3.31 0 -3.81 3.25 0 -4.49 3.66 0 -4.34 3.53 0 -3.82
4 321 3.53 0 -3.82 3.66 0 -4.34 3.77 0 -4.16 3.72 0 -3.95
4 321 .89 0 -5.522 .717 0 -4.542 .031 0 -4.694 .267 0 -5.591
4 321 1.116 0 -6.438 .89 0 -5.522 .267 0 -5.591 .423 0 -6.581
4 321 1.231 0 -7.09 1.116 0 -6.438 .423 0 -6.581 .541 0 -7.133
4 321 1.197 0 -7.321 1.231 0 -7.09 .541 0 -7.133 .635 0 -7.336
4 321 1.197 0 -7.321 .635 0 -7.336 .759 0 -7.445 1.067 0 -7.449
3 321 .759 0 -7.445 .916 0 -7.494 1.067 0 -7.449
4 321 .423 0 -6.581 .267 0 -5.591 -.548 0 -6.834 .277 0 -6.756
4 321 -.058 0 -7.272 .277 0 -6.756 -.548 0 -6.834 -.598 0 -6.954
4 321 -.058 0 -7.272 -.598 0 -6.954 -.513 0 -7.127 -.263 0 -7.293
3 321 -.513 0 -7.127 -.419 0 -7.244 -.263 0 -7.293
4 321 .89 0 -5.522 1.116 0 -6.438 1.304 0 -6.514 1.895 0 -6.173
4 321 1.895 0 -6.173 1.304 0 -6.514 1.662 0 -6.764 2.013 0 -6.359
4 321 2.013 0 -6.359 1.662 0 -6.764 1.872 0 -6.75 2.016 0 -6.589
4 321 -.927 0 -5.377 -.224 0 -4.673 -.742 0 -4.198 -1.341 0 -4.907
4 321 -1.548 0 -6.087 -.927 0 -5.377 -1.341 0 -4.907 -2.063 0 -5.602
4 321 -2.016 0 -6.555 -1.548 0 -6.087 -2.063 0 -5.602 -2.447 0 -6.015
4 321 -2.224 0 -6.66 -2.016 0 -6.555 -2.447 0 -6.015 -2.56 0 -6.208
4 321 -2.224 0 -6.66 -2.56 0 -6.208 -2.577 0 -6.372 -2.404 0 -6.627
3 321 -2.577 0 -6.372 -2.528 0 -6.529 -2.404 0 -6.627
4 321 -2.063 0 -5.602 -1.341 0 -4.907 -2.826 0 -4.951 -2.29 0 -5.583
4 321 -2.904 0 -5.604 -2.29 0 -5.583 -2.826 0 -4.951 -2.954 0 -4.98
4 321 -2.904 0 -5.604 -2.954 0 -4.98 -3.047 0 -5.148 -3.039 0 -5.449
3 321 -3.047 0 -5.148 -3.089 0 -5.292 -3.039 0 -5.449
4 321 -.927 0 -5.377 -1.548 0 -6.087 -1.502 0 -6.285 -.884 0 -6.574
4 321 -.884 0 -6.574 -1.502 0 -6.285 -1.502 0 -6.721 -.969 0 -6.777
4 321 -.969 0 -6.777 -1.502 0 -6.721 -1.37 0 -6.886 -1.156 0 -6.911
4 321 -.239 0 -2.955 -.429 0 -3.101 .22 0 -3.75 .458 0 -2.863
4 321 .664 0 -2.867 .458 0 -2.863 .22 0 -3.75 1.107 0 -3.512
4 321 -.239 0 -2.955 .458 0 -2.863 .399 0 -2.666 -.287 0 -2.818
4 321 1.138 0 -3.75 1.107 0 -3.512 .22 0 -3.75 .869 0 -4.399
4 321 1.298 0 -3.84 1.138 0 -3.75 .869 0 -4.399 1.029 0 -4.489
3 321 .664 0 -2.867 1.107 0 -3.512 1.182 0 -3.342
4 321 .717 0 -4.542 .869 0 -4.399 .22 0 -3.75 .031 0 -4.694
4 321 -.224 0 -4.673 .031 0 -4.694 .22 0 -3.75 -.742 0 -4.198
3 321 .22 0 -3.75 -.667 0 -3.988 -.742 0 -4.198
4 321 -.698 0 -3.75 -.667 0 -3.988 .22 0 -3.75 -.429 0 -3.101
4 15 -2.81 0 3.67 -3.32 0 3.25 -2.92 0 1.98 -1.67 0 3.06
4 15 -1.72 0 2.25 -1.67 0 3.06 -2.92 0 1.98 -1.93 0 1.77
4 15 3.09 0 4.75 2.46 0 5.32 1.74 0 4.85 2.81 0 4.27
4 15 2.81 0 4.27 1.74 0 4.85 1.72 0 3.7 2.55 0 3.71
3 15 2.55 0 3.71 1.72 0 3.7 1.9 0 3.53
4 15 -.15 0 8.17 -1.17 0 7.29 -.39 0 5.96 .55 0 7.22
4 15 -4.57 0 8.73 -2.73 0 8.03 -2.03 0 8.63 -5.01 0 9.92
4 15 -5.01 0 9.92 -2.03 0 8.63 -1.43 0 9.17 -4.86 0 10.21
4 15 -4.58 0 10.5 -4.86 0 10.21 -1.43 0 9.17 -4.29 0 10.76
4 15 -3.96 0 11.01 -4.29 0 10.76 -1.43 0 9.17 -3.69 0 11.21
4 15 -3.39 0 11.4 -3.69 0 11.21 -1.43 0 9.17 -3.05 0 11.56
4 15 -2.71 0 11.69 -3.05 0 11.56 -1.43 0 9.17 -2.41 0 11.8
4 15 -2.41 0 11.8 -1.43 0 9.17 -.46 0 9.6 -2.07 0 11.9
4 15 -1.55 0 12.01 -2.07 0 11.9 -.46 0 9.6 -.86 0 12.08
4 15 -.13 0 12.04 -.86 0 12.08 -.46 0 9.6 .43 0 9.96
4 15 .25 0 11.99 -.13 0 12.04 .43 0 9.96 .73 0 11.89
4 15 1.32 0 11.7 .73 0 11.89 .43 0 9.96 1.57 0 11.41
4 15 1.77 0 11.02 1.57 0 11.41 .43 0 9.96 1.91 0 10.69
4 15 1.99 0 10.48 1.91 0 10.69 .43 0 9.96 1.1 0 9.17
4 15 -4.32 0 1.51 -4.527 0 1.587 -5.087 0 .73 -4.22 0 1.11
4 15 -4.11 0 .62 -4.22 0 1.11 -5.087 0 .73 -5.5 0 .047
4 15 -4.05 0 .32 -4.11 0 .62 -5.5 0 .047 -5.809 0 -.731
4 15 -2.64 0 -.02 -4.05 0 .32 -5.809 0 -.731 -2.39 0 -1.37
4 15 -2.39 0 -1.37 -5.809 0 -.731 -6.017 0 -1.49 -2.49 0 -1.55
4 15 -3.1 0 -2.12 -2.49 0 -1.55 -6.017 0 -1.49 -6.179 0 -2.308
3 15 -3.1 0 -2.12 -6.179 0 -2.308 -3.23 0 -2.22
3 15 -3.23 0 -2.22 -6.179 0 -2.308 -3.28 0 -2.37
4 15 -3.25 0 -2.55 -3.28 0 -2.37 -6.179 0 -2.308 -6.234 0 -3.14
4 15 -3.25 0 -2.55 -6.234 0 -3.14 -3.17 0 -3.43 -3.06 0 -3.25
4 15 -3.12 0 -3.64 -3.17 0 -3.43 -6.234 0 -3.14 -6.179 0 -3.972
4 15 -2.93 0 -3.77 -3.12 0 -3.64 -6.179 0 -3.972 -6.017 0 -4.79
4 15 -2.954 0 -4.98 -2.93 0 -3.77 -6.017 0 -4.79 -5.749 0 -5.579
3 15 -2.954 0 -4.98 -5.749 0 -5.579 -3.047 0 -5.148
3 15 -3.047 0 -5.148 -5.749 0 -5.579 -3.089 0 -5.292
4 15 -3.039 0 -5.449 -3.089 0 -5.292 -5.749 0 -5.579 -5.38 0 -6.327
4 15 -2.904 0 -5.604 -3.039 0 -5.449 -5.38 0 -6.327 -4.917 0 -7.02
4 15 -2.56 0 -6.208 -2.904 0 -5.604 -4.917 0 -7.02 -2.577 0 -6.372
4 15 -2.528 0 -6.529 -2.577 0 -6.372 -4.917 0 -7.02 -4.367 0 -7.647
4 15 -2.404 0 -6.627 -2.528 0 -6.529 -4.367 0 -7.647 -3.74 0 -8.197
4 15 -2.224 0 -6.66 -2.404 0 -6.627 -3.74 0 -8.197 -3.047 0 -8.66
4 15 -1.37 0 -6.886 -2.224 0 -6.66 -3.047 0 -8.66 -2.299 0 -9.029
4 15 -1.156 0 -6.911 -1.37 0 -6.886 -2.299 0 -9.029 -1.51 0 -9.297
4 15 -.513 0 -7.127 -1.156 0 -6.911 -1.51 0 -9.297 -.692 0 -9.459
3 15 -.513 0 -7.127 -.692 0 -9.459 -.419 0 -7.244
4 15 -.263 0 -7.293 -.419 0 -7.244 -.692 0 -9.459 .14 0 -9.514
4 15 -.058 0 -7.272 -.263 0 -7.293 .14 0 -9.514 .759 0 -7.445
4 15 .759 0 -7.445 .14 0 -9.514 .972 0 -9.459 .916 0 -7.494
4 15 1.067 0 -7.449 .916 0 -7.494 .972 0 -9.459 1.79 0 -9.297
4 15 1.197 0 -7.321 1.067 0 -7.449 1.79 0 -9.297 1.872 0 -6.75
4 15 1.872 0 -6.75 1.79 0 -9.297 2.579 0 -9.029 3.327 0 -8.66
4 15 2.016 0 -6.589 1.872 0 -6.75 3.327 0 -8.66 2.71 0 -6.33
4 15 2.86 0 -6.32 2.71 0 -6.33 3.327 0 -8.66 4.02 0 -8.197
4 15 2.99 0 -6.22 2.86 0 -6.32 4.02 0 -8.197 4.647 0 -7.647
4 15 3.09 0 -6.04 2.99 0 -6.22 4.647 0 -7.647 3.7 0 -5.47
4 15 3.7 0 -5.47 4.647 0 -7.647 5.197 0 -7.02 3.83 0 -5.37
4 15 3.88 0 -5.22 3.83 0 -5.37 5.197 0 -7.02 5.66 0 -6.327
4 15 3.85 0 -5.04 3.88 0 -5.22 5.66 0 -6.327 6.029 0 -5.579
4 15 3.77 0 -4.16 3.85 0 -5.04 6.029 0 -5.579 6.297 0 -4.79
4 15 3.77 0 -4.16 6.297 0 -4.79 6.459 0 -3.972 3.72 0 -3.95
4 15 3.72 0 -3.95 6.459 0 -3.972 6.514 0 -3.14 3.487 0 -2.392
4 15 3.487 0 -2.392 6.514 0 -3.14 6.459 0 -2.308 3.529 0 -2.248
4 15 3.529 0 -2.248 6.459 0 -2.308 6.297 0 -1.49 3.479 0 -2.091
4 15 3.479 0 -2.091 6.297 0 -1.49 6.029 0 -.701 3.344 0 -1.936
4 15 3.017 0 -1.168 3.344 0 -1.936 6.029 0 -.701 5.66 0 .047
4 15 2.968 0 -1.011 3.017 0 -1.168 5.66 0 .047 5.197 0 .74
4 15 2.844 0 -.913 2.968 0 -1.011 5.197 0 .74 4.647 0 1.367
4 15 2.664 0 -.88 2.844 0 -.913 4.647 0 1.367 2.4 0 .26
4 15 3.34 0 1.43 2.4 0 .26 4.647 0 1.367 4.05 0 1.927
4 15 3.34 0 1.43 4.05 0 1.927 3.69 0 2.2 2.88 0 2.37
4 15 2.88 0 2.37 3.69 0 2.2 3.12 0 2.61 2.93 0 2.56
4 15 1.81 0 -.654 2.664 0 -.88 2.4 0 .26 1.28 0 1.32
4 15 1.596 0 -.629 1.81 0 -.654 1.28 0 1.32 .943 0 -.233
3 15 1.28 0 1.32 .849 0 -.116 .943 0 -.233
3 15 1.28 0 1.32 .693 0 -.067 .849 0 -.116
4 15 .488 0 -.088 .693 0 -.067 1.28 0 1.32 -.205 0 -.024
3 15 1.28 0 1.32 -.329 0 .085 -.205 0 -.024
4 15 -.486 0 .134 -.329 0 .085 1.28 0 1.32 -.81 0 1.15
3 15 -.81 0 1.15 -.637 0 .089 -.486 0 .134
4 15 -.767 0 -.039 -.637 0 .089 -.81 0 1.15 -2.64 0 -.02
4 15 -.801 0 -.27 -.767 0 -.039 -2.64 0 -.02 -1.442 0 -.61
4 15 -1.586 0 -.771 -1.442 0 -.61 -2.64 0 -.02 -2.11 0 -1.26
3 15 -2.64 0 -.02 -2.26 0 -1.27 -2.11 0 -1.26
3 15 -2.64 0 -.02 -2.39 0 -1.37 -2.26 0 -1.27
3 15 -.801 0 -.27 -1.442 0 -.61 -1.232 0 -.596
4 15 -.801 0 -.27 -1.232 0 -.596 -.874 0 -.846 -.686 0 -.922
4 15 -1.586 0 -.771 -2.11 0 -1.26 -1.92 0 -1.29 -1.583 0 -1.001
4 15 -1.583 0 -1.001 -1.92 0 -1.29 -1.85 0 -1.4 -1.465 0 -1.187
4 15 -1.465 0 -1.187 -1.85 0 -1.4 -1.3 0 -2.78 -.46 0 -1.838
4 15 -.46 0 -1.838 -1.3 0 -2.78 -.429 0 -3.101 -.287 0 -2.818
3 15 -.287 0 -2.818 -.429 0 -3.101 -.239 0 -2.955
3 15 -2.49 0 -1.55 -3.1 0 -2.12 -2.94 0 -2.08
4 15 -2.49 0 -1.55 -2.94 0 -2.08 -2.72 0 -2.12 -2.26 0 -2.12
3 15 -2.26 0 -2.12 -2.72 0 -2.12 -2.2 0 -2.34
3 15 -3.25 0 -2.55 -3.06 0 -3.25 -3.08 0 -2.71
4 15 -3.08 0 -2.71 -3.06 0 -3.25 -2.65 0 -3.1 -2.48 0 -2.99
4 15 -2.71 0 -3.78 -2.93 0 -3.77 -2.954 0 -4.98 -2.826 0 -4.951
4 15 -1.6 0 -3.33 -2.71 0 -3.78 -2.826 0 -4.951 -1.341 0 -4.907
4 15 -1.6 0 -3.33 -1.341 0 -4.907 -.742 0 -4.198 -.698 0 -3.75
3 15 -.698 0 -3.75 -.742 0 -4.198 -.667 0 -3.988
4 15 -2.904 0 -5.604 -2.56 0 -6.208 -2.447 0 -6.015 -2.29 0 -5.583
3 15 -2.29 0 -5.583 -2.447 0 -6.015 -2.063 0 -5.602
4 15 -2.016 0 -6.555 -2.224 0 -6.66 -1.37 0 -6.886 -1.502 0 -6.721
4 15 -2.016 0 -6.555 -1.502 0 -6.721 -1.502 0 -6.285 -1.548 0 -6.087
4 15 -1.156 0 -6.911 -.513 0 -7.127 -.598 0 -6.954 -.969 0 -6.777
4 15 -.969 0 -6.777 -.598 0 -6.954 -.548 0 -6.834 -.884 0 -6.574
4 15 -.884 0 -6.574 -.548 0 -6.834 .267 0 -5.591 -.927 0 -5.377
4 15 -.927 0 -5.377 .267 0 -5.591 .031 0 -4.694 -.224 0 -4.673
3 15 -.058 0 -7.272 .759 0 -7.445 .635 0 -7.336
4 15 -.058 0 -7.272 .635 0 -7.336 .541 0 -7.133 .277 0 -6.756
3 15 .423 0 -6.581 .277 0 -6.756 .541 0 -7.133
4 15 1.197 0 -7.321 1.872 0 -6.75 1.662 0 -6.764 1.231 0 -7.09
4 15 1.231 0 -7.09 1.662 0 -6.764 1.304 0 -6.514 1.116 0 -6.438
4 15 2.016 0 -6.589 2.71 0 -6.33 2.52 0 -6.3 2.013 0 -6.359
4 15 2.013 0 -6.359 2.52 0 -6.3 2.45 0 -6.19 1.895 0 -6.173
4 15 1.895 0 -6.173 2.45 0 -6.19 1.9 0 -4.81 .89 0 -5.522
4 15 .89 0 -5.522 1.9 0 -4.81 1.029 0 -4.489 .717 0 -4.542
3 15 .869 0 -4.399 .717 0 -4.542 1.029 0 -4.489
3 15 3.7 0 -5.47 3.54 0 -5.51 3.09 0 -6.04
4 15 3.09 0 -6.04 3.54 0 -5.51 3.32 0 -5.47 2.86 0 -5.47
3 15 2.8 0 -5.25 2.86 0 -5.47 3.32 0 -5.47
4 15 3.85 0 -5.04 3.77 0 -4.16 3.66 0 -4.34 3.68 0 -4.88
4 15 3.68 0 -4.88 3.66 0 -4.34 3.25 0 -4.49 3.08 0 -4.6
4 15 3.72 0 -3.95 3.487 0 -2.392 3.394 0 -2.56 3.53 0 -3.82
4 15 3.53 0 -3.82 3.394 0 -2.56 3.266 0 -2.589 3.31 0 -3.81
4 15 3.31 0 -3.81 3.266 0 -2.589 1.781 0 -2.633 2.2 0 -4.26
4 15 2.2 0 -4.26 1.781 0 -2.633 1.182 0 -3.342 1.298 0 -3.84
4 15 1.298 0 -3.84 1.182 0 -3.342 1.107 0 -3.512 1.138 0 -3.75
3 15 3.017 0 -1.168 3 0 -1.332 3.344 0 -1.936
4 15 3.344 0 -1.936 3 0 -1.332 2.887 0 -1.525 2.73 0 -1.957
3 15 2.887 0 -1.525 2.503 0 -1.938 2.73 0 -1.957
4 15 2.664 0 -.88 1.81 0 -.654 1.942 0 -.819 2.456 0 -.985
4 15 2.456 0 -.985 1.942 0 -.819 1.942 0 -1.255 1.988 0 -1.453
4 15 1.596 0 -.629 .943 0 -.233 1.028 0 -.406 1.409 0 -.763
4 15 1.409 0 -.763 1.028 0 -.406 .978 0 -.526 1.324 0 -.966
4 15 1.324 0 -.966 .978 0 -.526 .163 0 -1.769 1.367 0 -2.163
4 15 1.367 0 -2.163 .163 0 -1.769 .399 0 -2.666 .664 0 -2.867
3 15 .399 0 -2.666 .458 0 -2.863 .664 0 -2.867
4 15 .488 0 -.088 -.205 0 -.024 -.111 0 -.227 .153 0 -.604
3 15 -.111 0 -.227 .007 0 -.779 .153 0 -.604
4 272 -3.32 0 3.25 -4.527 0 1.587 -4.32 0 1.51 -2.92 0 1.98
3 272 -2.92 0 1.98 -4.32 0 1.51 -4.22 0 1.11
3 272 -2.92 0 1.98 -4.22 0 1.11 -4.11 0 .62
4 272 -2.92 0 1.98 -4.11 0 .62 -4.05 0 .32 -2.64 0 -.02
4 272 -1.93 0 1.77 -2.92 0 1.98 -2.64 0 -.02 -.81 0 1.15
4 272 -1.72 0 2.25 -1.93 0 1.77 -.81 0 1.15 1.28 0 1.32
4 272 -1.72 0 2.25 1.28 0 1.32 2.88 0 2.37 1.9 0 3.53
4 272 1.9 0 3.53 2.88 0 2.37 2.93 0 2.56 2.55 0 3.71
4 272 2.55 0 3.71 2.93 0 2.56 3.12 0 2.61 2.81 0 4.27
4 272 2.81 0 4.27 3.12 0 2.61 3.69 0 2.2 3.09 0 4.75
4 272 3.09 0 4.75 3.69 0 2.2 5.44 0 6.03 5.39 0 6.3
4 272 3.09 0 4.75 5.39 0 6.3 3.5 0 6.05 2.46 0 5.32
3 272 5.39 0 6.3 5.44 0 6.03 5.48 0 6.18
4 272 .55 0 7.22 2.46 0 5.32 3.5 0 6.05 2.38 0 8.64
4 272 .55 0 7.22 2.38 0 8.64 1.1 0 9.17 -.15 0 8.17
4 272 -.15 0 8.17 1.1 0 9.17 .43 0 9.96 -.46 0 9.6
4 272 -.15 0 8.17 -.46 0 9.6 -1.43 0 9.17 -1.17 0 7.29
3 272 -1.43 0 9.17 -2.03 0 8.63 -1.17 0 7.29
4 272 -1.17 0 7.29 -2.03 0 8.63 -2.73 0 8.03 -4 0 6.25
4 272 -.39 0 5.96 -1.17 0 7.29 -4 0 6.25 -2.81 0 3.67
4 272 -.39 0 5.96 -2.81 0 3.67 -1.67 0 3.06 1.74 0 4.85
4 272 .55 0 7.22 -.39 0 5.96 1.74 0 4.85 2.46 0 5.32
4 272 2.38 0 8.64 3.5 0 6.05 4.95 0 11.3 4.62 0 11.58
4 272 4.76 0 11.66 4.62 0 11.58 4.95 0 11.3 4.97 0 11.52
3 272 1.1 0 9.17 2.38 0 8.64 2.28 0 8.81
4 272 1.1 0 9.17 2.28 0 8.81 2.43 0 9.83 1.99 0 10.48
3 272 1.99 0 10.48 2.43 0 9.83 2.53 0 10.07
4 272 1.99 0 10.48 2.53 0 10.07 2.64 0 10.25 2.71 0 10.45
4 272 1.99 0 10.48 2.71 0 10.45 2.71 0 10.61 2.65 0 10.79
4 272 1.91 0 10.69 1.99 0 10.48 2.65 0 10.79 2.55 0 11
4 272 1.77 0 11.02 1.91 0 10.69 2.55 0 11 2.49 0 11.21
4 272 1.57 0 11.41 1.77 0 11.02 2.49 0 11.21 2.45 0 11.5
4 272 1.32 0 11.7 1.57 0 11.41 2.45 0 11.5 2.51 0 11.84
4 272 .73 0 11.89 1.32 0 11.7 2.51 0 11.84 .78 0 12.64
4 272 .78 0 12.64 2.51 0 11.84 3 0 17.45 2.62 0 17.51
4 272 2.69 0 17.59 2.62 0 17.51 3 0 17.45 2.94 0 17.58
3 272 2.84 0 17.66 2.69 0 17.59 2.94 0 17.58
3 272 4.92 0 11.67 4.76 0 11.66 4.97 0 11.52
4 272 .25 0 11.99 .73 0 11.89 .78 0 12.64 .4 0 12.72
4 272 -.13 0 12.04 .25 0 11.99 .4 0 12.72 -.06 0 12.74
4 272 -.86 0 12.08 -.13 0 12.04 -.06 0 12.74 -.87 0 12.74
4 272 -1.55 0 12.01 -.86 0 12.08 -.87 0 12.74 -2.73 0 12.46
3 272 -2.73 0 12.46 -2.07 0 11.9 -1.55 0 12.01
3 272 -2.73 0 12.46 -2.41 0 11.8 -2.07 0 11.9
4 272 -2.71 0 11.69 -2.41 0 11.8 -2.73 0 12.46 -3.07 0 12.32
4 272 -3.05 0 11.56 -2.71 0 11.69 -3.07 0 12.32 -3.41 0 12.14
4 272 -3.39 0 11.4 -3.05 0 11.56 -3.41 0 12.14 -3.79 0 11.9
3 272 -3.79 0 11.9 -3.69 0 11.21 -3.39 0 11.4
3 272 -3.79 0 11.9 -3.96 0 11.01 -3.69 0 11.21
4 272 -4.29 0 10.76 -3.96 0 11.01 -3.79 0 11.9 -5.21 0 10.88
3 272 -5.21 0 10.88 -4.58 0 10.5 -4.29 0 10.76
4 272 -4.86 0 10.21 -4.58 0 10.5 -5.21 0 10.88 -5.41 0 10.59
4 272 -5.01 0 9.92 -4.86 0 10.21 -5.41 0 10.59 -5.59 0 10.3
4 272 -2.73 0 12.46 -.87 0 12.74 -2.52 0 19.28 -2.92 0 19.23
4 272 -2.88 0 19.33 -2.92 0 19.23 -2.52 0 19.28 -2.58 0 19.36
4 272 -2.8 0 19.41 -2.88 0 19.33 -2.58 0 19.36 -2.66 0 19.42
4 272 -6.35 0 15.33 -5.21 0 10.88 -3.79 0 11.9 -6.04 0 15.53
4 272 -6.38 0 15.46 -6.35 0 15.33 -6.04 0 15.53 -6.15 0 15.61
3 272 -6.15 0 15.61 -6.32 0 15.61 -6.38 0 15.46
4 272 -5.01 0 9.92 -5.59 0 10.3 -5.7 0 10 -5.66 0 9.57
4 272 -5.01 0 9.92 -5.66 0 9.57 -5.47 0 9.09 -4.57 0 8.73
4 272 -4.57 0 8.73 -5.47 0 9.09 -5.31 0 8.65 -5.09 0 8.24
4 272 -4.57 0 8.73 -5.09 0 8.24 -4.81 0 8.1 -4.48 0 8
4 272 -2.73 0 8.03 -4.57 0 8.73 -4.48 0 8 -4 0 6.25
3 272 -4 0 6.25 -3.32 0 3.25 -2.81 0 3.67
4 272 -4.527 0 1.587 -3.32 0 3.25 -4 0 6.25 -4.16 0 6.21
4 272 -7.09 0 7.55 -4.527 0 1.587 -4.16 0 6.21 -6.73 0 7.8
4 272 -7.09 0 7.55 -6.73 0 7.8 -6.86 0 7.83 -7.11 0 7.67
4 272 -7.11 0 7.67 -6.86 0 7.83 -6.98 0 7.82 -7.08 0 7.76
4 272 1.72 0 3.7 1.74 0 4.85 -1.67 0 3.06 -1.72 0 2.25
3 272 1.72 0 3.7 -1.72 0 2.25 1.9 0 3.53
4 272 2.88 0 2.37 1.28 0 1.32 2.4 0 .26 3.34 0 1.43
4 321 -2.73 0 19.44 -2.4 0 20.6 -4.8 0 20.6 -2.8 0 19.41
4 321 -2.88 0 19.33 -2.8 0 19.41 -4.8 0 20.6 -7.2 0 20.6
3 321 -7.2 0 20.6 -2.92 0 19.23 -2.88 0 19.33
4 321 -2.92 0 19.23 -9.6 0 18.2 -6.32 0 15.61 -6.15 0 15.61
4 321 -6.38 0 15.46 -6.32 0 15.61 -9.6 0 18.2 -9.6 0 15.8
4 321 -6.35 0 15.33 -6.38 0 15.46 -9.6 0 15.8 -9.6 0 13.4
4 321 -5.21 0 10.88 -6.35 0 15.33 -9.6 0 13.4 -5.41 0 10.59
4 321 -5.59 0 10.3 -5.41 0 10.59 -9.6 0 13.4 -9.6 0 11
3 321 -9.6 0 11 -5.7 0 10 -5.59 0 10.3
3 321 -9.6 0 11 -5.66 0 9.57 -5.7 0 10
4 321 -5.47 0 9.09 -5.66 0 9.57 -9.6 0 11 -9.6 0 8.6
4 321 -6.98 0 7.82 -5.47 0 9.09 -9.6 0 8.6 -7.08 0 7.76
3 321 -9.6 0 8.6 -7.11 0 7.67 -7.08 0 7.76
4 321 -7.09 0 7.55 -7.11 0 7.67 -9.6 0 8.6 -9.6 0 6.2
4 321 -7.09 0 7.55 -9.6 0 6.2 -9.6 0 3.8 -4.527 0 1.587
4 321 -5.087 0 .73 -4.527 0 1.587 -9.6 0 3.8 -9.6 0 1.4
3 321 -9.6 0 1.4 -5.5 0 .047 -5.087 0 .73
4 321 -5.809 0 -.731 -5.5 0 .047 -9.6 0 1.4 -9.6 0 -1
3 321 -5.809 0 -.731 -9.6 0 -1 -6.017 0 -1.49
4 321 -6.179 0 -2.308 -6.017 0 -1.49 -9.6 0 -1 -9.6 0 -3.4
3 321 -6.179 0 -2.308 -9.6 0 -3.4 -6.234 0 -3.14
3 321 -6.234 0 -3.14 -9.6 0 -3.4 -6.179 0 -3.972
3 321 -9.6 0 -3.4 -6.017 0 -4.79 -6.179 0 -3.972
4 321 -5.749 0 -5.579 -6.017 0 -4.79 -9.6 0 -3.4 -9.6 0 -5.8
3 321 -5.749 0 -5.579 -9.6 0 -5.8 -5.38 0 -6.327
3 321 -9.6 0 -5.8 -4.917 0 -7.02 -5.38 0 -6.327
3 321 -9.6 0 -5.8 -4.367 0 -7.647 -4.917 0 -7.02
3 321 -9.6 0 -5.8 -3.74 0 -8.197 -4.367 0 -7.647
4 321 -3.047 0 -8.66 -3.74 0 -8.197 -9.6 0 -5.8 0 0 -15.6
3 321 -3.047 0 -8.66 0 0 -15.6 -2.299 0 -9.029
3 321 -2.299 0 -9.029 0 0 -15.6 -1.51 0 -9.297
3 321 -1.51 0 -9.297 0 0 -15.6 -.692 0 -9.459
3 321 -.692 0 -9.459 0 0 -15.6 .14 0 -9.514
3 321 .972 0 -9.459 .14 0 -9.514 0 0 -15.6
3 321 1.79 0 -9.297 .972 0 -9.459 0 0 -15.6
3 321 2.579 0 -9.029 1.79 0 -9.297 0 0 -15.6
3 321 3.327 0 -8.66 2.579 0 -9.029 0 0 -15.6
4 321 4.02 0 -8.197 3.327 0 -8.66 0 0 -15.6 9.6 0 -5.8
3 321 9.6 0 -5.8 4.647 0 -7.647 4.02 0 -8.197
3 321 9.6 0 -5.8 5.197 0 -7.02 4.647 0 -7.647
3 321 9.6 0 -5.8 5.66 0 -6.327 5.197 0 -7.02
3 321 6.029 0 -5.579 5.66 0 -6.327 9.6 0 -5.8
4 321 6.297 0 -4.79 6.029 0 -5.579 9.6 0 -5.8 9.6 0 -3.4
3 321 9.6 0 -3.4 6.459 0 -3.972 6.297 0 -4.79
3 321 6.514 0 -3.14 6.459 0 -3.972 9.6 0 -3.4
4 321 6.459 0 -2.308 6.514 0 -3.14 9.6 0 -3.4 9.6 0 -1
3 321 9.6 0 -1 6.297 0 -1.49 6.459 0 -2.308
3 321 6.029 0 -.701 6.297 0 -1.49 9.6 0 -1
4 321 5.66 0 .047 6.029 0 -.701 9.6 0 -1 9.6 0 1.4
3 321 9.6 0 1.4 5.197 0 .74 5.66 0 .047
3 321 9.6 0 1.4 4.647 0 1.367 5.197 0 .74
3 321 4.05 0 1.927 4.647 0 1.367 9.6 0 1.4
4 321 3.69 0 2.2 4.05 0 1.927 9.6 0 1.4 9.6 0 3.8
4 321 5.44 0 6.03 3.69 0 2.2 9.6 0 3.8 9.6 0 6.2
3 321 9.6 0 6.2 5.48 0 6.18 5.44 0 6.03
4 321 5.39 0 6.3 5.48 0 6.18 9.6 0 6.2 9.6 0 8.6
4 321 4.95 0 11.3 5.39 0 6.3 9.6 0 8.6 9.6 0 11
3 321 4.97 0 11.52 4.95 0 11.3 9.6 0 11
4 321 4.92 0 11.67 4.97 0 11.52 9.6 0 11 9.6 0 13.4
4 321 4.92 0 11.67 9.6 0 13.4 9.6 0 15.8 3 0 17.45
4 321 3 0 17.45 9.6 0 15.8 9.6 0 18.2 2.94 0 17.58
4 321 2.94 0 17.58 7.2 0 20.6 4.8 0 20.6 2.84 0 17.66
4 321 2.84 0 17.66 4.8 0 20.6 2.4 0 20.6 2.69 0 17.59
4 321 2.69 0 17.59 2.4 0 20.6 0 0 20.6 -2.58 0 19.36
4 321 -2.58 0 19.36 0 0 20.6 -2.4 0 20.6 -2.66 0 19.42
3 321 -2.4 0 20.6 -2.73 0 19.44 -2.66 0 19.42
3 272 -2.73 0 19.44 -2.8 0 19.41 -2.66 0 19.42
4 321 2.62 0 17.51 2.69 0 17.59 -2.58 0 19.36 -2.52 0 19.28
4 321 2.62 0 17.51 -2.52 0 19.28 -.06 0 12.74 .4 0 12.72
3 321 2.62 0 17.51 .4 0 12.72 .78 0 12.64
3 321 -2.52 0 19.28 -.87 0 12.74 -.06 0 12.74
3 321 -2.92 0 19.23 -6.15 0 15.61 -6.04 0 15.53
4 321 -2.73 0 12.46 -2.92 0 19.23 -6.04 0 15.53 -3.07 0 12.32
3 321 -6.04 0 15.53 -3.41 0 12.14 -3.07 0 12.32
3 321 -6.04 0 15.53 -3.79 0 11.9 -3.41 0 12.14
3 321 3 0 17.45 4.76 0 11.66 4.92 0 11.67
4 321 4.62 0 11.58 4.76 0 11.66 3 0 17.45 2.51 0 11.84
4 321 4.62 0 11.58 2.51 0 11.84 2.45 0 11.5 2.49 0 11.21
4 321 4.62 0 11.58 2.49 0 11.21 2.55 0 11 2.65 0 10.79
3 321 4.62 0 11.58 2.65 0 10.79 2.71 0 10.61
3 321 4.62 0 11.58 2.71 0 10.61 2.71 0 10.45
3 321 4.62 0 11.58 2.71 0 10.45 2.64 0 10.25
4 321 4.62 0 11.58 2.64 0 10.25 2.53 0 10.07 2.43 0 9.83
4 321 4.62 0 11.58 2.43 0 9.83 2.28 0 8.81 2.38 0 8.64
3 321 4.95 0 11.3 3.5 0 6.05 5.39 0 6.3
4 321 -5.47 0 9.09 -6.98 0 7.82 -6.86 0 7.83 -5.31 0 8.65
4 321 -5.31 0 8.65 -6.86 0 7.83 -6.73 0 7.8 -5.09 0 8.24
4 321 -5.09 0 8.24 -6.73 0 7.8 -4.16 0 6.21 -4.81 0 8.1
4 321 -4.81 0 8.1 -4.16 0 6.21 -4 0 6.25 -4.48 0 8
