0 Tile  3 x  2 with Angled End with Nexo Power Shield Pattern - Prism of Clarity
0 Name: 22385p211.dat
0 Author: Johann Eisner [technicbasics]
0 !LDRAW_ORG Part UPDATE 2020-01
0 !LICENSE Redistributable under CCAL version 2.0 : see CAreadme.txt

0 BFC CERTIFY CCW

0 !HISTORY 2020-06-28 [PTadmin] Official Update 2020-01

1 16 0 0 0 1 0 0 0 1 0 0 0 1 s\22385s01.dat
4 4 0 0 -19.6 -13.2 0 -5.8 -15.6 0 -7.1 0 0 -22.8
4 15 -9.6 0 -5.8 -12 0 -5.8 0 0 -19.6 0 0 -15.6
3 15 -12 0 -5.8 -13.2 0 -5.8 0 0 -19.6
3 4 -15.6 0 26.4 -13.2 0 24.2 -9.6 0 24.2
3 4 -15.6 0 26.4 -9.6 0 24.2 -7.2 0 24.2
4 4 -15.6 0 26.4 -7.2 0 24.2 -4.8 0 24.2 0 0 26.4
3 4 0 0 26.4 -4.8 0 24.2 -2.4 0 24.2
3 4 0 0 26.4 -2.4 0 24.2 0 0 24.2
4 15 0 0 23 0 0 24.2 -2.4 0 24.2 -2.4 0 23
4 15 -2.4 0 23 -2.4 0 24.2 -4.8 0 24.2 -4.8 0 23
4 15 -4.8 0 23 -4.8 0 24.2 -7.2 0 24.2 -7.2 0 23
4 15 -7.2 0 23 -7.2 0 24.2 -9.6 0 24.2 -9.6 0 23
4 15 -12 0 23 -9.6 0 23 -9.6 0 24.2 -13.2 0 24.2
4 15 -12 0 23 -13.2 0 24.2 -13.2 0 20.6 -12 0 20.6
3 4 -15.6 0 26.4 -13.2 0 20.6 -13.2 0 24.2
3 4 -15.6 0 26.4 -13.2 0 18.2 -13.2 0 20.6
3 4 -15.6 0 26.4 -13.2 0 15.8 -13.2 0 18.2
3 4 -15.6 0 26.4 -13.2 0 13.4 -13.2 0 15.8
4 4 -13.2 0 11 -13.2 0 13.4 -15.6 0 26.4 -15.6 0 -7.1
3 4 -13.2 0 11 -15.6 0 -7.1 -13.2 0 8.6
3 4 -13.2 0 8.6 -15.6 0 -7.1 -13.2 0 6.2
3 4 -13.2 0 6.2 -15.6 0 -7.1 -13.2 0 3.8
3 4 -13.2 0 3.8 -15.6 0 -7.1 -13.2 0 1.4
4 15 -12 0 1.4 -9.6 0 1.4 -9.6 0 3.8 -12 0 3.8
4 15 -13.2 0 1.4 -12 0 1.4 -12 0 3.8 -13.2 0 3.8
4 15 -13.2 0 6.2 -13.2 0 3.8 -12 0 3.8 -12 0 6.2
4 4 -12 0 6.2 -12 0 3.8 -9.6 0 3.8 -9.6 0 6.2
4 15 -12 0 6.2 -9.6 0 6.2 -9.6 0 8.6 -12 0 8.6
4 15 -13.2 0 6.2 -12 0 6.2 -12 0 8.6 -13.2 0 8.6
4 15 -13.2 0 11 -13.2 0 8.6 -12 0 8.6 -12 0 11
4 4 -12 0 11 -12 0 8.6 -9.6 0 8.6 -9.6 0 11
4 15 -12 0 11 -9.6 0 11 -9.6 0 13.4 -12 0 13.4
4 15 -13.2 0 11 -12 0 11 -12 0 13.4 -13.2 0 13.4
4 15 -13.2 0 15.8 -13.2 0 13.4 -12 0 13.4 -12 0 15.8
4 15 -12 0 15.8 -12 0 13.4 -9.6 0 13.4 -9.6 0 15.8
4 15 -13.2 0 18.2 -13.2 0 15.8 -12 0 15.8 -12 0 18.2
4 4 -12 0 18.2 -12 0 15.8 -9.6 0 15.8 -9.6 0 18.2
4 4 -12 0 18.2 -9.6 0 18.2 -9.6 0 20.6 -12 0 20.6
4 15 -13.2 0 18.2 -12 0 18.2 -12 0 20.6 -13.2 0 20.6
4 15 -9.6 0 23 -12 0 23 -12 0 20.6 -9.6 0 20.6
4 4 -7.2 0 23 -9.6 0 23 -9.6 0 20.6 -7.2 0 20.6
4 15 -4.8 0 23 -7.2 0 23 -7.2 0 20.6 -4.8 0 20.6
4 4 -2.4 0 23 -4.8 0 23 -4.8 0 20.6 -2.4 0 20.6
4 4 0 0 23 -2.4 0 23 -2.4 0 20.6 0 0 20.6
4 4 15.6 0 -7.1 13.2 0 -5.8 0 0 -19.6 0 0 -22.8
4 15 0 0 -19.6 12 0 -5.8 9.6 0 -5.8 0 0 -15.6
3 15 13.2 0 -5.8 12 0 -5.8 0 0 -19.6
3 4 15.6 0 26.4 9.6 0 24.2 13.2 0 24.2
3 4 15.6 0 26.4 7.2 0 24.2 9.6 0 24.2
4 4 4.8 0 24.2 7.2 0 24.2 15.6 0 26.4 0 0 26.4
3 4 0 0 26.4 2.4 0 24.2 4.8 0 24.2
3 4 0 0 26.4 0 0 24.2 2.4 0 24.2
4 15 2.4 0 24.2 0 0 24.2 0 0 23 2.4 0 23
4 15 4.8 0 24.2 2.4 0 24.2 2.4 0 23 4.8 0 23
4 15 7.2 0 24.2 4.8 0 24.2 4.8 0 23 7.2 0 23
4 15 9.6 0 24.2 7.2 0 24.2 7.2 0 23 9.6 0 23
4 15 9.6 0 24.2 9.6 0 23 12 0 23 13.2 0 24.2
4 15 13.2 0 20.6 13.2 0 24.2 12 0 23 12 0 20.6
3 4 15.6 0 26.4 13.2 0 24.2 13.2 0 20.6
3 4 15.6 0 26.4 13.2 0 20.6 13.2 0 18.2
3 4 15.6 0 26.4 13.2 0 18.2 13.2 0 15.8
3 4 15.6 0 26.4 13.2 0 15.8 13.2 0 13.4
4 4 15.6 0 26.4 13.2 0 13.4 13.2 0 11 15.6 0 -7.1
3 4 13.2 0 11 13.2 0 8.6 15.6 0 -7.1
3 4 13.2 0 8.6 13.2 0 6.2 15.6 0 -7.1
3 4 13.2 0 6.2 13.2 0 3.8 15.6 0 -7.1
3 4 13.2 0 3.8 13.2 0 1.4 15.6 0 -7.1
4 15 9.6 0 3.8 9.6 0 1.4 12 0 1.4 12 0 3.8
4 15 12 0 3.8 12 0 1.4 13.2 0 1.4 13.2 0 3.8
4 15 12 0 3.8 13.2 0 3.8 13.2 0 6.2 12 0 6.2
4 4 9.6 0 3.8 12 0 3.8 12 0 6.2 9.6 0 6.2
4 4 9.6 0 8.6 9.6 0 6.2 12 0 6.2 12 0 8.6
4 15 12 0 8.6 12 0 6.2 13.2 0 6.2 13.2 0 8.6
4 15 12 0 8.6 13.2 0 8.6 13.2 0 11 12 0 11
4 15 9.6 0 8.6 12 0 8.6 12 0 11 9.6 0 11
4 4 9.6 0 13.4 9.6 0 11 12 0 11 12 0 13.4
4 15 12 0 13.4 12 0 11 13.2 0 11 13.2 0 13.4
4 15 12 0 13.4 13.2 0 13.4 13.2 0 15.8 12 0 15.8
4 15 9.6 0 13.4 12 0 13.4 12 0 15.8 9.6 0 15.8
4 15 12 0 15.8 13.2 0 15.8 13.2 0 18.2 12 0 18.2
4 15 9.6 0 15.8 12 0 15.8 12 0 18.2 9.6 0 18.2
4 4 9.6 0 20.6 9.6 0 18.2 12 0 18.2 12 0 20.6
4 15 12 0 20.6 12 0 18.2 13.2 0 18.2 13.2 0 20.6
4 4 12 0 20.6 12 0 23 9.6 0 23 9.6 0 20.6
4 15 9.6 0 20.6 9.6 0 23 7.2 0 23 7.2 0 20.6
4 4 7.2 0 20.6 7.2 0 23 4.8 0 23 4.8 0 20.6
4 15 4.8 0 20.6 4.8 0 23 2.4 0 23 2.4 0 20.6
4 15 2.4 0 20.6 2.4 0 23 0 0 23 0 0 20.6
4 15 -12 0 1.4 -13.2 0 1.4 -13.2 0 -1 -12 0 -1
4 4 -9.6 0 1.4 -12 0 1.4 -12 0 -1 -9.6 0 -1
4 4 -9.6 0 -3.4 -9.6 0 -1 -12 0 -1 -12 0 -3.4
4 15 -12 0 -3.4 -12 0 -1 -13.2 0 -1 -13.2 0 -3.4
4 15 -12 0 -3.4 -13.2 0 -3.4 -13.2 0 -5.8 -12 0 -5.8
4 4 -9.6 0 -3.4 -12 0 -3.4 -12 0 -5.8 -9.6 0 -5.8
3 4 -13.2 0 -3.4 -15.6 0 -7.1 -13.2 0 -5.8
3 4 -13.2 0 -1 -15.6 0 -7.1 -13.2 0 -3.4
3 4 -13.2 0 1.4 -15.6 0 -7.1 -13.2 0 -1
4 15 13.2 0 -3.4 13.2 0 -1 12 0 -1 12 0 -3.4
4 4 12 0 -3.4 12 0 -1 9.6 0 -1 9.6 0 -3.4
4 4 12 0 1.4 9.6 0 1.4 9.6 0 -1 12 0 -1
4 15 13.2 0 1.4 12 0 1.4 12 0 -1 13.2 0 -1
3 4 13.2 0 1.4 13.2 0 -1 15.6 0 -7.1
3 4 13.2 0 -1 13.2 0 -3.4 15.6 0 -7.1
3 4 13.2 0 -3.4 13.2 0 -5.8 15.6 0 -7.1
4 15 13.2 0 -5.8 13.2 0 -3.4 12 0 -3.4 12 0 -5.8
4 15 12 0 -5.8 12 0 -3.4 9.6 0 -3.4 9.6 0 -5.8
4 16 -16 0 30 -15.6 0 26.4 0 0 26.4 16 0 30
3 16 16 0 30 0 0 26.4 15.6 0 26.4
4 16 16 0 30 15.6 0 26.4 15.6 0 -7.1 16 0 -8.34
4 16 -15.6 0 -7.1 -15.6 0 26.4 -16 0 30 -16 0 -8.34
4 16 0 0 -22.8 -15.6 0 -7.1 -16 0 -8.34 0 0 -24.353
4 16 0 0 -22.8 0 0 -24.353 16 0 -8.34 15.6 0 -7.1
3 73 .42 0 3.22 .42 0 -13.331 5.326 0 -8.324
3 0x296CA3C 1.3 0 2.81 5.844 0 -7.795 8.217 0 -5.372
4 15 0 0 12.88 0 0 5.22 4.57 0 .08 7.49 0 .06
4 4 5.326 0 -8.324 .42 0 -13.331 0 0 -15.6 9.6 0 -5.8
3 4 9.6 0 -5.8 5.844 0 -7.795 5.326 0 -8.324
3 4 8.217 0 -5.372 5.844 0 -7.795 9.6 0 -5.8
3 4 9.6 0 -3.4 8.217 0 -5.372 9.6 0 -5.8
4 4 8.217 0 -5.372 9.6 0 -3.4 9.6 0 -1 7.49 0 .06
3 4 4.57 0 .08 8.217 0 -5.372 7.49 0 .06
4 4 1.3 0 2.81 8.217 0 -5.372 4.57 0 .08 0 0 5.22
4 4 1.3 0 2.81 0 0 5.22 .42 0 3.22 5.326 0 -8.324
4 15 .85 0 19.6 .45 0 19.6 .45 0 13.28 .85 0 12.621
4 4 1.81 0 19.6 .85 0 19.6 .85 0 12.621 1.81 0 11.039
4 15 2.21 0 19.6 1.81 0 19.6 1.81 0 11.039 2.21 0 10.38
3 4 9.6 0 1.4 7.49 0 .06 9.6 0 -1
3 4 9.6 0 3.8 7.49 0 .06 9.6 0 1.4
3 4 9.6 0 6.2 7.49 0 .06 9.6 0 3.8
4 4 7.49 0 .06 9.6 0 6.2 9.6 0 8.6 2.21 0 10.38
3 4 9.6 0 11 2.21 0 10.38 9.6 0 8.6
3 4 9.6 0 13.4 2.21 0 10.38 9.6 0 11
4 4 2.21 0 10.38 9.6 0 13.4 9.6 0 15.8 2.21 0 19.6
4 4 2.21 0 19.6 9.6 0 15.8 9.6 0 18.2 7.2 0 20.6
3 4 9.6 0 20.6 7.2 0 20.6 9.6 0 18.2
3 4 7.2 0 20.6 4.8 0 20.6 2.21 0 19.6
4 4 2.21 0 19.6 4.8 0 20.6 2.4 0 20.6 1.81 0 19.6
4 4 .85 0 19.6 1.81 0 19.6 2.4 0 20.6 0 0 20.6
3 4 0 0 20.6 .45 0 19.6 .85 0 19.6
3 14 -1.3 0 2.81 -8.217 0 -5.372 -5.844 0 -7.795
4 15 -4.57 0 .08 0 0 5.22 0 0 12.88 -7.49 0 .06
4 4 -5.844 0 -7.795 -8.217 0 -5.372 -9.6 0 -5.8 0 0 -15.6
3 4 -9.6 0 -3.4 -9.6 0 -5.8 -8.217 0 -5.372
4 4 -9.6 0 -1 -9.6 0 -3.4 -8.217 0 -5.372 -7.49 0 .06
3 4 -4.57 0 .08 -7.49 0 .06 -8.217 0 -5.372
4 4 -4.57 0 .08 -8.217 0 -5.372 -1.3 0 2.81 0 0 5.22
4 15 -.45 0 13.28 -.45 0 19.6 -.85 0 19.6 -.85 0 12.621
4 4 -.85 0 12.621 -.85 0 19.6 -1.81 0 19.6 -1.81 0 11.039
4 15 -1.81 0 11.039 -1.81 0 19.6 -2.21 0 19.6 -2.21 0 10.38
3 4 -9.6 0 1.4 -9.6 0 -1 -7.49 0 .06
3 4 -9.6 0 3.8 -9.6 0 1.4 -7.49 0 .06
3 4 -9.6 0 6.2 -9.6 0 3.8 -7.49 0 .06
4 4 -9.6 0 8.6 -9.6 0 6.2 -7.49 0 .06 -2.21 0 10.38
3 4 -9.6 0 11 -9.6 0 8.6 -2.21 0 10.38
3 4 -9.6 0 13.4 -9.6 0 11 -2.21 0 10.38
4 4 -9.6 0 15.8 -9.6 0 13.4 -2.21 0 10.38 -2.21 0 19.6
4 4 -9.6 0 18.2 -9.6 0 15.8 -2.21 0 19.6 -7.2 0 20.6
3 4 -7.2 0 20.6 -9.6 0 20.6 -9.6 0 18.2
3 4 -4.8 0 20.6 -7.2 0 20.6 -2.21 0 19.6
4 4 -2.4 0 20.6 -4.8 0 20.6 -2.21 0 19.6 -1.81 0 19.6
4 4 -2.4 0 20.6 -1.81 0 19.6 -.85 0 19.6 0 0 20.6
3 4 0 0 20.6 -.85 0 19.6 -.45 0 19.6
4 4 .42 0 3.22 0 0 5.22 -1.3 0 2.81 .42 0 -13.331
4 4 .42 0 -13.331 -1.3 0 2.81 -5.844 0 -7.795 0 0 -15.6
4 4 -2.21 0 10.38 -7.49 0 .06 0 0 12.88 -1.81 0 11.039
3 4 0 0 12.88 -.85 0 12.621 -1.81 0 11.039
4 4 -.45 0 13.28 -.85 0 12.621 0 0 12.88 .45 0 13.28
3 4 .45 0 13.28 0 0 12.88 .85 0 12.621
3 4 0 0 12.88 1.81 0 11.039 .85 0 12.621
4 4 2.21 0 10.38 1.81 0 11.039 0 0 12.88 7.49 0 .06
4 4 -.45 0 13.28 .45 0 13.28 .45 0 19.6 -.45 0 19.6
3 4 0 0 20.6 -.45 0 19.6 .45 0 19.6
3 4 1.3 0 2.81 5.326 0 -8.324 5.844 0 -7.795
