0 Baseplate 32 x 32 Road 7-Stud T Intersection with Crosswalks
0 Name: 2360p01.dat
0 Author: Steve Bliss [sbliss]
0 !LDRAW_ORG Part UPDATE 1999-04
0 !LICENSE Redistributable under CCAL version 2.0 : see CAreadme.txt

0 !KEYWORDS roadplate, 7-stud, X-road

0 !HISTORY 1999-03-23 [sbliss] 2360.dat + 607P01.dat pattern + Mods = 2360P01.dat
0 !HISTORY 1999-05-24 [PTadmin] Official Update 1999-04
0 !HISTORY 2007-07-01 [PTadmin] Header formatted for Contributor Agreement
0 !HISTORY 2008-07-01 [PTadmin] Official Update 2008-01

2 10 320 0 133 320 0 117
2 10 320 0 133 190 0 133
2 10 320 0 117 190 0 117
2 8 190 0 178 320 0 178
2 8 320 0 178 320 0 168
2 8 320 0 168 190 0 168
2 8 178 0 190 178 0 320
2 8 178 0 320 168 0 320
2 8 168 0 320 168 0 190
2 10 133 0 320 117 0 320
2 10 133 0 320 133 0 190
2 10 117 0 320 117 0 190
2 10 -133 0 320 -117 0 320
2 10 -133 0 320 -133 0 -320
2 10 -117 0 320 -117 0 -320
2 10 -117 0 -320 -133 0 -320
2 8 -178 0 -320 -178 0 320
2 8 -178 0 320 -168 0 320
2 8 -168 0 320 -168 0 -320
2 8 -168 0 -320 -178 0 -320
4 2 320 0 133 190 0 133 320 0 117 190 0 117
4 16 190 0 168 320 0 168 320 0 133 190 0 133
4 15 190 0 178 320 0 178 320 0 168 190 0 168
4 16 320 0 316 320 0 178 190 0 178 190 0 190
3 16 190 0 190 316 0 320 320 0 316
4 16 316 0 320 178 0 320 178 0 190 190 0 190
4 15 178 0 190 178 0 320 168 0 320 168 0 190
4 16 168 0 190 168 0 320 133 0 320 133 0 190
4 2 133 0 320 133 0 190 117 0 320 117 0 190
4 2 -133 0 320 -133 0 -320 -117 0 320 -117 0 -320
4 16 -168 0 -320 -168 0 320 -133 0 320 -133 0 -320
4 15 -178 0 -320 -178 0 320 -168 0 320 -168 0 -320
4 16 -178 0 -320 -178 0 320 -316 0 320 -316 0 -320
4 16 -316 0 -316 -316 0 316 -320 0 316 -320 0 -316
4 16 190 0 190 190 0 190 178.058 0 188.824 178 0 190
4 16 190 0 190 190 0 190 178.231 0 187.659 178.058 0 188.824
4 16 190 0 190 190 0 190 178.517 0 186.517 178.231 0 187.659
4 16 190 0 190 190 0 190 178.913 0 185.408 178.517 0 186.517
4 16 190 0 190 190 0 190 179.417 0 184.343 178.913 0 185.408
4 16 190 0 190 190 0 190 180.022 0 183.333 179.417 0 184.343
4 16 190 0 190 190 0 190 180.724 0 182.387 180.022 0 183.333
4 16 190 0 190 190 0 190 181.515 0 181.515 180.724 0 182.387
4 16 190 0 190 190 0 190 182.387 0 180.724 181.515 0 181.515
4 16 190 0 190 190 0 190 183.333 0 180.022 182.387 0 180.724
4 16 190 0 190 190 0 190 184.343 0 179.417 183.333 0 180.022
4 16 190 0 190 190 0 190 185.408 0 178.913 184.343 0 179.417
4 16 190 0 190 190 0 190 186.517 0 178.517 185.408 0 178.913
4 16 190 0 190 190 0 190 187.659 0 178.231 186.517 0 178.517
4 16 190 0 190 190 0 190 188.824 0 178.058 187.659 0 178.231
4 16 190 0 190 190 0 190 190 0 178 188.824 0 178.058
2 8 178 0 190 178.058 0 188.824
2 8 178.058 0 188.824 178.231 0 187.659
2 8 178.231 0 187.659 178.517 0 186.517
2 8 178.517 0 186.517 178.913 0 185.408
2 8 178.913 0 185.408 179.417 0 184.343
2 8 179.417 0 184.343 180.022 0 183.333
2 8 180.022 0 183.333 180.724 0 182.387
2 8 180.724 0 182.387 181.515 0 181.515
2 8 181.515 0 181.515 182.387 0 180.724
2 8 182.387 0 180.724 183.333 0 180.022
2 8 183.333 0 180.022 184.343 0 179.417
2 8 184.343 0 179.417 185.408 0 178.913
2 8 185.408 0 178.913 186.517 0 178.517
2 8 186.517 0 178.517 187.659 0 178.231
2 8 187.659 0 178.231 188.824 0 178.058
2 8 188.824 0 178.058 190 0 178
4 15 178 0 190 178.058 0 188.824 168.106 0 187.844 168 0 190
4 15 178.058 0 188.824 178.231 0 187.659 168.423 0 185.708 168.106 0 187.844
4 15 178.231 0 187.659 178.517 0 186.517 168.947 0 183.614 168.423 0 185.708
4 15 178.517 0 186.517 178.913 0 185.408 169.675 0 181.581 168.947 0 183.614
4 15 178.913 0 185.408 179.417 0 184.343 170.598 0 179.629 169.675 0 181.581
4 15 179.417 0 184.343 180.022 0 183.333 171.708 0 177.777 170.598 0 179.629
4 15 180.022 0 183.333 180.724 0 182.387 172.994 0 176.043 171.708 0 177.777
4 15 180.724 0 182.387 181.515 0 181.515 174.444 0 174.444 172.994 0 176.043
4 15 181.515 0 181.515 182.387 0 180.724 176.043 0 172.994 174.444 0 174.444
4 15 182.387 0 180.724 183.333 0 180.022 177.777 0 171.708 176.043 0 172.994
4 15 183.333 0 180.022 184.343 0 179.417 179.629 0 170.598 177.777 0 171.708
4 15 184.343 0 179.417 185.408 0 178.913 181.581 0 169.675 179.629 0 170.598
4 15 185.408 0 178.913 186.517 0 178.517 183.614 0 168.947 181.581 0 169.675
4 15 186.517 0 178.517 187.659 0 178.231 185.708 0 168.423 183.614 0 168.947
4 15 187.659 0 178.231 188.824 0 178.058 187.844 0 168.106 185.708 0 168.423
4 15 188.824 0 178.058 190 0 178 190 0 168 187.844 0 168.106
2 8 168 0 190 168.106 0 187.844
2 8 168.106 0 187.844 168.423 0 185.708
2 8 168.423 0 185.708 168.947 0 183.614
2 8 168.947 0 183.614 169.675 0 181.581
2 8 169.675 0 181.581 170.598 0 179.629
2 8 170.598 0 179.629 171.708 0 177.777
2 8 171.708 0 177.777 172.994 0 176.043
2 8 172.994 0 176.043 174.444 0 174.444
2 8 174.444 0 174.444 176.043 0 172.994
2 8 176.043 0 172.994 177.777 0 171.708
2 8 177.777 0 171.708 179.629 0 170.598
2 8 179.629 0 170.598 181.581 0 169.675
2 8 181.581 0 169.675 183.614 0 168.947
2 8 183.614 0 168.947 185.708 0 168.423
2 8 185.708 0 168.423 187.844 0 168.106
2 8 187.844 0 168.106 190 0 168
4 16 168 0 190 168.106 0 187.844 133.274 0 184.413 133 0 190
4 16 168.106 0 187.844 168.423 0 185.708 134.095 0 178.88 133.274 0 184.413
4 16 168.423 0 185.708 168.947 0 183.614 135.454 0 173.454 134.095 0 178.88
4 16 168.947 0 183.614 169.675 0 181.581 137.339 0 168.187 135.454 0 173.454
4 16 169.675 0 181.581 170.598 0 179.629 139.73 0 163.13 137.339 0 168.187
4 16 170.598 0 179.629 171.708 0 177.777 142.606 0 158.332 139.73 0 163.13
4 16 171.708 0 177.777 172.994 0 176.043 145.938 0 153.84 142.606 0 158.332
4 16 172.994 0 176.043 174.444 0 174.444 149.695 0 149.695 145.938 0 153.84
4 16 174.444 0 174.444 176.043 0 172.994 153.84 0 145.938 149.695 0 149.695
4 16 176.043 0 172.994 177.777 0 171.708 158.332 0 142.606 153.84 0 145.938
4 16 177.777 0 171.708 179.629 0 170.598 163.13 0 139.73 158.332 0 142.606
4 16 179.629 0 170.598 181.581 0 169.675 168.187 0 137.339 163.13 0 139.73
4 16 181.581 0 169.675 183.614 0 168.947 173.454 0 135.454 168.187 0 137.339
4 16 183.614 0 168.947 185.708 0 168.423 178.88 0 134.095 173.454 0 135.454
4 16 185.708 0 168.423 187.844 0 168.106 184.413 0 133.274 178.88 0 134.095
4 16 187.844 0 168.106 190 0 168 190 0 133 184.413 0 133.274
2 10 133 0 190 133.274 0 184.413
2 10 133.274 0 184.413 134.095 0 178.88
2 10 134.095 0 178.88 135.454 0 173.454
2 10 135.454 0 173.454 137.339 0 168.187
2 10 137.339 0 168.187 139.73 0 163.13
2 10 139.73 0 163.13 142.606 0 158.332
2 10 142.606 0 158.332 145.938 0 153.84
2 10 145.938 0 153.84 149.695 0 149.695
2 10 149.695 0 149.695 153.84 0 145.938
2 10 153.84 0 145.938 158.332 0 142.606
2 10 158.332 0 142.606 163.13 0 139.73
2 10 163.13 0 139.73 168.187 0 137.339
2 10 168.187 0 137.339 173.454 0 135.454
2 10 173.454 0 135.454 178.88 0 134.095
2 10 178.88 0 134.095 184.413 0 133.274
2 10 184.413 0 133.274 190 0 133
4 2 133 0 190 133.274 0 184.413 117.352 0 182.845 117 0 190
4 2 133.274 0 184.413 134.095 0 178.88 118.403 0 175.758 117.352 0 182.845
4 2 134.095 0 178.88 135.454 0 173.454 120.143 0 168.809 118.403 0 175.758
4 2 135.454 0 173.454 137.339 0 168.187 122.557 0 162.064 120.143 0 168.809
4 2 137.339 0 168.187 139.73 0 163.13 125.62 0 155.588 122.557 0 162.064
4 2 139.73 0 163.13 142.606 0 158.332 129.303 0 149.443 125.62 0 155.588
4 2 142.606 0 158.332 145.938 0 153.84 133.57 0 143.689 129.303 0 149.443
4 2 145.938 0 153.84 149.695 0 149.695 138.381 0 138.381 133.57 0 143.689
4 2 149.695 0 149.695 153.84 0 145.938 143.689 0 133.57 138.381 0 138.381
4 2 153.84 0 145.938 158.332 0 142.606 149.443 0 129.303 143.689 0 133.57
4 2 158.332 0 142.606 163.13 0 139.73 155.588 0 125.62 149.443 0 129.303
4 2 163.13 0 139.73 168.187 0 137.339 162.064 0 122.557 155.588 0 125.62
4 2 168.187 0 137.339 173.454 0 135.454 168.809 0 120.143 162.064 0 122.557
4 2 173.454 0 135.454 178.88 0 134.095 175.758 0 118.403 168.809 0 120.143
4 2 178.88 0 134.095 184.413 0 133.274 182.845 0 117.352 175.758 0 118.403
4 2 184.413 0 133.274 190 0 133 190 0 117 182.845 0 117.352
2 10 117 0 190 117.352 0 182.845
2 10 117.352 0 182.845 118.403 0 175.758
2 10 118.403 0 175.758 120.143 0 168.809
2 10 120.143 0 168.809 122.557 0 162.064
2 10 122.557 0 162.064 125.62 0 155.588
2 10 125.62 0 155.588 129.303 0 149.443
2 10 129.303 0 149.443 133.57 0 143.689
2 10 133.57 0 143.689 138.381 0 138.381
2 10 138.381 0 138.381 143.689 0 133.57
2 10 143.689 0 133.57 149.443 0 129.303
2 10 149.443 0 129.303 155.588 0 125.62
2 10 155.588 0 125.62 162.064 0 122.557
2 10 162.064 0 122.557 168.809 0 120.143
2 10 168.809 0 120.143 175.758 0 118.403
2 10 175.758 0 118.403 182.845 0 117.352
2 10 182.845 0 117.352 190 0 117
1 16 190 0 190 -73 0 0 0 1 0 0 0 -73 1-4ndis.dat
1 15 0 0 310 6 0 0 0 0 0 0 0 10 rect.dat
1 15 0 0 256 6 0 0 0 0 0 0 0 20 rect.dat
4 16 117 0 -162 6 0 -162 6 0 320 117 0 320
4 16 -117 0 -162 -6 0 -162 -6 0 320 -117 0 320
4 16 6 0 300 6 0 276 -6 0 276 -6 0 300
1 15 0 0 256 6 0 0 0 0 0 0 0 20 rect.dat
4 16 6 0 236 6 0 212 -6 0 212 -6 0 236
1 15 0 0 192 6 0 0 0 0 0 0 0 20 rect.dat
4 16 6 0 172 6 0 148 -6 0 148 -6 0 172
1 15 0 0 128 6 0 0 0 0 0 0 0 20 rect.dat
4 16 6 0 108 6 0 84 -6 0 84 -6 0 108
1 15 0 0 64 6 0 0 0 0 0 0 0 20 rect.dat
4 16 6 0 44 6 0 20 -6 0 20 -6 0 44
1 15 0 0 0 6 0 0 0 0 0 0 0 20 rect.dat
4 16 6 0 -20 6 0 -44 -6 0 -44 -6 0 -20
1 15 0 0 -64 6 0 0 0 0 0 0 0 20 rect.dat
4 16 6 0 -84 6 0 -108 -6 0 -108 -6 0 -84
1 15 0 0 -128 6 0 0 0 0 0 0 0 20 rect.dat
4 16 6 0 -148 6 0 -162 -6 0 -162 -6 0 -148
1 15 310 0 0 0 0 10 0 0 0 -6 0 0 rect.dat
1 15 256 0 0 0 0 20 0 0 0 -6 0 0 rect.dat
1 15 192 0 100 0 0 30 0 0 0 -8 0 0 rect.dat
1 15 192 0 75 0 0 30 0 0 0 -8 0 0 rect.dat
1 15 192 0 50 0 0 30 0 0 0 -8 0 0 rect.dat
1 15 192 0 25 0 0 30 0 0 0 -8 0 0 rect.dat
1 15 192 0 0 0 0 30 0 0 0 -8 0 0 rect.dat
1 15 192 0 -25 0 0 30 0 0 0 -8 0 0 rect.dat
1 15 192 0 -50 0 0 30 0 0 0 -8 0 0 rect.dat
1 15 192 0 -75 0 0 30 0 0 0 -8 0 0 rect.dat
1 15 192 0 -100 0 0 30 0 0 0 -8 0 0 rect.dat
4 16 162 0 -117 162 0 117 117 0 117 117 0 -117
4 16 222 0 -117 222 0 -6 320 0 -6 320 0 -117
4 16 222 0 117 222 0 6 320 0 6 320 0 117
4 16 300 0 -6 276 0 -6 276 0 6 300 0 6
4 16 236 0 -6 222 0 -6 222 0 6 236 0 6
4 16 222 0 108 222 0 117 162 0 117 162 0 108
4 16 222 0 83 222 0 92 162 0 92 162 0 83
4 16 222 0 58 222 0 67 162 0 67 162 0 58
4 16 222 0 33 222 0 42 162 0 42 162 0 33
4 16 222 0 8 222 0 17 162 0 17 162 0 8
4 16 222 0 -8 222 0 -17 162 0 -17 162 0 -8
4 16 222 0 -33 222 0 -42 162 0 -42 162 0 -33
4 16 222 0 -58 222 0 -67 162 0 -67 162 0 -58
4 16 222 0 -83 222 0 -92 162 0 -92 162 0 -83
4 16 222 0 -108 222 0 -117 162 0 -117 162 0 -108
2 10 133 0 -320 133 0 -190
2 10 117 0 -320 117 0 -190
2 8 178 0 -190 178 0 -320
2 8 178 0 -320 168 0 -320
2 8 168 0 -320 168 0 -190
2 8 190 0 -178 320 0 -178
2 8 320 0 -178 320 0 -168
2 8 320 0 -168 190 0 -168
2 10 320 0 -133 320 0 -117
2 10 320 0 -133 190 0 -133
2 10 320 0 -117 190 0 -117
4 2 133 0 -320 133 0 -190 117 0 -320 117 0 -190
4 16 168 0 -190 168 0 -320 133 0 -320 133 0 -190
4 15 178 0 -190 178 0 -320 168 0 -320 168 0 -190
4 16 316 0 -320 178 0 -320 178 0 -190 190 0 -190
3 16 190 0 -190 316 0 -320 320 0 -316
4 16 320 0 -316 320 0 -178 190 0 -178 190 0 -190
4 15 190 0 -178 320 0 -178 320 0 -168 190 0 -168
4 16 190 0 -168 320 0 -168 320 0 -133 190 0 -133
4 2 320 0 -133 190 0 -133 320 0 -117 190 0 -117
4 16 190 0 -190 190 0 -190 178.058 0 -188.824 178 0 -190
4 16 190 0 -190 190 0 -190 178.231 0 -187.659 178.058 0 -188.824
4 16 190 0 -190 190 0 -190 178.517 0 -186.517 178.231 0 -187.659
4 16 190 0 -190 190 0 -190 178.913 0 -185.408 178.517 0 -186.517
4 16 190 0 -190 190 0 -190 179.417 0 -184.343 178.913 0 -185.408
4 16 190 0 -190 190 0 -190 180.022 0 -183.333 179.417 0 -184.343
4 16 190 0 -190 190 0 -190 180.724 0 -182.387 180.022 0 -183.333
4 16 190 0 -190 190 0 -190 181.515 0 -181.515 180.724 0 -182.387
4 16 190 0 -190 190 0 -190 182.387 0 -180.724 181.515 0 -181.515
4 16 190 0 -190 190 0 -190 183.333 0 -180.022 182.387 0 -180.724
4 16 190 0 -190 190 0 -190 184.343 0 -179.417 183.333 0 -180.022
4 16 190 0 -190 190 0 -190 185.408 0 -178.913 184.343 0 -179.417
4 16 190 0 -190 190 0 -190 186.517 0 -178.517 185.408 0 -178.913
4 16 190 0 -190 190 0 -190 187.659 0 -178.231 186.517 0 -178.517
4 16 190 0 -190 190 0 -190 188.824 0 -178.058 187.659 0 -178.231
4 16 190 0 -190 190 0 -190 190 0 -178 188.824 0 -178.058
2 8 178 0 -190 178.058 0 -188.824
2 8 178.058 0 -188.824 178.231 0 -187.659
2 8 178.231 0 -187.659 178.517 0 -186.517
2 8 178.517 0 -186.517 178.913 0 -185.408
2 8 178.913 0 -185.408 179.417 0 -184.343
2 8 179.417 0 -184.343 180.022 0 -183.333
2 8 180.022 0 -183.333 180.724 0 -182.387
2 8 180.724 0 -182.387 181.515 0 -181.515
2 8 181.515 0 -181.515 182.387 0 -180.724
2 8 182.387 0 -180.724 183.333 0 -180.022
2 8 183.333 0 -180.022 184.343 0 -179.417
2 8 184.343 0 -179.417 185.408 0 -178.913
2 8 185.408 0 -178.913 186.517 0 -178.517
2 8 186.517 0 -178.517 187.659 0 -178.231
2 8 187.659 0 -178.231 188.824 0 -178.058
2 8 188.824 0 -178.058 190 0 -178
4 15 178 0 -190 178.058 0 -188.824 168.106 0 -187.844 168 0 -190
4 15 178.058 0 -188.824 178.231 0 -187.659 168.423 0 -185.708 168.106 0 -187.844
4 15 178.231 0 -187.659 178.517 0 -186.517 168.947 0 -183.614 168.423 0 -185.708
4 15 178.517 0 -186.517 178.913 0 -185.408 169.675 0 -181.581 168.947 0 -183.614
4 15 178.913 0 -185.408 179.417 0 -184.343 170.598 0 -179.629 169.675 0 -181.581
4 15 179.417 0 -184.343 180.022 0 -183.333 171.708 0 -177.777 170.598 0 -179.629
4 15 180.022 0 -183.333 180.724 0 -182.387 172.994 0 -176.043 171.708 0 -177.777
4 15 180.724 0 -182.387 181.515 0 -181.515 174.444 0 -174.444 172.994 0 -176.043
4 15 181.515 0 -181.515 182.387 0 -180.724 176.043 0 -172.994 174.444 0 -174.444
4 15 182.387 0 -180.724 183.333 0 -180.022 177.777 0 -171.708 176.043 0 -172.994
4 15 183.333 0 -180.022 184.343 0 -179.417 179.629 0 -170.598 177.777 0 -171.708
4 15 184.343 0 -179.417 185.408 0 -178.913 181.581 0 -169.675 179.629 0 -170.598
4 15 185.408 0 -178.913 186.517 0 -178.517 183.614 0 -168.947 181.581 0 -169.675
4 15 186.517 0 -178.517 187.659 0 -178.231 185.708 0 -168.423 183.614 0 -168.947
4 15 187.659 0 -178.231 188.824 0 -178.058 187.844 0 -168.106 185.708 0 -168.423
4 15 188.824 0 -178.058 190 0 -178 190 0 -168 187.844 0 -168.106
2 8 168 0 -190 168.106 0 -187.844
2 8 168.106 0 -187.844 168.423 0 -185.708
2 8 168.423 0 -185.708 168.947 0 -183.614
2 8 168.947 0 -183.614 169.675 0 -181.581
2 8 169.675 0 -181.581 170.598 0 -179.629
2 8 170.598 0 -179.629 171.708 0 -177.777
2 8 171.708 0 -177.777 172.994 0 -176.043
2 8 172.994 0 -176.043 174.444 0 -174.444
2 8 174.444 0 -174.444 176.043 0 -172.994
2 8 176.043 0 -172.994 177.777 0 -171.708
2 8 177.777 0 -171.708 179.629 0 -170.598
2 8 179.629 0 -170.598 181.581 0 -169.675
2 8 181.581 0 -169.675 183.614 0 -168.947
2 8 183.614 0 -168.947 185.708 0 -168.423
2 8 185.708 0 -168.423 187.844 0 -168.106
2 8 187.844 0 -168.106 190 0 -168
4 16 168 0 -190 168.106 0 -187.844 133.274 0 -184.413 133 0 -190
4 16 168.106 0 -187.844 168.423 0 -185.708 134.095 0 -178.88 133.274 0 -184.413
4 16 168.423 0 -185.708 168.947 0 -183.614 135.454 0 -173.454 134.095 0 -178.88
4 16 168.947 0 -183.614 169.675 0 -181.581 137.339 0 -168.187 135.454 0 -173.454
4 16 169.675 0 -181.581 170.598 0 -179.629 139.73 0 -163.13 137.339 0 -168.187
4 16 170.598 0 -179.629 171.708 0 -177.777 142.606 0 -158.332 139.73 0 -163.13
4 16 171.708 0 -177.777 172.994 0 -176.043 145.938 0 -153.84 142.606 0 -158.332
4 16 172.994 0 -176.043 174.444 0 -174.444 149.695 0 -149.695 145.938 0 -153.84
4 16 174.444 0 -174.444 176.043 0 -172.994 153.84 0 -145.938 149.695 0 -149.695
4 16 176.043 0 -172.994 177.777 0 -171.708 158.332 0 -142.606 153.84 0 -145.938
4 16 177.777 0 -171.708 179.629 0 -170.598 163.13 0 -139.73 158.332 0 -142.606
4 16 179.629 0 -170.598 181.581 0 -169.675 168.187 0 -137.339 163.13 0 -139.73
4 16 181.581 0 -169.675 183.614 0 -168.947 173.454 0 -135.454 168.187 0 -137.339
4 16 183.614 0 -168.947 185.708 0 -168.423 178.88 0 -134.095 173.454 0 -135.454
4 16 185.708 0 -168.423 187.844 0 -168.106 184.413 0 -133.274 178.88 0 -134.095
4 16 187.844 0 -168.106 190 0 -168 190 0 -133 184.413 0 -133.274
2 10 133 0 -190 133.274 0 -184.413
2 10 133.274 0 -184.413 134.095 0 -178.88
2 10 134.095 0 -178.88 135.454 0 -173.454
2 10 135.454 0 -173.454 137.339 0 -168.187
2 10 137.339 0 -168.187 139.73 0 -163.13
2 10 139.73 0 -163.13 142.606 0 -158.332
2 10 142.606 0 -158.332 145.938 0 -153.84
2 10 145.938 0 -153.84 149.695 0 -149.695
2 10 149.695 0 -149.695 153.84 0 -145.938
2 10 153.84 0 -145.938 158.332 0 -142.606
2 10 158.332 0 -142.606 163.13 0 -139.73
2 10 163.13 0 -139.73 168.187 0 -137.339
2 10 168.187 0 -137.339 173.454 0 -135.454
2 10 173.454 0 -135.454 178.88 0 -134.095
2 10 178.88 0 -134.095 184.413 0 -133.274
2 10 184.413 0 -133.274 190 0 -133
4 2 133 0 -190 133.274 0 -184.413 117.352 0 -182.845 117 0 -190
4 2 133.274 0 -184.413 134.095 0 -178.88 118.403 0 -175.758 117.352 0 -182.845
4 2 134.095 0 -178.88 135.454 0 -173.454 120.143 0 -168.809 118.403 0 -175.758
4 2 135.454 0 -173.454 137.339 0 -168.187 122.557 0 -162.064 120.143 0 -168.809
4 2 137.339 0 -168.187 139.73 0 -163.13 125.62 0 -155.588 122.557 0 -162.064
4 2 139.73 0 -163.13 142.606 0 -158.332 129.303 0 -149.443 125.62 0 -155.588
4 2 142.606 0 -158.332 145.938 0 -153.84 133.57 0 -143.689 129.303 0 -149.443
4 2 145.938 0 -153.84 149.695 0 -149.695 138.381 0 -138.381 133.57 0 -143.689
4 2 149.695 0 -149.695 153.84 0 -145.938 143.689 0 -133.57 138.381 0 -138.381
4 2 153.84 0 -145.938 158.332 0 -142.606 149.443 0 -129.303 143.689 0 -133.57
4 2 158.332 0 -142.606 163.13 0 -139.73 155.588 0 -125.62 149.443 0 -129.303
4 2 163.13 0 -139.73 168.187 0 -137.339 162.064 0 -122.557 155.588 0 -125.62
4 2 168.187 0 -137.339 173.454 0 -135.454 168.809 0 -120.143 162.064 0 -122.557
4 2 173.454 0 -135.454 178.88 0 -134.095 175.758 0 -118.403 168.809 0 -120.143
4 2 178.88 0 -134.095 184.413 0 -133.274 182.845 0 -117.352 175.758 0 -118.403
4 2 184.413 0 -133.274 190 0 -133 190 0 -117 182.845 0 -117.352
2 10 117 0 -190 117.352 0 -182.845
2 10 117.352 0 -182.845 118.403 0 -175.758
2 10 118.403 0 -175.758 120.143 0 -168.809
2 10 120.143 0 -168.809 122.557 0 -162.064
2 10 122.557 0 -162.064 125.62 0 -155.588
2 10 125.62 0 -155.588 129.303 0 -149.443
2 10 129.303 0 -149.443 133.57 0 -143.689
2 10 133.57 0 -143.689 138.381 0 -138.381
2 10 138.381 0 -138.381 143.689 0 -133.57
2 10 143.689 0 -133.57 149.443 0 -129.303
2 10 149.443 0 -129.303 155.588 0 -125.62
2 10 155.588 0 -125.62 162.064 0 -122.557
2 10 162.064 0 -122.557 168.809 0 -120.143
2 10 168.809 0 -120.143 175.758 0 -118.403
2 10 175.758 0 -118.403 182.845 0 -117.352
2 10 182.845 0 -117.352 190 0 -117
1 16 190 0 -190 -73 0 0 0 1 0 0 0 73 1-4ndis.dat
1 15 0 0 -310 -6 0 0 0 0 0 0 0 -10 rect.dat
1 15 0 0 -256 -6 0 0 0 0 0 0 0 -20 rect.dat
1 15 100 0 -192 -8 0 0 0 0 0 0 0 -30 rect.dat
1 15 75 0 -192 -8 0 0 0 0 0 0 0 -30 rect.dat
1 15 50 0 -192 -8 0 0 0 0 0 0 0 -30 rect.dat
1 15 25 0 -192 -8 0 0 0 0 0 0 0 -30 rect.dat
1 15 0 0 -192 -8 0 0 0 0 0 0 0 -30 rect.dat
1 15 -25 0 -192 -8 0 0 0 0 0 0 0 -30 rect.dat
1 15 -50 0 -192 -8 0 0 0 0 0 0 0 -30 rect.dat
1 15 -75 0 -192 -8 0 0 0 0 0 0 0 -30 rect.dat
1 15 -100 0 -192 -8 0 0 0 0 0 0 0 -30 rect.dat
4 16 -117 0 -222 -6 0 -222 -6 0 -320 -117 0 -320
4 16 117 0 -222 6 0 -222 6 0 -320 117 0 -320
4 16 -6 0 -300 -6 0 -276 6 0 -276 6 0 -300
4 16 -6 0 -236 -6 0 -222 6 0 -222 6 0 -236
4 16 108 0 -222 117 0 -222 117 0 -162 108 0 -162
4 16 83 0 -222 92 0 -222 92 0 -162 83 0 -162
4 16 58 0 -222 67 0 -222 67 0 -162 58 0 -162
4 16 33 0 -222 42 0 -222 42 0 -162 33 0 -162
4 16 8 0 -222 17 0 -222 17 0 -162 8 0 -162
4 16 -8 0 -222 -17 0 -222 -17 0 -162 -8 0 -162
4 16 -33 0 -222 -42 0 -222 -42 0 -162 -33 0 -162
4 16 -58 0 -222 -67 0 -222 -67 0 -162 -58 0 -162
4 16 -83 0 -222 -92 0 -222 -92 0 -162 -83 0 -162
4 16 -108 0 -222 -117 0 -222 -117 0 -162 -108 0 -162
1 16 310 0 310 1 0 0 0 1 0 0 0 1 stud.dat
1 16 290 0 310 1 0 0 0 1 0 0 0 1 stud.dat
1 16 270 0 310 1 0 0 0 1 0 0 0 1 stud.dat
1 16 250 0 310 1 0 0 0 1 0 0 0 1 stud.dat
1 16 230 0 310 1 0 0 0 1 0 0 0 1 stud.dat
1 16 210 0 310 1 0 0 0 1 0 0 0 1 stud.dat
1 16 190 0 310 1 0 0 0 1 0 0 0 1 stud.dat
1 16 -190 0 310 1 0 0 0 1 0 0 0 1 stud.dat
1 16 -210 0 310 1 0 0 0 1 0 0 0 1 stud.dat
1 16 -230 0 310 1 0 0 0 1 0 0 0 1 stud.dat
1 16 -250 0 310 1 0 0 0 1 0 0 0 1 stud.dat
1 16 -270 0 310 1 0 0 0 1 0 0 0 1 stud.dat
1 16 -290 0 310 1 0 0 0 1 0 0 0 1 stud.dat
1 16 -310 0 310 1 0 0 0 1 0 0 0 1 stud.dat
1 16 310 0 290 1 0 0 0 1 0 0 0 1 stud.dat
1 16 290 0 290 1 0 0 0 1 0 0 0 1 stud.dat
1 16 270 0 290 1 0 0 0 1 0 0 0 1 stud.dat
1 16 250 0 290 1 0 0 0 1 0 0 0 1 stud.dat
1 16 230 0 290 1 0 0 0 1 0 0 0 1 stud.dat
1 16 210 0 290 1 0 0 0 1 0 0 0 1 stud.dat
1 16 190 0 290 1 0 0 0 1 0 0 0 1 stud.dat
1 16 -190 0 290 1 0 0 0 1 0 0 0 1 stud.dat
1 16 -210 0 290 1 0 0 0 1 0 0 0 1 stud.dat
1 16 -230 0 290 1 0 0 0 1 0 0 0 1 stud.dat
1 16 -250 0 290 1 0 0 0 1 0 0 0 1 stud.dat
1 16 -270 0 290 1 0 0 0 1 0 0 0 1 stud.dat
1 16 -290 0 290 1 0 0 0 1 0 0 0 1 stud.dat
1 16 -310 0 290 1 0 0 0 1 0 0 0 1 stud.dat
1 16 310 0 270 1 0 0 0 1 0 0 0 1 stud.dat
1 16 290 0 270 1 0 0 0 1 0 0 0 1 stud.dat
1 16 270 0 270 1 0 0 0 1 0 0 0 1 stud.dat
1 16 250 0 270 1 0 0 0 1 0 0 0 1 stud.dat
1 16 230 0 270 1 0 0 0 1 0 0 0 1 stud.dat
1 16 210 0 270 1 0 0 0 1 0 0 0 1 stud.dat
1 16 190 0 270 1 0 0 0 1 0 0 0 1 stud.dat
1 16 -190 0 270 1 0 0 0 1 0 0 0 1 stud.dat
1 16 -210 0 270 1 0 0 0 1 0 0 0 1 stud.dat
1 16 -230 0 270 1 0 0 0 1 0 0 0 1 stud.dat
1 16 -250 0 270 1 0 0 0 1 0 0 0 1 stud.dat
1 16 -270 0 270 1 0 0 0 1 0 0 0 1 stud.dat
1 16 -290 0 270 1 0 0 0 1 0 0 0 1 stud.dat
1 16 -310 0 270 1 0 0 0 1 0 0 0 1 stud.dat
1 16 310 0 250 1 0 0 0 1 0 0 0 1 stud.dat
1 16 290 0 250 1 0 0 0 1 0 0 0 1 stud.dat
1 16 270 0 250 1 0 0 0 1 0 0 0 1 stud.dat
1 16 250 0 250 1 0 0 0 1 0 0 0 1 stud.dat
1 16 230 0 250 1 0 0 0 1 0 0 0 1 stud.dat
1 16 210 0 250 1 0 0 0 1 0 0 0 1 stud.dat
1 16 190 0 250 1 0 0 0 1 0 0 0 1 stud.dat
1 16 -190 0 250 1 0 0 0 1 0 0 0 1 stud.dat
1 16 -210 0 250 1 0 0 0 1 0 0 0 1 stud.dat
1 16 -230 0 250 1 0 0 0 1 0 0 0 1 stud.dat
1 16 -250 0 250 1 0 0 0 1 0 0 0 1 stud.dat
1 16 -270 0 250 1 0 0 0 1 0 0 0 1 stud.dat
1 16 -290 0 250 1 0 0 0 1 0 0 0 1 stud.dat
1 16 -310 0 250 1 0 0 0 1 0 0 0 1 stud.dat
1 16 310 0 230 1 0 0 0 1 0 0 0 1 stud.dat
1 16 290 0 230 1 0 0 0 1 0 0 0 1 stud.dat
1 16 270 0 230 1 0 0 0 1 0 0 0 1 stud.dat
1 16 250 0 230 1 0 0 0 1 0 0 0 1 stud.dat
1 16 230 0 230 1 0 0 0 1 0 0 0 1 stud.dat
1 16 210 0 230 1 0 0 0 1 0 0 0 1 stud.dat
1 16 190 0 230 1 0 0 0 1 0 0 0 1 stud.dat
1 16 -190 0 230 1 0 0 0 1 0 0 0 1 stud.dat
1 16 -210 0 230 1 0 0 0 1 0 0 0 1 stud.dat
1 16 -230 0 230 1 0 0 0 1 0 0 0 1 stud.dat
1 16 -250 0 230 1 0 0 0 1 0 0 0 1 stud.dat
1 16 -270 0 230 1 0 0 0 1 0 0 0 1 stud.dat
1 16 -290 0 230 1 0 0 0 1 0 0 0 1 stud.dat
1 16 -310 0 230 1 0 0 0 1 0 0 0 1 stud.dat
1 16 310 0 210 1 0 0 0 1 0 0 0 1 stud.dat
1 16 290 0 210 1 0 0 0 1 0 0 0 1 stud.dat
1 16 270 0 210 1 0 0 0 1 0 0 0 1 stud.dat
1 16 250 0 210 1 0 0 0 1 0 0 0 1 stud.dat
1 16 230 0 210 1 0 0 0 1 0 0 0 1 stud.dat
1 16 210 0 210 1 0 0 0 1 0 0 0 1 stud.dat
1 16 190 0 210 1 0 0 0 1 0 0 0 1 stud.dat
1 16 -190 0 210 1 0 0 0 1 0 0 0 1 stud.dat
1 16 -210 0 210 1 0 0 0 1 0 0 0 1 stud.dat
1 16 -230 0 210 1 0 0 0 1 0 0 0 1 stud.dat
1 16 -250 0 210 1 0 0 0 1 0 0 0 1 stud.dat
1 16 -270 0 210 1 0 0 0 1 0 0 0 1 stud.dat
1 16 -290 0 210 1 0 0 0 1 0 0 0 1 stud.dat
1 16 -310 0 210 1 0 0 0 1 0 0 0 1 stud.dat
1 16 310 0 190 1 0 0 0 1 0 0 0 1 stud.dat
1 16 290 0 190 1 0 0 0 1 0 0 0 1 stud.dat
1 16 270 0 190 1 0 0 0 1 0 0 0 1 stud.dat
1 16 250 0 190 1 0 0 0 1 0 0 0 1 stud.dat
1 16 230 0 190 1 0 0 0 1 0 0 0 1 stud.dat
1 16 210 0 190 1 0 0 0 1 0 0 0 1 stud.dat
1 16 190 0 190 1 0 0 0 1 0 0 0 1 stud.dat
1 16 -190 0 190 1 0 0 0 1 0 0 0 1 stud.dat
1 16 -210 0 190 1 0 0 0 1 0 0 0 1 stud.dat
1 16 -230 0 190 1 0 0 0 1 0 0 0 1 stud.dat
1 16 -250 0 190 1 0 0 0 1 0 0 0 1 stud.dat
1 16 -270 0 190 1 0 0 0 1 0 0 0 1 stud.dat
1 16 -290 0 190 1 0 0 0 1 0 0 0 1 stud.dat
1 16 -310 0 190 1 0 0 0 1 0 0 0 1 stud.dat
1 16 -190 0 170 1 0 0 0 1 0 0 0 1 stud.dat
1 16 -210 0 170 1 0 0 0 1 0 0 0 1 stud.dat
1 16 -230 0 170 1 0 0 0 1 0 0 0 1 stud.dat
1 16 -250 0 170 1 0 0 0 1 0 0 0 1 stud.dat
1 16 -270 0 170 1 0 0 0 1 0 0 0 1 stud.dat
1 16 -290 0 170 1 0 0 0 1 0 0 0 1 stud.dat
1 16 -310 0 170 1 0 0 0 1 0 0 0 1 stud.dat
1 16 -190 0 150 1 0 0 0 1 0 0 0 1 stud.dat
1 16 -210 0 150 1 0 0 0 1 0 0 0 1 stud.dat
1 16 -230 0 150 1 0 0 0 1 0 0 0 1 stud.dat
1 16 -250 0 150 1 0 0 0 1 0 0 0 1 stud.dat
1 16 -270 0 150 1 0 0 0 1 0 0 0 1 stud.dat
1 16 -290 0 150 1 0 0 0 1 0 0 0 1 stud.dat
1 16 -310 0 150 1 0 0 0 1 0 0 0 1 stud.dat
1 16 -190 0 130 1 0 0 0 1 0 0 0 1 stud.dat
1 16 -210 0 130 1 0 0 0 1 0 0 0 1 stud.dat
1 16 -230 0 130 1 0 0 0 1 0 0 0 1 stud.dat
1 16 -250 0 130 1 0 0 0 1 0 0 0 1 stud.dat
1 16 -270 0 130 1 0 0 0 1 0 0 0 1 stud.dat
1 16 -290 0 130 1 0 0 0 1 0 0 0 1 stud.dat
1 16 -310 0 130 1 0 0 0 1 0 0 0 1 stud.dat
1 16 -190 0 110 1 0 0 0 1 0 0 0 1 stud.dat
1 16 -210 0 110 1 0 0 0 1 0 0 0 1 stud.dat
1 16 -230 0 110 1 0 0 0 1 0 0 0 1 stud.dat
1 16 -250 0 110 1 0 0 0 1 0 0 0 1 stud.dat
1 16 -270 0 110 1 0 0 0 1 0 0 0 1 stud.dat
1 16 -290 0 110 1 0 0 0 1 0 0 0 1 stud.dat
1 16 -310 0 110 1 0 0 0 1 0 0 0 1 stud.dat
1 16 -190 0 90 1 0 0 0 1 0 0 0 1 stud.dat
1 16 -210 0 90 1 0 0 0 1 0 0 0 1 stud.dat
1 16 -230 0 90 1 0 0 0 1 0 0 0 1 stud.dat
1 16 -250 0 90 1 0 0 0 1 0 0 0 1 stud.dat
1 16 -270 0 90 1 0 0 0 1 0 0 0 1 stud.dat
1 16 -290 0 90 1 0 0 0 1 0 0 0 1 stud.dat
1 16 -310 0 90 1 0 0 0 1 0 0 0 1 stud.dat
1 16 -190 0 70 1 0 0 0 1 0 0 0 1 stud.dat
1 16 -210 0 70 1 0 0 0 1 0 0 0 1 stud.dat
1 16 -230 0 70 1 0 0 0 1 0 0 0 1 stud.dat
1 16 -250 0 70 1 0 0 0 1 0 0 0 1 stud.dat
1 16 -270 0 70 1 0 0 0 1 0 0 0 1 stud.dat
1 16 -290 0 70 1 0 0 0 1 0 0 0 1 stud.dat
1 16 -310 0 70 1 0 0 0 1 0 0 0 1 stud.dat
1 16 -190 0 50 1 0 0 0 1 0 0 0 1 stud.dat
1 16 -210 0 50 1 0 0 0 1 0 0 0 1 stud.dat
1 16 -230 0 50 1 0 0 0 1 0 0 0 1 stud.dat
1 16 -250 0 50 1 0 0 0 1 0 0 0 1 stud.dat
1 16 -270 0 50 1 0 0 0 1 0 0 0 1 stud.dat
1 16 -290 0 50 1 0 0 0 1 0 0 0 1 stud.dat
1 16 -310 0 50 1 0 0 0 1 0 0 0 1 stud.dat
1 16 -190 0 30 1 0 0 0 1 0 0 0 1 stud.dat
1 16 -210 0 30 1 0 0 0 1 0 0 0 1 stud.dat
1 16 -230 0 30 1 0 0 0 1 0 0 0 1 stud.dat
1 16 -250 0 30 1 0 0 0 1 0 0 0 1 stud.dat
1 16 -270 0 30 1 0 0 0 1 0 0 0 1 stud.dat
1 16 -290 0 30 1 0 0 0 1 0 0 0 1 stud.dat
1 16 -310 0 30 1 0 0 0 1 0 0 0 1 stud.dat
1 16 -190 0 10 1 0 0 0 1 0 0 0 1 stud.dat
1 16 -210 0 10 1 0 0 0 1 0 0 0 1 stud.dat
1 16 -230 0 10 1 0 0 0 1 0 0 0 1 stud.dat
1 16 -250 0 10 1 0 0 0 1 0 0 0 1 stud.dat
1 16 -270 0 10 1 0 0 0 1 0 0 0 1 stud.dat
1 16 -290 0 10 1 0 0 0 1 0 0 0 1 stud.dat
1 16 -310 0 10 1 0 0 0 1 0 0 0 1 stud.dat
1 16 -190 0 -10 1 0 0 0 1 0 0 0 1 stud.dat
1 16 -210 0 -10 1 0 0 0 1 0 0 0 1 stud.dat
1 16 -230 0 -10 1 0 0 0 1 0 0 0 1 stud.dat
1 16 -250 0 -10 1 0 0 0 1 0 0 0 1 stud.dat
1 16 -270 0 -10 1 0 0 0 1 0 0 0 1 stud.dat
1 16 -290 0 -10 1 0 0 0 1 0 0 0 1 stud.dat
1 16 -310 0 -10 1 0 0 0 1 0 0 0 1 stud.dat
1 16 -190 0 -30 1 0 0 0 1 0 0 0 1 stud.dat
1 16 -210 0 -30 1 0 0 0 1 0 0 0 1 stud.dat
1 16 -230 0 -30 1 0 0 0 1 0 0 0 1 stud.dat
1 16 -250 0 -30 1 0 0 0 1 0 0 0 1 stud.dat
1 16 -270 0 -30 1 0 0 0 1 0 0 0 1 stud.dat
1 16 -290 0 -30 1 0 0 0 1 0 0 0 1 stud.dat
1 16 -310 0 -30 1 0 0 0 1 0 0 0 1 stud.dat
1 16 -190 0 -50 1 0 0 0 1 0 0 0 1 stud.dat
1 16 -210 0 -50 1 0 0 0 1 0 0 0 1 stud.dat
1 16 -230 0 -50 1 0 0 0 1 0 0 0 1 stud.dat
1 16 -250 0 -50 1 0 0 0 1 0 0 0 1 stud.dat
1 16 -270 0 -50 1 0 0 0 1 0 0 0 1 stud.dat
1 16 -290 0 -50 1 0 0 0 1 0 0 0 1 stud.dat
1 16 -310 0 -50 1 0 0 0 1 0 0 0 1 stud.dat
1 16 -190 0 -70 1 0 0 0 1 0 0 0 1 stud.dat
1 16 -210 0 -70 1 0 0 0 1 0 0 0 1 stud.dat
1 16 -230 0 -70 1 0 0 0 1 0 0 0 1 stud.dat
1 16 -250 0 -70 1 0 0 0 1 0 0 0 1 stud.dat
1 16 -270 0 -70 1 0 0 0 1 0 0 0 1 stud.dat
1 16 -290 0 -70 1 0 0 0 1 0 0 0 1 stud.dat
1 16 -310 0 -70 1 0 0 0 1 0 0 0 1 stud.dat
1 16 -190 0 -90 1 0 0 0 1 0 0 0 1 stud.dat
1 16 -210 0 -90 1 0 0 0 1 0 0 0 1 stud.dat
1 16 -230 0 -90 1 0 0 0 1 0 0 0 1 stud.dat
1 16 -250 0 -90 1 0 0 0 1 0 0 0 1 stud.dat
1 16 -270 0 -90 1 0 0 0 1 0 0 0 1 stud.dat
1 16 -290 0 -90 1 0 0 0 1 0 0 0 1 stud.dat
1 16 -310 0 -90 1 0 0 0 1 0 0 0 1 stud.dat
1 16 -190 0 -110 1 0 0 0 1 0 0 0 1 stud.dat
1 16 -210 0 -110 1 0 0 0 1 0 0 0 1 stud.dat
1 16 -230 0 -110 1 0 0 0 1 0 0 0 1 stud.dat
1 16 -250 0 -110 1 0 0 0 1 0 0 0 1 stud.dat
1 16 -270 0 -110 1 0 0 0 1 0 0 0 1 stud.dat
1 16 -290 0 -110 1 0 0 0 1 0 0 0 1 stud.dat
1 16 -310 0 -110 1 0 0 0 1 0 0 0 1 stud.dat
1 16 -190 0 -130 1 0 0 0 1 0 0 0 1 stud.dat
1 16 -210 0 -130 1 0 0 0 1 0 0 0 1 stud.dat
1 16 -230 0 -130 1 0 0 0 1 0 0 0 1 stud.dat
1 16 -250 0 -130 1 0 0 0 1 0 0 0 1 stud.dat
1 16 -270 0 -130 1 0 0 0 1 0 0 0 1 stud.dat
1 16 -290 0 -130 1 0 0 0 1 0 0 0 1 stud.dat
1 16 -310 0 -130 1 0 0 0 1 0 0 0 1 stud.dat
1 16 -190 0 -150 1 0 0 0 1 0 0 0 1 stud.dat
1 16 -210 0 -150 1 0 0 0 1 0 0 0 1 stud.dat
1 16 -230 0 -150 1 0 0 0 1 0 0 0 1 stud.dat
1 16 -250 0 -150 1 0 0 0 1 0 0 0 1 stud.dat
1 16 -270 0 -150 1 0 0 0 1 0 0 0 1 stud.dat
1 16 -290 0 -150 1 0 0 0 1 0 0 0 1 stud.dat
1 16 -310 0 -150 1 0 0 0 1 0 0 0 1 stud.dat
1 16 -190 0 -170 1 0 0 0 1 0 0 0 1 stud.dat
1 16 -210 0 -170 1 0 0 0 1 0 0 0 1 stud.dat
1 16 -230 0 -170 1 0 0 0 1 0 0 0 1 stud.dat
1 16 -250 0 -170 1 0 0 0 1 0 0 0 1 stud.dat
1 16 -270 0 -170 1 0 0 0 1 0 0 0 1 stud.dat
1 16 -290 0 -170 1 0 0 0 1 0 0 0 1 stud.dat
1 16 -310 0 -170 1 0 0 0 1 0 0 0 1 stud.dat
1 16 310 0 -190 1 0 0 0 1 0 0 0 1 stud.dat
1 16 290 0 -190 1 0 0 0 1 0 0 0 1 stud.dat
1 16 270 0 -190 1 0 0 0 1 0 0 0 1 stud.dat
1 16 250 0 -190 1 0 0 0 1 0 0 0 1 stud.dat
1 16 230 0 -190 1 0 0 0 1 0 0 0 1 stud.dat
1 16 210 0 -190 1 0 0 0 1 0 0 0 1 stud.dat
1 16 190 0 -190 1 0 0 0 1 0 0 0 1 stud.dat
1 16 -190 0 -190 1 0 0 0 1 0 0 0 1 stud.dat
1 16 -210 0 -190 1 0 0 0 1 0 0 0 1 stud.dat
1 16 -230 0 -190 1 0 0 0 1 0 0 0 1 stud.dat
1 16 -250 0 -190 1 0 0 0 1 0 0 0 1 stud.dat
1 16 -270 0 -190 1 0 0 0 1 0 0 0 1 stud.dat
1 16 -290 0 -190 1 0 0 0 1 0 0 0 1 stud.dat
1 16 -310 0 -190 1 0 0 0 1 0 0 0 1 stud.dat
1 16 310 0 -210 1 0 0 0 1 0 0 0 1 stud.dat
1 16 290 0 -210 1 0 0 0 1 0 0 0 1 stud.dat
1 16 270 0 -210 1 0 0 0 1 0 0 0 1 stud.dat
1 16 250 0 -210 1 0 0 0 1 0 0 0 1 stud.dat
1 16 230 0 -210 1 0 0 0 1 0 0 0 1 stud.dat
1 16 210 0 -210 1 0 0 0 1 0 0 0 1 stud.dat
1 16 190 0 -210 1 0 0 0 1 0 0 0 1 stud.dat
1 16 -190 0 -210 1 0 0 0 1 0 0 0 1 stud.dat
1 16 -210 0 -210 1 0 0 0 1 0 0 0 1 stud.dat
1 16 -230 0 -210 1 0 0 0 1 0 0 0 1 stud.dat
1 16 -250 0 -210 1 0 0 0 1 0 0 0 1 stud.dat
1 16 -270 0 -210 1 0 0 0 1 0 0 0 1 stud.dat
1 16 -290 0 -210 1 0 0 0 1 0 0 0 1 stud.dat
1 16 -310 0 -210 1 0 0 0 1 0 0 0 1 stud.dat
1 16 310 0 -230 1 0 0 0 1 0 0 0 1 stud.dat
1 16 290 0 -230 1 0 0 0 1 0 0 0 1 stud.dat
1 16 270 0 -230 1 0 0 0 1 0 0 0 1 stud.dat
1 16 250 0 -230 1 0 0 0 1 0 0 0 1 stud.dat
1 16 230 0 -230 1 0 0 0 1 0 0 0 1 stud.dat
1 16 210 0 -230 1 0 0 0 1 0 0 0 1 stud.dat
1 16 190 0 -230 1 0 0 0 1 0 0 0 1 stud.dat
1 16 -190 0 -230 1 0 0 0 1 0 0 0 1 stud.dat
1 16 -210 0 -230 1 0 0 0 1 0 0 0 1 stud.dat
1 16 -230 0 -230 1 0 0 0 1 0 0 0 1 stud.dat
1 16 -250 0 -230 1 0 0 0 1 0 0 0 1 stud.dat
1 16 -270 0 -230 1 0 0 0 1 0 0 0 1 stud.dat
1 16 -290 0 -230 1 0 0 0 1 0 0 0 1 stud.dat
1 16 -310 0 -230 1 0 0 0 1 0 0 0 1 stud.dat
1 16 310 0 -250 1 0 0 0 1 0 0 0 1 stud.dat
1 16 290 0 -250 1 0 0 0 1 0 0 0 1 stud.dat
1 16 270 0 -250 1 0 0 0 1 0 0 0 1 stud.dat
1 16 250 0 -250 1 0 0 0 1 0 0 0 1 stud.dat
1 16 230 0 -250 1 0 0 0 1 0 0 0 1 stud.dat
1 16 210 0 -250 1 0 0 0 1 0 0 0 1 stud.dat
1 16 190 0 -250 1 0 0 0 1 0 0 0 1 stud.dat
1 16 -190 0 -250 1 0 0 0 1 0 0 0 1 stud.dat
1 16 -210 0 -250 1 0 0 0 1 0 0 0 1 stud.dat
1 16 -230 0 -250 1 0 0 0 1 0 0 0 1 stud.dat
1 16 -250 0 -250 1 0 0 0 1 0 0 0 1 stud.dat
1 16 -270 0 -250 1 0 0 0 1 0 0 0 1 stud.dat
1 16 -290 0 -250 1 0 0 0 1 0 0 0 1 stud.dat
1 16 -310 0 -250 1 0 0 0 1 0 0 0 1 stud.dat
1 16 310 0 -270 1 0 0 0 1 0 0 0 1 stud.dat
1 16 290 0 -270 1 0 0 0 1 0 0 0 1 stud.dat
1 16 270 0 -270 1 0 0 0 1 0 0 0 1 stud.dat
1 16 250 0 -270 1 0 0 0 1 0 0 0 1 stud.dat
1 16 230 0 -270 1 0 0 0 1 0 0 0 1 stud.dat
1 16 210 0 -270 1 0 0 0 1 0 0 0 1 stud.dat
1 16 190 0 -270 1 0 0 0 1 0 0 0 1 stud.dat
1 16 -190 0 -270 1 0 0 0 1 0 0 0 1 stud.dat
1 16 -210 0 -270 1 0 0 0 1 0 0 0 1 stud.dat
1 16 -230 0 -270 1 0 0 0 1 0 0 0 1 stud.dat
1 16 -250 0 -270 1 0 0 0 1 0 0 0 1 stud.dat
1 16 -270 0 -270 1 0 0 0 1 0 0 0 1 stud.dat
1 16 -290 0 -270 1 0 0 0 1 0 0 0 1 stud.dat
1 16 -310 0 -270 1 0 0 0 1 0 0 0 1 stud.dat
1 16 310 0 -290 1 0 0 0 1 0 0 0 1 stud.dat
1 16 290 0 -290 1 0 0 0 1 0 0 0 1 stud.dat
1 16 270 0 -290 1 0 0 0 1 0 0 0 1 stud.dat
1 16 250 0 -290 1 0 0 0 1 0 0 0 1 stud.dat
1 16 230 0 -290 1 0 0 0 1 0 0 0 1 stud.dat
1 16 210 0 -290 1 0 0 0 1 0 0 0 1 stud.dat
1 16 190 0 -290 1 0 0 0 1 0 0 0 1 stud.dat
1 16 -190 0 -290 1 0 0 0 1 0 0 0 1 stud.dat
1 16 -210 0 -290 1 0 0 0 1 0 0 0 1 stud.dat
1 16 -230 0 -290 1 0 0 0 1 0 0 0 1 stud.dat
1 16 -250 0 -290 1 0 0 0 1 0 0 0 1 stud.dat
1 16 -270 0 -290 1 0 0 0 1 0 0 0 1 stud.dat
1 16 -290 0 -290 1 0 0 0 1 0 0 0 1 stud.dat
1 16 -310 0 -290 1 0 0 0 1 0 0 0 1 stud.dat
1 16 310 0 -310 1 0 0 0 1 0 0 0 1 stud.dat
1 16 290 0 -310 1 0 0 0 1 0 0 0 1 stud.dat
1 16 270 0 -310 1 0 0 0 1 0 0 0 1 stud.dat
1 16 250 0 -310 1 0 0 0 1 0 0 0 1 stud.dat
1 16 230 0 -310 1 0 0 0 1 0 0 0 1 stud.dat
1 16 210 0 -310 1 0 0 0 1 0 0 0 1 stud.dat
1 16 190 0 -310 1 0 0 0 1 0 0 0 1 stud.dat
1 16 -190 0 -310 1 0 0 0 1 0 0 0 1 stud.dat
1 16 -210 0 -310 1 0 0 0 1 0 0 0 1 stud.dat
1 16 -230 0 -310 1 0 0 0 1 0 0 0 1 stud.dat
1 16 -250 0 -310 1 0 0 0 1 0 0 0 1 stud.dat
1 16 -270 0 -310 1 0 0 0 1 0 0 0 1 stud.dat
1 16 -290 0 -310 1 0 0 0 1 0 0 0 1 stud.dat
1 16 -310 0 -310 1 0 0 0 1 0 0 0 1 stud.dat
1 16 316 4 316 4 0 0 0 0 0 0 0 4 1-4edge.dat
2 24 316 4 320 -316 4 320
1 16 -316 4 316 -4 0 0 0 0 0 0 0 4 1-4edge.dat
2 24 -320 4 316 -320 4 -316
1 16 -316 4 -316 -4 0 0 0 0 0 0 0 -4 1-4edge.dat
2 24 -316 4 -320 316 4 -320
1 16 316 4 -316 4 0 0 0 0 0 0 0 -4 1-4edge.dat
2 24 320 4 -316 320 4 316
1 16 316 0 316 4 0 0 0 0 0 0 0 4 1-4edge.dat
2 24 316 0 320 -316 0 320
1 16 -316 0 316 -4 0 0 0 0 0 0 0 4 1-4edge.dat
2 24 -320 0 316 -320 0 -316
1 16 -316 0 -316 -4 0 0 0 0 0 0 0 -4 1-4edge.dat
2 24 -316 0 -320 316 0 -320
1 16 316 0 -316 4 0 0 0 0 0 0 0 -4 1-4edge.dat
2 24 320 0 -316 320 0 316
1 16 316 4 316 4 0 0 0 0 0 0 0 4 1-4disc.dat
4 16 316 4 316 316 4 320 -316 4 320 -316 4 316
1 16 -316 4 316 -4 0 0 0 0 0 0 0 4 1-4disc.dat
4 16 -316 4 316 -320 4 316 -320 4 -316 -316 4 -316
1 16 -316 4 -316 -4 0 0 0 0 0 0 0 -4 1-4disc.dat
4 16 -316 4 -316 -316 4 -320 316 4 -320 316 4 -316
1 16 316 4 -316 4 0 0 0 0 0 0 0 -4 1-4disc.dat
4 16 316 4 -316 320 4 -316 320 4 316 316 4 316
4 16 316 4 316 -316 4 316 -316 4 -316 316 4 -316
1 16 316 0 316 4 0 0 0 0 0 0 0 4 1-4disc.dat
1 16 -316 0 316 -4 0 0 0 0 0 0 0 4 1-4disc.dat
1 16 -316 0 -316 -4 0 0 0 0 0 0 0 -4 1-4disc.dat
1 16 316 0 -316 4 0 0 0 0 0 0 0 -4 1-4disc.dat
1 16 316 0 316 4 0 0 0 4 0 0 0 4 1-4cyli.dat
4 16 316 4 320 316 0 320 -316 0 320 -316 4 320
1 16 -316 0 316 -4 0 0 0 4 0 0 0 4 1-4cyli.dat
4 16 -320 4 316 -320 0 316 -320 0 -316 -320 4 -316
1 16 -316 0 -316 -4 0 0 0 4 0 0 0 -4 1-4cyli.dat
4 16 -316 4 -320 -316 0 -320 316 0 -320 316 4 -320
1 16 316 0 -316 4 0 0 0 4 0 0 0 -4 1-4cyli.dat
4 16 320 4 -316 320 0 -316 320 0 316 320 4 316
0