0 Technic Panel Smooth  7 x  2 x  3 with Gas Cap Pattern
0 Name: 24119p00.dat
0 Author: Jens Brühl [jb70]
0 !LDRAW_ORG Part UPDATE 2023-02
0 !LICENSE Licensed under CC BY 4.0 : see CAreadme.txt

0 BFC CERTIFY CCW

0 !KEYWORDS Bricklink 24119pb020, Daytona, Ferrari, set 42143

0 !HISTORY 2023-04-17 [OrionP] Official Update 2023-02


1 16 0 0 0 1 0 0 0 1 0 0 0 1 s\24119s01.dat

0 // Gas Cap Pattern folded with Pattern Folder (https://c-mt.dk/software/pf/)
4 80 9 0 -8.5811 9 .3205 -7.9319 9 .9715 -6.0114 9 1.3667 -4.0228
4 80 9 0 -8.5811 9 1.3667 -4.0228 9 1.5 -2 9 1.3667 .0228
3 80 9 0 -8.5811 9 1.3667 .0228 9 0 4.5811
4 80 9 1.868 -12.176 9 0 -9.7083 9 0 -14.2667 9 .142 -14.142
3 80 9 0 -9.7083 9 1.868 -12.176 9 3.32 -10
3 80 9 0 -9.7083 8.9889 -.1436 -10 9 0 -14.2667
4 80 8.5383 -5.9466 -6.2633 9 0 -8.5811 9 0 4.5811 8.6222 -4.8659 1.1979
4 80 8.5088 -6.327 18.478 8.6703 -4.2464 10.6944 8.8588 -1.8185 15.868 8.6517 -4.4865 17.6
3 0 8.568 -5.5639 20.3258 8.6517 -4.4865 17.6 8.7678 -2.991 19.052
3 0 8.5088 -6.327 -18.478 8.3571 -8.2815 -21.2498 8.568 -5.5639 -20.3258
4 87 8.6517 -4.4865 17.6 8.568 -5.5639 20.3258 8.3571 -8.2815 21.2498 8.5088 -6.327 18.478
3 0 8.3356 -8.5578 -19.2365 8.2808 -8.7919 -19.318 8.3356 -8.5578 -21.3049
3 87 7.537 -11.9685 -4.0975 7.1007 -13.8316 -5 7.5728 -11.8152 -4.6393
4 80 6.6644 -15.6947 -4.0975 7.1007 -13.8316 -5 6.3655 -16.9713 19.7058 6.3655 -16.9713 .2837
3 80 6.3655 -16.9713 -1.3871 6.3655 -16.9713 -6.9009 6.5504 -16.1815 -4.0975
4 80 5.8482 -18.2667 9.4325 6.2502 -17.26 1.3225 6.3655 -16.9713 .2837 6.3655 -16.9713 19.7058
3 80 5.8482 -18.2667 9.4325 6.3655 -16.9713 19.7058 5.6418 -18.7835 19.318
3 87 5.5938 -18.9037 19.801 5.5216 -19.0844 19 5.6418 -18.7835 19.318
3 80 6.3655 -16.9713 -1.3871 4.7427 -21.0346 -6.2 6.3655 -16.9713 -6.9009
4 80 5.5216 -19.0844 19 5.1507 -20.0131 16.6 4.2235 -22.3348 10.2 5.6627 -18.731 9.4325
4 80 3.4965 -24.155 -12.9601 4.0616 -22.74 -14.2977 5.1828 -19.9327 -11.2497 3.1206 -25.0963 -11.8055
3 80 4.0616 -22.74 10.2977 3.1206 -25.0963 -1.1872 4.1792 -22.4457 1.1979
4 80 3.1206 -25.0963 -16.003 3.8526 -23.2634 -17.32 4.2235 -22.3348 -15.588 3.4971 -24.1535 -14.2812
3 80 3.8526 -23.2634 17.32 3.4971 -24.1535 14.2812 4.2235 -22.3348 15.588
3 87 3.4971 -24.1535 14.2812 3.4965 -24.155 8.9601 4.0616 -22.74 10.2977
3 80 3.1206 -25.0963 -13.3899 3.1206 -25.0963 -16.003 3.4971 -24.1535 -14.2812
3 87 3.1206 -25.0963 -11.8055 3.1206 -25.0963 -13.3899 3.4965 -24.155 -12.9601
3 87 3.1206 -25.0963 13.3899 2.7415 -25.7482 12.7278 3.1206 -25.0963 7.8055
3 87 3.1206 -25.0963 -11.8055 2.7415 -25.7482 -12.7278 3.1206 -25.0963 -13.3899
3 0 -1.0781 -32.3164 8.4194 -.5715 -31.4452 5.176 -.1492 -30.719 7.654
3 0 -.5715 -31.4452 -5.176 -1.0781 -32.3164 -8.4194 -.1492 -30.719 -7.654
3 0 -1.3527 -32.7885 6.8082 -1.5862 -33.0855 5.6936 -1.3527 -32.7885 5.5924
3 0 -1.3527 -32.7885 -5.5924 -1.5862 -33.0855 -5.6936 -1.3527 -32.7885 -6.8082
4 87 9 .3205 3.9319 9 .7824 4.1232 9 0 5.7083 9 0 4.5811
4 87 9 .7824 -8.1232 9 .3205 -7.9319 9 0 -8.5811 9 0 -9.7083
3 0 9 0 14.2667 9 1.5562 15.5562 9 0 16.9224
4 0 9 1.5562 -15.5562 9 .142 -14.142 9 0 -14.2667 9 0 -16.9224
4 80 9 1.3667 .0228 9 .9715 2.0114 9 .3205 3.9319 9 0 4.5811
4 87 9 .9715 2.0114 9 1.4544 2.1408 9 .7824 4.1232 9 .3205 3.9319
4 87 9 .7824 -8.1232 9 1.4544 -6.1408 9 .9715 -6.0114 9 .3205 -7.9319
4 87 9 1.3667 .0228 9 1.8624 .088 9 1.4544 2.1408 9 .9715 2.0114
4 87 9 1.4544 -6.1408 9 1.8624 -4.088 9 1.3667 -4.0228 9 .9715 -6.0114
4 87 9 1.5 -2 9 2 -2 9 1.8624 .088 9 1.3667 .0228
4 87 9 1.8624 -4.088 9 2 -2 9 1.5 -2 9 1.3667 -4.0228
4 80 9 3.32 -10 9 4.478 -7.654 9 .7824 -8.1232 9 0 -9.7083
4 80 9 .7824 4.1232 9 4.478 7.654 9 3.32 10 9 0 5.7083
4 0 9 1.5562 -15.5562 9 3.4548 -13.3936 9 1.868 -12.176 9 .142 -14.142
4 0 9 1.868 12.176 9 3.4548 13.3936 9 1.5562 15.5562 9 0 14.2667
4 80 9 1.4544 2.1408 9 5.318 5.176 9 4.478 7.654 9 .7824 4.1232
4 80 9 4.478 -7.654 9 5.318 -5.176 9 1.4544 -6.1408 9 .7824 -8.1232
4 0 9 3.32 10 9 5.052 11 9 3.4548 13.3936 9 1.868 12.176
4 0 9 3.4548 -13.3936 9 5.052 -11 9 3.32 -10 9 1.868 -12.176
4 80 9 5.318 -5.176 9 5.828 -2.61 9 1.8624 -4.088 9 1.4544 -6.1408
4 80 9 1.8624 .088 9 5.828 2.61 9 5.318 5.176 9 1.4544 2.1408
4 80 9 2 -2 9 6 0 9 5.828 2.61 9 1.8624 .088
4 80 9 5.828 -2.61 9 6 0 9 2 -2 9 1.8624 -4.088
4 0 9 4.478 7.654 9 6.3258 8.4194 9 5.052 11 9 3.32 10
4 0 9 5.052 -11 9 6.3258 -8.4194 9 4.478 -7.654 9 3.32 -10
4 0 9 5.318 5.176 9 7.2498 5.6936 9 6.3258 8.4194 9 4.478 7.654
4 0 9 6.3258 -8.4194 9 7.2498 -5.6936 9 5.318 -5.176 9 4.478 -7.654
4 0 9 5.828 2.61 9 7.8108 2.871 9 7.2498 5.6936 9 5.318 5.176
4 0 9 7.2498 -5.6936 9 7.8108 -2.871 9 5.828 -2.61 9 5.318 -5.176
4 0 9 6 0 9 8 0 9 7.8108 2.871 9 5.828 2.61
4 0 9 7.8108 -2.871 9 8 0 9 6 0 9 5.828 -2.61
4 87 9 0 5.7083 8.9889 -.1436 6 8.9553 -.5753 5.75 9 0 4.5811
4 87 9 0 -8.5811 8.9553 -.5753 -9.75 8.9889 -.1436 -10 9 0 -9.7083
3 80 8.9889 -.1436 -10 8.8989 -1.3017 -11.7408 9 0 -14.2667
4 0 9 0 16.9224 8.9531 -.6046 17.4548 8.8588 -1.8185 15.868 9 0 14.2667
4 0 9 0 -14.2667 8.8588 -1.8185 -15.868 8.9531 -.6046 -17.4548 9 0 -16.9224
4 87 8.8989 -1.3017 7.7408 8.8682 -1.6972 7.4364 8.9553 -.5753 5.75 8.9889 -.1436 6
4 87 8.9553 -.5753 -9.75 8.8682 -1.6972 -11.4364 8.8989 -1.3017 -11.7408 8.9889 -.1436 -10
3 80 8.7921 -2.6783 9.3136 8.8989 -1.3017 7.7408 9 0 14.2667
3 80 9 0 5.7083 9 0 14.2667 8.9889 -.1436 6
3 80 8.9889 -.1436 6 9 0 14.2667 8.8989 -1.3017 7.7408
3 80 9 0 -14.2667 8.8989 -1.3017 -11.7408 8.7921 -2.6783 -13.3136
4 80 9 0 4.5811 8.9553 -.5753 5.75 8.8682 -1.6972 7.4364 8.6222 -4.8659 1.1979
4 80 9 1.868 12.176 9 0 14.2667 9 0 5.7083 9 3.32 10
3 80 9 0 -8.5811 8.5383 -5.9466 -6.2633 8.9553 -.5753 -9.75
4 80 9 0 14.2667 8.8588 -1.8185 15.868 8.6703 -4.2464 10.6944 8.7921 -2.6783 9.3136
4 80 9 0 -14.2667 8.7921 -2.6783 -13.3136 8.6703 -4.2464 -14.6944 8.8588 -1.8185 -15.868
4 87 8.7921 -2.6783 9.3136 8.7647 -3.0308 8.9601 8.8682 -1.6972 7.4364 8.8989 -1.3017 7.7408
4 87 8.8682 -1.6972 -11.4364 8.7647 -3.0308 -12.9601 8.7921 -2.6783 -13.3136 8.8989 -1.3017 -11.7408
4 0 8.8588 -1.8185 -15.868 8.6904 -3.988 -17.32 8.7678 -2.991 -19.052 8.9531 -.6046 -17.4548
4 0 8.7678 -2.991 19.052 8.6517 -4.4865 17.6 8.8588 -1.8185 15.868 8.9531 -.6046 17.4548
4 80 8.7647 -3.0308 8.9601 8.6517 -4.4865 10 8.6222 -4.8659 1.1979 8.8682 -1.6972 7.4364
4 87 8.6703 -4.2464 10.6944 8.6517 -4.4865 10 8.7647 -3.0308 8.9601 8.7921 -2.6783 9.3136
4 87 8.7647 -3.0308 -12.9601 8.6468 -4.5499 -14.2977 8.6703 -4.2464 -14.6944 8.7921 -2.6783 -13.3136
4 80 8.5383 -5.9466 -6.2633 8.4128 -7.5637 -11.2497 8.8682 -1.6972 -11.4364 8.9553 -.5753 -9.75
4 80 8.6703 -4.2464 -14.6944 8.5356 -5.982 -15.856 8.6904 -3.988 -17.32 8.8588 -1.8185 -15.868
4 80 8.4128 -7.5637 -11.2497 8.6468 -4.5499 -14.2977 8.7647 -3.0308 -12.9601 8.8682 -1.6972 -11.4364
4 0 8.6904 -3.988 -17.32 8.5088 -6.327 -18.478 8.568 -5.5639 -20.3258 8.7678 -2.991 -19.052
4 87 8.6468 -4.5499 -14.2977 8.5162 -6.2313 -15.423 8.5356 -5.982 -15.856 8.6703 -4.2464 -14.6944
4 80 8.5356 -5.982 -15.856 8.3903 -7.8532 -16.7824 8.5088 -6.327 -18.478 8.6904 -3.988 -17.32
4 87 8.5383 -5.9466 -6.2633 8.6222 -4.8659 1.1979 8.6517 -4.4865 10 8.3356 -8.5578 1.2805
4 87 8.3356 -8.5578 1.2805 8.6517 -4.4865 10 8.6703 -4.2464 10.6944 8.5088 -6.327 18.478
4 87 8.3356 -8.5578 21.3049 8.3356 -8.5578 1.2805 8.5088 -6.327 18.478 8.3571 -8.2815 21.2498
4 87 8.5162 -6.2313 -15.423 8.3755 -8.0439 -16.3205 8.3903 -7.8532 -16.7824 8.5356 -5.982 -15.856
4 80 8.6468 -4.5499 -14.2977 8.4128 -7.5637 -11.2497 8.3356 -8.5578 -12.1617 8.5162 -6.2313 -15.423
4 0 8.5088 -6.327 -18.478 8.3356 -8.5578 -19.2365 8.3356 -8.5578 -21.3049 8.3571 -8.2815 -21.2498
4 87 8.3356 -8.5578 1.2805 8.3356 -8.5578 -12.1617 8.4128 -7.5637 -11.2497 8.5383 -5.9466 -6.2633
4 80 8.3903 -7.8532 -16.7824 8.3356 -8.5578 -17.022 8.3356 -8.5578 -19.2365 8.5088 -6.327 -18.478
4 80 8.3356 -8.5578 -12.1617 8.3356 -8.5578 -16.4952 8.3755 -8.0439 -16.3205 8.5162 -6.2313 -15.423
4 87 8.3755 -8.0439 -16.3205 8.3356 -8.5578 -16.4952 8.3356 -8.5578 -17.022 8.3903 -7.8532 -16.7824
4 87 8.3356 -8.5578 21.3049 8.2808 -8.7919 19.318 8.1539 -9.3338 9.4325 8.3356 -8.5578 1.2805
4 80 8.3356 -8.5578 -17.022 8.0448 -9.7999 -17.4544 8.2808 -8.7919 -19.318 8.3356 -8.5578 -19.2365
4 80 8.3356 -8.5578 -12.1617 8.1267 -9.4501 -13 8.0153 -9.9258 -16.9715 8.3356 -8.5578 -16.4952
3 87 8.3356 -8.5578 1.2805 8.1539 -9.3338 9.4325 7.9068 -10.3892 1.3225
4 87 8.3356 -8.5578 -16.4952 8.0153 -9.9258 -16.9715 8.0448 -9.7999 -17.4544 8.3356 -8.5578 -17.022
4 87 8.3356 -8.5578 1.2805 7.5728 -11.8152 -4.6393 8.1267 -9.4501 -13 8.3356 -8.5578 -12.1617
4 0 8.3356 -8.5578 -21.3049 8.2808 -8.7919 -19.318 7.6958 -11.2903 -19.828 7.7553 -11.0362 -21.8108
4 87 8.3356 -8.5578 21.3049 7.7553 -11.0362 21.8108 7.6958 -11.2903 19.828 8.2808 -8.7919 19.318
4 87 7.9068 -10.3892 1.3225 7.537 -11.9685 -4.0975 7.5728 -11.8152 -4.6393 8.3356 -8.5578 1.2805
4 80 8.0448 -9.7999 -17.4544 7.5767 -11.7986 -17.8624 7.6958 -11.2903 -19.828 8.2808 -8.7919 -19.318
4 80 7.1007 -13.8316 -5 7.9068 -10.3892 1.3225 8.1539 -9.3338 9.4325 8.2808 -8.7919 19.318
4 87 8.0153 -9.9258 -16.9715 7.5619 -11.8621 -17.3667 7.5767 -11.7986 -17.8624 8.0448 -9.7999 -17.4544
4 80 7.5728 -11.8152 -4.6393 7.1007 -13.8316 -5 8.0153 -9.9258 -16.9715 8.1267 -9.4501 -13
4 80 7.6958 -11.2903 19.828 7.1007 -13.8316 20 7.1007 -13.8316 -5 8.2808 -8.7919 19.318
4 80 7.1007 -13.8316 -5 7.1007 -13.8316 -17.5 7.5619 -11.8621 -17.3667 8.0153 -9.9258 -16.9715
4 0 7.6958 -11.2903 -19.828 7.1007 -13.8316 -20 7.1007 -13.8316 -22 7.7553 -11.0362 -21.8108
3 87 7.1007 -13.8316 20.5 7.1007 -13.8316 20 7.6958 -11.2903 19.828
3 87 7.1007 -13.8316 22 7.1007 -13.8316 21.5 7.7553 -11.0362 21.8108
4 87 7.1007 -13.8316 21.5 7.1007 -13.8316 20.5 7.6958 -11.2903 19.828 7.7553 -11.0362 21.8108
3 80 7.1007 -13.8316 -5 7.537 -11.9685 -4.0975 7.9068 -10.3892 1.3225
4 80 7.5767 -11.7986 -17.8624 7.1007 -13.8316 -18 7.1007 -13.8316 -20 7.6958 -11.2903 -19.828
4 87 7.5619 -11.8621 -17.3667 7.1007 -13.8316 -17.5 7.1007 -13.8316 -18 7.5767 -11.7986 -17.8624
4 87 7.1007 -13.8316 -17.5 6.6395 -15.8011 -17.3667 6.5651 -16.1187 -17.8452 7.1007 -13.8316 -18
4 80 7.1007 -13.8316 -18 6.5651 -16.1187 -17.8452 6.5056 -16.3729 -19.828 7.1007 -13.8316 -20
4 87 7.1007 -13.8316 20.5 6.4908 -16.4364 20.3237 6.5056 -16.3729 19.828 7.1007 -13.8316 20
4 0 7.1007 -13.8316 -20 6.5056 -16.3729 -19.828 6.4461 -16.627 -21.8108 7.1007 -13.8316 -22
4 80 7.1007 -13.8316 21.5 6.461 -16.5635 21.3151 6.4908 -16.4364 20.3237 7.1007 -13.8316 20.5
4 87 7.1007 -13.8316 22 6.4461 -16.627 21.8108 6.461 -16.5635 21.3151 7.1007 -13.8316 21.5
4 80 7.1007 -13.8316 -17.5 7.1007 -13.8316 -5 6.3655 -16.9713 -17.1278 6.6395 -15.8011 -17.3667
4 80 7.1007 -13.8316 -5 7.1007 -13.8316 20 6.5056 -16.3729 19.828 6.3655 -16.9713 19.7058
4 80 6.6644 -15.6947 -4.0975 6.3655 -16.9713 -8.6103 6.3655 -16.9713 -17.1278 7.1007 -13.8316 -5
4 87 6.3655 -16.9713 .2837 6.3655 -16.9713 -1.3871 6.5504 -16.1815 -4.0975 6.6644 -15.6947 -4.0975
4 87 6.5504 -16.1815 -4.0975 6.3655 -16.9713 -6.9009 6.3655 -16.9713 -8.6103 6.6644 -15.6947 -4.0975
4 87 6.3655 -16.9713 -17.1278 6.3655 -16.9713 -17.6712 6.5651 -16.1187 -17.8452 6.6395 -15.8011 -17.3667
4 80 6.3655 -16.9713 -17.6712 6.3655 -16.9713 -19.7058 6.5056 -16.3729 -19.828 6.5651 -16.1187 -17.8452
4 87 6.4908 -16.4364 20.3237 6.3655 -16.9713 20.2145 6.3655 -16.9713 19.7058 6.5056 -16.3729 19.828
4 0 6.3655 -16.9713 -19.7058 6.3655 -16.9713 -21.7405 6.4461 -16.627 -21.8108 6.5056 -16.3729 -19.828
4 80 6.461 -16.5635 21.3151 6.3655 -16.9713 21.2319 6.3655 -16.9713 20.2145 6.4908 -16.4364 20.3237
4 87 6.4461 -16.627 21.8108 6.3655 -16.9713 21.7405 6.3655 -16.9713 21.2319 6.461 -16.5635 21.3151
4 87 6.3655 -16.9713 .2837 6.2502 -17.26 1.3225 6.0648 -17.7243 1.3225 6.3655 -16.9713 -1.3871
4 80 6.3655 -16.9713 -8.6103 5.8925 -18.1557 -13 6.0737 -17.702 -16.9715 6.3655 -16.9713 -17.1278
4 87 6.3655 -16.9713 -17.1278 6.0737 -17.702 -16.9715 5.8337 -18.3028 -17.3862 6.3655 -16.9713 -17.6712
4 87 6.3655 -16.9713 -6.9009 5.8183 -18.3414 -12 5.8925 -18.1557 -13 6.3655 -16.9713 -8.6103
4 80 6.3655 -16.9713 -17.6712 5.8337 -18.3028 -17.3862 5.6418 -18.7835 -19.318 6.3655 -16.9713 -19.7058
4 87 6.3655 -16.9713 20.2145 5.5938 -18.9037 19.801 5.6418 -18.7835 19.318 6.3655 -16.9713 19.7058
4 87 5.8482 -18.2667 9.4325 5.6627 -18.731 9.4325 6.0648 -17.7243 1.3225 6.2502 -17.26 1.3225
4 0 6.3655 -16.9713 -19.7058 5.6418 -18.7835 -19.318 5.4498 -19.2642 -21.2498 6.3655 -16.9713 -21.7405
4 80 6.3655 -16.9713 21.2319 5.4978 -19.144 20.7669 5.5938 -18.9037 19.801 6.3655 -16.9713 20.2145
4 87 6.3655 -16.9713 21.7405 5.4498 -19.2642 21.2498 5.4978 -19.144 20.7669 6.3655 -16.9713 21.2319
4 80 6.3655 -16.9713 -6.9009 4.7427 -21.0346 -6.2 5.3362 -19.5487 -10.9 5.8183 -18.3414 -12
4 87 5.6418 -18.7835 19.318 5.5216 -19.0844 19 5.6627 -18.731 9.4325 5.8482 -18.2667 9.4325
4 80 6.3655 -16.9713 -1.3871 6.0648 -17.7243 1.3225 4.3449 -22.0309 1.25 4.7427 -21.0346 -6.2
4 87 5.3614 -19.4854 -16.3205 5.0066 -20.3739 -16.6302 5.8337 -18.3028 -17.3862 6.0737 -17.702 -16.9715
4 87 5.8183 -18.3414 -12 5.3362 -19.5487 -10.9 5.1828 -19.9327 -11.2497 5.8925 -18.1557 -13
4 80 5.8925 -18.1557 -13 4.6871 -21.1739 -15.423 5.3614 -19.4854 -16.3205 6.0737 -17.702 -16.9715
4 80 5.4978 -19.144 20.7669 4.6388 -21.2948 20.0044 5.5216 -19.0844 19 5.5938 -18.9037 19.801
4 80 5.0066 -20.3739 -16.6302 4.7227 -21.0848 -18.478 5.6418 -18.7835 -19.318 5.8337 -18.3028 -17.3862
4 80 5.6627 -18.731 9.4325 4.2235 -22.3348 10.2 4.3449 -22.0309 1.25 6.0648 -17.7243 1.3225
4 0 4.7227 -21.0848 -18.478 4.4388 -21.7956 -20.3258 5.4498 -19.2642 -21.2498 5.6418 -18.7835 -19.318
4 80 4.6388 -21.2948 20.0044 4.8427 -20.7842 18.6088 5.1507 -20.0131 16.6 5.5216 -19.0844 19
4 87 5.4498 -19.2642 21.2498 4.4388 -21.7956 20.3258 4.6388 -21.2948 20.0044 5.4978 -19.144 20.7669
4 87 4.7427 -21.0346 -6.2 4.5812 -21.439 -6.2633 5.1828 -19.9327 -11.2497 5.3362 -19.5487 -10.9
4 80 5.1828 -19.9327 -11.2497 4.0616 -22.74 -14.2977 4.6871 -21.1739 -15.423 5.8925 -18.1557 -13
4 87 4.8427 -20.7842 18.6088 4.7227 -21.0848 18.478 5.0066 -20.3739 16.6302 5.1507 -20.0131 16.6
4 87 4.6871 -21.1739 -15.423 4.2235 -22.3348 -15.588 5.0066 -20.3739 -16.6302 5.3614 -19.4854 -16.3205
4 87 4.6388 -21.2948 20.0044 4.4388 -21.7956 20.3258 4.7227 -21.0848 18.478 4.8427 -20.7842 18.6088
4 87 5.0066 -20.3739 16.6302 4.0616 -22.74 10.2977 4.2235 -22.3348 10.2 5.1507 -20.0131 16.6
4 87 4.3449 -22.0309 1.25 4.1792 -22.4457 1.1979 4.5812 -21.439 -6.2633 4.7427 -21.0346 -6.2
4 80 4.2235 -22.3348 -15.588 3.8526 -23.2634 -17.32 4.7227 -21.0848 -18.478 5.0066 -20.3739 -16.6302
4 80 4.7227 -21.0848 18.478 3.8526 -23.2634 17.32 4.2235 -22.3348 15.588 5.0066 -20.3739 16.6302
4 87 4.2235 -22.3348 10.2 4.0616 -22.74 10.2977 4.1792 -22.4457 1.1979 4.3449 -22.0309 1.25
4 87 4.2235 -22.3348 15.588 3.4971 -24.1535 14.2812 4.0616 -22.74 10.2977 5.0066 -20.3739 16.6302
4 0 4.4388 -21.7956 20.3258 3.4817 -24.1921 19.052 3.8526 -23.2634 17.32 4.7227 -21.0848 18.478
4 0 3.8526 -23.2634 -17.32 3.4817 -24.1921 -19.052 4.4388 -21.7956 -20.3258 4.7227 -21.0848 -18.478
4 87 4.0616 -22.74 -14.2977 3.4971 -24.1535 -14.2812 4.2235 -22.3348 -15.588 4.6871 -21.1739 -15.423
4 80 4.5812 -21.439 -6.2633 3.1206 -25.0963 -1.1872 3.1206 -25.0963 -11.8055 5.1828 -19.9327 -11.2497
3 80 4.1792 -22.4457 1.1979 3.1206 -25.0963 -1.1872 4.5812 -21.439 -6.2633
4 80 4.0616 -22.74 10.2977 3.4965 -24.155 8.9601 3.1206 -25.0963 7.8055 3.1206 -25.0963 -1.1872
4 80 3.8526 -23.2634 17.32 3.1206 -25.0963 16.003 3.1206 -25.0963 13.3899 3.4971 -24.1535 14.2812
4 87 4.0616 -22.74 -14.2977 3.4965 -24.155 -12.9601 3.1206 -25.0963 -13.3899 3.4971 -24.1535 -14.2812
4 87 3.4971 -24.1535 14.2812 3.1206 -25.0963 13.3899 3.1206 -25.0963 7.8055 3.4965 -24.155 8.9601
4 0 3.4817 -24.1921 19.052 3.1206 -25.0963 18.4023 3.1206 -25.0963 16.003 3.8526 -23.2634 17.32
4 0 3.1206 -25.0963 -16.003 3.1206 -25.0963 -18.4023 3.4817 -24.1921 -19.052 3.8526 -23.2634 -17.32
3 0 3.1206 -25.0963 -16.003 2.4068 -26.3238 -17.4548 3.1206 -25.0963 -18.4023
3 0 3.1206 -25.0963 18.4023 2.4068 -26.3238 17.4548 3.1206 -25.0963 16.003
4 80 3.1206 -25.0963 -1.1872 2.392 -26.3492 -9.75 2.9577 -25.3764 -11.4364 3.1206 -25.0963 -11.8055
4 80 3.1206 -25.0963 -13.3899 2.7415 -25.7482 -12.7278 2.0305 -26.9708 -14.142 3.1206 -25.0963 -16.003
4 80 3.1206 -25.0963 13.3899 3.1206 -25.0963 16.003 2.0305 -26.9708 14.142 2.7415 -25.7482 12.7278
4 87 3.1206 -25.0963 -11.8055 2.9577 -25.3764 -11.4364 1.9606 -27.0911 -10.9584 2.7415 -25.7482 -12.7278
4 87 3.1206 -25.0963 7.8055 2.7415 -25.7482 12.7278 1.9606 -27.0911 10.9584 2.9577 -25.3764 7.4364
4 80 3.1206 -25.0963 -1.1872 1.6136 -27.6878 -6.0114 1.9408 -27.125 -7.9319 2.392 -26.3492 -9.75
4 0 2.4068 -26.3238 17.4548 1.3196 -28.1933 15.5562 2.0305 -26.9708 14.142 3.1206 -25.0963 16.003
4 0 2.0305 -26.9708 -14.142 1.3196 -28.1933 -15.5562 2.4068 -26.3238 -17.4548 3.1206 -25.0963 -16.003
4 87 2.392 -26.3492 -9.75 1.3036 -28.2208 -9 1.9606 -27.0911 -10.9584 2.9577 -25.3764 -11.4364
4 87 1.9606 -27.0911 10.9584 1.3036 -28.2208 9 2.392 -26.3492 5.75 2.9577 -25.3764 7.4364
4 80 1.4149 -28.0295 .0228 1.3479 -28.1447 -2 3.1206 -25.0963 -1.1872 1.6136 -27.6878 2.0114
4 80 1.9408 -27.125 3.9319 1.6136 -27.6878 2.0114 3.1206 -25.0963 -1.1872 2.392 -26.3492 5.75
4 80 2.9577 -25.3764 7.4364 2.392 -26.3492 5.75 3.1206 -25.0963 -1.1872 3.1206 -25.0963 7.8055
4 80 1.6136 -27.6878 -6.0114 3.1206 -25.0963 -1.1872 1.3479 -28.1447 -2 1.4149 -28.0295 -4.0228
4 80 1.9606 -27.0911 -10.9584 1.1629 -28.4628 -12.176 2.0305 -26.9708 -14.142 2.7415 -25.7482 -12.7278
4 80 2.0305 -26.9708 14.142 1.1629 -28.4628 12.176 1.9606 -27.0911 10.9584 2.7415 -25.7482 12.7278
4 87 1.9408 -27.125 -7.9319 .7797 -29.1217 -6.8886 1.3036 -28.2208 -9 2.392 -26.3492 -9.75
4 87 1.3036 -28.2208 9 .7797 -29.1217 6.8886 1.9408 -27.125 3.9319 2.392 -26.3492 5.75
4 0 1.3196 -28.1933 15.5562 .3652 -29.8345 13.3936 1.1629 -28.4628 12.176 2.0305 -26.9708 14.142
4 0 1.1629 -28.4628 -12.176 .3652 -29.8345 -13.3936 1.3196 -28.1933 -15.5562 2.0305 -26.9708 -14.142
4 80 1.3036 -28.2208 -9 .4329 -29.718 -10 1.1629 -28.4628 -12.176 1.9606 -27.0911 -10.9584
4 80 1.1629 -28.4628 12.176 .4329 -29.718 10 1.3036 -28.2208 9 1.9606 -27.0911 10.9584
4 87 1.6136 -27.6878 -6.0114 .3996 -29.7752 -4.6584 .7797 -29.1217 -6.8886 1.9408 -27.125 -7.9319
4 87 .7797 -29.1217 6.8886 .3996 -29.7752 4.6584 1.6136 -27.6878 2.0114 1.9408 -27.125 3.9319
4 87 1.4149 -28.0295 -4.0228 .1689 -30.172 -2.349 .3996 -29.7752 -4.6584 1.6136 -27.6878 -6.0114
4 87 .3996 -29.7752 4.6584 .1689 -30.172 2.349 1.4149 -28.0295 .0228 1.6136 -27.6878 2.0114
4 87 1.3479 -28.1447 -2 .0911 -30.3058 0 .1689 -30.172 -2.349 1.4149 -28.0295 -4.0228
4 87 .1689 -30.172 2.349 .0911 -30.3058 0 1.3479 -28.1447 -2 1.4149 -28.0295 .0228
4 80 .7797 -29.1217 -6.8886 -.1492 -30.719 -7.654 .4329 -29.718 -10 1.3036 -28.2208 -9
4 80 .4329 -29.718 10 -.1492 -30.719 7.654 .7797 -29.1217 6.8886 1.3036 -28.2208 9
4 0 .3652 -29.8345 13.3936 -.4378 -31.2152 11 .4329 -29.718 10 1.1629 -28.4628 12.176
4 0 .4329 -29.718 -10 -.4378 -31.2152 -11 .3652 -29.8345 -13.3936 1.1629 -28.4628 -12.176
4 80 .3996 -29.7752 -4.6584 -.5715 -31.4452 -5.176 -.1492 -30.719 -7.654 .7797 -29.1217 -6.8886
4 80 -.1492 -30.719 7.654 -.5715 -31.4452 5.176 .3996 -29.7752 4.6584 .7797 -29.1217 6.8886
4 80 .1689 -30.172 -2.349 -.8279 -31.886 -2.61 -.5715 -31.4452 -5.176 .3996 -29.7752 -4.6584
4 80 -.5715 -31.4452 5.176 -.8279 -31.886 2.61 .1689 -30.172 2.349 .3996 -29.7752 4.6584
4 0 -.4378 -31.2152 11 -1.0781 -32.3164 8.4194 -.1492 -30.719 7.654 .4329 -29.718 10
4 0 -.1492 -30.719 -7.654 -1.0781 -32.3164 -8.4194 -.4378 -31.2152 -11 .4329 -29.718 -10
4 80 .0911 -30.3058 0 -.9144 -32.0347 0 -.8279 -31.886 -2.61 .1689 -30.172 -2.349
4 80 -.8279 -31.886 2.61 -.9144 -32.0347 0 .0911 -30.3058 0 .1689 -30.172 2.349
4 0 -1.0781 -32.3164 8.4194 -1.3527 -32.7885 6.8082 -1.3527 -32.7885 5.5924 -.5715 -31.4452 5.176
4 0 -.5715 -31.4452 -5.176 -1.3527 -32.7885 -5.5924 -1.3527 -32.7885 -6.8082 -1.0781 -32.3164 -8.4194
4 0 -1.3527 -32.7885 5.5924 -1.3527 -32.7885 2.7474 -.8279 -31.886 2.61 -.5715 -31.4452 5.176
4 0 -.8279 -31.886 -2.61 -1.3527 -32.7885 -2.7474 -1.3527 -32.7885 -5.5924 -.5715 -31.4452 -5.176
4 0 -1.3527 -32.7885 2.7474 -1.3527 -32.7885 0 -.9144 -32.0347 0 -.8279 -31.886 2.61
4 0 -.9144 -32.0347 0 -1.3527 -32.7885 0 -1.3527 -32.7885 -2.7474 -.8279 -31.886 -2.61
4 0 -1.3527 -32.7885 5.5924 -1.5862 -33.0855 5.6936 -1.9329 -33.5266 2.871 -1.3527 -32.7885 2.7474
4 0 -1.3527 -32.7885 -2.7474 -1.9329 -33.5266 -2.871 -1.5862 -33.0855 -5.6936 -1.3527 -32.7885 -5.5924
4 0 -1.3527 -32.7885 2.7474 -1.9329 -33.5266 2.871 -2.0499 -33.6753 0 -1.3527 -32.7885 0
4 0 -1.3527 -32.7885 0 -2.0499 -33.6753 0 -1.9329 -33.5266 -2.871 -1.3527 -32.7885 -2.7474

0 // Filling
3 16 9 8 0 9 10 -40 9 10 40

3 16 9 10 -40 9 8 0 9 7.8108 -2.871
3 16 9 10 -40 9 7.8108 -2.871 9 7.2498 -5.6936
3 16 9 10 -40 9 7.2498 -5.6936 9 6.3258 -8.4194
3 16 9 10 -40 9 6.3258 -8.4194 9 5.052 -11
3 16 9 10 -40 9 5.052 -11 9 3.4548 -13.3936
3 16 9 10 -40 9 3.4548 -13.3936 9 1.5562 -15.5562
4 16 9 0 -16.9224 9 0 -40 9 10 -40 9 1.5562 -15.5562

3 16 9 0 -40 9 0 -16.9224 8.9531 -.6046 -17.4548
3 16 9 0 -40 8.9531 -.6046 -17.4548 8.7678 -2.991 -19.052
3 16 9 0 -40 8.7678 -2.991 -19.052 8.568 -5.5639 -20.3258
3 16 9 0 -40 8.568 -5.5639 -20.3258 8.3571 -8.2815 -21.2498
4 16 8.3356 -8.5578 -21.3049 8.3356 -8.5578 -40 9 0 -40 8.3571 -8.2815 -21.2498

3 16 8.3356 -8.5578 -40 8.3356 -8.5578 -21.3049 7.7553 -11.0362 -21.8108
4 16 6.3655 -16.9713 -40 8.3356 -8.5578 -40 7.7553 -11.0362 -21.8108 7.1007 -13.8316 -22
3 16 6.3655 -16.9713 -40 7.1007 -13.8316 -22 6.4461 -16.627 -21.8108
3 16 6.3655 -16.9713 -40 6.4461 -16.627 -21.8108 6.3655 -16.9713 -21.7405

3 16 6.3655 -16.9713 -40 6.3655 -16.9713 -21.7405 5.4498 -19.2642 -21.2498
4 16 3.1206 -25.0963 -40 6.3655 -16.9713 -40 5.4498 -19.2642 -21.2498 4.4388 -21.7956 -20.3258
3 16 3.1206 -25.0963 -40 4.4388 -21.7956 -20.3258 3.4817 -24.1921 -19.052
3 16 3.1206 -25.0963 -40 3.4817 -24.1921 -19.052 3.1206 -25.0963 -18.4023

3 16 3.1206 -25.0963 -40 3.1206 -25.0963 -18.4023 2.4068 -26.3238 -17.4548
4 16 .2689 -30 -40 3.1206 -25.0963 -40 2.4068 -26.3238 -17.4548 1.3196 -28.1933 -15.5562
4 16 -.1737 -30.761 -36.173 .2689 -30 -40 1.3196 -28.1933 -15.5562 .3652 -29.8345 -13.3936
4 16 -1.3527 -32.7885 -32.827 -.1737 -30.761 -36.173 .3652 -29.8345 -13.3936 -.4378 -31.2152 -11
3 16 -1.3527 -32.7885 -32.827 -.4378 -31.2152 -11 -1.0781 -32.3164 -8.4194
3 16 -1.3527 -32.7885 -32.827 -1.0781 -32.3164 -8.4194 -1.3527 -32.7885 -6.8082
3 16 -1.3527 -32.7885 -32.827 -1.3527 -32.7885 -6.8082 -1.5862 -33.0855 -5.6936
4 16 -3.7988 -35.9 -30.6 -1.3527 -32.7885 -32.827 -1.5862 -33.0855 -5.6936 -1.9329 -33.5266 -2.871
4 16 -3.7988 -35.9 -30.6 -1.9329 -33.5266 -2.871 -2.0499 -33.6753 0 -6.9617 -39.9233 -29.6

3 16 9 8 0 9 10 40 9 7.8108 2.871
3 16 9 7.8108 2.871 9 10 40 9 7.2498 5.6936
3 16 9 7.2498 5.6936 9 10 40 9 6.3258 8.4194
3 16 9 6.3258 8.4194 9 10 40 9 5.052 11
3 16 9 5.052 11 9 10 40 9 3.4548 13.3936
3 16 9 3.4548 13.3936 9 10 40 9 1.5562 15.5562
4 16 9 10 40 9 0 40 9 0 16.9224 9 1.5562 15.5562

3 16 9 0 16.9224 9 0 40 8.9531 -.6046 17.4548
3 16 8.9531 -.6046 17.4548 9 0 40 8.7678 -2.991 19.052
3 16 8.7678 -2.991 19.052 9 0 40 8.568 -5.5639 20.3258
3 16 8.568 -5.5639 20.3258 9 0 40 8.3571 -8.2815 21.2498
4 16 9 0 40 8.3356 -8.5578 40 8.3356 -8.5578 21.3049 8.3571 -8.2815 21.2498

3 16 8.3356 -8.5578 21.3049 8.3356 -8.5578 40 7.7553 -11.0362 21.8108
4 16 7.7553 -11.0362 21.8108 8.3356 -8.5578 40 6.3655 -16.9713 40 7.1007 -13.8316 22
3 16 7.1007 -13.8316 22 6.3655 -16.9713 40 6.4461 -16.627 21.8108
3 16 6.4461 -16.627 21.8108 6.3655 -16.9713 40 6.3655 -16.9713 21.7405

3 16 6.3655 -16.9713 21.7405 6.3655 -16.9713 40 5.4498 -19.2642 21.2498
4 16 5.4498 -19.2642 21.2498 6.3655 -16.9713 40 3.1206 -25.0963 40 4.4388 -21.7956 20.3258
3 16 4.4388 -21.7956 20.3258 3.1206 -25.0963 40 3.4817 -24.1921 19.052
3 16 3.4817 -24.1921 19.052 3.1206 -25.0963 40 3.1206 -25.0963 18.4023

3 16 3.1206 -25.0963 18.4023 3.1206 -25.0963 40 2.4068 -26.3238 17.4548
4 16 2.4068 -26.3238 17.4548 3.1206 -25.0963 40 .2689 -30 40 1.3196 -28.1933 15.5562
4 16 1.3196 -28.1933 15.5562 .2689 -30 40 -.1737 -30.761 36.173 .3652 -29.8345 13.3936
4 16 .3652 -29.8345 13.3936 -.1737 -30.761 36.173 -1.3527 -32.7885 32.827 -.4378 -31.2152 11
3 16 -.4378 -31.2152 11 -1.3527 -32.7885 32.827 -1.0781 -32.3164 8.4194
3 16 -1.0781 -32.3164 8.4194 -1.3527 -32.7885 32.827 -1.3527 -32.7885 6.8082
3 16 -1.3527 -32.7885 6.8082 -1.3527 -32.7885 32.827 -1.5862 -33.0855 5.6936
4 16 -1.5862 -33.0855 5.6936 -1.3527 -32.7885 32.827 -3.7988 -35.9 30.6 -1.9329 -33.5266 2.871
4 16 -2.0499 -33.6753 0 -1.9329 -33.5266 2.871 -3.7988 -35.9 30.6 -6.9617 -39.9233 29.6

3 16 -6.9617 -39.9233 -29.6 -2.0499 -33.6753 0 -6.9617 -39.9233 29.6
