0 Plate  2 x  6 with Pole Holder Pin
0 Name: 25195.dat
0 Author: Magnus Forsberg [MagFors]
0 !LDRAW_ORG Part UPDATE 2022-01
0 !LICENSE Licensed under CC BY 4.0 : see CAreadme.txt

0 BFC CERTIFY CCW

0 !HISTORY 2022-01-14 [PTadmin] Official Update 2022-01


1 16 40 4 0 1 0 0 0 -1 0 0 0 1 stud4.dat
1 16 -40 4 0 1 0 0 0 -1 0 0 0 1 stud4.dat
0 BFC INVERTNEXT
1 16 40 8 0 16 0 0 0 -4 0 0 0 16 box5.dat
0 BFC INVERTNEXT
1 16 -40 8 0 16 0 0 0 -4 0 0 0 16 box5.dat
0 BFC INVERTNEXT
1 16 0 8 0 21 0 0 0 -4 0 0 0 16 box4.dat
4 16 -60 8 20 60 8 20 56 8 16 -56 8 16
4 16 60 8 -20 -60 8 -20 -56 8 -16 56 8 -16
4 16 60 8 20 60 8 -20 56 8 -16 56 8 16
4 16 -60 8 -20 -60 8 20 -56 8 16 -56 8 -16
4 16 24 8 16 24 8 -16 21 8 -16 21 8 16
4 16 -21 8 16 -21 8 -16 -24 8 -16 -24 8 16
1 16 0 8 0 60 0 0 0 -8 0 0 0 20 box4.dat

1 16 0 8 0 7 0 0 0 -1 0 0 0 7 4-4ndis.dat
1 16 0 8 0 10 0 0 0 -1 0 0 0 10 1-8chrd.dat
1 16 0 8 0 10 0 0 0 -1 0 0 0 -10 1-8chrd.dat
4 16 7 8 0 7 8 7 7.071 8 7.071 10 8 0
4 16 7 8 0 10 8 0 7.071 8 -7.071 7 8 -7
1 16 0 8 0 0 0 10 0 -1 0 -10 0 0 1-8chrd.dat
1 16 0 8 0 0 0 -10 0 -1 0 -10 0 0 1-8chrd.dat
4 16 0 8 -7 7 8 -7 7.071 8 -7.071 0 8 -10
4 16 0 8 -7 0 8 -10 -7.071 8 -7.071 -7 8 -7
1 16 0 8 0 -10 0 0 0 -1 0 0 0 -10 1-8chrd.dat
1 16 0 8 0 -10 0 0 0 -1 0 0 0 10 1-8chrd.dat
4 16 -7 8 0 -7 8 -7 -7.071 8 -7.071 -10 8 0
4 16 -7 8 0 -10 8 0 -7.071 8 7.071 -7 8 7
1 16 0 8 0 0 0 -10 0 -1 0 10 0 0 1-8chrd.dat
1 16 0 8 0 0 0 10 0 -1 0 10 0 0 1-8chrd.dat
4 16 0 8 7 -7 8 7 -7.071 8 7.071 0 8 10
4 16 0 8 7 0 8 10 7.071 8 7.071 7 8 7

1 16 0 8 0 10 0 0 0 -4 0 0 0 10 4-4cylo.dat
1 16 0 4 0 10 0 0 0 -1 0 0 0 10 4-4ndis.dat
4 16 10 4 -10 10 4 10 21 4 16 21 4 -16
4 16 21 4 16 10 4 10 -10 4 10 -21 4 16
4 16 -21 4 16 -10 4 10 -10 4 -10 -21 4 -16
4 16 -21 4 -16 -10 4 -10 10 4 -10 21 4 -16
1 16 0 0 0 10 0 0 0 1 0 0 0 10 4-4ndis.dat
4 16 60 0 20 10 0 10 10 0 -10 60 0 -20
4 16 -10 0 10 10 0 10 60 0 20 -60 0 20
4 16 -10 0 -10 -10 0 10 -60 0 20 -60 0 -20
4 16 10 0 -10 -10 0 -10 -60 0 -20 60 0 -20
0 BFC INVERTNEXT
1 16 0 -32 0 7 0 0 0 40 0 0 0 7 4-4cylo.dat
1 16 0 -32 0 10 0 0 0 32 0 0 0 10 4-4cylo.dat
1 16 40 0 0 1 0 0 0 1 0 0 0 1 stug-2x2.dat
1 16 -40 0 0 1 0 0 0 1 0 0 0 1 stug-2x2.dat

1 16 0 -32 0 7 0 0 0 1 0 0 0 7 4-4ndis.dat
1 16 0 -32 0 10 0 0 0 1 0 0 0 10 1-8chrd.dat
1 16 0 -32 0 10 0 0 0 1 0 0 0 -10 1-8chrd.dat
4 16 7.071 -32 7.071 7 -32 7 7 -32 0 10 -32 0
4 16 7.071 -32 -7.071 10 -32 0 7 -32 0 7 -32 -7
1 16 0 -32 0 0 0 10 0 1 0 -10 0 0 1-8chrd.dat
1 16 0 -32 0 0 0 -10 0 1 0 -10 0 0 1-8chrd.dat
4 16 7.071 -32 -7.071 7 -32 -7 0 -32 -7 0 -32 -10
4 16 -7.071 -32 -7.071 0 -32 -10 0 -32 -7 -7 -32 -7
1 16 0 -32 0 -10 0 0 0 1 0 0 0 -10 1-8chrd.dat
1 16 0 -32 0 -10 0 0 0 1 0 0 0 10 1-8chrd.dat
4 16 -7.071 -32 -7.071 -7 -32 -7 -7 -32 0 -10 -32 0
4 16 -7.071 -32 7.071 -10 -32 0 -7 -32 0 -7 -32 7
1 16 0 -32 0 0 0 -10 0 1 0 10 0 0 1-8chrd.dat
1 16 0 -32 0 0 0 10 0 1 0 10 0 0 1-8chrd.dat
4 16 -7.071 -32 7.071 -7 -32 7 0 -32 7 0 -32 10
4 16 7.071 -32 7.071 0 -32 10 0 -32 7 7 -32 7

0 // bump
3 16 6.9405 -9.136 0.9135 7 -12 0 4.4212 -10.45 1.7364
3 16 7 -12 0 4.4212 -13.55 1.7364 4.4212 -10.45 1.7364
3 16 4.4212 -13.55 1.7364 7 -12 0 6.9405 -14.864 0.9135
3 16 6.762 -8.193 1.8119 6.9405 -9.136 0.9135 4.4212 -10.45 1.7364
3 16 4.4212 -13.55 1.7364 6.9405 -14.864 0.9135 6.762 -15.807 1.8119
3 16 6.4669 -7.704 2.6787 6.762 -8.193 1.8119 4.4212 -10.45 1.7364
3 16 4.4212 -13.55 1.7364 6.762 -15.807 1.8119 6.4669 -16.296 2.6787
3 16 6.062 -7.55 3.5 6.4669 -7.704 2.6787 4.4212 -10.45 1.7364
3 16 4.4212 -13.55 1.7364 6.4669 -16.296 2.6787 6.062 -16.45 3.5
3 16 6.062 -7.55 3.5 4.4212 -10.45 1.7364 3.7142 -10.45 2.9606
3 16 3.7142 -13.55 2.9606 4.4212 -13.55 1.7364 6.062 -16.45 3.5
4 16 3.7142 -13.55 2.9606 3.7142 -10.45 2.9606 4.4212 -10.45 1.7364 4.4212 -13.55 1.7364
3 16 3.7142 -10.45 2.9606 5.5533 -7.704 4.2619 6.062 -7.55 3.5
3 16 6.062 -16.45 3.5 5.5533 -16.296 4.2619 3.7142 -13.55 2.9606
3 16 3.7142 -10.45 2.9606 4.9502 -8.193 4.9502 5.5533 -7.704 4.2619
3 16 5.5533 -16.296 4.2619 4.9502 -15.807 4.9502 3.7142 -13.55 2.9606
3 16 3.7142 -10.45 2.9606 4.2619 -9.136 5.5533 4.9502 -8.193 4.9502
3 16 4.9502 -15.807 4.9502 4.2619 -14.864 5.5533 3.7142 -13.55 2.9606
3 16 3.7142 -10.45 2.9606 3.5 -12 6.062 4.2619 -9.136 5.5533
3 16 3.7142 -10.45 2.9606 3.7142 -13.55 2.9606 3.5 -12 6.062
3 16 4.2619 -14.864 5.5533 3.5 -12 6.062 3.7142 -13.55 2.9606
5 24 3.7142 -10.45 2.9606 3.7142 -13.55 2.9606 3.5 -12 6.062 4.4212 -10.45 1.7364
5 24 3.5 -12 6.062 3.7142 -13.55 2.9606 3.7142 -10.45 2.9606 4.2619 -14.864 5.5533
5 24 3.7142 -13.55 2.9606 4.9502 -15.807 4.9502 5.5533 -16.296 4.2619 4.2619 -14.864 5.5533
5 24 6.4669 -16.296 2.6787 4.4212 -13.55 1.7364 6.762 -15.807 1.8119 6.062 -16.45 3.5
5 24 4.4212 -10.45 1.7364 6.4669 -7.704 2.6787 6.762 -8.193 1.8119 6.062 -7.55 3.5
5 24 3.7142 -13.55 2.9606 4.2619 -14.864 5.5533 3.5 -12 6.062 4.9502 -15.807 4.9502
5 24 3.5 -12 6.062 3.7142 -10.45 2.9606 4.2619 -9.136 5.5533 3.7142 -13.55 2.9606
5 24 4.4212 -13.55 1.7364 7 -12 0 6.9405 -14.864 0.9135 4.4212 -10.45 1.7364
5 24 3.7142 -10.45 2.9606 6.062 -7.55 3.5 5.5533 -7.704 4.2619 4.4212 -10.45 1.7364
5 24 6.762 -8.193 1.8119 4.4212 -10.45 1.7364 6.4669 -7.704 2.6787 6.9405 -9.136 0.9135
5 24 4.4212 -13.55 1.7364 6.762 -15.807 1.8119 6.9405 -14.864 0.9135 6.4669 -16.296 2.6787
5 24 4.4212 -13.55 1.7364 6.062 -16.45 3.5 3.7142 -13.55 2.9606 6.4669 -16.296 2.6787
5 24 4.4212 -10.45 1.7364 6.9405 -9.136 0.9135 6.762 -8.193 1.8119 7 -12 0
5 24 6.9405 -14.864 0.9135 4.4212 -13.55 1.7364 6.762 -15.807 1.8119 7 -12 0
5 24 3.7142 -10.45 2.9606 4.9502 -8.193 4.9502 5.5533 -7.704 4.2619 4.2619 -9.136 5.5533
5 24 3.7142 -13.55 2.9606 4.4212 -13.55 1.7364 6.062 -16.45 3.5 3.7142 -10.45 2.9606
5 24 6.062 -16.45 3.5 3.7142 -13.55 2.9606 5.5533 -16.296 4.2619 4.4212 -13.55 1.7364
5 24 4.4212 -10.45 1.7364 3.7142 -10.45 2.9606 4.4212 -13.55 1.7364 6.062 -7.55 3.5
5 24 4.4212 -13.55 1.7364 4.4212 -10.45 1.7364 7 -12 0 3.7142 -13.55 2.9606
5 24 6.062 -7.55 3.5 4.4212 -10.45 1.7364 3.7142 -10.45 2.9606 6.4669 -7.704 2.6787
5 24 5.5533 -7.704 4.2619 3.7142 -10.45 2.9606 4.9502 -8.193 4.9502 6.062 -7.55 3.5
5 24 4.4212 -10.45 1.7364 7 -12 0 6.9405 -9.136 0.9135 4.4212 -13.55 1.7364
5 24 4.2619 -9.136 5.5533 3.7142 -10.45 2.9606 3.5 -12 6.062 4.9502 -8.193 4.9502
5 24 5.5533 -16.296 4.2619 3.7142 -13.55 2.9606 4.9502 -15.807 4.9502 6.062 -16.45 3.5
2 24 6.6395 -8.3234 1.8125 6.468 -7.7059 2.6754
2 24 6.8079 -14.7882 0.9661 6.6395 -15.6766 1.8125
2 24 6.4653 -7.7034 2.6819 5.9818 -7.7138 3.4054
2 24 6.468 -16.2941 2.6754 6.6395 -15.6766 1.8125
2 24 7 -12 0 6.8079 -9.2118 0.9661
2 24 6.8079 -9.2118 0.9661 6.6395 -8.3234 1.8125
2 24 6.8079 -14.7882 0.9661 7 -12 0
2 24 5.4551 -16.1329 4.1934 5.934 -16.2784 3.4769
2 24 5.934 -7.7216 3.4769 5.4551 -7.8671 4.1934
2 24 4.9498 -15.8062 4.9496 5.4551 -16.1329 4.1934
2 24 4.9498 -8.1938 4.9496 5.4551 -7.8671 4.1934
2 24 5.934 -7.7216 3.4769 5.9818 -7.7138 3.4054
2 24 6.4653 -16.2966 2.6819 5.9818 -16.2862 3.4054
2 24 5.9818 -16.2862 3.4054 5.934 -16.2784 3.4769
2 24 4.2425 -14.7936 5.4223 3.5214 -12.0828 5.9043
2 24 4.9497 -15.806 4.9497 4.2425 -14.7936 5.4223
2 24 4.9497 -8.194 4.9497 4.2425 -9.2064 5.4223
2 24 3.5214 -11.9172 5.9043 3.5214 -12.0828 5.9043
2 24 3.5214 -11.9172 5.9043 4.2425 -9.2064 5.4223

0 // bump
3 16 -2.6788 -9.136 -6.47 -3.5 -12 -6.0648 -0.7062 -10.45 -4.6988
3 16 -3.5 -12 -6.0648 -0.7062 -13.55 -4.6988 -0.7062 -10.45 -4.6988
3 16 -0.7062 -13.55 -4.6988 -3.5 -12 -6.0648 -2.6788 -14.864 -6.47
3 16 -1.8112 -8.193 -6.7645 -2.6788 -9.136 -6.47 -0.7062 -10.45 -4.6988
3 16 -0.7062 -13.55 -4.6988 -2.6788 -14.864 -6.47 -1.8112 -15.807 -6.7645
3 16 -0.9126 -7.704 -6.9422 -1.8112 -8.193 -6.7645 -0.7062 -10.45 -4.6988
3 16 -0.7062 -13.55 -4.6988 -1.8112 -15.807 -6.7645 -0.9126 -16.296 -6.9422
3 16 0.0014 -7.55 -7.0021 -0.9126 -7.704 -6.9422 -0.7062 -10.45 -4.6988
3 16 -0.7062 -13.55 -4.6988 -0.9126 -16.296 -6.9422 0.0014 -16.45 -7.0021
3 16 0.0014 -7.55 -7.0021 -0.7062 -10.45 -4.6988 0.708 -10.45 -4.6982
3 16 0.708 -13.55 -4.6982 -0.7062 -13.55 -4.6988 0.0014 -16.45 -7.0021
4 16 0.708 -13.55 -4.6982 0.708 -10.45 -4.6982 -0.7062 -10.45 -4.6988 -0.7062 -13.55 -4.6988
3 16 0.708 -10.45 -4.6982 0.9158 -7.704 -6.9423 0.0014 -7.55 -7.0021
3 16 0.0014 -16.45 -7.0021 0.9158 -16.296 -6.9423 0.708 -13.55 -4.6982
3 16 0.708 -10.45 -4.6982 1.8137 -8.193 -6.7639 0.9158 -7.704 -6.9423
3 16 0.9158 -16.296 -6.9423 1.8137 -15.807 -6.7639 0.708 -13.55 -4.6982
3 16 0.708 -10.45 -4.6982 2.6805 -9.136 -6.4691 1.8137 -8.193 -6.7639
3 16 1.8137 -15.807 -6.7639 2.6805 -14.864 -6.4691 0.708 -13.55 -4.6982
3 16 0.708 -10.45 -4.6982 3.5021 -12 -6.0634 2.6805 -9.136 -6.4691
3 16 0.708 -10.45 -4.6982 0.708 -13.55 -4.6982 3.5021 -12 -6.0634
3 16 2.6805 -14.864 -6.4691 3.5021 -12 -6.0634 0.708 -13.55 -4.6982
5 24 0.708 -10.45 -4.6982 0.708 -13.55 -4.6982 3.5021 -12 -6.0634 -0.7062 -10.45 -4.6988
5 24 3.5021 -12 -6.0634 0.708 -13.55 -4.6982 0.708 -10.45 -4.6982 2.6805 -14.864 -6.4691
5 24 0.708 -13.55 -4.6982 1.8137 -15.807 -6.7639 0.9158 -16.296 -6.9423 2.6805 -14.864 -6.4691
5 24 -0.9126 -16.296 -6.9422 -0.7062 -13.55 -4.6988 -1.8112 -15.807 -6.7645 0.0014 -16.45 -7.0021
5 24 -0.7062 -10.45 -4.6988 -0.9126 -7.704 -6.9422 -1.8112 -8.193 -6.7645 0.0014 -7.55 -7.0021
5 24 0.708 -13.55 -4.6982 2.6805 -14.864 -6.4691 3.5021 -12 -6.0634 1.8137 -15.807 -6.7639
5 24 3.5021 -12 -6.0634 0.708 -10.45 -4.6982 2.6805 -9.136 -6.4691 0.708 -13.55 -4.6982
5 24 -0.7062 -13.55 -4.6988 -3.5 -12 -6.0648 -2.6788 -14.864 -6.47 -0.7062 -10.45 -4.6988
5 24 0.708 -10.45 -4.6982 0.0014 -7.55 -7.0021 0.9158 -7.704 -6.9423 -0.7062 -10.45 -4.6988
5 24 -1.8112 -8.193 -6.7645 -0.7062 -10.45 -4.6988 -0.9126 -7.704 -6.9422 -2.6788 -9.136 -6.47
5 24 -0.7062 -13.55 -4.6988 -1.8112 -15.807 -6.7645 -2.6788 -14.864 -6.47 -0.9126 -16.296 -6.9422
5 24 -0.7062 -13.55 -4.6988 0.0014 -16.45 -7.0021 0.708 -13.55 -4.6982 -0.9126 -16.296 -6.9422
5 24 -0.7062 -10.45 -4.6988 -2.6788 -9.136 -6.47 -1.8112 -8.193 -6.7645 -3.5 -12 -6.0648
5 24 -2.6788 -14.864 -6.47 -0.7062 -13.55 -4.6988 -1.8112 -15.807 -6.7645 -3.5 -12 -6.0648
5 24 0.708 -10.45 -4.6982 1.8137 -8.193 -6.7639 0.9158 -7.704 -6.9423 2.6805 -9.136 -6.4691
5 24 0.708 -13.55 -4.6982 -0.7062 -13.55 -4.6988 0.0014 -16.45 -7.0021 0.708 -10.45 -4.6982
5 24 0.0014 -16.45 -7.0021 0.708 -13.55 -4.6982 0.9158 -16.296 -6.9423 -0.7062 -13.55 -4.6988
5 24 -0.7062 -10.45 -4.6988 0.708 -10.45 -4.6982 -0.7062 -13.55 -4.6988 0.0014 -7.55 -7.0021
5 24 -0.7062 -13.55 -4.6988 -0.7062 -10.45 -4.6988 -3.5 -12 -6.0648 0.708 -13.55 -4.6982
5 24 0.0014 -7.55 -7.0021 -0.7062 -10.45 -4.6988 0.708 -10.45 -4.6982 -0.9126 -7.704 -6.9422
5 24 0.9158 -7.704 -6.9423 0.708 -10.45 -4.6982 1.8137 -8.193 -6.7639 0.0014 -7.55 -7.0021
5 24 -0.7062 -10.45 -4.6988 -3.5 -12 -6.0648 -2.6788 -9.136 -6.47 -0.7062 -13.55 -4.6988
5 24 2.6805 -9.136 -6.4691 0.708 -10.45 -4.6982 3.5021 -12 -6.0634 1.8137 -8.193 -6.7639
5 24 0.9158 -16.296 -6.9423 0.708 -13.55 -4.6982 1.8137 -15.807 -6.7639 0.0014 -16.45 -7.0021
2 24 -1.746 -8.3307 -6.6528 -2.6761 -9.1378 -6.4678
2 24 -3.3644 -12.0762 -6.0092 -2.6789 -14.8551 -6.4673
2 24 -0.9023 -7.8703 -6.8206 -1.746 -8.3307 -6.6528
2 24 -1.746 -15.6693 -6.6528 -2.6761 -14.8622 -6.4678
2 24 -3.3644 -12.0762 -6.0092 -3.3644 -11.9238 -6.0092
2 24 -3.3644 -11.9238 -6.0092 -2.6789 -9.1449 -6.4673
2 24 0.0023 -16.4463 -6.9995 0.9053 -16.1288 -6.82
2 24 0.0023 -7.5537 -6.9995 0.9053 -7.8712 -6.82
2 24 0 -7.5531 -7 -0.9023 -7.8703 -6.8206
2 24 -0.9023 -16.1297 -6.8206 -1.746 -15.6693 -6.6528
2 24 -0.9023 -16.1297 -6.8206 0 -16.4469 -7
2 24 3.3664 -11.9238 -6.0078 3.3664 -12.0762 -6.0078
2 24 3.3664 -11.9238 -6.0078 2.6789 -9.1388 -6.4673
2 24 3.3664 -12.0762 -6.0078 2.6789 -14.8612 -6.4673
2 24 0.9053 -16.1288 -6.82 1.7485 -15.6695 -6.6523
2 24 0.9053 -7.8712 -6.82 1.7485 -8.3305 -6.6523
2 24 1.7485 -15.6695 -6.6523 2.6784 -14.8625 -6.4674
2 24 1.7485 -8.3305 -6.6523 2.6784 -9.1375 -6.4674

0 // bump
3 16 -4.2617 -9.136 5.5565 -3.5 -12 6.0648 -3.715 -10.45 2.9623
3 16 -3.5 -12 6.0648 -3.715 -13.55 2.9623 -3.715 -10.45 2.9623
3 16 -3.715 -13.55 2.9623 -3.5 -12 6.0648 -4.2617 -14.864 5.5565
3 16 -4.9508 -8.193 4.9526 -4.2617 -9.136 5.5565 -3.715 -10.45 2.9623
3 16 -3.715 -13.55 2.9623 -4.2617 -14.864 5.5565 -4.9508 -15.807 4.9526
3 16 -5.5542 -7.704 4.2636 -4.9508 -8.193 4.9526 -3.715 -10.45 2.9623
3 16 -3.715 -13.55 2.9623 -4.9508 -15.807 4.9526 -5.5542 -16.296 4.2636
3 16 -6.0634 -7.55 3.5021 -5.5542 -7.704 4.2636 -3.715 -10.45 2.9623
3 16 -3.715 -13.55 2.9623 -5.5542 -16.296 4.2636 -6.0634 -16.45 3.5021
3 16 -6.0634 -7.55 3.5021 -3.715 -10.45 2.9623 -4.4221 -10.45 1.7376
3 16 -4.4221 -13.55 1.7376 -3.715 -13.55 2.9623 -6.0634 -16.45 3.5021
4 16 -4.4221 -13.55 1.7376 -4.4221 -10.45 1.7376 -3.715 -10.45 2.9623 -3.715 -13.55 2.9623
3 16 -4.4221 -10.45 1.7376 -6.4691 -7.704 2.6805 -6.0634 -7.55 3.5021
3 16 -6.0634 -16.45 3.5021 -6.4691 -16.296 2.6805 -4.4221 -13.55 1.7376
3 16 -4.4221 -10.45 1.7376 -6.7639 -8.193 1.8137 -6.4691 -7.704 2.6805
3 16 -6.4691 -16.296 2.6805 -6.7639 -15.807 1.8137 -4.4221 -13.55 1.7376
3 16 -4.4221 -10.45 1.7376 -6.9423 -9.136 0.9158 -6.7639 -8.193 1.8137
3 16 -6.7639 -15.807 1.8137 -6.9423 -14.864 0.9158 -4.4221 -13.55 1.7376
3 16 -4.4221 -10.45 1.7376 -7.0021 -12 0.0014 -6.9423 -9.136 0.9158
3 16 -4.4221 -10.45 1.7376 -4.4221 -13.55 1.7376 -7.0021 -12 0.0014
3 16 -6.9423 -14.864 0.9158 -7.0021 -12 0.0014 -4.4221 -13.55 1.7376
5 24 -4.4221 -10.45 1.7376 -4.4221 -13.55 1.7376 -7.0021 -12 0.0014 -3.715 -10.45 2.9623
5 24 -7.0021 -12 0.0014 -4.4221 -13.55 1.7376 -4.4221 -10.45 1.7376 -6.9423 -14.864 0.9158
5 24 -4.4221 -13.55 1.7376 -6.7639 -15.807 1.8137 -6.4691 -16.296 2.6805 -6.9423 -14.864 0.9158
5 24 -5.5542 -16.296 4.2636 -3.715 -13.55 2.9623 -4.9508 -15.807 4.9526 -6.0634 -16.45 3.5021
5 24 -3.715 -10.45 2.9623 -5.5542 -7.704 4.2636 -4.9508 -8.193 4.9526 -6.0634 -7.55 3.5021
5 24 -4.4221 -13.55 1.7376 -6.9423 -14.864 0.9158 -7.0021 -12 0.0014 -6.7639 -15.807 1.8137
5 24 -7.0021 -12 0.0014 -4.4221 -10.45 1.7376 -6.9423 -9.136 0.9158 -4.4221 -13.55 1.7376
5 24 -3.715 -13.55 2.9623 -3.5 -12 6.0648 -4.2617 -14.864 5.5565 -3.715 -10.45 2.9623
5 24 -4.4221 -10.45 1.7376 -6.0634 -7.55 3.5021 -6.4691 -7.704 2.6805 -3.715 -10.45 2.9623
5 24 -4.9508 -8.193 4.9526 -3.715 -10.45 2.9623 -5.5542 -7.704 4.2636 -4.2617 -9.136 5.5565
5 24 -3.715 -13.55 2.9623 -4.9508 -15.807 4.9526 -4.2617 -14.864 5.5565 -5.5542 -16.296 4.2636
5 24 -3.715 -13.55 2.9623 -6.0634 -16.45 3.5021 -4.4221 -13.55 1.7376 -5.5542 -16.296 4.2636
5 24 -3.715 -10.45 2.9623 -4.2617 -9.136 5.5565 -4.9508 -8.193 4.9526 -3.5 -12 6.0648
5 24 -4.2617 -14.864 5.5565 -3.715 -13.55 2.9623 -4.9508 -15.807 4.9526 -3.5 -12 6.0648
5 24 -4.4221 -10.45 1.7376 -6.7639 -8.193 1.8137 -6.4691 -7.704 2.6805 -6.9423 -9.136 0.9158
5 24 -4.4221 -13.55 1.7376 -3.715 -13.55 2.9623 -6.0634 -16.45 3.5021 -4.4221 -10.45 1.7376
5 24 -6.0634 -16.45 3.5021 -4.4221 -13.55 1.7376 -6.4691 -16.296 2.6805 -3.715 -13.55 2.9623
5 24 -3.715 -10.45 2.9623 -4.4221 -10.45 1.7376 -3.715 -13.55 2.9623 -6.0634 -7.55 3.5021
5 24 -3.715 -13.55 2.9623 -3.715 -10.45 2.9623 -3.5 -12 6.0648 -4.4221 -13.55 1.7376
5 24 -6.0634 -7.55 3.5021 -3.715 -10.45 2.9623 -4.4221 -10.45 1.7376 -5.5542 -7.704 4.2636
5 24 -6.4691 -7.704 2.6805 -4.4221 -10.45 1.7376 -6.7639 -8.193 1.8137 -6.0634 -7.55 3.5021
5 24 -3.715 -10.45 2.9623 -3.5 -12 6.0648 -4.2617 -9.136 5.5565 -3.715 -13.55 2.9623
5 24 -6.9423 -9.136 0.9158 -4.4221 -10.45 1.7376 -7.0021 -12 0.0014 -6.7639 -8.193 1.8137
5 24 -6.4691 -16.296 2.6805 -4.4221 -13.55 1.7376 -6.7639 -15.807 1.8137 -6.0634 -16.45 3.5021
2 24 -3.5218 -12.0844 5.904 -4.2419 -14.7921 5.4227
2 24 -3.5218 -11.9156 5.904 -3.5218 -12.0844 5.904
2 24 -4.2419 -14.7921 5.4227 -4.9493 -15.8038 4.95
2 24 -4.2419 -9.2079 5.4227 -4.9493 -8.1962 4.95
2 24 -3.5218 -11.9156 5.904 -4.2419 -9.2079 5.4227
2 24 -5.9816 -16.2831 3.4055 -5.9329 -16.275 3.4785
2 24 -5.9329 -7.725 3.4785 -5.9816 -7.7169 3.4055
2 24 -6.4669 -7.7073 2.6795 -5.9816 -7.7169 3.4055
2 24 -4.9497 -15.8042 4.9497 -5.4547 -16.1307 4.1941
2 24 -5.4547 -7.8693 4.1941 -4.9497 -8.1958 4.9497
2 24 -5.9329 -16.275 3.4785 -5.4547 -16.1307 4.1941
2 24 -5.9329 -7.725 3.4785 -5.4547 -7.8693 4.1941
2 24 -6.8073 -9.2132 0.9692 -6.9993 -11.9981 0.0036
2 24 -6.8073 -14.7868 0.9692 -6.6392 -15.6743 1.8144
2 24 -6.8073 -14.7868 0.9692 -6.9993 -12.0019 0.0036
2 24 -6.4673 -7.7075 2.6789 -6.6392 -8.3257 1.8144
2 24 -5.9816 -16.2831 3.4055 -6.4669 -16.2927 2.6795
2 24 -6.8073 -9.2132 0.9692 -6.6392 -8.3257 1.8144
2 24 -6.4673 -16.2925 2.6789 -6.6392 -15.6743 1.8144
