0 Windscreen 10 x 10 x  4 Octagonal Canopy
0 Name: 2598.dat
0 Author: Luis E. Fernandez [lfernand]
0 !LDRAW_ORG Part UPDATE 1999-03
0 !LICENSE Redistributable under CCAL version 2.0 : see CAreadme.txt

0 !HISTORY 1998-03-23 [PTadmin] Official Update 1998-03
0 !HISTORY 1999-05-17 [PTadmin] Official Update 1999-03
0 !HISTORY 2007-05-17 [PTadmin] Header formatted for Contributor Agreement
0 !HISTORY 2008-07-01 [PTadmin] Official Update 2008-01

4 16 -60 96 -80 -60 96 -75 -63 96 -72 -65.5 96 -74.5
4 16 -65.5 96 -74.5 -63 96 -72 -63 92 -72 -65.5 92 -74.5
4 16 -65.5 92 -74.5 -63 92 -72 -72 92 -63 -74.5 92 -65.5
4 16 -74.5 92 -65.5 -72 92 -63 -72 96 -63 -74.5 96 -65.5
4 16 -74.5 96 -65.5 -72 96 -63 -83 96 -52 -85.5 96 -54.5
4 16 -85.5 96 -54.5 -83 96 -52 -83 92 -52 -85.5 92 -54.5
4 16 -85.5 92 -54.5 -83 92 -52 -92 92 -43 -94.5 92 -45.5
4 16 -94.5 92 -45.5 -92 92 -43 -92 96 -43 -94.5 96 -45.5
4 16 -94.5 96 -45.5 -92 96 -43 -96 96 -39 -100 96 -40
0
4 16 -60 96 -80 -60 72 -80 -65.5 72 -74.5 -65.5 96 -74.5
4 16 -65.5 92 -74.5 -65.5 72 -74.5 -74.5 72 -65.5 -74.5 92 -65.5
4 16 -74.5 96 -65.5 -74.5 72 -65.5 -85.5 72 -54.5 -85.5 96 -54.5
4 16 -85.5 92 -54.5 -85.5 72 -54.5 -94.5 72 -45.5 -94.5 92 -45.5
4 16 -94.5 96 -45.5 -94.5 72 -45.5 -100 72 -40 -100 96 -40
0
2 24 -57 72 -78 -96 72 -39
0
4 16 -60 96 -75 -60 72 -75 -63 72 -72 -63 96 -72
4 16 -63 92 -72 -63 72 -72 -72 72 -63 -72 92 -63
4 16 -72 96 -63 -72 72 -63 -83 72 -52 -83 96 -52
4 16 -83 92 -52 -83 72 -52 -92 72 -43 -92 92 -43
4 16 -92 96 -43 -92 72 -43 -96 72 -39 -96 96 -39
0
2 24 -60 96 -80 -65.5 96 -74.5
2 24 -65.5 96 -74.5 -65.5 92 -74.5
2 24 -65.5 92 -74.5 -74.5 92 -65.5
2 24 -74.5 92 -65.5 -74.5 96 -65.5
2 24 -74.5 96 -65.5 -85.5 96 -54.5
2 24 -85.5 96 -54.5 -85.5 92 -54.5
2 24 -85.5 92 -54.5 -94.5 92 -45.5
2 24 -94.5 92 -45.5 -94.5 96 -45.5
2 24 -94.5 96 -45.5 -100 96 -40
0
2 24 -60 96 -75 -63 96 -72
2 24 -63 96 -72 -63 92 -72
2 24 -72 92 -63 -72 96 -63
2 24 -72 96 -63 -83 96 -52
2 24 -83 96 -52 -83 92 -52
2 24 -92 92 -43 -92 96 -43
2 24 -92 96 -43 -96 96 -39
0
2 24 -65.5 96 -74.5 -63 96 -72
2 24 -65.5 92 -74.5 -63 92 -72
2 24 -74.5 96 -65.5 -72 96 -63
2 24 -74.5 92 -65.5 -72 92 -63
2 24 -85.5 96 -54.5 -83 96 -52
2 24 -85.5 92 -54.5 -83 92 -52
2 24 -94.5 96 -45.5 -92 96 -43
2 24 -94.5 92 -45.5 -92 92 -43
0
4 16 -60 96 80 -60 96 75 -63 96 72 -65.5 96 74.5
4 16 -65.5 96 74.5 -63 96 72 -63 92 72 -65.5 92 74.5
4 16 -65.5 92 74.5 -63 92 72 -72 92 63 -74.5 92 65.5
4 16 -74.5 92 65.5 -72 92 63 -72 96 63 -74.5 96 65.5
4 16 -74.5 96 65.5 -72 96 63 -83 96 52 -85.5 96 54.5
4 16 -85.5 96 54.5 -83 96 52 -83 92 52 -85.5 92 54.5
4 16 -85.5 92 54.5 -83 92 52 -92 92 43 -94.5 92 45.5
4 16 -94.5 92 45.5 -92 92 43 -92 96 43 -94.5 96 45.5
4 16 -94.5 96 45.5 -92 96 43 -96 96 39 -100 96 40
0
4 16 -60 96 80 -60 72 80 -65.5 72 74.5 -65.5 96 74.5
4 16 -65.5 92 74.5 -65.5 72 74.5 -74.5 72 65.5 -74.5 92 65.5
4 16 -74.5 96 65.5 -74.5 72 65.5 -85.5 72 54.5 -85.5 96 54.5
4 16 -85.5 92 54.5 -85.5 72 54.5 -94.5 72 45.5 -94.5 92 45.5
4 16 -94.5 96 45.5 -94.5 72 45.5 -100 72 40 -100 96 40
0
2 24 -57 72 78 -96 72 39
0
4 16 -60 96 75 -60 72 75 -63 72 72 -63 96 72
4 16 -63 92 72 -63 72 72 -72 72 63 -72 92 63
4 16 -72 96 63 -72 72 63 -83 72 52 -83 96 52
4 16 -83 92 52 -83 72 52 -92 72 43 -92 92 43
4 16 -92 96 43 -92 72 43 -96 72 39 -96 96 39
0
2 24 -60 96 80 -65.5 96 74.5
2 24 -65.5 96 74.5 -65.5 92 74.5
2 24 -65.5 92 74.5 -74.5 92 65.5
2 24 -74.5 92 65.5 -74.5 96 65.5
2 24 -74.5 96 65.5 -85.5 96 54.5
2 24 -85.5 96 54.5 -85.5 92 54.5
2 24 -85.5 92 54.5 -94.5 92 45.5
2 24 -94.5 92 45.5 -94.5 96 45.5
2 24 -94.5 96 45.5 -100 96 40
0
2 24 -60 96 75 -63 96 72
2 24 -63 96 72 -63 92 72
2 24 -72 92 63 -72 96 63
2 24 -72 96 63 -83 96 52
2 24 -83 96 52 -83 92 52
2 24 -92 92 43 -92 96 43
2 24 -92 96 43 -96 96 39
0
2 24 -65.5 96 74.5 -63 96 72
2 24 -65.5 92 74.5 -63 92 72
2 24 -74.5 96 65.5 -72 96 63
2 24 -74.5 92 65.5 -72 92 63
2 24 -85.5 96 54.5 -83 96 52
2 24 -85.5 92 54.5 -83 92 52
2 24 -94.5 96 45.5 -92 96 43
2 24 -94.5 92 45.5 -92 92 43
0
4 16 -100 96 40 -96 96 39 -96 96 -39 -100 96 -40
0
2 24 -96 72 -39 -96 72 39
2 24 -96 72 39 -96 72 -39
2 24 -96 96 -39 -96 96 39
2 24 -96 96 39 -100 96 40
2 24 -100 96 40 -100 96 -40
2 24 -100 96 -40 -96 96 -39
2 24 -96 96 -39 -96 72 -39
2 24 -96 96 39 -96 72 39
2 24 -100 96 -40 -100 72 -40
2 24 -100 96 40 -100 72 40
4 16 -96 72 -39 -96 96 -39 -96 96 39 -96 72 39
4 16 -96 72 39 -96 96 39 -100 96 40 -100 72 40
4 16 -100 72 40 -100 96 40 -100 96 -40 -100 72 -40
4 16 -100 72 -40 -100 96 -40 -96 96 -39 -96 72 -39
0
4 16 -80 96 60 -75 96 60 -72 96 63 -74.5 96 65.5
4 16 -74.5 96 65.5 -72 96 63 -72 92 63 -74.5 92 65.5
4 16 -74.5 92 65.5 -72 92 63 -63 92 72 -65.5 92 74.5
4 16 -65.5 92 74.5 -63 92 72 -63 96 72 -65.5 96 74.5
4 16 -65.5 96 74.5 -63 96 72 -52 96 83 -54.5 96 85.5
4 16 -54.5 96 85.5 -52 96 83 -52 72 83 -54.5 72 85.5
0
4 16 -80 96 60 -80 72 60 -74.5 72 65.5 -74.5 96 65.5
4 16 -74.5 92 65.5 -74.5 72 65.5 -65.5 72 74.5 -65.5 92 74.5
4 16 -65.5 96 74.5 -65.5 72 74.5 -54.5 72 85.5 -54.5 96 85.5
0
2 24 -78 72 57 -39 72 96
0
4 16 -75 96 60 -75 72 60 -72 72 63 -72 96 63
4 16 -72 92 63 -72 72 63 -63 72 72 -63 92 72
4 16 -63 96 72 -63 72 72 -52 72 83 -52 96 83
0
2 24 -80 96 60 -74.5 96 65.5
2 24 -74.5 96 65.5 -74.5 92 65.5
2 24 -74.5 92 65.5 -65.5 92 74.5
2 24 -65.5 92 74.5 -65.5 96 74.5
2 24 -65.5 96 74.5 -54.5 96 85.5
2 24 -54.5 96 85.5 -54.5 72 85.5
0
2 24 -75 96 60 -72 96 63
2 24 -72 96 63 -72 92 63
2 24 -63 92 72 -63 96 72
2 24 -63 96 72 -52 96 83
2 24 -52 96 83 -52 72 83
0
2 24 -74.5 96 65.5 -72 96 63
2 24 -74.5 92 65.5 -72 92 63
2 24 -65.5 96 74.5 -63 96 72
2 24 -65.5 92 74.5 -63 92 72
2 24 -54.5 96 85.5 -52 96 83
2 24 -54.5 72 85.5 -52 72 83
0
4 16 80 96 60 75 96 60 72 96 63 74.5 96 65.5
4 16 74.5 96 65.5 72 96 63 72 92 63 74.5 92 65.5
4 16 74.5 92 65.5 72 92 63 63 92 72 65.5 92 74.5
4 16 65.5 92 74.5 63 92 72 63 96 72 65.5 96 74.5
4 16 65.5 96 74.5 63 96 72 52 96 83 54.5 96 85.5
4 16 54.5 96 85.5 52 96 83 52 72 83 54.5 72 85.5
0
4 16 80 96 60 80 72 60 74.5 72 65.5 74.5 96 65.5
4 16 74.5 92 65.5 74.5 72 65.5 65.5 72 74.5 65.5 92 74.5
4 16 65.5 96 74.5 65.5 72 74.5 54.5 72 85.5 54.5 96 85.5
0
2 24 78 72 57 39 72 96
0
4 16 75 96 60 75 72 60 72 72 63 72 96 63
4 16 72 92 63 72 72 63 63 72 72 63 92 72
4 16 63 96 72 63 72 72 52 72 83 52 96 83
0
2 24 80 96 60 74.5 96 65.5
2 24 74.5 96 65.5 74.5 92 65.5
2 24 74.5 92 65.5 65.5 92 74.5
2 24 65.5 92 74.5 65.5 96 74.5
2 24 65.5 96 74.5 54.5 96 85.5
2 24 54.5 96 85.5 54.5 72 85.5
0
2 24 75 96 60 72 96 63
2 24 72 96 63 72 92 63
2 24 63 92 72 63 96 72
2 24 63 96 72 52 96 83
2 24 52 96 83 52 72 83
0
2 24 74.5 96 65.5 72 96 63
2 24 74.5 92 65.5 72 92 63
2 24 65.5 96 74.5 63 96 72
2 24 65.5 92 74.5 63 92 72
2 24 54.5 96 85.5 52 96 83
2 24 54.5 72 85.5 52 72 83
0
4 16 60 96 80 60 96 75 63 96 72 65.5 96 74.5
4 16 65.5 96 74.5 63 96 72 63 92 72 65.5 92 74.5
4 16 65.5 92 74.5 63 92 72 72 92 63 74.5 92 65.5
4 16 74.5 92 65.5 72 92 63 72 96 63 74.5 96 65.5
4 16 74.5 96 65.5 72 96 63 83 96 52 85.5 96 54.5
4 16 85.5 96 54.5 83 96 52 83 92 52 85.5 92 54.5
4 16 85.5 92 54.5 83 92 52 92 92 43 94.5 92 45.5
4 16 94.5 92 45.5 92 92 43 92 96 43 94.5 96 45.5
4 16 94.5 96 45.5 92 96 43 96 96 39 100 96 40
0
4 16 60 96 80 60 72 80 65.5 72 74.5 65.5 96 74.5
4 16 65.5 92 74.5 65.5 72 74.5 74.5 72 65.5 74.5 92 65.5
4 16 74.5 96 65.5 74.5 72 65.5 85.5 72 54.5 85.5 96 54.5
4 16 85.5 92 54.5 85.5 72 54.5 94.5 72 45.5 94.5 92 45.5
4 16 94.5 96 45.5 94.5 72 45.5 100 72 40 100 96 40
0
2 24 57 72 78 96 72 39
0
4 16 60 96 75 60 72 75 63 72 72 63 96 72
4 16 63 92 72 63 72 72 72 72 63 72 92 63
4 16 72 96 63 72 72 63 83 72 52 83 96 52
4 16 83 92 52 83 72 52 92 72 43 92 92 43
4 16 92 96 43 92 72 43 96 72 39 96 96 39
0
2 24 60 96 80 65.5 96 74.5
2 24 65.5 96 74.5 65.5 92 74.5
2 24 65.5 92 74.5 74.5 92 65.5
2 24 74.5 92 65.5 74.5 96 65.5
2 24 74.5 96 65.5 85.5 96 54.5
2 24 85.5 96 54.5 85.5 92 54.5
2 24 85.5 92 54.5 94.5 92 45.5
2 24 94.5 92 45.5 94.5 96 45.5
2 24 94.5 96 45.5 100 96 40
0
2 24 60 96 75 63 96 72
2 24 63 96 72 63 92 72
2 24 72 92 63 72 96 63
2 24 72 96 63 83 96 52
2 24 83 96 52 83 92 52
2 24 92 92 43 92 96 43
2 24 92 96 43 96 96 39
0
2 24 65.5 96 74.5 63 96 72
2 24 65.5 92 74.5 63 92 72
2 24 74.5 96 65.5 72 96 63
2 24 74.5 92 65.5 72 92 63
2 24 85.5 96 54.5 83 96 52
2 24 85.5 92 54.5 83 92 52
2 24 94.5 96 45.5 92 96 43
2 24 94.5 92 45.5 92 92 43
0
4 16 60 96 -80 60 96 -75 63 96 -72 65.5 96 -74.5
4 16 65.5 96 -74.5 63 96 -72 63 92 -72 65.5 92 -74.5
4 16 65.5 92 -74.5 63 92 -72 72 92 -63 74.5 92 -65.5
4 16 74.5 92 -65.5 72 92 -63 72 96 -63 74.5 96 -65.5
4 16 74.5 96 -65.5 72 96 -63 83 96 -52 85.5 96 -54.5
4 16 85.5 96 -54.5 83 96 -52 83 92 -52 85.5 92 -54.5
4 16 85.5 92 -54.5 83 92 -52 92 92 -43 94.5 92 -45.5
4 16 94.5 92 -45.5 92 92 -43 92 96 -43 94.5 96 -45.5
4 16 94.5 96 -45.5 92 96 -43 96 96 -39 100 96 -40
0
4 16 60 96 -80 60 72 -80 65.5 72 -74.5 65.5 96 -74.5
4 16 65.5 92 -74.5 65.5 72 -74.5 74.5 72 -65.5 74.5 92 -65.5
4 16 74.5 96 -65.5 74.5 72 -65.5 85.5 72 -54.5 85.5 96 -54.5
4 16 85.5 92 -54.5 85.5 72 -54.5 94.5 72 -45.5 94.5 92 -45.5
4 16 94.5 96 -45.5 94.5 72 -45.5 100 72 -40 100 96 -40
0
2 24 57 72 -78 96 72 -39
0
4 16 60 96 -75 60 72 -75 63 72 -72 63 96 -72
4 16 63 92 -72 63 72 -72 72 72 -63 72 92 -63
4 16 72 96 -63 72 72 -63 83 72 -52 83 96 -52
4 16 83 92 -52 83 72 -52 92 72 -43 92 92 -43
4 16 92 96 -43 92 72 -43 96 72 -39 96 96 -39
0
2 24 60 96 -80 65.5 96 -74.5
2 24 65.5 96 -74.5 65.5 92 -74.5
2 24 65.5 92 -74.5 74.5 92 -65.5
2 24 74.5 92 -65.5 74.5 96 -65.5
2 24 74.5 96 -65.5 85.5 96 -54.5
2 24 85.5 96 -54.5 85.5 92 -54.5
2 24 85.5 92 -54.5 94.5 92 -45.5
2 24 94.5 92 -45.5 94.5 96 -45.5
2 24 94.5 96 -45.5 100 96 -40
0
2 24 60 96 -75 63 96 -72
2 24 63 96 -72 63 92 -72
2 24 72 92 -63 72 96 -63
2 24 72 96 -63 83 96 -52
2 24 83 96 -52 83 92 -52
2 24 92 92 -43 92 96 -43
2 24 92 96 -43 96 96 -39
0
2 24 65.5 96 -74.5 63 96 -72
2 24 65.5 92 -74.5 63 92 -72
2 24 74.5 96 -65.5 72 96 -63
2 24 74.5 92 -65.5 72 92 -63
2 24 85.5 96 -54.5 83 96 -52
2 24 85.5 92 -54.5 83 92 -52
2 24 94.5 96 -45.5 92 96 -43
2 24 94.5 92 -45.5 92 92 -43
0
4 16 100 96 -40 96 96 -39 96 96 39 100 96 40
0
2 24 96 72 39 96 72 -39
2 24 96 72 -39 96 72 39
2 24 96 96 39 96 96 -39
2 24 96 96 -39 100 96 -40
2 24 100 96 -40 100 96 40
2 24 100 96 40 96 96 39
2 24 96 96 39 96 72 39
2 24 96 96 -39 96 72 -39
2 24 100 96 40 100 72 40
2 24 100 96 -40 100 72 -40
4 16 96 72 39 96 96 39 96 96 -39 96 72 -39
4 16 96 72 -39 96 96 -39 100 96 -40 100 72 -40
4 16 100 72 -40 100 96 -40 100 96 40 100 72 40
4 16 100 72 40 100 96 40 96 96 39 96 72 39
0
4 16 80 96 -60 75 96 -60 72 96 -63 74.5 96 -65.5
4 16 74.5 96 -65.5 72 96 -63 72 92 -63 74.5 92 -65.5
4 16 74.5 92 -65.5 72 92 -63 63 92 -72 65.5 92 -74.5
4 16 65.5 92 -74.5 63 92 -72 63 96 -72 65.5 96 -74.5
4 16 65.5 96 -74.5 63 96 -72 52 96 -83 54.5 96 -85.5
4 16 54.5 96 -85.5 52 96 -83 52 92 -83 54.5 92 -85.5
4 16 54.5 92 -85.5 52 92 -83 43 92 -92 45.5 92 -94.5
4 16 45.5 92 -94.5 43 92 -92 43 96 -92 45.5 96 -94.5
4 16 45.5 96 -94.5 43 96 -92 39 96 -96 40 96 -100
0
4 16 80 96 -60 80 72 -60 74.5 72 -65.5 74.5 96 -65.5
4 16 74.5 92 -65.5 74.5 72 -65.5 65.5 72 -74.5 65.5 92 -74.5
4 16 65.5 96 -74.5 65.5 72 -74.5 54.5 72 -85.5 54.5 96 -85.5
4 16 54.5 92 -85.5 54.5 72 -85.5 45.5 72 -94.5 45.5 92 -94.5
4 16 45.5 96 -94.5 45.5 72 -94.5 40 72 -100 40 96 -100
0
2 24 78 72 -57 39 72 -96
0
4 16 75 96 -60 75 72 -60 72 72 -63 72 96 -63
4 16 72 92 -63 72 72 -63 63 72 -72 63 92 -72
4 16 63 96 -72 63 72 -72 52 72 -83 52 96 -83
4 16 52 92 -83 52 72 -83 43 72 -92 43 92 -92
4 16 43 96 -92 43 72 -92 39 72 -96 39 96 -96
0
2 24 80 96 -60 74.5 96 -65.5
2 24 74.5 96 -65.5 74.5 92 -65.5
2 24 74.5 92 -65.5 65.5 92 -74.5
2 24 65.5 92 -74.5 65.5 96 -74.5
2 24 65.5 96 -74.5 54.5 96 -85.5
2 24 54.5 96 -85.5 54.5 92 -85.5
2 24 54.5 92 -85.5 45.5 92 -94.5
2 24 45.5 92 -94.5 45.5 96 -94.5
2 24 45.5 96 -94.5 40 96 -100
0
2 24 75 96 -60 72 96 -63
2 24 72 96 -63 72 92 -63
2 24 63 92 -72 63 96 -72
2 24 63 96 -72 52 96 -83
2 24 52 96 -83 52 92 -83
2 24 43 92 -92 43 96 -92
2 24 43 96 -92 39 96 -96
0
2 24 74.5 96 -65.5 72 96 -63
2 24 74.5 92 -65.5 72 92 -63
2 24 65.5 96 -74.5 63 96 -72
2 24 65.5 92 -74.5 63 92 -72
2 24 54.5 96 -85.5 52 96 -83
2 24 54.5 92 -85.5 52 92 -83
2 24 45.5 96 -94.5 43 96 -92
2 24 45.5 92 -94.5 43 92 -92
0
4 16 -80 96 -60 -75 96 -60 -72 96 -63 -74.5 96 -65.5
4 16 -74.5 96 -65.5 -72 96 -63 -72 92 -63 -74.5 92 -65.5
4 16 -74.5 92 -65.5 -72 92 -63 -63 92 -72 -65.5 92 -74.5
4 16 -65.5 92 -74.5 -63 92 -72 -63 96 -72 -65.5 96 -74.5
4 16 -65.5 96 -74.5 -63 96 -72 -52 96 -83 -54.5 96 -85.5
4 16 -54.5 96 -85.5 -52 96 -83 -52 92 -83 -54.5 92 -85.5
4 16 -54.5 92 -85.5 -52 92 -83 -43 92 -92 -45.5 92 -94.5
4 16 -45.5 92 -94.5 -43 92 -92 -43 96 -92 -45.5 96 -94.5
4 16 -45.5 96 -94.5 -43 96 -92 -39 96 -96 -40 96 -100
0
4 16 -80 96 -60 -80 72 -60 -74.5 72 -65.5 -74.5 96 -65.5
4 16 -74.5 92 -65.5 -74.5 72 -65.5 -65.5 72 -74.5 -65.5 92 -74.5
4 16 -65.5 96 -74.5 -65.5 72 -74.5 -54.5 72 -85.5 -54.5 96 -85.5
4 16 -54.5 92 -85.5 -54.5 72 -85.5 -45.5 72 -94.5 -45.5 92 -94.5
4 16 -45.5 96 -94.5 -45.5 72 -94.5 -40 72 -100 -40 96 -100
0
2 24 -78 72 -57 -39 72 -96
0
4 16 -75 96 -60 -75 72 -60 -72 72 -63 -72 96 -63
4 16 -72 92 -63 -72 72 -63 -63 72 -72 -63 92 -72
4 16 -63 96 -72 -63 72 -72 -52 72 -83 -52 96 -83
4 16 -52 92 -83 -52 72 -83 -43 72 -92 -43 92 -92
4 16 -43 96 -92 -43 72 -92 -39 72 -96 -39 96 -96
0
2 24 -80 96 -60 -74.5 96 -65.5
2 24 -74.5 96 -65.5 -74.5 92 -65.5
2 24 -74.5 92 -65.5 -65.5 92 -74.5
2 24 -65.5 92 -74.5 -65.5 96 -74.5
2 24 -65.5 96 -74.5 -54.5 96 -85.5
2 24 -54.5 96 -85.5 -54.5 92 -85.5
2 24 -54.5 92 -85.5 -45.5 92 -94.5
2 24 -45.5 92 -94.5 -45.5 96 -94.5
2 24 -45.5 96 -94.5 -40 96 -100
0
2 24 -75 96 -60 -72 96 -63
2 24 -72 96 -63 -72 92 -63
2 24 -63 92 -72 -63 96 -72
2 24 -63 96 -72 -52 96 -83
2 24 -52 96 -83 -52 92 -83
2 24 -43 92 -92 -43 96 -92
2 24 -43 96 -92 -39 96 -96
0
2 24 -74.5 96 -65.5 -72 96 -63
2 24 -74.5 92 -65.5 -72 92 -63
2 24 -65.5 96 -74.5 -63 96 -72
2 24 -65.5 92 -74.5 -63 92 -72
2 24 -54.5 96 -85.5 -52 96 -83
2 24 -54.5 92 -85.5 -52 92 -83
2 24 -45.5 96 -94.5 -43 96 -92
2 24 -45.5 92 -94.5 -43 92 -92
0
4 16 -40 96 -100 -39 96 -96 39 96 -96 40 96 -100
0
2 24 39 72 -96 -39 72 -96
2 24 -39 72 -96 39 72 -96
2 24 39 96 -96 -39 96 -96
2 24 -39 96 -96 -40 96 -100
2 24 -40 96 -100 40 96 -100
2 24 40 96 -100 39 96 -96
2 24 39 96 -96 39 72 -96
2 24 -39 96 -96 -39 72 -96
2 24 40 96 -100 40 72 -100
2 24 -40 96 -100 -40 72 -100
4 16 39 72 -96 39 96 -96 -39 96 -96 -39 72 -96
4 16 -39 72 -96 -39 96 -96 -40 96 -100 -40 72 -100
4 16 -40 72 -100 -40 96 -100 40 96 -100 40 72 -100
4 16 40 72 -100 40 96 -100 39 96 -96 39 72 -96
0
0
4 16 -36 72 84 -36 72 100 -40 72 100 -56 72 84
4 16 -36 72 100 -36 72 96 -4 72 96 -4 72 100
1 16 -4 80 90 0 0 0 4 0 0 0 0 4 4-4edge.dat
1 16 -36 80 90 0 0 0 4 0 0 0 0 4 4-4edge.dat
1 16 -40 80 90 0 0 0 4 0 0 0 0 4 4-4edge.dat
1 16 0 80 90 0 -4 0 4 0 0 0 0 4 4-4cyli.dat
1 16 -40 80 90 0 4 0 4 0 0 0 0 4 4-4cyli.dat
1 16 -40 80 90 0 0 0 4 0 0 0 0 4 4-4disc.dat
1 16 -4 80 90 0 0 0 0 0 6 6 0 0 2-4edge.dat
1 16 -6 80 90 0 0 0 0 0 6 6 0 0 2-4edge.dat
1 16 -34 80 90 0 0 0 0 0 6 6 0 0 2-4edge.dat
1 16 -36 80 90 0 0 0 0 0 6 6 0 0 2-4edge.dat
1 16 -4 80 90 0 0 0 0 0 6 6 0 0 2-4disc.dat
1 16 -4 80 90 0 -2 0 0 0 6 6 0 0 2-4cyli.dat
1 16 -6 80 90 0 0 0 0 0 6 6 0 0 2-4disc.dat
1 16 -34 80 90 0 0 0 0 0 6 6 0 0 2-4disc.dat
1 16 -36 80 90 0 2 0 0 0 6 6 0 0 2-4cyli.dat
1 16 -36 80 90 0 0 0 0 0 6 6 0 0 2-4disc.dat
1 16 -11.5 86 90 5.5 0 0 0 0 0 0 0 2 rect.dat
1 16 -28.5 86 90 5.5 0 0 0 0 0 0 0 2 rect.dat
1 16 -20 76 90 3 0 0 0 0 0 0 0 2 rect.dat
2 24 -17 86 92 -17 76 92
2 24 -23 86 92 -23 76 92
2 24 -17 86 88 -17 76 88
2 24 -23 86 88 -23 76 88
2 24 -6 86 92 -6 60 92
2 24 -34 86 92 -34 60 92
2 24 -6 86 88 -6 60 88
2 24 -34 86 88 -34 60 88
2 24 -4 80 96 -4 66 96
2 24 -6 80 96 -6 66 96
2 24 -34 80 96 -34 66 96
2 24 -36 80 96 -36 66 96
2 24 -4 80 84 -4 52 84
2 24 -6 80 84 -6 52 84
2 24 -34 80 84 -34 52 84
2 24 -36 80 84 -36 52 84
2 24 -4 72 100 -40 72 100
2 24 -40 72 100 -56 72 84
2 24 -56 72 84 -34 72 84
2 24 -4 72 84 -4 72 100
2 24 -4 68 96 -6 68 96
2 24 -6 66 96 -6 60 92
2 24 -6 62 92 -34 62 92
2 24 -34 60 92 -34 66 96
2 24 -34 68 96 -36 68 96
2 24 -36 52 84 -34 52 84
2 24 -34 52 84 -34 60 88
2 24 -34 60 88 -6 60 88
2 24 -6 60 88 -6 52 84
2 24 -6 52 84 -4 52 84
4 16 -6 86 92 -6 60 92 -17 76 92 -17 86 92
4 16 -34 86 92 -34 60 92 -23 76 92 -23 86 92
4 16 -6 86 88 -6 60 88 -17 76 88 -17 86 88
4 16 -34 86 88 -34 60 88 -23 76 88 -23 86 88
4 16 -6 60 92 -17 76 92 -23 76 92 -34 60 92
4 16 -6 60 88 -17 76 88 -23 76 88 -34 60 88
4 16 -4 80 96 -4 66 96 -6 66 96 -6 80 96
4 16 -36 80 96 -36 66 96 -34 66 96 -34 80 96
4 16 -4 80 84 -4 62 84 -6 62 84 -6 80 86
4 16 -36 80 84 -36 62 84 -34 62 86 -34 80 84
4 16 -4 80 96 -4 66 96 -4 52 84 -4 80 84
4 16 -6 80 96 -6 68 96 -6 52 84 -6 80 84
4 16 -34 80 96 -34 66 96 -34 52 84 -34 80 84
4 16 -36 80 96 -36 66 96 -36 52 84 -36 80 84
0
4 16 36 72 84 36 72 100 40 72 100 56 72 84
4 16 36 72 100 36 72 96 4 72 96 4 72 100
1 16 4 80 90 0 0 0 4 0 0 0 0 4 4-4edge.dat
1 16 36 80 90 0 0 0 4 0 0 0 0 4 4-4edge.dat
1 16 40 80 90 0 0 0 4 0 0 0 0 4 4-4edge.dat
1 16 0 80 90 0 4 0 4 0 0 0 0 4 4-4cyli.dat
1 16 40 80 90 0 -4 0 4 0 0 0 0 4 4-4cyli.dat
1 16 40 80 90 0 0 0 4 0 0 0 0 4 4-4disc.dat
1 16 4 80 90 0 0 0 0 0 6 6 0 0 2-4edge.dat
1 16 6 80 90 0 0 0 0 0 6 6 0 0 2-4edge.dat
1 16 34 80 90 0 0 0 0 0 6 6 0 0 2-4edge.dat
1 16 36 80 90 0 0 0 0 0 6 6 0 0 2-4edge.dat
1 16 4 80 90 0 0 0 0 0 6 6 0 0 2-4disc.dat
1 16 4 80 90 0 2 0 0 0 6 6 0 0 2-4cyli.dat
1 16 6 80 90 0 0 0 0 0 6 6 0 0 2-4disc.dat
1 16 34 80 90 0 0 0 0 0 6 6 0 0 2-4disc.dat
1 16 36 80 90 0 -2 0 0 0 6 6 0 0 2-4cyli.dat
1 16 36 80 90 0 0 0 0 0 6 6 0 0 2-4disc.dat
1 16 11.5 86 90 -5.5 0 0 0 0 0 0 0 2 rect.dat
1 16 28.5 86 90 -5.5 0 0 0 0 0 0 0 2 rect.dat
1 16 20 76 90 -3 0 0 0 0 0 0 0 2 rect.dat
2 24 17 86 92 17 76 92
2 24 23 86 92 23 76 92
2 24 17 86 88 17 76 88
2 24 23 86 88 23 76 88
2 24 6 86 92 6 60 92
2 24 34 86 92 34 60 92
2 24 6 86 88 6 60 88
2 24 34 86 88 34 60 88
2 24 4 80 96 4 66 96
2 24 6 80 96 6 66 96
2 24 34 80 96 34 66 96
2 24 36 80 96 36 66 96
2 24 4 80 84 4 52 84
2 24 6 80 84 6 52 84
2 24 34 80 84 34 52 84
2 24 36 80 84 36 52 84
2 24 4 72 100 40 72 100
2 24 40 72 100 56 72 84
2 24 56 72 84 34 72 84
2 24 4 72 84 4 72 100
2 24 4 68 96 6 68 96
2 24 6 66 96 6 60 92
2 24 6 62 92 34 62 92
2 24 34 60 92 34 66 96
2 24 34 68 96 36 68 96
2 24 36 52 84 34 52 84
2 24 34 52 84 34 60 88
2 24 34 60 88 6 60 88
2 24 6 60 88 6 52 84
2 24 6 52 84 4 52 84
4 16 6 86 92 6 60 92 17 76 92 17 86 92
4 16 34 86 92 34 60 92 23 76 92 23 86 92
4 16 6 86 88 6 60 88 17 76 88 17 86 88
4 16 34 86 88 34 60 88 23 76 88 23 86 88
4 16 6 60 92 17 76 92 23 76 92 34 60 92
4 16 6 60 88 17 76 88 23 76 88 34 60 88
4 16 4 80 96 4 66 96 6 66 96 6 80 96
4 16 36 80 96 36 66 96 34 66 96 34 80 96
4 16 4 80 84 4 62 84 6 62 84 6 80 86
4 16 36 80 84 36 62 84 34 62 86 34 80 84
4 16 4 80 96 4 66 96 4 52 84 4 80 84
4 16 6 80 96 6 68 96 6 52 84 6 80 84
4 16 34 80 96 34 66 96 34 52 84 34 80 84
4 16 36 80 96 36 66 96 36 52 84 36 80 84
0
2 24 4 72 100 4 35 76
2 24 -4 72 100 -4 35 76
0
2 24 4 40 76 4 72 96
2 24 -4 40 76 -4 72 96
0
4 16 4 72 100 4 40 76 4 72 96 4 35 76
4 16 -4 72 100 -4 40 76 -4 72 96 -4 35 76
0
2 24 4 35 76 -4 35 76
2 24 4 40 76 -4 40 76
0
2 24 4 35 76 4 40 76
2 24 -4 35 76 -4 40 76
0
4 16 4 35 76 -4 35 76 -4 40 76 4 40 76
0
2 24 24 2 -8.5 24 2 8.5
2 24 70 30 -27 70 30 27
2 24 96 72 -39 96 72 39
0
2 24 8.5 2 -24 24 2 -8.5
2 24 27 30 -70 70 30 -27
2 24 39 72 -96 96 72 -39
0
2 24 24 2 -8.5 70 30 -27
2 24 70 30 -27 96 72 -39
0
2 24 24 2 8.5 70 30 27
2 24 70 30 27 96 72 39
0
4 16 24 2 -8.5 24 2 8.5 70 30 27 70 30 -27
4 16 70 30 -27 70 30 27 96 72 39 96 72 -39
4 16 8.5 2 -24 24 2 -8.5 70 30 -27 24 30 -70
4 16 24 30 -70 70 30 -27 96 72 -39 39 72 -96
0
2 24 -8.5 2 -24 8.5 2 -24
2 24 -27 30 -70 27 30 -70
2 24 -39 72 -96 39 72 -96
0
2 24 -24 2 -8.5 -8.5 2 -24
2 24 -70 30 -27 -27 30 -70
2 24 -96 72 -39 -39 72 -96
0
2 24 -8.5 2 -24 -27 30 -70
2 24 -27 30 -70 -39 72 -96
0
2 24 8.5 2 -24 27 30 -70
2 24 27 30 -70 39 72 -96
0
4 16 -8.5 2 -24 8.5 2 -24 27 30 -70 -27 30 -70
4 16 -27 30 -70 27 30 -70 39 72 -96 -39 72 -96
4 16 -24 2 -8.5 -8.5 2 -24 -27 30 -70 -70 30 -24
4 16 -70 30 -24 -27 30 -70 -39 72 -96 -96 72 -39
0
2 24 -24 2 8.5 -24 2 -8.5
2 24 -70 30 27 -70 30 -27
2 24 -96 72 39 -96 72 -39
0
2 24 -8.5 2 24 -24 2 8.5
2 24 -27 30 70 -70 30 27
2 24 -39 72 96 -96 72 39
0
2 24 -24 2 8.5 -70 30 27
2 24 -70 30 27 -96 72 39
0
2 24 -24 2 -8.5 -70 30 -27
2 24 -70 30 -27 -96 72 -39
0
4 16 -24 2 8.5 -24 2 -8.5 -70 30 -27 -70 30 27
4 16 -70 30 27 -70 30 -27 -96 72 -39 -96 72 39
4 16 -8.5 2 24 -24 2 8.5 -70 30 27 -24 30 70
4 16 -24 30 70 -70 30 27 -96 72 39 -51 72 84
0
2 24 8.5 2 24 -8.5 2 24
2 24 27 30 70 -27 30 70
2 24 39 72 96 -39 72 96
0
2 24 24 2 8.5 8.5 2 24
2 24 70 30 27 27 30 70
2 24 96 72 39 39 72 96
0
2 24 8.5 2 24 27 30 70
2 24 27 30 70 39 72 96
0
2 24 -8.5 2 24 -27 30 70
2 24 -27 30 70 -39 72 96
0
4 16 8.5 2 24 -8.5 2 24 -27 30 70 27 30 70
4 16 27 30 70 4 30 70 4 72 96 39 72 96
4 16 -4 30 70 -27 30 70 -39 72 96 -4 72 96
4 16 24 2 8.5 8.5 2 24 27 30 70 70 30 24
4 16 70 30 24 27 30 70 51 72 84 96 72 39
0
2 24 24 0 -8.5 24 0 8.5
2 24 72 28 -27 72 28 27
2 24 100 72 -40 100 72 40
0
2 24 8.5 0 -24 24 0 -8.5
2 24 27 28 -72 72 28 -27
2 24 40 72 -100 100 72 -40
0
2 24 24 0 -8.5 72 28 -27
2 24 72 28 -27 100 72 -40
0
2 24 24 0 8.5 72 28 27
2 24 72 28 27 100 72 40
0
4 16 24 0 -8.5 24 0 8.5 72 28 27 72 28 -27
4 16 72 28 -27 72 28 27 100 72 40 100 72 -40
4 16 8.5 0 -24 24 0 -8.5 72 28 -27 27 28 -72
4 16 27 28 -72 72 28 -27 100 72 -40 40 72 -100
0
2 24 -8.5 0 -24 8.5 0 -24
2 24 -27 28 -72 27 28 -72
2 24 -40 72 -100 40 72 -100
0
2 24 -24 0 -8.5 -8.5 0 -24
2 24 -72 28 -27 -27 28 -72
2 24 -100 72 -40 -40 72 -100
0
2 24 -8.5 0 -24 -27 28 -72
2 24 -27 28 -72 -40 72 -100
0
2 24 8.5 0 -24 27 28 -72
2 24 27 28 -72 40 72 -100
0
4 16 -8.5 0 -24 8.5 0 -24 27 28 -72 -27 28 -72
4 16 -27 28 -72 27 28 -72 40 72 -100 -40 72 -100
4 16 -24 0 -8.5 -8.5 0 -24 -27 28 -72 -72 28 -27
4 16 -72 28 -27 -27 28 -72 -40 72 -100 -100 72 -40
0
2 24 -24 0 8.5 -24 0 -8.5
2 24 -72 28 27 -72 28 -27
2 24 -100 72 40 -100 72 -40
0
2 24 -8.5 0 24 -24 0 8.5
2 24 -27 28 72 -72 28 27
2 24 -40 72 100 -100 72 40
0
2 24 -24 0 8.5 -72 28 27
2 24 -72 28 27 -100 72 40
0
2 24 -24 0 -8.5 -72 28 -27
2 24 -72 28 -27 -100 72 -40
0
4 16 -24 0 8.5 -24 0 -8.5 -72 28 -27 -72 28 27
4 16 -72 28 27 -72 28 -27 -100 72 -40 -100 72 40
4 16 -8.5 0 24 -24 0 8.5 -72 28 27 -27 28 72
4 16 -27 28 72 -72 28 27 -100 72 40 -55 72 85
0
2 24 8.5 0 24 -8.5 0 24
2 24 27 28 72 -27 28 72
2 24 40 72 100 -40 72 100
0
2 24 24 0 8.5 8.5 0 24
2 24 72 28 27 27 28 72
2 24 100 72 40 40 72 100
0
2 24 8.5 0 24 27 28 72
2 24 27 28 72 40 72 100
0
2 24 -8.5 0 24 -27 28 72
2 24 -27 28 72 -40 72 100
0
4 16 8.5 0 24 -8.5 0 24 -27 28 72 27 28 72
4 16 -4 28 72 -27 28 72 -40 72 100 -4 72 100
4 16 27 28 72 4 28 72 4 72 100 40 72 100
4 16 24 0 8.5 8.5 0 24 27 28 72 72 28 27
4 16 72 28 27 27 28 72 55 72 85 100 72 40
0
4 16 4 28 72 -4 28 72 -4 35 76 4 35 76
4 16 -4 30 70 4 30 70 4 40 76 -4 40 76
0
4 16 24 0 -8.5 -24 0 -8.5 -8.5 0 -24 8.5 0 -24
4 16 -24 0 8.5 24 0 8.5 8.5 0 24 -8.5 0 24
4 16 -8.5 0 -24 -8.5 0 24 -24 0 8.5 -24 0 -8.5
4 16 8.5 0 24 8.5 0 -24 24 0 -8.5 24 0 8.5
0
1 16 0 0 0 1 0 0 0 4 0 0 0 1 AXLEHOLE.dat
1 16 0 0 0 1 0 0 0 1 0 0 0 1 AXLEHOL2.dat
1 16 0 4 0 1 0 0 0 1 0 0 0 1 AXLEHOL2.dat
1 16 0 0 0 8.5 0 0 0 20 0 0 0 8.5 2-4NDIS.dat
1 16 0 0 0 -8.5 0 0 0 20 0 0 0 -8.5 2-4NDIS.dat
1 16 0 0 0 -6 0 0 0 6 0 0 0 -6 RING1.dat
0
1 16 0 4 0 1 0 0 0 -1 0 0 0 -1 stud4.dat
1 16 10 0 10 1 0 0 0 1 0 0 0 1 stud.dat
1 16 -10 0 10 1 0 0 0 1 0 0 0 1 stud.dat
1 16 -10 0 -10 1 0 0 0 1 0 0 0 1 stud.dat
1 16 10 0 -10 1 0 0 0 1 0 0 0 1 stud.dat
0
4 16 24 4 -8.5 -24 4 -8.5 -8.5 4 -24 8.5 4 -24
4 16 -24 4 8.5 24 4 8.5 8.5 4 24 -8.5 4 24
4 16 -8.5 4 -24 -8.5 4 24 -24 4 8.5 -24 4 -8.5
4 16 8.5 4 24 8.5 4 -24 24 4 -8.5 24 4 8.5
1 16 0 4 0 8.5 0 0 0 20 0 0 0 8.5 2-4NDIS.dat
1 16 0 4 0 -8.5 0 0 0 20 0 0 0 -8.5 2-4NDIS.dat
1 16 0 4 0 -6 0 0 0 6 0 0 0 -6 RING1.dat
0
2 24 14 8 16 -14 8 16
2 24 -16 8 14 -16 8 -14
2 24 -14 8 -16 14 8 -16
2 24 16 8 -14 16 8 14
2 24 14 8 16 -14 8 16
2 24 -16 8 14 -16 8 -14
2 24 -14 8 -16 14 8 -16
2 24 16 8 -14 16 8 14
2 24 16 4 20 -16 4 20
2 24 -20 4 16 -20 4 -16
2 24 -16 4 -20 16 4 -20
2 24 20 4 -16 20 4 16
2 24 16 8 20 -16 8 20
2 24 -20 8 16 -20 8 -16
2 24 -16 8 -20 16 8 -20
2 24 20 8 -16 20 8 16
0
4 16 14 4 16 14 8 16 -14 8 16 -14 4 16
4 16 -16 4 14 -16 8 14 -16 8 -14 -16 4 -14
4 16 -14 4 -16 -14 8 -16 14 8 -16 14 4 -16
4 16 16 4 -14 16 8 -14 16 8 14 16 4 14
4 16 16 8 20 14 8 16 -14 8 16 -16 8 20
4 16 16 8 -20 14 8 -16 -14 8 -16 -16 8 -20
4 16 20 8 16 16 8 14 16 8 -14 20 8 -16
4 16 -20 8 16 -16 8 14 -16 8 -14 -20 8 -16
4 16 16 4 20 16 8 20 -16 8 20 -16 4 20
4 16 -20 4 16 -20 8 16 -20 8 -16 -20 4 -16
4 16 -16 4 -20 -16 8 -20 16 8 -20 16 4 -20
4 16 20 4 -16 20 8 -16 20 8 16 20 4 16
0
2 24 -14 8 16 -16 8 14
2 24 -14 8 16 -16 8 14
2 24 -14 8 16 -14 8 16
2 24 -16 8 14 -16 8 14
2 24 -14 8 16 -14 4 16
2 24 -16 8 14 -16 4 14
4 16 -14 8 16 -16 8 14 -16 4 14 -14 4 16
4 16 -14 8 16 -16 8 14 -16 8 14 -14 8 16
0
2 24 -16 4 20 -20 4 16
2 24 -16 8 20 -20 8 16
2 24 -16 8 20 -16 4 20
2 24 -20 8 16 -20 4 16
4 16 -16 8 20 -20 8 16 -20 4 16 -16 4 20
4 16 -14 8 16 -16 8 20 -20 8 16 -16 8 14
0
2 24 16 8 14 14 8 16
2 24 16 8 14 14 8 16
2 24 16 8 14 16 8 14
2 24 14 8 16 14 8 16
2 24 16 8 14 16 4 14
2 24 14 8 16 14 4 16
4 16 16 8 14 14 8 16 14 4 16 16 4 14
4 16 16 8 14 14 8 16 14 8 16 16 8 14
0
2 24 20 4 16 16 4 20
2 24 20 8 16 16 8 20
2 24 20 8 16 20 4 16
2 24 16 8 20 16 4 20
4 16 20 8 16 16 8 20 16 4 20 20 4 16
4 16 16 8 14 20 8 16 16 8 20 14 8 16
0
2 24 14 8 -16 16 8 -14
2 24 14 8 -16 16 8 -14
2 24 14 8 -16 14 8 -16
2 24 16 8 -14 16 8 -14
2 24 14 8 -16 14 4 -16
2 24 16 8 -14 16 4 -14
4 16 14 8 -16 16 8 -14 16 4 -14 14 4 -16
4 16 14 8 -16 16 8 -14 16 8 -14 14 8 -16
0
2 24 16 4 -20 20 4 -16
2 24 16 8 -20 20 8 -16
2 24 16 8 -20 16 4 -20
2 24 20 8 -16 20 4 -16
4 16 16 8 -20 20 8 -16 20 4 -16 16 4 -20
4 16 14 8 -16 16 8 -20 20 8 -16 16 8 -14
0
2 24 -16 8 -14 -14 8 -16
2 24 -16 8 -14 -14 8 -16
2 24 -16 8 -14 -16 8 -14
2 24 -14 8 -16 -14 8 -16
2 24 -16 8 -14 -16 4 -14
2 24 -14 8 -16 -14 4 -16
4 16 -16 8 -14 -14 8 -16 -14 4 -16 -16 4 -14
4 16 -16 8 -14 -14 8 -16 -14 8 -16 -16 8 -14
0
2 24 -20 4 -16 -16 4 -20
2 24 -20 8 -16 -16 8 -20
2 24 -20 8 -16 -20 4 -16
2 24 -16 8 -20 -16 4 -20
4 16 -20 8 -16 -16 8 -20 -16 4 -20 -20 4 -16
4 16 -16 8 -14 -20 8 -16 -16 8 -20 -14 8 -16
0
3 16 -54 72 86 -34 52 86 -34 72 86
3 16 -54 72 84 -34 52 84 -34 72 84
3 16 -34 52 86 -34 72 86 -40 72 100
3 16 52 72 84 34 53 84 28 30 73
3 16 -27 28 72 -33 50 86 -54 72 86
2 24 -54 72 86 -34 52 86
2 24 -54 72 86 -34 72 86
2 24 -34 72 86 -40 72 100
0
3 16 54 72 86 34 52 86 34 72 86
3 16 54 72 84 34 52 84 34 72 84
3 16 34 52 86 34 72 86 40 72 100
3 16 -52 72 84 -34 53 84 -28 30 73
3 16 27 28 72 33 50 86 54 72 86
2 24 54 72 86 34 52 86
2 24 54 72 86 34 72 86
2 24 34 72 86 40 72 100
0