0 Platform 16 x 16 x 2 & 1/3 Even
0 Name: 2617.dat
0 Author: Lutz Uhlmann
0 !LDRAW_ORG Part UPDATE 1997-15
0 !LICENSE Redistributable under CCAL version 2.0 : see CAreadme.txt

0 !HISTORY 1997-09-29 [PTadmin] Official Update 1997-15
0 !HISTORY 2007-05-17 [PTadmin] Header formatted for Contributor Agreement
0 !HISTORY 2008-07-01 [PTadmin] Official Update 2008-01

 1 16 140 11 140 1 0 0 0 -9.25 0 0 0 1 stud4.dat
 1 16 -140 11 140 1 0 0 0 -9.25 0 0 0 1 stud4.dat
 1 16 -140 11 -140 1 0 0 0 -9.25 0 0 0 1 stud4.dat
 1 16 140 11 -140 1 0 0 0 -9.25 0 0 0 1 stud4.dat
 1 16 140 48 140 16 0 0 0 -37 0 0 0 16 box5.dat
 1 16 -140 48 140 16 0 0 0 -37 0 0 0 16 box5.dat
 1 16 -140 48 -140 16 0 0 0 -37 0 0 0 16 box5.dat
 1 16 140 48 -140 16 0 0 0 -37 0 0 0 16 box5.dat

0 sides
 4 16 160 56 120 156 56 120 156 56 84 160 56 80
 4 16 160 56 80 156 56 84 136 56 84 140 56 80
 4 16 140 56 80 140 56 60 136 56 56 136 56 84
 4 16 160 56 60 156 56 56 136 56 56 140 56 60
 4 16 160 56 60 160 56 -60 156 56 -56 156 56 56
 4 16 160 56 -60 156 56 -56 136 56 -56 140 56 -60
 4 16 140 56 -80 140 56 -60 136 56 -56 136 56 -84
 4 16 160 56 -80 156 56 -84 136 56 -84 140 56 -80
 4 16 160 56 -120 156 56 -120 156 56 -84 160 56 -80
 1 16 156 33.5 0 0 1 0 22.5 0 0 0 0 56 rect.dat 
 1 16 146 33.5 56 10 0 0 0 0 22.5 0 1 0 rect.dat
 1 16 146 33.5 -56 10 0 0 0 0 22.5 0 1 0 rect.dat
 1 16 146 33.5 84 10 0 0 0 0 22.5 0 1 0 rect.dat
 1 16 146 33.5 -84 10 0 0 0 0 22.5 0 1 0 rect.dat
 1 16 136 33.5 70 0 1 0 22.5 0 0 0 0 14 rect.dat
 1 16 136 33.5 -70 0 1 0 22.5 0 0 0 0 14 rect.dat
 1 16 156 33.5 102 0 1 0 22.5 0 0 0 0 18 rect.dat
 1 16 156 33.5 -102 0 1 0 22.5 0 0 0 0 18 rect.dat
 1 16 158 52 120 2 0 0 0 0 4 0 1 0 rect.dat
 1 16 158 52 -120 2 0 0 0 0 4 0 1 0 rect.dat
 1 16 138 29.5 120 18 0 0 0 0 18.5 0 1 0 rect.dat
 1 16 138 29.5 -120 18 0 0 0 0 18.5 0 1 0 rect.dat
 4 16 160 48 160 160 48 120 156 48 124 156 48 156
 4 16 120 48 160 120 48 120 124 48 124 124 48 156
 4 16 160 48 160 120 48 160 124 48 156 156 48 156
 4 16 160 48 120 120 48 120 124 48 124 156 48 124
 4 16 160 48 -160 160 48 -120 156 48 -124 156 48 -156
 4 16 120 48 -160 120 48 -120 124 48 -124 124 48 -156
 4 16 160 48 -160 120 48 -160 124 48 -156 156 48 -156
 4 16 160 48 -120 120 48 -120 124 48 -124 156 48 -124
 2 24 120 48 120 120 48 156
 2 24 120 48 -120 120 48 -156
 4 16 160 56 80 160 8 80 160 8 120 160 56 120
 4 16 160 48 120 160 8 120 160 8 160 160 48 160
 4 16 160 48 -120 160 8 -120 160 8 -160 160 48 -160
 4 16 160 56 -80 160 8 -80 160 8 -120 160 56 -120
 1 16 160 32 0 0 1 0 24 0 0 0 0 60 rect.dat 
 1 16 150 32 60 10 0 0 0 0 24 0 1 0 rect.dat
 1 16 150 32 -60 10 0 0 0 0 24 0 1 0 rect.dat
 1 16 150 32 80 10 0 0 0 0 24 0 1 0 rect.dat
 1 16 150 32 -80 10 0 0 0 0 24 0 1 0 rect.dat
 1 16 140 32 70 0 1 0 24 0 0 0 0 10 rect.dat
 1 16 140 32 -70 0 1 0 24 0 0 0 0 10 rect.dat
 2 24 160 8 160 160 8 80
 2 24 160 8 -80 160 8 -160
 2 24 160 48 160 160 48 120
 2 24 160 48 120 160 56 120
 2 24 160 56 120 160 56 80
 2 24 160 56 -80 160 56 -120
 2 24 160 56 -120 160 48 -120
 2 24 160 48 -120 160 48 -160
 2 24 160 8 160 160 48 160
 2 24 160 8 -160 160 48 -160

 4 16 -160 56 120 -156 56 120 -156 56 84 -160 56 80
 4 16 -160 56 80 -156 56 84 -136 56 84 -140 56 80
 4 16 -140 56 80 -140 56 60 -136 56 56 -136 56 84
 4 16 -160 56 60 -156 56 56 -136 56 56 -140 56 60
 4 16 -160 56 60 -160 56 -60 -156 56 -56 -156 56 56
 4 16 -160 56 -60 -156 56 -56 -136 56 -56 -140 56 -60
 4 16 -140 56 -80 -140 56 -60 -136 56 -56 -136 56 -84
 4 16 -160 56 -80 -156 56 -84 -136 56 -84 -140 56 -80
 4 16 -160 56 -120 -156 56 -120 -156 56 -84 -160 56 -80
 1 16 -156 33.5 0 0 1 0 22.5 0 0 0 0 56 rect.dat 
 1 16 -146 33.5 56 10 0 0 0 0 22.5 0 1 0 rect.dat
 1 16 -146 33.5 -56 10 0 0 0 0 22.5 0 1 0 rect.dat
 1 16 -146 33.5 84 10 0 0 0 0 22.5 0 1 0 rect.dat
 1 16 -146 33.5 -84 10 0 0 0 0 22.5 0 1 0 rect.dat
 1 16 -136 33.5 70 0 1 0 22.5 0 0 0 0 14 rect.dat
 1 16 -136 33.5 -70 0 1 0 22.5 0 0 0 0 14 rect.dat
 1 16 -156 33.5 102 0 1 0 22.5 0 0 0 0 18 rect.dat
 1 16 -156 33.5 -102 0 1 0 22.5 0 0 0 0 18 rect.dat
 1 16 -158 52 120 2 0 0 0 0 4 0 1 0 rect.dat
 1 16 -158 52 -120 2 0 0 0 0 4 0 1 0 rect.dat
 1 16 -138 29.5 120 18 0 0 0 0 18.5 0 1 0 rect.dat
 1 16 -138 29.5 -120 18 0 0 0 0 18.5 0 1 0 rect.dat
 4 16 -160 48 160 -160 48 120 -156 48 124 -156 48 156
 4 16 -120 48 160 -120 48 120 -124 48 124 -124 48 156
 4 16 -160 48 160 -120 48 160 -124 48 156 -156 48 156
 4 16 -160 48 120 -120 48 120 -124 48 124 -156 48 124
 4 16 -160 48 -160 -160 48 -120 -156 48 -124 -156 48 -156
 4 16 -120 48 -160 -120 48 -120 -124 48 -124 -124 48 -156
 4 16 -160 48 -160 -120 48 -160 -124 48 -156 -156 48 -156
 4 16 -160 48 -120 -120 48 -120 -124 48 -124 -156 48 -124
 2 24 -120 48 120 -120 48 156
 2 24 -120 48 -120 -120 48 -156
 4 16 -160 56 80 -160 8 80 -160 8 120 -160 56 120
 4 16 -160 48 120 -160 8 120 -160 8 160 -160 48 160
 4 16 -160 48 -120 -160 8 -120 -160 8 -160 -160 48 -160
 4 16 -160 56 -80 -160 8 -80 -160 8 -120 -160 56 -120
 1 16 -160 32 0 0 1 0 24 0 0 0 0 60 rect.dat 
 1 16 -150 32 60 10 0 0 0 0 24 0 1 0 rect.dat
 1 16 -150 32 -60 10 0 0 0 0 24 0 1 0 rect.dat
 1 16 -150 32 80 10 0 0 0 0 24 0 1 0 rect.dat
 1 16 -150 32 -80 10 0 0 0 0 24 0 1 0 rect.dat
 1 16 -140 32 70 0 1 0 24 0 0 0 0 10 rect.dat
 1 16 -140 32 -70 0 1 0 24 0 0 0 0 10 rect.dat
 2 24 -160 8 160 -160 8 80
 2 24 -160 8 -80 -160 8 -160
 2 24 -160 48 160 -160 48 120
 2 24 -160 48 120 -160 56 120
 2 24 -160 56 120 -160 56 80
 2 24 -160 56 -80 -160 56 -120
 2 24 -160 56 -120 -160 48 -120
 2 24 -160 48 -120 -160 48 -160
 2 24 -160 8 160 -160 48 160
 2 24 -160 8 -160 -160 48 -160

0 backs
 4 16 120 56 160 120 56 156 84 56 156 80 56 160
 4 16 80 56 160 84 56 156 84 56 136 80 56 140
 4 16 84 56 136 80 56 140 60 56 140 56 56 136
 4 16 60 56 160 56 56 156 56 56 136 60 56 140
 4 16 60 56 160 -60 56 160 -56 56 156 56 56 156
 4 16 -60 56 160 -56 56 156 -56 56 136 -60 56 140
 4 16 -84 56 136 -80 56 140 -60 56 140 -56 56 136
 4 16 -80 56 160 -84 56 156 -84 56 136 -80 56 140
 4 16 -120 56 160 -120 56 156 -84 56 156 -80 56 160

 2 24 84 3 156 116 3 156
 2 24 116 3 156 116 11 156
 2 24 116 11 156 120 11 156
 1 16 84 29.5 146 0 1 0 26.5 0 0 0 0 10 rect.dat
 1 16 56 29.5 146 0 1 0 26.5 0 0 0 0 10 rect.dat
 1 16 70 29.5 136 14 0 0 0 0 26.5 0 1 0 rect.dat
 1 16 120 29.5 138 0 1 0 18.5 0 0 0 0 18 rect.dat
 4 16 120 11 156 116 11 156 116 56 156 120 56 156
 4 16 116 3 156 116 56 156 84 56 156 84 3 156
 2 24 -84 3 156 -116 3 156
 2 24 -116 3 156 -116 11 156
 2 24 -116 11 156 -120 11 156
 1 16 -84 29.5 146 0 1 0 26.5 0 0 0 0 10 rect.dat
 1 16 -56 29.5 146 0 1 0 26.5 0 0 0 0 10 rect.dat
 1 16 -70 29.5 136 14 0 0 0 0 26.5 0 1 0 rect.dat
 1 16 -120 29.5 138 0 1 0 18.5 0 0 0 0 18 rect.dat
 4 16 -120 11 156 -116 11 156 -116 56 156 -120 56 156
 4 16 -116 3 156 -116 56 156 -84 56 156 -84 3 156

 1 16 0 29.5 156 56 0 0 0 0 26.5 0 1 0 rect.dat
 
 2 24 160 48 160 120 48 160
 2 24 120 48 160 120 56 160
 2 24 120 56 160 80 56 160
 2 24 80 56 160 80 56 140
 2 24 60 56 140 60 56 160
 2 24 60 56 160 -60 56 160
 2 24 160 8 160 120 8 160
 2 24 120 8 160 120 0 160
 2 24 80 8 160 80 56 160
 2 24 60 8 160 60 56 160

 2 24 -60 56 160 -60 56 140
 2 24 -80 56 140 -80 56 160
 2 24 -80 56 160 -120 56 160
 2 24 -120 56 160 -120 48 160
 2 24 -120 48 160 -160 48 160
 2 24 -120 0 160 -120 8 160
 2 24 -120 8 160 -160 8 160
 2 24 -80 8 160 -80 56 160
 2 24 -60 8 160 -60 56 160

 2 24 120 0 160 -120 0 160

 2 24 80 56 160 80 56 140
 2 24 80 3 156 80 3 140
 2 24 60 56 160 60 56 140
 2 24 60 3 156 60 3 140
 1 16 120 52 158 0 1 0 4 0 0 0 0 2 rect.dat
 1 16 70 3 148 10 0 0 0 1 0 0 0 8 rect.dat
 1 16 70 8 158 10 0 0 0 1 0 0 0 2 rect.dat
 1 16 70 5.5 156 10 0 0 0 0 2.5 0 1 0 rect.dat
 1 16 70 29.5 140 10 0 0 0 0 26.5 0 1 0 rect.dat
 1 16 78 8 150 2 0 0 0 -5 0 0 0 2 box5.dat
 1 16 62 8 150 2 0 0 0 -5 0 0 0 2 box5.dat
 1 16 70 8 142 2 0 0 0 -5 0 0 0 2 box5.dat
 4 16 60 3 140 60 3 156 60 8 156 60 8 140
 4 16 60 56 140 60 56 160 60 8 160 60 8 140
 4 16 80 3 140 80 3 156 80 8 156 80 8 140
 4 16 80 56 140 80 56 160 80 8 160 80 8 140
 4 16 160 48 160 160 8 160 120 8 160 120 48 160
 4 16 120 0 160 120 56 160 80 56 160 80 0 160
 4 16 80 0 160 60 0 160 60 8 160 80 8 160
 2 24 -80 56 160 -80 56 140
 2 24 -80 3 156 -80 3 140
 2 24 -60 56 160 -60 56 140
 2 24 -60 3 156 -60 3 140
 1 16 -120 52 158 0 1 0 4 0 0 0 0 2 rect.dat
 1 16 -70 3 148 10 0 0 0 1 0 0 0 8 rect.dat
 1 16 -70 8 158 10 0 0 0 1 0 0 0 2 rect.dat
 1 16 -70 5.5 156 10 0 0 0 0 2.5 0 1 0 rect.dat
 1 16 -70 29.5 140 10 0 0 0 0 26.5 0 1 0 rect.dat
 1 16 -78 8 150 2 0 0 0 -5 0 0 0 2 box5.dat
 1 16 -62 8 150 2 0 0 0 -5 0 0 0 2 box5.dat
 1 16 -70 8 142 2 0 0 0 -5 0 0 0 2 box5.dat
 4 16 -60 3 140 -60 3 156 -60 8 156 -60 8 140
 4 16 -60 56 140 -60 56 160 -60 8 160 -60 8 140
 4 16 -80 3 140 -80 3 156 -80 8 156 -80 8 140
 4 16 -80 56 140 -80 56 160 -80 8 160 -80 8 140
 4 16 -160 48 160 -160 8 160 -120 8 160 -120 48 160
 4 16 -120 0 160 -120 56 160 -80 56 160 -80 0 160
 4 16 -80 0 160 -60 0 160 -60 8 160 -80 8 160

 4 16 60 0 160 -60 0 160 -60 56 160 60 56 160

 4 16 120 56 -160 120 56 -156 84 56 -156 80 56 -160
 4 16 80 56 -160 84 56 -156 84 56 -136 80 56 -140
 4 16 84 56 -136 80 56 -140 60 56 -140 56 56 -136
 4 16 60 56 -160 56 56 -156 56 56 -136 60 56 -140
 4 16 60 56 -160 -60 56 -160 -56 56 -156 56 56 -156
 4 16 -60 56 -160 -56 56 -156 -56 56 -136 -60 56 -140
 4 16 -84 56 -136 -80 56 -140 -60 56 -140 -56 56 -136
 4 16 -80 56 -160 -84 56 -156 -84 56 -136 -80 56 -140
 4 16 -120 56 -160 -120 56 -156 -84 56 -156 -80 56 -160

 2 24 84 3 -156 116 3 -156
 2 24 116 3 -156 116 11 -156
 2 24 116 11 -156 120 11 -156
 1 16 84 29.5 -146 0 1 0 26.5 0 0 0 0 10 rect.dat
 1 16 56 29.5 -146 0 1 0 26.5 0 0 0 0 10 rect.dat
 1 16 70 29.5 -136 14 0 0 0 0 26.5 0 1 0 rect.dat
 1 16 120 29.5 -138 0 1 0 18.5 0 0 0 0 18 rect.dat
 4 16 120 11 -156 116 11 -156 116 56 -156 120 56 -156
 4 16 116 3 -156 116 56 -156 84 56 -156 84 3 -156
 2 24 -84 3 -156 -116 3 -156
 2 24 -116 3 -156 -116 11 -156
 2 24 -116 11 -156 -120 11 -156
 1 16 -84 29.5 -146 0 1 0 26.5 0 0 0 0 10 rect.dat
 1 16 -56 29.5 -146 0 1 0 26.5 0 0 0 0 10 rect.dat
 1 16 -70 29.5 -136 14 0 0 0 0 26.5 0 1 0 rect.dat
 1 16 -120 29.5 -138 0 1 0 18.5 0 0 0 0 18 rect.dat
 4 16 -120 11 156 -116 11 156 -116 56 156 -120 56 156
 4 16 -116 3 -156 -116 56 -156 -84 56 -156 -84 3 -156

 1 16 0 29.5 -156 56 0 0 0 0 26.5 0 1 0 rect.dat
 
 2 24 160 48 -160 120 48 -160
 2 24 120 48 -160 120 56 -160
 2 24 120 56 -160 80 56 -160
 2 24 80 56 -160 80 56 -140
 2 24 60 56 -140 60 56 -160
 2 24 60 56 -160 -60 56 -160
 2 24 160 8 -160 120 8 -160
 2 24 120 8 -160 120 0 -160
 2 24 80 8 -160 80 56 -160
 2 24 60 8 -160 60 56 -160

 2 24 -60 56 -160 -60 56 -140
 2 24 -80 56 -140 -80 56 -160
 2 24 -80 56 -160 -120 56 -160
 2 24 -120 56 -160 -120 48 -160
 2 24 -120 48 -160 -160 48 -160
 2 24 -120 0 -160 -120 8 -160
 2 24 -120 8 -160 -160 8 -160
 2 24 -80 8 -160 -80 56 -160
 2 24 -60 8 -160 -60 56 -160

 2 24 120 0 -160 -120 0 -160

 2 24 80 56 -160 80 56 -140
 2 24 80 3 -156 80 3 -140
 2 24 60 56 -160 60 56 -140
 2 24 60 3 -156 60 3 -140
 1 16 120 52 -158 0 1 0 4 0 0 0 0 2 rect.dat
 1 16 70 3 -148 10 0 0 0 1 0 0 0 8 rect.dat
 1 16 70 8 -158 10 0 0 0 1 0 0 0 2 rect.dat
 1 16 70 5.5 -156 10 0 0 0 0 2.5 0 1 0 rect.dat
 1 16 70 29.5 -140 10 0 0 0 0 26.5 0 1 0 rect.dat
 1 16 78 8 -150 2 0 0 0 -5 0 0 0 2 box5.dat
 1 16 62 8 -150 2 0 0 0 -5 0 0 0 2 box5.dat
 1 16 70 8 -142 2 0 0 0 -5 0 0 0 2 box5.dat
 4 16 60 3 -140 60 3 -156 60 8 -156 60 8 -140
 4 16 60 56 -140 60 56 -160 60 8 -160 60 8 -140
 4 16 80 3 -140 80 3 -156 80 8 -156 80 8 -140
 4 16 80 56 -140 80 56 -160 80 8 -160 80 8 -140
 4 16 160 48 -160 160 8 -160 120 8 -160 120 48 -160
 4 16 120 0 -160 120 56 -160 80 56 -160 80 0 -160
 4 16 80 0 -160 60 0 -160 60 8 -160 80 8 -160
 2 24 -80 56 -160 -80 56 -140
 2 24 -80 3 -156 -80 3 -140
 2 24 -60 56 -160 -60 56 -140
 2 24 -60 3 -156 -60 3 -140
 1 16 -120 52 -158 0 1 0 4 0 0 0 0 2 rect.dat
 1 16 -70 3 -148 10 0 0 0 1 0 0 0 8 rect.dat
 1 16 -70 8 -158 10 0 0 0 1 0 0 0 2 rect.dat
 1 16 -70 5.5 -156 10 0 0 0 0 2.5 0 1 0 rect.dat
 1 16 -70 29.5 -140 10 0 0 0 0 26.5 0 1 0 rect.dat
 1 16 -78 8 -150 2 0 0 0 -5 0 0 0 2 box5.dat
 1 16 -62 8 -150 2 0 0 0 -5 0 0 0 2 box5.dat
 1 16 -70 8 -142 2 0 0 0 -5 0 0 0 2 box5.dat
 4 16 -60 3 -140 -60 3 -156 -60 8 -156 -60 8 -140
 4 16 -60 56 -140 -60 56 -160 -60 8 -160 -60 8 -140
 4 16 -80 3 -140 -80 3 -156 -80 8 -156 -80 8 -140
 4 16 -80 56 -140 -80 56 -160 -80 8 -160 -80 8 -140
 4 16 -160 48 -160 -160 8 -160 -120 8 -160 -120 48 -160
 4 16 -120 0 -160 -120 56 -160 -80 56 -160 -80 0 -160
 4 16 -80 0 -160 -60 0 -160 -60 8 -160 -80 8 -160

 4 16 60 0 -160 -60 0 -160 -60 56 -160 60 56 -160

0 side tops

 4 16 40 56 40 -40 56 40 -36 56 36 36 56 36
 4 16 40 56 40 40 56 -40 36 56 -36 36 56 36
 4 16 40 56 -40 -40 56 -40 -36 56 -36 36 56 -36
 4 16 -40 56 40 -40 56 -40 -36 56 -36 -36 56 36

 1 16 0 56 0 36 0 0 0 -53 0 0 0 36 box4.dat
 1 16 0 56 0 40 0 0 0 -53 0 0 0 40 box4.dat

 4 16 116 11 120 116 11 156 120 11 156 120 11 120
 4 16 136 11 120 156 11 120 156 11 84 136 11 84
 4 16 136 11 -120 156 11 -120 156 11 -84 136 11 -84
 4 16 116 11 -156 116 11 156 136 11 156 136 11 -156

 4 16 -116 11 120 -116 11 156 -120 11 156 -120 11 120
 4 16 -136 11 120 -156 11 120 -156 11 84 -136 11 84
 4 16 -136 11 -120 -156 11 -120 -156 11 -84 -136 11 -84
 4 16 -116 11 -156 -116 11 156 -136 11 156 -136 11 -156

 1 16 116 7 0 0 1 0 4 0 0 0 0 156 rect.dat
 1 16 -116 7 0 0 1 0 4 0 0 0 0 156 rect.dat
 1 16 120 4 0 0 1 0 4 0 0 0 0 160 rect.dat
 1 16 -120 4 0 0 1 0 4 0 0 0 0 160 rect.dat
 1 16 0 3 0 116 0 0 0 1 0 0 0 156 rect.dat
 1 16 0 0 0 120 0 0 0 1 0 0 0 160 rect.dat

 2 24 120 8 160 120 8 -160
 4 16 160 8 160 140 8 160 140 8 80 160 8 80
 4 16 160 8 -160 140 8 -160 140 8 -80 160 8 -80
 4 16 160 8 60 140 8 60 140 8 -60 160 8 -60
 4 16 140 8 160 140 8 -160 120 8 -160 120 8 160

 2 24 -120 8 160 -120 8 -160
 4 16 -160 8 160 -140 8 160 -140 8 80 -160 8 80
 4 16 -160 8 -160 -140 8 -160 -140 8 -80 -160 8 -80
 4 16 -160 8 60 -140 8 60 -140 8 -60 -160 8 -60
 4 16 -140 8 160 -140 8 -160 -120 8 -160 -120 8 160

 1 16 150 8 150 1 0 0 0 1 0 0 0 1 stud.dat
 1 16 150 8 130 1 0 0 0 1 0 0 0 1 stud.dat
 1 16 150 8 110 1 0 0 0 1 0 0 0 1 stud.dat
 1 16 150 8 90 1 0 0 0 1 0 0 0 1 stud.dat
 1 16 150 8 50 1 0 0 0 1 0 0 0 1 stud.dat
 1 16 150 8 30 1 0 0 0 1 0 0 0 1 stud.dat
 1 16 150 8 10 1 0 0 0 1 0 0 0 1 stud.dat
 1 16 150 8 -10 1 0 0 0 1 0 0 0 1 stud.dat
 1 16 150 8 -30 1 0 0 0 1 0 0 0 1 stud.dat
 1 16 150 8 -50 1 0 0 0 1 0 0 0 1 stud.dat
 1 16 150 8 -90 1 0 0 0 1 0 0 0 1 stud.dat
 1 16 150 8 -110 1 0 0 0 1 0 0 0 1 stud.dat
 1 16 150 8 -130 1 0 0 0 1 0 0 0 1 stud.dat
 1 16 150 8 -150 1 0 0 0 1 0 0 0 1 stud.dat

 1 16 130 8 150 1 0 0 0 1 0 0 0 1 stud.dat
 1 16 130 8 130 1 0 0 0 1 0 0 0 1 stud.dat
 1 16 130 8 110 1 0 0 0 1 0 0 0 1 stud.dat
 1 16 130 8 90 1 0 0 0 1 0 0 0 1 stud.dat
 1 16 130 8 70 1 0 0 0 1 0 0 0 1 stud.dat
 1 16 130 8 50 1 0 0 0 1 0 0 0 1 stud.dat
 1 16 130 8 30 1 0 0 0 1 0 0 0 1 stud.dat
 1 16 130 8 10 1 0 0 0 1 0 0 0 1 stud.dat
 1 16 130 8 -10 1 0 0 0 1 0 0 0 1 stud.dat
 1 16 130 8 -30 1 0 0 0 1 0 0 0 1 stud.dat
 1 16 130 8 -50 1 0 0 0 1 0 0 0 1 stud.dat
 1 16 130 8 -70 1 0 0 0 1 0 0 0 1 stud.dat
 1 16 130 8 -90 1 0 0 0 1 0 0 0 1 stud.dat
 1 16 130 8 -110 1 0 0 0 1 0 0 0 1 stud.dat
 1 16 130 8 -130 1 0 0 0 1 0 0 0 1 stud.dat
 1 16 130 8 -150 1 0 0 0 1 0 0 0 1 stud.dat

 1 16 -150 8 150 1 0 0 0 1 0 0 0 1 stud.dat
 1 16 -150 8 130 1 0 0 0 1 0 0 0 1 stud.dat
 1 16 -150 8 110 1 0 0 0 1 0 0 0 1 stud.dat
 1 16 -150 8 90 1 0 0 0 1 0 0 0 1 stud.dat
 1 16 -150 8 50 1 0 0 0 1 0 0 0 1 stud.dat
 1 16 -150 8 30 1 0 0 0 1 0 0 0 1 stud.dat
 1 16 -150 8 10 1 0 0 0 1 0 0 0 1 stud.dat
 1 16 -150 8 -10 1 0 0 0 1 0 0 0 1 stud.dat
 1 16 -150 8 -30 1 0 0 0 1 0 0 0 1 stud.dat
 1 16 -150 8 -50 1 0 0 0 1 0 0 0 1 stud.dat
 1 16 -150 8 -90 1 0 0 0 1 0 0 0 1 stud.dat
 1 16 -150 8 -110 1 0 0 0 1 0 0 0 1 stud.dat
 1 16 -150 8 -130 1 0 0 0 1 0 0 0 1 stud.dat
 1 16 -150 8 -150 1 0 0 0 1 0 0 0 1 stud.dat

 1 16 -130 8 150 1 0 0 0 1 0 0 0 1 stud.dat
 1 16 -130 8 130 1 0 0 0 1 0 0 0 1 stud.dat
 1 16 -130 8 110 1 0 0 0 1 0 0 0 1 stud.dat
 1 16 -130 8 90 1 0 0 0 1 0 0 0 1 stud.dat
 1 16 -130 8 70 1 0 0 0 1 0 0 0 1 stud.dat
 1 16 -130 8 50 1 0 0 0 1 0 0 0 1 stud.dat
 1 16 -130 8 30 1 0 0 0 1 0 0 0 1 stud.dat
 1 16 -130 8 10 1 0 0 0 1 0 0 0 1 stud.dat
 1 16 -130 8 -10 1 0 0 0 1 0 0 0 1 stud.dat
 1 16 -130 8 -30 1 0 0 0 1 0 0 0 1 stud.dat
 1 16 -130 8 -50 1 0 0 0 1 0 0 0 1 stud.dat
 1 16 -130 8 -70 1 0 0 0 1 0 0 0 1 stud.dat
 1 16 -130 8 -90 1 0 0 0 1 0 0 0 1 stud.dat
 1 16 -130 8 -110 1 0 0 0 1 0 0 0 1 stud.dat
 1 16 -130 8 -130 1 0 0 0 1 0 0 0 1 stud.dat
 1 16 -130 8 -150 1 0 0 0 1 0 0 0 1 stud.dat
0

