0 ~Monorail Motor Base
0 Name: 2684.dat
0 Author: Bernd Broich [bbroich]
0 !LDRAW_ORG Part UPDATE 2002-05
0 !LICENSE Redistributable under CCAL version 2.0 : see CAreadme.txt

0 !HISTORY 2002-11-30 [PTadmin] Official Update 2002-05
0 !HISTORY 2007-05-18 [PTadmin] Header formatted for Contributor Agreement
0 !HISTORY 2008-07-01 [PTadmin] Official Update 2008-01

1 16 0 0 0 1 0 0 0 1 0 0 0 1 s\2684s02.dat
1 16 0 0 0 1 0 0 0 1 0 0 0 -1 s\2684s02.dat
1 16 0 0 0 -1 0 0 0 1 0 0 0 1 s\2684s02.dat
1 16 0 0 0 -1 0 0 0 1 0 0 0 -1 s\2684s02.dat

1 16 -15 127 -13 2.828 0 -2.828 0 1 0 2.475 0 2.475 1-8cyli.dat
1 16 -15 127 -13 2.828 0 -2.828 0 1 0 2.475 0 2.475 1-8edge.dat
1 16 -15 127 13 4 0 0 0 1 0 0 0 -3.5 1-4edge.dat
1 16 -15 127 13 4 0 0 0 1 0 0 0 -3.5 1-4ndis.dat
1 16 -15 127 13 4 0 0 0 8 0 0 0 -3.5 1-4cyli.dat
1 16 -15 128 -13 4 0 0 0 1 0 0 0 3.5 1-8edge.dat
1 16 -15 128 -13 4 0 0 0 7 0 0 0 3.5 1-4cyli.dat

1 16 0 128 -20.621 0 0 -9.9 0 1 0 -5.121 0 0 1-8disc.dat
1 16 0 128 -20.621 0 0 -9.9 0 1 0 -5.121 0 0 1-8edge.dat
1 16 0 128 -20.621 0 0 9.9 0 1 0 -5.121 0 0 1-8disc.dat
1 16 0 128 -20.621 0 0 9.9 0 1 0 -5.121 0 0 1-8edge.dat
1 16 0 131 -26.121 0 0 -9.9 0 1 0 -5.121 0 0 1-8edge.dat
1 16 0 131 -26.121 0 0 -9.9 0 4 0 -5.121 0 0 1-8cyli.dat
1 16 0 131 -26.121 0 0 9.9 0 1 0 -5.121 0 0 1-8edge.dat
1 16 0 131 -26.121 0 0 9.9 0 4 0 -5.121 0 0 1-8cyli.dat
1 16 0 135 -22.121 0 0 -9.9 0 -7 0 -5.121 1.5 0 1-8cyli.dat
1 16 0 135 -22.121 0 0 -9.9 0 1 0 -5.121 0 0 1-8edge.dat
1 16 0 135 -22.121 0 0 9.9 0 -7 0 -5.121 1.5 0 1-8cyli.dat
1 16 0 135 -22.121 0 0 9.9 0 1 0 -5.121 0 0 1-8edge.dat
1 16 0 135 -26.121 0 0 -9.9 0 1 0 -5.121 0 0 1-8edge.dat
1 16 0 135 -26.121 0 0 9.9 0 1 0 -5.121 0 0 1-8edge.dat

1 16 15 127 -13 -2.828 0 2.828 0 1 0 2.475 0 2.475 1-8cyli.dat
1 16 15 127 -13 -2.828 0 2.828 0 1 0 2.475 0 2.475 1-8edge.dat
1 16 15 127 13 -4 0 0 0 1 0 0 0 -3.5 1-4edge.dat
1 16 15 127 13 -4 0 0 0 1 0 0 0 -3.5 1-4ndis.dat
1 16 15 127 13 -4 0 0 0 8 0 0 0 -3.5 1-4cyli.dat
1 16 15 128 -13 -4 0 0 0 1 0 0 0 3.5 1-8edge.dat
1 16 15 128 -13 -4 0 0 0 7 0 0 0 3.5 1-4cyli.dat

2 24 -11 127 13 -11 135 13
2 24 -11 127 13 11 127 13
2 24 -11 127 17 -11 127 21
2 24 -11 127 17 -11 135 17
2 24 -11 127 17 11 127 17
2 24 -11 127 21 -11 135 21
2 24 -11 127 21 11 127 21
2 24 -11 128 -13 -11 128 -22
2 24 -11 128 -22 -11 135 -23.5
2 24 -11 128 -22 -7 128 -24.25
2 24 -11 135 -13 -11 135 -23.5
2 24 -11 135 -23.5 -7 135 -25.75
2 24 -11 135 13 11 135 13
2 24 -11 135 17 -11 135 21
2 24 -11 135 17 11 135 17
2 24 -11 135 21 11 135 21
2 24 -12.172 128 -10.525 -12.172 127 -10.525
2 24 -7 131 -36 -7 131 -29.75
2 24 -7 131 25 -7 131 36
2 24 -7 131 25 -7 135 25
2 24 -7 131 25 7 131 25
2 24 -7 135 -36 -7 135 -29.75
2 24 -7 135 25 -7 135 36
2 24 -7 135 25 7 135 25

2 24 12.172 127 -10.525 -12.172 127 -10.525
2 24 12.172 128 -10.525 -12.172 128 -10.525
2 24 11 127 13 11 135 13
2 24 11 127 17 11 127 21
2 24 11 127 17 11 135 17
2 24 11 127 21 11 135 21
2 24 11 128 -13 11 128 -22
2 24 11 128 -22 11 135 -23.5
2 24 11 128 -22 7 128 -24.25
2 24 11 135 -13 11 135 -23.5
2 24 11 135 -23.5 7 135 -25.75
2 24 11 135 17 11 135 21
2 24 12.172 128 -10.525 12.172 127 -10.525
2 24 7 131 -36 7 131 -29.75
2 24 7 131 25 7 131 36
2 24 7 131 25 7 135 25
2 24 7 135 -36 7 135 -29.75
2 24 7 135 25 7 135 36

3 16 -11 128 -13 -11.304 128 -11.661 -11 128 -11.661
3 16 -11 128 -22 -7 128 -24.25 0 128 -20.621
3 16 0 131 -31.242 -3.789 131 -30.853 -3.789 131 -31.242
3 16 0 131 -31.242 3.789 131 -30.853 3.789 131 -31.242
3 16 11 128 -13 11.304 128 -11.661 11 128 -11.661
3 16 11 128 -22 7 128 -24.25 0 128 -20.621

4 16 -10 135 26.5 -15 135 26.5 -15 135 21 -10 135 21
4 16 -11 127 -10.525 11 127 -10.525 11 127 13 -11 127 13
4 16 -11 127 13 0 127 13 0 135 13 -11 135 13
4 16 -11 127 17 0 127 17 0 135 17 -11 135 17
4 16 -11 127 21 -11 135 21 -11 135 17 -11 127 17
4 16 -11 127 21 0 127 21 0 127 17 -11 127 17
4 16 -11 127 21 0 127 21 0 135 21 -11 135 21
4 16 -11 135 -13 -11 128 -13 -11 128 -22 -11 135 -23.5
4 16 -11 135 -23.5 -7 135 -25.75 -7 128 -24.25 -11 128 -22
4 16 -11 135 -26.5 -11 135 -23.5 -7 135 -25.75 -7 135 -26.5
4 16 -11 135 -26.5 -15 135 -26.5 -15 135 -21 -11 135 -21
4 16 -11 135 13 11 135 13 11 135 17 -11 135 17
4 16 -11 135 26.5 -11 135 21 -7 135 25 -7 135 26.5
4 16 -11.304 128 -11.661 -12.172 128 -10.525 -11 128 -10.525 -11 128 -11.661
4 16 -12.172 127 -10.525 -13.469 127 -9.766 -11 127 -9.766 -11 127 -10.525
4 16 -13.469 127 -9.766 -15 127 -9.5 -11 127 -9.5 -11 127 -9.766
4 16 -3.789 131 -30.853 -7 131 -29.742 -7 131 -31.242 -3.789 131 -31.242
4 16 -3.789 135 -30.853 -7 135 -29.742 -7 135 -25.742 -3.789 135 -26.853
4 16 -7 131 25 -7 131 36 -7 135 36 -7 135 25
4 16 -7 131 25 -7 131 36 7 131 36 7 131 25
4 16 -7 131 25 0 131 25 0 135 25 -7 135 25
4 16 -7 135 -36 -7 131 -36 -7 131 -29.75 -7 135 -29.75
4 16 -7 135 25 0 135 25 0 135 21 -11 135 21

4 16 0 128 -10.525 -12.172 128 -10.525 -12.172 127 -10.525 0 127 -10.525
4 16 0 128 -10.525 12.172 128 -10.525 12.172 127 -10.525 0 127 -10.525
4 16 0 128 -20.621 -11 128 -22 -11 128 -10.525 0 128 -10.525
4 16 0 128 -20.621 11 128 -22 11 128 -10.525 0 128 -10.525
4 16 0 135 -31.242 -3.789 135 -30.853 -3.789 135 -26.853 0 135 -27.242
4 16 0 135 -31.242 3.789 135 -30.853 3.789 135 -26.853 0 135 -27.242

4 16 10 135 26.5 15 135 26.5 15 135 21 10 135 21
4 16 11 127 13 0 127 13 0 135 13 11 135 13
4 16 11 127 17 0 127 17 0 135 17 11 135 17
4 16 11 127 21 0 127 21 0 127 17 11 127 17
4 16 11 127 21 0 127 21 0 135 21 11 135 21
4 16 11 127 21 11 135 21 11 135 17 11 127 17
4 16 11 135 -13 11 128 -13 11 128 -22 11 135 -23.5
4 16 11 135 -23.5 7 135 -25.75 7 128 -24.25 11 128 -22
4 16 11 135 -26.5 11 135 -23.5 7 135 -25.75 7 135 -26.5
4 16 11 135 -26.5 15 135 -26.5 15 135 -21 11 135 -21
4 16 11 135 26.5 11 135 21 7 135 25 7 135 26.5
4 16 11.304 128 -11.661 12.172 128 -10.525 11 128 -10.525 11 128 -11.661
4 16 12.172 127 -10.525 13.469 127 -9.766 11 127 -9.766 11 127 -10.525
4 16 13.469 127 -9.766 15 127 -9.5 11 127 -9.5 11 127 -9.766
4 16 3.789 131 -30.853 7 131 -29.742 7 131 -31.242 3.789 131 -31.242
4 16 3.789 135 -30.853 7 135 -29.742 7 135 -25.742 3.789 135 -26.853
4 16 7 131 -36 -7 131 -36 -7 131 -31.25 7 131 -31.25
4 16 7 131 25 0 131 25 0 135 25 7 135 25
4 16 7 131 25 7 131 36 7 135 36 7 135 25
4 16 7 135 -36 7 131 -36 7 131 -29.75 7 135 -29.75
4 16 7 135 25 0 135 25 0 135 21 11 135 21
0
