0 Technic Forklift Fork
0 Name: 2823.dat
0 Author: James Jessiman
0 !LDRAW_ORG Part UPDATE 2002-02
0 !LICENSE Redistributable under CCAL version 2.0 : see CAreadme.txt

0 !HISTORY 2001-12-23 [technog] fixed quads
0 !HISTORY 2002-04-25 [PTadmin] Official Update 2002-02
0 !HISTORY 2007-05-18 [PTadmin] Header formatted for Contributor Agreement
0 !HISTORY 2008-07-01 [PTadmin] Official Update 2008-01

1 16 0 18 0 1 0 0 0 -1.5 0 0 0 1 stud3.dat
1 16 10 10 0 0 -1 0 0 0 1 1 0 0 peghole.dat
1 16 -10 10 0 0 1 0 0 0 1 1 0 0 peghole.dat
1 16 6 10 0 0 0 0 0 0 8 8 0 0 2-4edge.dat
1 16 -6 10 0 0 0 0 0 0 8 8 0 0 2-4edge.dat
1 16 -6 10 0 0 0 0 0 0 8 8 0 0 2-4ndis.dat
1 16 6 10 0 0 0 0 0 0 8 8 0 0 2-4ndis.dat
1 16 6 10 0 0 -12 0 0 0 8 8 0 0 2-4cyli.dat
1 16 0 4 -12 6 0 0 0 0 0 0 0 4 rect.dat
1 16 0 4 12 6 0 0 0 0 0 0 0 4 rect.dat
1 16 8 10 0 0 -16 0 0 0 6 6 0 0 4-4cyli.dat
1 16 10 10 0 0 0 0 0 0 8 8 0 0 4-4ndis.dat
1 16 -10 10 0 0 0 0 0 0 8 8 0 0 4-4ndis.dat
1 16 0 0 10 1 0 0 0 1 0 0 0 1 stud2.dat
1 16 0 0 -10 1 0 0 0 1 0 0 0 1 stud2.dat
2 24 6 10 8 6 4 8
2 24 6 10 -8 6 4 -8
2 24 -6 10 8 -6 4 8
2 24 -6 10 -8 -6 4 -8
2 24 6 24 16 6 4 16
2 24 6 24 -16 6 4 -16
2 24 -6 24 16 -6 4 16
2 24 -6 24 -16 -6 4 -16
2 24 6 24 16 -6 24 16
2 24 6 24 -16 -6 24 -16
2 24 6 24 16 6 24 -16
2 24 -6 24 16 -6 24 -16
2 24 10 24 20 10 0 20
2 24 10 8 -20 10 0 -20
2 24 -10 24 20 -10 0 20
2 24 -10 8 -20 -10 0 -20
2 24 10 24 20 -10 24 20
2 24 10 24 -20 -10 24 -20
2 24 10 24 20 10 24 -20
2 24 -10 24 20 -10 24 -20
2 24 10 0 20 -10 0 20
2 24 10 0 -20 -10 0 -20
2 24 10 0 20 10 0 -20
2 24 -10 0 20 -10 0 -20
2 24 10 24 -20 10 17.33 -120
2 24 10 17.33 -120 6 16 -140
2 24 6 16 -140 -6 16 -140
2 24 -6 16 -140 -10 17.33 -120
2 24 -10 17.33 -120 -10 24 -20
2 24 6 24 -20 6 17.33 -120
2 24 6 17.33 -120 2.8 16.27 -136
2 24 2.8 16.27 -136 -2.8 16.27 -136
2 24 -2.8 16.27 -136 -6 17.33 -120
2 24 -6 17.33 -120 -6 24 -20
2 24 6 12 -20 6 12 -120
2 24 6 12 -120 2.8 12 -136
2 24 2.8 12 -136 -2.8 12 -136
2 24 -2.8 12 -136 -6 12 -120
2 24 -6 12 -120 -6 12 -20
2 24 -6 12 -20 6 12 -20
2 24 6 12 -20 6 24 -20
2 24 6 12 -120 6 17.33 -120
2 24 2.8 12 -136 2.8 16 -136
2 24 -2.8 12 -136 -2.8 16 -136
2 24 -6 12 -120 -6 17.33 -120
2 24 -6 12 -20 -6 24 -20
2 24 10 8 -20 10 8 -120
2 24 10 8 -120 6 8 -140
2 24 6 8 -140 -6 8 -140
2 24 -6 8 -140 -10 8 -120
2 24 -10 8 -120 -10 8 -20
2 24 -10 8 -20 10 8 -20
2 24 10 8 -120 10 17.33 -120
2 24 6 8 -140 6 16 -140
2 24 -6 8 -140 -6 16 -140
2 24 -10 8 -120 -10 17.33 -120
4 16 6 10 8 6 4 8 -6 4 8 -6 10 8
4 16 6 10 -8 6 4 -8 -6 4 -8 -6 10 -8
4 16 6 24 16 6 4 16 -6 4 16 -6 24 16
4 16 6 24 -16 6 4 -16 -6 4 -16 -6 24 -16
4 16 6 24 16 6 4 16 6 4 8 6 18 8
4 16 -6 24 16 -6 4 16 -6 4 8 -6 18 8
4 16 6 18 -8 6 4 -8 6 4 -16 6 24 -16
4 16 -6 18 -8 -6 4 -8 -6 4 -16 -6 24 -16
4 16 6 24 16 6 18 8 6 18 -8 6 24 -16
4 16 -6 24 16 -6 18 8 -6 18 -8 -6 24 -16
4 16 10 24 20 6 24 16 -6 24 16 -10 24 20
4 16 10 24 -20 6 24 -16 -6 24 -16 -10 24 -20
4 16 10 24 20 6 24 16 6 24 -16 10 24 -20
4 16 -10 24 20 -6 24 16 -6 24 -16 -10 24 -20
4 16 10 24 20 10 0 20 -10 0 20 -10 24 20
4 16 10 24 -20 10 0 -20 -10 0 -20 -10 24 -20
4 16 10 0 20 -10 0 20 -10 0 -20 10 0 -20
4 16 10 24 20 10 18 8 10 18 -8 10 24 -20
4 16 -10 24 20 -10 18 8 -10 18 -8 -10 24 -20
4 16 10 0 20 10 2 8 10 2 -8 10 0 -20
4 16 -10 0 20 -10 2 8 -10 2 -8 -10 0 -20
4 16 10 24 20 10 18 8 10 2 8 10 0 20
4 16 -10 24 20 -10 18 8 -10 2 8 -10 0 20
4 16 10 24 -20 10 18 -8 10 2 -8 10 0 -20
4 16 -10 24 -20 -10 18 -8 -10 2 -8 -10 0 -20
4 16 10 24 -20 6 24 -20 6 17.33 -120 10 17.33 -120
4 16 10 17.33 -120 6 17.33 -120 2.8 16.27 -136 6 16 -140
4 16 6 16 -140 2.8 16.27 -136 -2.8 16.27 -136 -6 16 -140
4 16 -6 16 -140 -2.8 16.27 -136 -6 17.33 -120 -10 17.33 -120
4 16 -10 17.33 -120 -6 17.33 -120 -6 24 -20 -10 24 -20
4 16 6 12 -20 6 12 -120 -6 12 -120 -6 12 -20
4 16 6 12 -120 2.8 12 -136 -2.8 12 -136 -6 12 -120
4 16 10 8 -20 10 8 -120 -10 8 -120 -10 8 -20
4 16 10 8 -120 6 8 -140 -6 8 -140 -10 8 -120
4 16 10 24 -20 10 17.33 -120 10 8 -120 10 8 -20
4 16 10 17.33 -120 6 16 -140 6 8 -140 10 8 -120
4 16 6 16 -140 -6 16 -140 -6 8 -140 6 8 -140
4 16 -6 16 -140 -10 17.33 -120 -10 8 -120 -6 8 -140
4 16 -10 17.33 -120 -10 24 -20 -10 8 -20 -10 8 -120
4 16 6 24 -20 6 17.33 -120 6 12 -120 6 12 -20
4 16 6 17.33 -120 2.8 16.27 -136 2.8 12 -136 6 12 -120
4 16 2.8 16.27 -136 -2.8 16.27 -136 -2.8 12 -136 2.8 12 -136
4 16 -2.8 16.27 -136 -6 17.33 -120 -6 12 -120 -2.8 12 -136
4 16 -6 17.33 -120 -6 24 -20 -6 12 -20 -6 12 -120
0
