0 Brick  1 x  4 with Bat Head and Metallic Silver Striped Jacket Pattern
0 Name: 3010py9.dat
0 Author: Magnus Forsberg [MagFors]
0 !LDRAW_ORG Part UPDATE 2020-03
0 !LICENSE Redistributable under CCAL version 2.0 : see CAreadme.txt

0 BFC CERTIFY CCW
0 !KEYWORDS Jack Skellington, set 41630, bricklink 3010pb257

0 !HISTORY 2020-12-29 [PTadmin] Official Update 2020-03

1 16 0 0 0 1 0 0 0 1 0 0 0 1 s\3010s01.dat
1 16 0 0 0 1 0 0 0 1 0 0 0 1 s\3010py9s01.dat
1 16 0 0 0 -1 0 0 0 1 0 0 0 1 s\3010py9s01.dat

3 16 0 0 -10 -2.1 4.24 -10 2.1 4.24 -10
4 16 1.93 5.94 -10 2.3 5.31 -10 -2.3 5.31 -10 -1.93 5.94 -10
4 16 1.93 5.94 -10 -1.93 5.94 -10 -1.5 6.31 -10 1.5 6.31 -10
4 16 1.5 6.31 -10 -1.5 6.31 -10 -1.16 6.76 -10 1.16 6.76 -10
4 16 1.16 6.76 -10 -1.16 6.76 -10 -0.95 7.23 -10 0.95 7.23 -10
4 16 0.95 7.23 -10 -0.95 7.23 -10 -0.9 7.65 -10 0.9 7.65 -10
4 16 0.9 7.65 -10 -0.9 7.65 -10 -1.03 7.95 -10 1.03 7.95 -10
4 16 1.3 9.76 -10 1.03 7.95 -10 -1.03 7.95 -10 -1.3 9.76 -10
4 16 2.2 11.78 -10 1.6 10.72 -10 -1.6 10.72 -10 -2.2 11.78 -10
3 15 2.2 11.78 -10 -2.2 11.78 -10 0 22.82 -10
4 80 2.3 5.31 -10 2.1 4.24 -10 -2.1 4.24 -10 -2.3 5.31 -10
4 80 1.6 10.72 -10 1.3 9.76 -10 -1.3 9.76 -10 -1.6 10.72 -10
