0 Brick  2 x  2 x  3 with Green Dots Pattern
0 Name: 30145p02.dat
0 Author: Damien Guichard [BrickCaster]
0 !LDRAW_ORG Part UPDATE 2002-04
0 !LICENSE Redistributable under CCAL version 2.0 : see CAreadme.txt

0 !HISTORY 2002-08-18 [PTadmin] Official Update 2002-04
0 !HISTORY 2007-06-06 [PTadmin] Header formatted for Contributor Agreement
0 !HISTORY 2008-07-01 [PTadmin] Official Update 2008-01

1 16 0 4 0 1 0 0 0 -17 0 0 0 1 stud4.dat
1 16 12 4 0 4 0 0 0 44 0 0 0 1 box5.dat
1 16 -12 4 0 4 0 0 0 44 0 0 0 1 box5.dat
1 16 0 72 0 16 0 0 0 -68 0 0 0 16 box5.dat
4 16 20 72 20 16 72 16 -16 72 16 -20 72 20
4 16 -20 72 20 -16 72 16 -16 72 -16 -20 72 -20
4 16 -20 72 -20 -16 72 -16 16 72 -16 20 72 -20
4 16 20 72 -20 16 72 -16 16 72 16 20 72 20
1 16 20 36 0 0 0 0 36 0 0 0 0 20 rect.dat
1 16 -20 36 0 0 0 0 36 0 0 0 0 20 rect.dat
2 24 20 72 20 -20 72 20
2 24 20 72 -20 -20 72 -20
2 24 20 0 20 -20 0 20
2 24 20 0 -20 -20 0 -20
4 16 20 72 20 20 0 20 -20 0 20 -20 72 20
4 16 20 0 20 20 0 -20 -20 0 -20 -20 0 20
1 16 10 0 10 1 0 0 0 1 0 0 0 1 stud.dat
1 16 -10 0 10 1 0 0 0 1 0 0 0 1 stud.dat
1 16 10 0 -10 1 0 0 0 1 0 0 0 1 stud.dat
1 16 -10 0 -10 1 0 0 0 1 0 0 0 1 stud.dat
4 16 -8 0 -20 -8 72 -20 -20 72 -20 -20 0 -20
4 16 8 0 -20 8 6 -20 -8 6 -20 -8 0 -20
4 16 8 66 -20 8 72 -20 -8 72 -20 -8 66 -20
4 16 8 44 -20 8 50 -20 -8 50 -20 -8 44 -20
4 16 8 22 -20 8 28 -20 -8 28 -20 -8 22 -20
4 16 20 0 -20 20 72 -20 8 72 -20 8 0 -20
1 16 0 14 -20 0 0 -8 -8 0 0 0 8 0 4-4ndis.dat
1 16 0 36 -20 0 0 -8 -8 0 0 0 8 0 4-4ndis.dat
1 16 0 58 -20 0 0 -8 -8 0 0 0 8 0 4-4ndis.dat
1 2 0 14 -20 0 0 -7 -7 0 0 0 7 0 4-4disc.dat
1 2 0 36 -20 0 0 -7 -7 0 0 0 7 0 4-4disc.dat
1 2 0 58 -20 0 0 -7 -7 0 0 0 7 0 4-4disc.dat
1 0 0 14 -20 0 0 -1 -1 0 0 0 1 0 Ring7.dat
1 0 0 36 -20 0 0 -1 -1 0 0 0 1 0 Ring7.dat
1 0 0 58 -20 0 0 -1 -1 0 0 0 1 0 Ring7.dat
0
