0 Cylinder  4 x  4 Hemisphere Multifaceted
0 Name: 30208.dat
0 Author: John Van Zwieten [jvan]
0 !LDRAW_ORG Part UPDATE 1999-02
0 !LICENSE Redistributable under CCAL version 2.0 : see CAreadme.txt

0 !HISTORY 1999-03-26 [PTadmin] Official Update 1999-02
0 !HISTORY 2007-06-07 [PTadmin] Header formatted for Contributor Agreement
0 !HISTORY 2008-07-01 [PTadmin] Official Update 2008-01

 2 24 -23.34 0 -31.68 -23.34 -4 -31.68 
 2 24 23.34 0 -31.68 23.34 -4 -31.68 
 2 24 -22.17 0 -30.10 -22.17 -4 -30.10 
 2 24 22.17 0 -30.10 22.17 -4 -30.10 
 2 24 -23.34 0 -31.68 -15.31 0 -36.96 
 2 24 -15.31 0 -36.96 0 0 -40 
 2 24 23.34 0 -31.68 15.31 0 -36.96 
 2 24 15.31 0 -36.96 0 0 -40 
 2 24 -22.17 0 -30.10 -14.54 0 -35.11 
 2 24 -14.54 0 -35.11 0 0 -38 
 2 24 22.17 0 -30.10 14.54 0 -35.11 
 2 24 14.54 0 -35.11 0 0 -38 
 2 24 -23.34 0 -31.68 -22.17 0 -30.10 
 2 24 -23.34 -4 -31.68 -22.17 -4 -30.10 
 2 24 23.34 0 -31.68 22.17 0 -30.10 
 2 24 23.34 -4 -31.68 22.17 -4 -30.10 
 4 16 -23.34 0 -31.68 -15.31 0 -36.96 -15.31 -4 -36.96 -23.34 -4 -31.68 
 4 16 -15.31 0 -36.96 0 0 -40 0 -4 -40 -15.31 -4 -36.96 
 4 16 23.34 0 -31.68 15.31 0 -36.96 15.31 -4 -36.96 23.34 -4 -31.68 
 4 16 15.31 0 -36.96 0 0 -40 0 -4 -40 15.31 -4 -36.96 
 4 16 -22.17 0 -30.10 -14.54 0 -35.11 -14.54 -4 -35.11 -22.17 -4 -30.10 
 4 16 -14.54 0 -35.11 0 0 -38 0 -4 -38 -14.54 -4 -35.11 
 4 16 22.17 0 -30.10 14.54 0 -35.11 14.54 -4 -35.11 22.17 -4 -30.10 
 4 16 14.54 0 -35.11 0 0 -38 0 -4 -38 14.54 -4 -35.11 
 4 16 -23.34 0 -31.68 -15.31 0 -36.96 -14.54 0 -35.11 -22.17 0 -30.10 
 4 16 -15.31 0 -36.96 0 0 -40 0 0 -38 -14.54 0 -35.11 
 4 16 23.34 0 -31.68 15.31 0 -36.96 14.54 0 -35.11 22.17 0 -30.10 
 4 16 15.31 0 -36.96 0 0 -40 0 0 -38 14.54 0 -35.11 
 4 16 -23.34 0 -31.68 -23.34 -4 -31.68 -22.17 -4 -30.10 -22.17 0 -30.10 
 4 16 23.34 0 -31.68 23.34 -4 -31.68 22.17 -4 -30.10 22.17 0 -30.10 

 2 24 -31.68 0 23.34 -31.68 -4 23.34
 2 24 -31.68 0 -23.34 -31.68 -4 -23.34
 2 24 -30.096 0 22.173 -30.096 -4 22.173
 2 24 -30.096 0 -22.173 -30.096 -4 -22.173
 2 24 -31.68 0 23.34 -36.96 0 15.31 
 2 24 -36.96 0 15.31 -40 0 0 
 2 24 -31.68 0 -23.34 -36.96 0 -15.31 
 2 24 -36.96 0 -15.31 -40 0 0 
 2 24 -30.10 0 22.17 -35.11 0 14.54 
 2 24 -35.11 0 14.54 -38 0 0 
 2 24 -30.10 0 -22.17 -35.11 0 -14.54 
 2 24 -35.11 0 -14.54 -38 0 0 
 2 24 -31.68 0 23.34 -30.10 0 22.17 
 2 24 -31.68 -4 23.34 -30.10 -4 22.17 
 2 24 -31.68 0 -23.34 -30.10 0 -22.17 
 2 24 -31.68 -4 -23.34 -30.10 -4 -22.17 
 4 16 -31.68 0 23.34 -36.96 0 15.31 -36.96 -4 15.31 -31.68 -4 23.34 
 4 16 -36.96 0 15.31 -40 0 0 -40 -4 0 -36.96 -4 15.31 
 4 16 -31.68 0 -23.34 -36.96 0 -15.31 -36.96 -4 -15.31 -31.68 -4 -23.34 
 4 16 -36.96 0 -15.31 -40 0 0 -40 -4 0 -36.96 -4 -15.31 
 4 16 -30.10 0 22.17 -35.11 0 14.54 -35.11 -4 14.54 -30.10 -4 22.17 
 4 16 -35.11 0 14.54 -38 0 0 -38 -4 0 -35.11 -4 14.54 
 4 16 -30.10 0 -22.17 -35.11 0 -14.54 -35.11 -4 -14.54 -30.10 -4 -22.17 
 4 16 -35.11 0 -14.54 -38 0 0 -38 -4 0 -35.11 -4 -14.54 
 4 16 -31.68 0 23.34 -36.96 0 15.31 -35.11 0 14.54 -30.10 0 22.17 
 4 16 -36.96 0 15.31 -40 0 0 -38 0 0 -35.11 0 14.54 
 4 16 -31.68 0 -23.34 -36.96 0 -15.31 -35.11 0 -14.54 -30.10 0 -22.17 
 4 16 -36.96 0 -15.31 -40 0 0 -38 0 0 -35.11 0 -14.54 
 4 16 -31.68 0 23.34 -31.68 -4 23.34 -30.10 -4 22.17 -30.10 0 22.17 
 4 16 -31.68 0 -23.34 -31.68 -4 -23.34 -30.10 -4 -22.17 -30.10 0 -22.17 
0
 2 24 23.34 0 31.68 23.34 -4 31.68
 2 24 -23.34 0 31.68 -23.34 -4 31.68
 2 24 22.173 0 30.096 22.173 -4 30.096
 2 24 -22.173 0 30.096 -22.173 -4 30.096
 2 24 23.34 0 31.68 15.31 0 36.96 
 2 24 15.31 0 36.96 0 0 40 
 2 24 -23.34 0 31.68 -15.31 0 36.96 
 2 24 -15.31 0 36.96 0 0 40 
 2 24 22.17 0 30.10 14.54 0 35.11 
 2 24 14.54 0 35.11 0 0 38 
 2 24 -22.17 0 30.10 -14.54 0 35.11 
 2 24 -14.54 0 35.11 0 0 38 
 2 24 23.34 0 31.68 22.17 0 30.10 
 2 24 23.34 -4 31.68 22.17 -4 30.10 
 2 24 -23.34 0 31.68 -22.17 0 30.10 
 2 24 -23.34 -4 31.68 -22.17 -4 30.10 
 4 16 23.34 0 31.68 15.31 0 36.96 15.31 -4 36.96 23.34 -4 31.68 
 4 16 15.31 0 36.96 0 0 40 0 -4 40 15.31 -4 36.96 
 4 16 -23.34 0 31.68 -15.31 0 36.96 -15.31 -4 36.96 -23.34 -4 31.68 
 4 16 -15.31 0 36.96 0 0 40 0 -4 40 -15.31 -4 36.96 
 4 16 22.17 0 30.10 14.54 0 35.11 14.54 -4 35.11 22.17 -4 30.10 
 4 16 14.54 0 35.11 0 0 38 0 -4 38 14.54 -4 35.11 
 4 16 -22.17 0 30.10 -14.54 0 35.11 -14.54 -4 35.11 -22.17 -4 30.10 
 4 16 -14.54 0 35.11 0 0 38 0 -4 38 -14.54 -4 35.11 
 4 16 23.34 0 31.68 15.31 0 36.96 14.54 0 35.11 22.17 0 30.10 
 4 16 15.31 0 36.96 0 0 40 0 0 38 14.54 0 35.11 
 4 16 -23.34 0 31.68 -15.31 0 36.96 -14.54 0 35.11 -22.17 0 30.10 
 4 16 -15.31 0 36.96 0 0 40 0 0 38 -14.54 0 35.11 
 4 16 23.34 0 31.68 23.34 -4 31.68 22.17 -4 30.10 22.17 0 30.10 
 4 16 -23.34 0 31.68 -23.34 -4 31.68 -22.17 -4 30.10 -22.17 0 30.10 
0
 2 24 31.68 0 -23.34 31.68 -4 -23.34
 2 24 31.68 0 23.34 31.68 -4 23.34
 2 24 30.096 0 -22.173 30.096 -4 -22.173
 2 24 30.096 0 22.173 30.096 -4 22.173
 2 24 31.68 0 -23.34 36.96 0 -15.31 
 2 24 36.96 0 -15.31 40 0 0 
 2 24 31.68 0 23.34 36.96 0 15.31 
 2 24 36.96 0 15.31 40 0 0 
 2 24 30.10 0 -22.17 35.11 0 -14.54 
 2 24 35.11 0 -14.54 38 0 0 
 2 24 30.10 0 22.17 35.11 0 14.54 
 2 24 35.11 0 14.54 38 0 0 
 2 24 31.68 0 -23.34 30.10 0 -22.17 
 2 24 31.68 -4 -23.34 30.10 -4 -22.17 
 2 24 31.68 0 23.34 30.10 0 22.17 
 2 24 31.68 -4 23.34 30.10 -4 22.17 
 4 16 31.68 0 -23.34 36.96 0 -15.31 36.96 -4 -15.31 31.68 -4 -23.34 
 4 16 36.96 0 -15.31 40 0 0 40 -4 0 36.96 -4 -15.31 
 4 16 31.68 0 23.34 36.96 0 15.31 36.96 -4 15.31 31.68 -4 23.34 
 4 16 36.96 0 15.31 40 0 0 40 -4 0 36.96 -4 15.31 
 4 16 30.10 0 -22.17 35.11 0 -14.54 35.11 -4 -14.54 30.10 -4 -22.17 
 4 16 35.11 0 -14.54 38 0 0 38 -4 0 35.11 -4 -14.54 
 4 16 30.10 0 22.17 35.11 0 14.54 35.11 -4 14.54 30.10 -4 22.17 
 4 16 35.11 0 14.54 38 0 0 38 -4 0 35.11 -4 14.54 
 4 16 31.68 0 -23.34 36.96 0 -15.31 35.11 0 -14.54 30.10 0 -22.17 
 4 16 36.96 0 -15.31 40 0 0 38 0 0 35.11 0 -14.54 
 4 16 31.68 0 23.34 36.96 0 15.31 35.11 0 14.54 30.10 0 22.17 
 4 16 36.96 0 15.31 40 0 0 38 0 0 35.11 0 14.54 
 4 16 31.68 0 -23.34 31.68 -4 -23.34 30.10 -4 -22.17 30.10 0 -22.17 
 4 16 31.68 0 23.34 31.68 -4 23.34 30.10 -4 22.17 30.10 0 22.17 
0
 1 16 0 -4 0 36 0 0 0 1 0 0 0 36 4-4edge.DAT
 1 16 0 -4 0 40 0 0 0 1 0 0 0 40 4-4edge.DAT
 2 24 0 -43.63 6.351 5.5 -43.63 3.175
 2 24 5.5 -43.63 3.175 5.5 -43.63 -3.175
 2 24 5.5 -43.63 -3.175 0 -43.63 -6.351
 2 24 0 -43.63 -6.351 -5.5 -43.63 -3.175
 2 24 -5.5 -43.63 -3.175 -5.5 -43.63 3.175
 2 24 -5.5 -43.63 3.175 0 -43.63 6.351
 4 16 0 -43.63 6.351 5.5 -43.63 3.175 5.5 -43.63 -3.175 0 -43.63 -6.351
 4 16 0 -43.63 6.351 -5.5 -43.63 3.175 -5.5 -43.63 -3.175 0 -43.63 -6.351
0
 1 16 0 -4 0 1 0 0 0 1 0 0 0 1 s\30208-1.dat
 1 16 0 -4 0 0.50 0 0.87 0 1 0 -0.87 0 0.50 s\30208-1.dat
 1 16 0 -4 0 -0.50 0 0.87 0 1 0 -0.87 0 -0.50 s\30208-1.dat
 1 16 0 -4 0 -1 0 0 0 1 0 0 0 -1 s\30208-1.dat
 1 16 0 -4 0 -0.50 0 -0.87 0 1 0 0.87 0 -0.50 s\30208-1.dat
 1 16 0 -4 0 0.50 0 -0.87 0 1 0 0.87 0 0.50 s\30208-1.dat
 1 16 0 -4 0 36 0 0 0 -36 0 0 0 -36 4-8sphe.DAT
 1 16 0 -4 0 3.60 0 0 0 0 0 0 0 3.60 ring10.DAT
 1 16 0 -4 0 3.64 0 0 0 0 0 0 0 3.64 ring10.DAT
0