0 Slope Brick 45  2 x  2 with Phone and Minifigure Pattern
0 Name: 3039p14.dat
0 Author: N. W. Perry [Plastikean]
0 !LDRAW_ORG Part UPDATE 2022-04
0 !LICENSE Licensed under CC BY 4.0 : see CAreadme.txt

0 BFC CERTIFY CCW

0 !KEYWORDS BrickLink 3039px14, buttons, command, console, Emergency, monitor
0 !KEYWORDS police, rescue, set 4012, set 6398, tape reels, telephone

0 !HISTORY 2022-07-18 [PTadmin] Official Update 2022-04


1 16 0 0 0 1 0 0 0 1 0 0 0 1 s\3039s01.dat

1 16 -5.27 2.26 -12.26 1 0 0 0 .70711 0 0 -.70711 1 s\3039p14s01.dat
1 16 -5.27 4.48 -14.48 1 0 0 0 .70711 0 0 -.70711 1 s\3039p14s01.dat
1 16 -5.27 6.7 -16.7 1 0 0 0 .70711 0 0 -.70711 1 s\3039p14s01.dat
1 16 -5.27 8.92 -18.92 1 0 0 0 .70711 0 0 -.70711 1 s\3039p14s01.dat
1 16 -5.27 11.15 -21.15 1 0 0 0 .70711 0 0 -.70711 1 s\3039p14s01.dat
1 16 -5.27 13.37 -23.37 1 0 0 0 .70711 0 0 -.70711 1 s\3039p14s01.dat
1 16 -5.27 15.59 -25.59 1 0 0 0 .70711 0 0 -.70711 1 s\3039p14s01.dat
1 16 -5.27 17.81 -27.81 1 0 0 0 .70711 0 0 -.70711 1 s\3039p14s01.dat

0 // Phone
4 0 -10.35 1.47 -11.47 -11.08 1.42 -11.42 -11.46 1.44 -11.44 -11.29 1.68 -11.68
4 0 -13.39 1.64 -11.64 -12.29 1.88 -11.88 -12.53 1.57 -11.57 -12.82 1.53 -11.53
4 0 -9.63 1.62 -11.62 -10.35 1.47 -11.47 -11.29 1.68 -11.68 -10.94 2.52 -12.52
4 0 -10.94 2.52 -12.52 -9.12 1.86 -11.86 -9.27 1.74 -11.74 -9.63 1.62 -11.62
4 0 -14.33 1.96 -11.96 -11.81 2.83 -12.83 -12.29 1.88 -11.88 -13.39 1.64 -11.64
3 0 -11.81 2.83 -12.83 -14.33 1.96 -11.96 -15.09 2.32 -12.32
4 0 -9.12 1.86 -11.86 -10.94 2.52 -12.52 -10.75 3.1 -13.1 -8.78 2.41 -12.41
3 0 -15.81 3.01 -13.01 -15.09 2.32 -12.32 -15.51 2.61 -12.61
4 0 -11.53 3.76 -13.76 -11.81 2.83 -12.83 -15.09 2.32 -12.32 -15.81 3.01 -13.01
4 0 -8.78 2.41 -12.41 -10.75 3.1 -13.1 -10.61 3.83 -13.83 -8.5 3.32 -13.32
4 0 -15.81 3.01 -13.01 -16.29 4.09 -14.09 -11.42 4.66 -14.66 -11.53 3.76 -13.76
4 0 -8.5 3.32 -13.32 -10.61 3.83 -13.83 -10.6 4.58 -14.58 -8.42 4.27 -14.27
4 0 -8.42 4.27 -14.27 -10.6 4.58 -14.58 -8.76 5.24 -15.24 -8.53 4.84 -14.84
4 0 -16.67 5.14 -15.14 -12.6 6.35 -16.35 -11.42 4.66 -14.66 -16.29 4.09 -14.09
4 0 -9 5.42 -15.42 -8.76 5.24 -15.24 -10.6 4.58 -14.58 -9.31 5.52 -15.52
4 0 -9.31 5.52 -15.52 -10.6 4.58 -14.58 -10.67 5.5 -15.5 -9.97 5.67 -15.67
3 0 -11.42 4.66 -14.66 -12.6 6.35 -16.35 -11.45 5.37 -15.37
3 0 -9.97 5.67 -15.67 -10.67 5.5 -15.5 -10.76 5.78 -15.78
4 0 -11.56 5.66 -15.66 -11.45 5.37 -15.37 -12.6 6.35 -16.35 -11.78 5.92 -15.92
4 0 -12.6 6.35 -16.35 -16.67 5.14 -15.14 -17.04 6.68 -16.68 -13 6.75 -16.75
3 0 -17.04 6.68 -16.68 -13.3 7.22 -17.22 -13 6.75 -16.75
4 0 -17.31 8.52 -18.52 -13.55 8.41 -18.41 -13.3 7.22 -17.22 -17.04 6.68 -16.68
4 0 -13.55 8.41 -18.41 -17.31 8.52 -18.52 -17.44 10.42 -20.42 -13.64 9.56 -19.56
4 0 -17.47 11.73 -21.73 -13.69 11.2 -21.2 -13.64 9.56 -19.56 -17.44 10.42 -20.42
4 0 -13.69 11.2 -21.2 -17.47 11.73 -21.73 -17.4 13.01 -23.01 -13.51 12.48 -22.48
4 0 -13.51 12.48 -22.48 -17.4 13.01 -23.01 -17.23 14.16 -24.16 -13.31 13.2 -23.2
3 0 -17.23 14.16 -24.16 -13.01 13.59 -23.59 -13.31 13.2 -23.2
4 0 -11.68 14.56 -24.56 -11.89 14.21 -24.21 -12 14.12 -24.12 -12.66 13.89 -23.89
4 0 -12.66 13.89 -23.89 -13.01 13.59 -23.59 -17.23 14.16 -24.16 -17 15.23 -25.23
4 0 -8.93 14.93 -24.93 -9.25 14.66 -24.66 -9.9 14.48 -24.48 -8.75 15.41 -25.41
4 0 -11.68 14.56 -24.56 -12.66 13.89 -23.89 -11.57 15.93 -25.93 -11.53 15.15 -25.15
4 0 -10.98 14.31 -24.31 -10.81 15.69 -25.69 -8.75 15.41 -25.41 -9.9 14.48 -24.48
4 0 -16.55 16.68 -26.68 -11.57 15.93 -25.93 -12.66 13.89 -23.89 -17 15.23 -25.23
4 0 -10.86 16.39 -26.39 -8.68 16.03 -26.03 -8.75 15.41 -25.41 -10.81 15.69 -25.69
3 0 -8.68 16.03 -26.03 -10.86 16.39 -26.39 -8.75 16.71 -26.71
4 0 -16.1 17.63 -27.63 -11.73 16.8 -26.8 -11.57 15.93 -25.93 -16.55 16.68 -26.68
4 0 -8.95 17.44 -27.44 -8.75 16.71 -26.71 -10.86 16.39 -26.39 -11.03 17.1 -27.1
3 0 -16.1 17.63 -27.63 -11.94 17.53 -27.53 -11.73 16.8 -26.8
4 0 -11.03 17.1 -27.1 -11.22 17.67 -27.67 -9.29 18.15 -28.15 -8.95 17.44 -27.44
4 0 -14.99 18.59 -28.59 -11.94 17.53 -27.53 -16.1 17.63 -27.63 -15.76 18.06 -28.06
4 0 -14.39 18.77 -28.77 -12.28 18.2 -28.2 -11.94 17.53 -27.53 -14.99 18.59 -28.59
4 0 -11.22 17.67 -27.67 -9.95 18.71 -28.71 -9.63 18.58 -28.58 -9.29 18.15 -28.15
4 0 -11.49 18.19 -28.19 -10.52 18.79 -28.79 -9.95 18.71 -28.71 -11.22 17.67 -27.67
4 0 -12.9 18.69 -28.69 -12.55 18.5 -28.5 -12.28 18.2 -28.2 -13.38 18.77 -28.77
3 0 -12.28 18.2 -28.2 -14.39 18.77 -28.77 -13.38 18.77 -28.77
4 0 -10.52 18.79 -28.79 -11.49 18.19 -28.19 -11.95 18.76 -28.76 -11.61 18.8 -28.8
0 // Monitor
4 0 1.59 1.67 -11.67 3.88 1.56 -11.56 7.57 1.09 -11.09 -2.43 1.09 -11.09
4 0 17.57 1.09 -11.09 7.57 1.09 -11.09 11.25 1.56 -11.56 13.55 1.67 -11.67
3 0 7.57 1.09 -11.09 7.37 1.51 -11.51 7.77 1.51 -11.51
3 0 7.57 1.09 -11.09 6.48 1.51 -11.51 7.37 1.51 -11.51
3 0 7.57 1.09 -11.09 7.77 1.51 -11.51 8.66 1.51 -11.51
3 0 7.57 1.09 -11.09 5.18 1.53 -11.53 6.48 1.51 -11.51
3 0 7.57 1.09 -11.09 8.66 1.51 -11.51 9.95 1.53 -11.53
3 0 5.18 1.53 -11.53 7.57 1.09 -11.09 3.88 1.56 -11.56
3 0 11.25 1.56 -11.56 7.57 1.09 -11.09 9.95 1.53 -11.53
3 0 1.59 1.67 -11.67 -2.43 1.09 -11.09 -.06 1.77 -11.77
3 0 13.55 1.67 -11.67 15.2 1.77 -11.77 17.57 1.09 -11.09
3 0 -2.43 1.09 -11.09 -1.27 1.87 -11.87 -.06 1.77 -11.77
3 0 15.2 1.77 -11.77 16.4 1.87 -11.87 17.57 1.09 -11.09
4 0 7.37 1.51 -11.51 6.72 1.61 -11.61 6.09 1.74 -11.74 5.64 2.29 -12.29
3 0 -2.43 1.09 -11.09 -1.39 2.52 -12.52 -1.27 1.87 -11.87
3 0 16.4 1.87 -11.87 16.52 2.52 -12.52 17.57 1.09 -11.09
4 0 8.41 1.61 -11.61 7.77 1.51 -11.51 5.67 2.43 -12.43 5.57 4.04 -14.04
4 0 7.77 1.51 -11.51 7.37 1.51 -11.51 5.64 2.29 -12.29 5.67 2.43 -12.43
4 0 6.09 1.74 -11.74 5.48 1.9 -11.9 5.48 2.2 -12.2 5.64 2.29 -12.29
4 0 5.48 2.2 -12.2 5.48 1.9 -11.9 5.04 2.08 -12.08 5.27 2.2 -12.2
4 0 5.27 2.2 -12.2 5.04 2.08 -12.08 4.66 2.31 -12.31 5.09 2.28 -12.28
4 0 10.77 2.61 -12.61 10.47 2.31 -12.31 10.09 2.08 -12.08 9.65 1.9 -11.9
4 0 10.77 2.61 -12.61 9.65 1.9 -11.9 9.04 1.74 -11.74 10.99 2.9 -12.9
3 0 5.09 2.28 -12.28 4.66 2.31 -12.31 5.04 2.38 -12.38
3 0 -1.39 2.52 -12.52 -2.43 1.09 -11.09 -1.52 3.41 -13.41
3 0 17.57 1.09 -11.09 16.52 2.52 -12.52 16.66 3.41 -13.41
4 0 4.66 2.31 -12.31 4.36 2.61 -12.61 5.16 2.5 -12.5 5.04 2.38 -12.38
4 0 10.99 2.9 -12.9 9.04 1.74 -11.74 8.41 1.61 -11.61 5.57 4.04 -14.04
3 0 5.16 2.5 -12.5 4.36 2.61 -12.61 4.14 2.9 -12.9
3 0 -1.64 4.42 -14.42 -1.52 3.41 -13.41 -2.43 1.09 -11.09
3 0 16.77 4.42 -14.42 17.57 1.09 -11.09 16.66 3.41 -13.41
3 0 5.33 4 -14 5.52 2.54 -12.54 5.16 2.5 -12.5
4 0 5.33 4 -14 5.57 4.04 -14.04 5.67 2.43 -12.43 5.52 2.54 -12.54
4 0 4.14 2.9 -12.9 4.95 4 -14 5.33 4 -14 5.16 2.5 -12.5
3 0 3.97 3.22 -13.22 4.95 4 -14 4.14 2.9 -12.9
3 0 5.57 4.04 -14.04 11.16 3.22 -13.22 10.99 2.9 -12.9
4 0 4.95 4 -14 3.97 3.22 -13.22 3.87 3.55 -13.55 4.76 4.04 -14.04
4 0 -1.78 5.64 -15.64 -1.64 4.42 -14.42 -2.43 1.09 -11.09 -2.43 6.47 -16.47
3 0 16.77 4.42 -14.42 16.91 5.64 -15.64 17.57 1.09 -11.09
4 0 11.16 3.22 -13.22 11.07 4.17 -14.17 11.16 4.26 -14.26 11.26 3.55 -13.55
4 0 11.07 4.17 -14.17 11.16 3.22 -13.22 5.57 4.04 -14.04 5.93 4.16 -14.16
4 0 3.87 3.55 -13.55 4.11 4.16 -14.16 4.57 4.16 -14.16 4.76 4.04 -14.04
3 0 3.87 3.55 -13.55 3.98 4.25 -14.25 4.11 4.16 -14.16
3 0 3.87 3.55 -13.55 3.85 4.85 -14.85 3.98 4.25 -14.25
3 0 11.16 4.26 -14.26 11.28 4.85 -14.85 11.26 3.55 -13.55
4 0 5.56 4.42 -14.42 4.64 4.85 -14.85 11.06 4.36 -14.36 5.82 4.36 -14.36
3 0 4.09 4.36 -14.36 4.28 4.85 -14.85 4.64 4.36 -14.36
3 0 5.56 4.42 -14.42 5.14 4.45 -14.45 4.64 4.85 -14.85
4 0 3.98 4.25 -14.25 3.85 4.85 -14.85 4.28 4.85 -14.85 4.09 4.36 -14.36
3 0 5.14 4.45 -14.45 4.83 4.43 -14.43 4.64 4.85 -14.85
4 0 11.16 4.26 -14.26 11.06 4.36 -14.36 10.85 4.85 -14.85 11.28 4.85 -14.85
4 0 4.83 4.43 -14.43 4.64 4.36 -14.36 4.28 4.85 -14.85 4.64 4.85 -14.85
3 0 4.64 4.85 -14.85 10.5 4.85 -14.85 11.06 4.36 -14.36
3 0 10.85 4.85 -14.85 11.06 4.36 -14.36 10.5 4.85 -14.85
3 0 5.53 4.96 -14.96 5.44 5.08 -15.08 5.74 4.91 -14.91
4 0 9.61 5.08 -15.08 9.54 4.98 -14.98 9.44 4.91 -14.91 9.59 5.28 -15.28
4 0 9.44 4.91 -14.91 5.74 4.91 -14.91 7.28 5.27 -15.27 7.77 5.27 -15.27
4 0 4.95 5.3 -15.3 5.44 5.28 -15.28 5.44 5.08 -15.08 4.94 5.09 -15.09
4 0 5.44 5.08 -15.08 5.44 5.28 -15.28 5.5 5.49 -15.49 5.74 4.91 -14.91
4 0 10.2 5.11 -15.11 9.61 5.08 -15.08 9.59 5.28 -15.28 10.19 5.3 -15.3
3 0 4.85 5.19 -15.19 4.95 5.3 -15.3 4.94 5.09 -15.09
3 0 10.32 5.21 -15.21 10.2 5.11 -15.11 10.19 5.3 -15.3
4 0 9.55 5.5 -15.5 9.59 5.28 -15.28 9.44 4.91 -14.91 8.53 5.76 -15.76
4 0 8.23 5.72 -15.72 8.53 5.76 -15.76 9.44 4.91 -14.91 7.77 5.27 -15.27
4 0 7.28 5.27 -15.27 5.74 4.91 -14.91 6.35 5.78 -15.78 6.75 5.72 -15.72
4 0 5.5 5.49 -15.49 6.03 5.79 -15.79 6.35 5.78 -15.78 5.74 4.91 -14.91
4 0 7.97 5.62 -15.62 8.23 5.72 -15.72 7.77 5.27 -15.27 7.83 5.47 -15.47
4 0 6.75 5.72 -15.72 6.94 5.64 -15.64 7.15 5.49 -15.49 7.28 5.27 -15.27
3 0 9.42 5.66 -15.66 9.55 5.5 -15.5 8.53 5.76 -15.76
4 0 6.03 5.79 -15.79 5.5 5.49 -15.49 5.59 5.66 -15.66 5.79 5.76 -15.76
4 0 4.28 4.85 -14.85 4.28 6.5 -16.5 4.64 6.51 -16.51 4.64 4.85 -14.85
4 0 10.5 6.51 -16.51 10.85 6.5 -16.5 10.85 4.85 -14.85 10.5 4.85 -14.85
4 0 8.53 5.76 -15.76 8.91 5.78 -15.78 9.21 5.75 -15.75 9.42 5.66 -15.66
3 0 8.52 6.03 -16.03 8.37 5.97 -15.97 7.99 6.06 -16.06
3 0 7.17 6.07 -16.07 6.78 5.97 -15.97 6.62 6.04 -16.04
4 0 8.52 6.03 -16.03 7.99 6.06 -16.06 8.16 6.37 -16.37 8.58 6.15 -16.15
4 0 6.62 6.04 -16.04 6.58 6.17 -16.17 7.02 6.38 -16.38 7.17 6.07 -16.07
4 0 8.16 6.37 -16.37 7.99 6.06 -16.06 7.58 6.1 -16.1 7.78 6.42 -16.42
4 0 7.4 6.43 -16.43 7.58 6.1 -16.1 7.17 6.07 -16.07 7.02 6.38 -16.38
3 0 8.16 6.37 -16.37 8.51 6.27 -16.27 8.58 6.15 -16.15
3 0 7.02 6.38 -16.38 6.58 6.17 -16.17 6.67 6.28 -16.28
3 0 7.58 6.1 -16.1 7.4 6.43 -16.43 7.78 6.42 -16.42
4 0 -1.8 7.02 -17.02 -1.78 5.64 -15.64 -2.43 6.47 -16.47 -2.43 11.84 -21.84
4 0 16.91 5.64 -15.64 16.93 7.02 -17.02 17.57 11.84 -21.84 17.57 1.09 -11.09
4 0 4.72 6.71 -16.71 4.64 6.51 -16.51 4.28 6.5 -16.5 4.37 6.74 -16.74
4 0 10.85 6.5 -16.5 10.5 6.51 -16.51 10.41 6.71 -16.71 10.76 6.74 -16.74
4 0 4.89 6.89 -16.89 4.72 6.71 -16.71 4.37 6.74 -16.74 4.53 6.96 -16.96
4 0 10.24 6.89 -16.89 10.6 6.96 -16.96 10.76 6.74 -16.74 10.41 6.71 -16.71
4 0 5.08 7.01 -17.01 4.89 6.89 -16.89 4.53 6.96 -16.96 4.76 7.15 -17.15
4 0 10.6 6.96 -16.96 10.24 6.89 -16.89 10.05 7.01 -17.01 10.37 7.15 -17.15
4 0 5.31 7.08 -17.08 5.08 7.01 -17.01 4.76 7.15 -17.15 5.04 7.31 -17.31
4 0 10.37 7.15 -17.15 10.05 7.01 -17.01 9.82 7.08 -17.08 10.1 7.31 -17.31
4 0 5.52 7.11 -17.11 5.31 7.08 -17.08 5.04 7.31 -17.31 5.48 7.42 -17.42
4 0 10.1 7.31 -17.31 9.82 7.08 -17.08 9.61 7.11 -17.11 9.65 7.42 -17.42
4 0 9.35 7.42 -17.42 9.61 7.11 -17.11 5.52 7.11 -17.11 5.8 7.42 -17.42
3 0 5.8 7.42 -17.42 5.52 7.11 -17.11 5.48 7.42 -17.42
3 0 9.65 7.42 -17.42 9.61 7.11 -17.11 9.35 7.42 -17.42
4 0 5.8 7.6 -17.6 5.8 7.42 -17.42 5.48 7.42 -17.42 5.48 7.6 -17.6
4 0 9.65 7.42 -17.42 9.35 7.42 -17.42 9.35 7.6 -17.6 9.65 7.6 -17.6
3 0 4.34 7.6 -17.6 4.08 7.74 -17.74 5.48 7.6 -17.6
4 0 10.79 7.6 -17.6 9.65 7.6 -17.6 11.13 7.96 -17.96 11.05 7.74 -17.74
4 0 7.81 8.16 -18.16 9.35 7.6 -17.6 5.8 7.6 -17.6 7.13 8.16 -18.16
4 0 9.35 7.6 -17.6 9.19 7.86 -17.86 9.41 8.15 -18.15 9.65 7.6 -17.6
4 0 5.8 7.6 -17.6 5.48 7.6 -17.6 5.78 8.19 -18.19 6.07 7.89 -17.89
4 0 5.78 8.19 -18.19 5.48 7.6 -17.6 4.08 7.74 -17.74 4 7.96 -17.96
4 0 9.19 7.86 -17.86 9.35 7.6 -17.6 7.81 8.16 -18.16 8.42 8.07 -18.07
4 0 7.13 8.16 -18.16 5.8 7.6 -17.6 6.07 7.89 -17.89 6.61 8.07 -18.07
3 0 5.7 8.28 -18.28 5.78 8.19 -18.19 4 7.96 -17.96
4 0 2.54 8.13 -18.13 5.33 8.53 -18.53 4 7.96 -17.96 2.84 8.08 -18.08
4 0 9.49 9.03 -19.03 11.13 7.96 -17.96 9.65 7.6 -17.6 9.41 8.15 -18.15
4 0 4 7.96 -17.96 5.33 8.53 -18.53 5.52 8.46 -18.46 5.7 8.28 -18.28
4 0 5.7 8.28 -18.28 6.04 8.45 -18.45 6.4 8.36 -18.36 5.78 8.19 -18.19
4 0 6.82 8.44 -18.44 6.4 8.36 -18.36 6.04 8.45 -18.45 6.32 8.69 -18.69
4 0 5.33 8.53 -18.53 5.59 8.53 -18.53 5.74 8.46 -18.46 5.52 8.46 -18.46
3 0 9.41 8.15 -18.15 8.79 8.32 -18.32 9.49 9.03 -19.03
3 0 5.59 8.53 -18.53 5.76 8.72 -18.72 5.74 8.46 -18.46
3 0 8.79 8.32 -18.32 8.18 8.44 -18.44 9.49 9.03 -19.03
4 0 2.54 8.13 -18.13 2.12 8.27 -18.27 5.12 9.61 -19.61 5.33 8.53 -18.53
4 0 13.37 8.47 -18.47 13.01 8.27 -18.27 12.59 8.13 -18.13 11.09 9.89 -19.89
4 0 5.84 8.92 -18.92 6.32 8.69 -18.69 6.04 8.45 -18.45 5.76 8.72 -18.72
3 0 12.59 8.13 -18.13 12.29 8.08 -18.08 11.09 9.89 -19.89
3 0 6.82 8.44 -18.44 6.32 8.69 -18.69 6.54 8.97 -18.97
4 0 9.49 9.03 -19.03 11.09 9.89 -19.89 12.29 8.08 -18.08 11.13 7.96 -17.96
4 0 6.82 8.44 -18.44 6.54 8.97 -18.97 6.67 9.13 -19.13 7.26 8.49 -18.49
4 0 2.12 8.27 -18.27 1.76 8.47 -18.47 1.5 8.69 -18.69 5.12 9.61 -19.61
4 0 5.76 8.72 -18.72 5.59 8.53 -18.53 5.91 9.24 -19.24 5.84 8.92 -18.92
4 0 6.67 9.13 -19.13 6.88 9.41 -19.41 7.7 8.49 -18.49 7.26 8.49 -18.49
4 0 9.49 9.03 -19.03 8.18 8.44 -18.44 7.7 8.49 -18.49 7.87 9.88 -19.88
3 0 11.09 9.89 -19.89 13.63 8.69 -18.69 13.37 8.47 -18.47
3 0 -2.43 11.84 -21.84 -1.73 8.32 -18.32 -1.8 7.02 -17.02
3 0 16.86 8.32 -18.32 17.57 11.84 -21.84 16.93 7.02 -17.02
4 0 5.94 9.44 -19.44 6.67 9.13 -19.13 6.54 8.97 -18.97 5.91 9.24 -19.24
4 0 5.59 8.53 -18.53 5.85 9.61 -19.61 5.94 9.44 -19.44 5.91 9.24 -19.24
4 0 7.87 9.88 -19.88 7.7 8.49 -18.49 6.88 9.41 -19.41 7.02 9.59 -19.59
3 0 9.49 9.03 -19.03 9.91 9.85 -19.85 11.09 9.89 -19.89
3 0 7.87 9.88 -19.88 9.07 9.86 -19.86 9.49 9.03 -19.03
4 0 6.17 9.86 -19.86 7.02 9.59 -19.59 6.88 9.41 -19.41 6.08 9.68 -19.68
4 0 6.17 9.86 -19.86 6.08 9.68 -19.68 5.94 9.44 -19.44 5.85 9.61 -19.61
4 0 7.87 9.88 -19.88 7.02 9.59 -19.59 7.16 9.88 -19.88 7.25 10.05 -20.05
4 0 5.85 9.61 -19.61 5.12 9.61 -19.61 6.27 10.1 -20.1 6.17 9.86 -19.86
3 0 -2.43 11.84 -21.84 -1.61 9.46 -19.46 -1.73 8.32 -18.32
3 0 16.86 8.32 -18.32 16.74 9.46 -19.46 17.57 11.84 -21.84
4 0 1.5 8.69 -18.69 .31 11.22 -21.22 6.27 10.1 -20.1 5.12 9.61 -19.61
4 0 7.16 9.88 -19.88 6.27 10.1 -20.1 6.38 10.26 -20.26 7.25 10.05 -20.05
3 0 7.25 10.05 -20.05 7.37 10.32 -20.32 7.87 9.88 -19.88
4 0 13.63 8.69 -18.69 11.09 9.89 -19.89 10.48 11.29 -21.29 14.83 11.22 -21.22
4 0 7.37 10.32 -20.32 7.45 10.5 -20.5 8.83 10.43 -20.43 7.87 9.88 -19.88
4 0 7.37 10.32 -20.32 6.49 10.51 -20.51 6.58 10.68 -20.68 7.45 10.5 -20.5
4 0 6.27 10.1 -20.1 .31 11.22 -21.22 6.49 10.51 -20.51 6.38 10.26 -20.26
3 0 10.15 10.44 -20.44 10.48 11.29 -21.29 11.09 9.89 -19.89
3 0 7.45 10.5 -20.5 7.56 10.79 -20.79 8.83 10.43 -20.43
3 0 -1.61 9.46 -19.46 -2.43 11.84 -21.84 -1.43 10.55 -20.55
3 0 17.57 11.84 -21.84 16.74 9.46 -19.46 16.56 10.55 -20.55
3 0 7.56 10.79 -20.79 7.62 10.97 -20.97 8.83 10.43 -20.43
4 0 6.49 10.51 -20.51 .31 11.22 -21.22 6.65 10.95 -20.95 6.58 10.68 -20.68
4 0 6.7 11.12 -21.12 7.62 10.97 -20.97 7.56 10.79 -20.79 6.65 10.95 -20.95
4 0 7.69 11.25 -21.25 8.51 11.29 -21.29 8.83 10.43 -20.43 7.62 10.97 -20.97
4 0 10.48 11.29 -21.29 9.5 10.79 -20.79 8.51 11.29 -21.29 7.57 11.84 -21.84
4 0 6.7 11.12 -21.12 6.65 10.95 -20.95 .31 11.22 -21.22 6.73 11.4 -21.4
3 0 -1.29 11.14 -21.14 -1.43 10.55 -20.55 -2.43 11.84 -21.84
3 0 16.42 11.14 -21.14 17.57 11.84 -21.84 16.56 10.55 -20.55
4 0 7.69 11.25 -21.25 6.73 11.4 -21.4 7.57 11.84 -21.84 8.51 11.29 -21.29
3 0 14.83 11.22 -21.22 10.48 11.29 -21.29 7.57 11.84 -21.84
3 0 6.73 11.4 -21.4 .31 11.22 -21.22 7.57 11.84 -21.84
4 0 7.57 11.84 -21.84 .31 11.22 -21.22 -1.29 11.14 -21.14 -2.43 11.84 -21.84
4 0 14.83 11.22 -21.22 7.57 11.84 -21.84 17.57 11.84 -21.84 16.42 11.14 -21.14
3 1 6.72 1.61 -11.61 7.37 1.51 -11.51 6.48 1.51 -11.51
3 1 7.77 1.51 -11.51 8.41 1.61 -11.61 8.66 1.51 -11.51
3 1 6.48 1.51 -11.51 6.09 1.74 -11.74 6.72 1.61 -11.61
3 1 8.41 1.61 -11.61 9.04 1.74 -11.74 8.66 1.51 -11.51
4 1 5.48 1.9 -11.9 6.09 1.74 -11.74 6.48 1.51 -11.51 5.18 1.53 -11.53
4 1 8.66 1.51 -11.51 9.04 1.74 -11.74 9.65 1.9 -11.9 9.95 1.53 -11.53
3 1 5.48 1.9 -11.9 5.18 1.53 -11.53 5.04 2.08 -12.08
3 1 9.95 1.53 -11.53 9.65 1.9 -11.9 10.09 2.08 -12.08
4 1 5.18 1.53 -11.53 3.88 1.56 -11.56 4.66 2.31 -12.31 5.04 2.08 -12.08
4 1 10.47 2.31 -12.31 11.25 1.56 -11.56 9.95 1.53 -11.53 10.09 2.08 -12.08
3 1 -.06 1.77 -11.77 -1.27 1.87 -11.87 -1.39 2.52 -12.52
3 1 16.4 1.87 -11.87 15.2 1.77 -11.77 16.52 2.52 -12.52
3 1 4.36 2.61 -12.61 4.66 2.31 -12.31 3.88 1.56 -11.56
3 1 10.77 2.61 -12.61 11.25 1.56 -11.56 10.47 2.31 -12.31
4 1 3.97 3.22 -13.22 4.14 2.9 -12.9 3.88 1.56 -11.56 1.59 1.67 -11.67
4 1 11.25 1.56 -11.56 10.99 2.9 -12.9 11.16 3.22 -13.22 13.55 1.67 -11.67
4 1 1.59 1.67 -11.67 -.06 1.77 -11.77 -1.39 2.52 -12.52 -1.52 3.41 -13.41
4 1 16.52 2.52 -12.52 15.2 1.77 -11.77 13.55 1.67 -11.67 16.66 3.41 -13.41
3 1 3.88 1.56 -11.56 4.14 2.9 -12.9 4.36 2.61 -12.61
3 1 11.25 1.56 -11.56 10.77 2.61 -12.61 10.99 2.9 -12.9
3 1 1.59 1.67 -11.67 3.87 3.55 -13.55 3.97 3.22 -13.22
3 1 11.26 3.55 -13.55 13.55 1.67 -11.67 11.16 3.22 -13.22
4 1 1.59 1.67 -11.67 -1.52 3.41 -13.41 -1.64 4.42 -14.42 3.87 3.55 -13.55
4 1 16.77 4.42 -14.42 16.66 3.41 -13.41 13.55 1.67 -11.67 11.26 3.55 -13.55
4 1 -1.64 4.42 -14.42 -1.78 5.64 -15.64 3.85 4.85 -14.85 3.87 3.55 -13.55
4 1 11.28 4.85 -14.85 16.91 5.64 -15.64 16.77 4.42 -14.42 11.26 3.55 -13.55
3 1 3.85 4.85 -14.85 4.28 6.5 -16.5 4.28 4.85 -14.85
3 1 10.85 6.5 -16.5 11.28 4.85 -14.85 10.85 4.85 -14.85
4 1 2.54 8.13 -18.13 4.28 6.5 -16.5 3.85 4.85 -14.85 -1.78 5.64 -15.64
4 1 11.28 4.85 -14.85 10.85 6.5 -16.5 12.59 8.13 -18.13 16.91 5.64 -15.64
3 1 4.76 7.15 -17.15 4.53 6.96 -16.96 4.34 7.6 -17.6
3 1 10.79 7.6 -17.6 10.6 6.96 -16.96 10.37 7.15 -17.15
4 1 4.34 7.6 -17.6 4.53 6.96 -16.96 4.37 6.74 -16.74 4.08 7.74 -17.74
4 1 10.76 6.74 -16.74 10.6 6.96 -16.96 10.79 7.6 -17.6 11.05 7.74 -17.74
4 1 2.54 8.13 -18.13 -1.78 5.64 -15.64 -1.8 7.02 -17.02 2.12 8.27 -18.27
4 1 16.93 7.02 -17.02 16.91 5.64 -15.64 12.59 8.13 -18.13 13.01 8.27 -18.27
3 1 4.34 7.6 -17.6 5.04 7.31 -17.31 4.76 7.15 -17.15
3 1 10.1 7.31 -17.31 10.79 7.6 -17.6 10.37 7.15 -17.15
4 1 4.37 6.74 -16.74 4.28 6.5 -16.5 2.54 8.13 -18.13 2.84 8.08 -18.08
4 1 12.59 8.13 -18.13 10.85 6.5 -16.5 10.76 6.74 -16.74 12.29 8.08 -18.08
4 1 5.48 7.42 -17.42 5.04 7.31 -17.31 4.34 7.6 -17.6 5.48 7.6 -17.6
4 1 10.79 7.6 -17.6 10.1 7.31 -17.31 9.65 7.42 -17.42 9.65 7.6 -17.6
4 1 4.08 7.74 -17.74 4.37 6.74 -16.74 2.84 8.08 -18.08 4 7.96 -17.96
4 1 12.29 8.08 -18.08 10.76 6.74 -16.74 11.05 7.74 -17.74 11.13 7.96 -17.96
4 1 -1.73 8.32 -18.32 1.76 8.47 -18.47 2.12 8.27 -18.27 -1.8 7.02 -17.02
4 1 13.01 8.27 -18.27 13.37 8.47 -18.47 16.86 8.32 -18.32 16.93 7.02 -17.02
4 1 1.76 8.47 -18.47 -1.73 8.32 -18.32 -1.61 9.46 -19.46 1.5 8.69 -18.69
4 1 16.74 9.46 -19.46 16.86 8.32 -18.32 13.37 8.47 -18.47 13.63 8.69 -18.69
4 1 -1.43 10.55 -20.55 .31 11.22 -21.22 1.5 8.69 -18.69 -1.61 9.46 -19.46
4 1 13.63 8.69 -18.69 14.83 11.22 -21.22 16.56 10.55 -20.55 16.74 9.46 -19.46
3 1 -1.43 10.55 -20.55 -1.29 11.14 -21.14 .31 11.22 -21.22
3 1 16.42 11.14 -21.14 16.56 10.55 -20.55 14.83 11.22 -21.22
4 16 5.27 2.2 -12.2 5.09 2.28 -12.28 5.04 2.38 -12.38 5.16 2.5 -12.5
4 16 5.16 2.5 -12.5 5.52 2.54 -12.54 5.48 2.2 -12.2 5.27 2.2 -12.2
4 16 5.64 2.29 -12.29 5.48 2.2 -12.2 5.52 2.54 -12.54 5.67 2.43 -12.43
3 16 5.33 4 -14 4.95 4 -14 5.14 4.45 -14.45
4 16 5.33 4 -14 5.14 4.45 -14.45 5.56 4.42 -14.42 5.57 4.04 -14.04
4 16 5.14 4.45 -14.45 4.95 4 -14 4.76 4.04 -14.04 4.83 4.43 -14.43
4 16 5.82 4.36 -14.36 5.93 4.16 -14.16 5.57 4.04 -14.04 5.56 4.42 -14.42
4 16 4.83 4.43 -14.43 4.76 4.04 -14.04 4.57 4.16 -14.16 4.64 4.36 -14.36
3 16 4.09 4.36 -14.36 4.11 4.16 -14.16 3.98 4.25 -14.25
4 16 4.11 4.16 -14.16 4.09 4.36 -14.36 4.64 4.36 -14.36 4.57 4.16 -14.16
4 16 11.07 4.17 -14.17 5.93 4.16 -14.16 5.82 4.36 -14.36 11.06 4.36 -14.36
3 16 11.07 4.17 -14.17 11.06 4.36 -14.36 11.16 4.26 -14.26
4 16 4.64 4.85 -14.85 5.74 4.91 -14.91 9.44 4.91 -14.91 10.5 4.85 -14.85
3 16 5.53 4.96 -14.96 5.74 4.91 -14.91 4.64 4.85 -14.85
4 16 10.2 5.11 -15.11 10.5 4.85 -14.85 9.44 4.91 -14.91 9.54 4.98 -14.98
4 16 5.44 5.08 -15.08 5.53 4.96 -14.96 4.64 4.85 -14.85 4.94 5.09 -15.09
3 16 4.64 4.85 -14.85 4.85 5.19 -15.19 4.94 5.09 -15.09
3 16 9.61 5.08 -15.08 10.2 5.11 -15.11 9.54 4.98 -14.98
3 16 10.5 4.85 -14.85 10.2 5.11 -15.11 10.32 5.21 -15.21
3 16 5.44 5.28 -15.28 4.95 5.3 -15.3 5.5 5.49 -15.49
3 16 9.59 5.28 -15.28 9.55 5.5 -15.5 10.19 5.3 -15.3
4 16 7.77 5.27 -15.27 7.28 5.27 -15.27 7.15 5.49 -15.49 7.83 5.47 -15.47
3 16 5.5 5.49 -15.49 4.95 5.3 -15.3 5.59 5.66 -15.66
4 16 10.19 5.3 -15.3 9.55 5.5 -15.5 9.42 5.66 -15.66 10.5 6.51 -16.51
3 16 4.64 6.51 -16.51 4.85 5.19 -15.19 4.64 4.85 -14.85
3 16 10.5 6.51 -16.51 10.5 4.85 -14.85 10.32 5.21 -15.21
3 16 7.97 5.62 -15.62 7.83 5.47 -15.47 7.15 5.49 -15.49
3 16 4.95 5.3 -15.3 4.85 5.19 -15.19 4.64 6.51 -16.51
3 16 10.19 5.3 -15.3 10.5 6.51 -16.51 10.32 5.21 -15.21
3 16 6.94 5.64 -15.64 6.75 5.72 -15.72 6.78 5.97 -15.97
4 16 6.78 5.97 -15.97 7.17 6.07 -16.07 7.15 5.49 -15.49 6.94 5.64 -15.64
4 16 7.97 5.62 -15.62 7.15 5.49 -15.49 7.17 6.07 -16.07 7.58 6.1 -16.1
4 16 8.23 5.72 -15.72 8.37 5.97 -15.97 8.52 6.03 -16.03 8.53 5.76 -15.76
4 16 7.58 6.1 -16.1 7.99 6.06 -16.06 8.23 5.72 -15.72 7.97 5.62 -15.62
4 16 6.62 6.04 -16.04 6.78 5.97 -15.97 6.75 5.72 -15.72 6.35 5.78 -15.78
4 16 6.58 6.17 -16.17 6.03 5.79 -15.79 5.79 5.76 -15.76 5.52 7.11 -17.11
3 16 7.99 6.06 -16.06 8.37 5.97 -15.97 8.23 5.72 -15.72
4 16 8.53 5.76 -15.76 8.52 6.03 -16.03 8.58 6.15 -16.15 8.91 5.78 -15.78
4 16 6.62 6.04 -16.04 6.35 5.78 -15.78 6.03 5.79 -15.79 6.58 6.17 -16.17
4 16 4.95 5.3 -15.3 4.64 6.51 -16.51 4.72 6.71 -16.71 5.59 5.66 -15.66
4 16 9.42 5.66 -15.66 9.21 5.75 -15.75 10.41 6.71 -16.71 10.5 6.51 -16.51
4 16 9.61 7.11 -17.11 9.21 5.75 -15.75 8.91 5.78 -15.78 8.58 6.15 -16.15
4 16 5.59 5.66 -15.66 4.72 6.71 -16.71 4.89 6.89 -16.89 5.79 5.76 -15.76
3 16 8.51 6.27 -16.27 9.61 7.11 -17.11 8.58 6.15 -16.15
4 16 9.82 7.08 -17.08 10.41 6.71 -16.71 9.21 5.75 -15.75 9.61 7.11 -17.11
3 16 6.58 6.17 -16.17 5.52 7.11 -17.11 6.67 6.28 -16.28
3 16 8.51 6.27 -16.27 8.16 6.37 -16.37 9.61 7.11 -17.11
3 16 5.52 7.11 -17.11 5.79 5.76 -15.76 4.89 6.89 -16.89
3 16 7.02 6.38 -16.38 6.67 6.28 -16.28 5.52 7.11 -17.11
3 16 7.78 6.42 -16.42 9.61 7.11 -17.11 8.16 6.37 -16.37
4 16 7.4 6.43 -16.43 7.02 6.38 -16.38 5.52 7.11 -17.11 9.61 7.11 -17.11
3 16 9.61 7.11 -17.11 7.78 6.42 -16.42 7.4 6.43 -16.43
4 16 10.05 7.01 -17.01 10.24 6.89 -16.89 10.41 6.71 -16.71 9.82 7.08 -17.08
4 16 5.31 7.08 -17.08 5.52 7.11 -17.11 4.89 6.89 -16.89 5.08 7.01 -17.01
4 16 9.35 7.6 -17.6 9.35 7.42 -17.42 5.8 7.42 -17.42 5.8 7.6 -17.6
4 16 9.41 8.15 -18.15 9.19 7.86 -17.86 8.42 8.07 -18.07 8.79 8.32 -18.32
4 16 6.61 8.07 -18.07 6.07 7.89 -17.89 5.78 8.19 -18.19 6.4 8.36 -18.36
4 16 7.81 8.16 -18.16 8.18 8.44 -18.44 8.79 8.32 -18.32 8.42 8.07 -18.07
4 16 7.13 8.16 -18.16 6.61 8.07 -18.07 6.4 8.36 -18.36 6.82 8.44 -18.44
4 16 7.13 8.16 -18.16 7.26 8.49 -18.49 7.7 8.49 -18.49 7.81 8.16 -18.16
3 16 7.13 8.16 -18.16 6.82 8.44 -18.44 7.26 8.49 -18.49
3 16 7.81 8.16 -18.16 7.7 8.49 -18.49 8.18 8.44 -18.44
4 16 5.52 8.46 -18.46 5.74 8.46 -18.46 6.04 8.45 -18.45 5.7 8.28 -18.28
3 16 5.74 8.46 -18.46 5.76 8.72 -18.72 6.04 8.45 -18.45
4 16 5.91 9.24 -19.24 6.54 8.97 -18.97 6.32 8.69 -18.69 5.84 8.92 -18.92
4 16 6.67 9.13 -19.13 5.94 9.44 -19.44 6.08 9.68 -19.68 6.88 9.41 -19.41
3 16 9.07 9.86 -19.86 9.91 9.85 -19.85 9.49 9.03 -19.03
4 16 7.02 9.59 -19.59 6.17 9.86 -19.86 6.27 10.1 -20.1 7.16 9.88 -19.88
3 16 9.07 9.86 -19.86 7.87 9.88 -19.88 8.83 10.43 -20.43
3 16 10.15 10.44 -20.44 11.09 9.89 -19.89 9.91 9.85 -19.85
4 16 9.91 9.85 -19.85 9.07 9.86 -19.86 8.83 10.43 -20.43 10.15 10.44 -20.44
4 16 7.25 10.05 -20.05 6.38 10.26 -20.26 6.49 10.51 -20.51 7.37 10.32 -20.32
4 16 9.5 10.79 -20.79 10.15 10.44 -20.44 8.83 10.43 -20.43 8.51 11.29 -21.29
4 16 6.65 10.95 -20.95 7.56 10.79 -20.79 7.45 10.5 -20.5 6.58 10.68 -20.68
3 16 10.48 11.29 -21.29 10.15 10.44 -20.44 9.5 10.79 -20.79
4 16 6.73 11.4 -21.4 7.69 11.25 -21.25 7.62 10.97 -20.97 6.7 11.12 -21.12
4 16 5.33 8.53 -18.53 5.34 9.3 -19.3 5.67 9.33 -19.33 5.59 8.53 -18.53
4 16 5.27 9.52 -19.52 5.34 9.3 -19.3 5.33 8.53 -18.53 5.12 9.61 -19.61
4 16 5.59 8.53 -18.53 5.67 9.33 -19.33 5.72 9.52 -19.52 5.85 9.61 -19.61
4 16 5.72 9.52 -19.52 5.27 9.52 -19.52 5.12 9.61 -19.61 5.85 9.61 -19.61
4 0 5.72 9.52 -19.52 5.67 9.33 -19.33 5.34 9.3 -19.3 5.27 9.52 -19.52
0 // Tape reel
4 0 17.57 12.27 -22.27 -2.43 12.27 -22.27 -1.98 12.55 -22.55 17.12 12.55 -22.55
4 0 -.83 13.18 -23.18 15.97 13.18 -23.18 16.52 12.87 -22.87 -1.38 12.87 -22.87
4 0 12.66 13.53 -23.53 2.65 13.53 -23.53 4.44 13.85 -23.85 10.63 13.85 -23.85
4 0 1.03 13.98 -23.98 2.4 14.82 -24.82 2.65 13.53 -23.53 1.79 13.67 -23.67
4 0 14.23 14.02 -24.02 13.49 13.69 -23.69 12.66 13.53 -23.53 12.73 14.82 -24.82
4 0 2.88 14.75 -24.75 3.35 14.82 -24.82 4.44 13.85 -23.85 2.65 13.53 -23.53
4 0 10.63 13.85 -23.85 11.78 14.82 -24.82 12.26 14.75 -24.75 12.66 13.53 -23.53
3 0 2.88 14.75 -24.75 2.65 13.53 -23.53 2.4 14.82 -24.82
3 0 12.26 14.75 -24.75 12.73 14.82 -24.82 12.66 13.53 -23.53
4 0 3.75 15.01 -25.01 5.11 14.25 -24.25 4.44 13.85 -23.85 3.35 14.82 -24.82
4 0 10.63 13.85 -23.85 10.02 14.26 -24.26 11.38 15.01 -25.01 11.78 14.82 -24.82
4 0 1.03 13.98 -23.98 .43 14.43 -24.43 2 15.01 -25.01 2.4 14.82 -24.82
4 0 13.13 15.01 -25.01 14.79 14.48 -24.48 14.23 14.02 -24.02 12.73 14.82 -24.82
3 0 3.75 15.01 -25.01 4.02 15.29 -25.29 5.11 14.25 -24.25
3 0 10.02 14.26 -24.26 11.12 15.29 -25.29 11.38 15.01 -25.01
4 0 .43 14.43 -24.43 .05 14.99 -24.99 1.74 15.29 -25.29 2 15.01 -25.01
4 0 5.81 15.37 -25.37 5.58 14.77 -24.77 5.11 14.25 -24.25 4.02 15.29 -25.29
4 0 10.02 14.26 -24.26 9.56 14.78 -24.78 9.34 15.37 -25.37 11.12 15.29 -25.29
4 0 14.79 14.48 -24.48 13.13 15.01 -25.01 13.4 15.29 -25.29 15.14 15.04 -25.04
3 0 2.88 15.2 -25.2 2.68 15.34 -25.34 3.08 15.34 -25.34
3 0 12.05 15.34 -25.34 12.46 15.34 -25.34 12.26 15.2 -25.2
3 0 .05 14.99 -24.99 1.64 15.62 -25.62 1.74 15.29 -25.29
3 0 15.14 15.04 -25.04 13.4 15.29 -25.29 13.49 15.62 -25.62
4 0 2.68 15.48 -25.48 3.08 15.48 -25.48 3.08 15.34 -25.34 2.68 15.34 -25.34
4 0 12.46 15.48 -25.48 12.46 15.34 -25.34 12.05 15.34 -25.34 12.05 15.48 -25.48
4 0 5.81 15.37 -25.37 4.02 15.29 -25.29 4.11 15.62 -25.62 5.79 15.99 -25.99
4 0 11.02 15.62 -25.62 11.12 15.29 -25.29 9.34 15.37 -25.37 9.38 15.98 -25.98
4 0 .05 14.99 -24.99 -.09 15.6 -25.6 .03 16.22 -26.22 1.64 15.62 -25.62
4 0 -1.98 12.55 -22.55 -2.43 12.27 -22.27 -2.43 18.98 -28.98 -1.98 18.7 -28.7
4 0 -.83 18.06 -28.06 -.83 13.18 -23.18 -1.38 12.87 -22.87 -1.38 18.38 -28.38
3 0 2.48 15.48 -25.48 2.28 15.62 -25.62 2.48 15.77 -25.77
4 0 2.48 15.48 -25.48 2.48 15.77 -25.77 2.68 15.77 -25.77 2.68 15.48 -25.48
4 0 2.68 15.48 -25.48 2.68 15.77 -25.77 3.08 15.77 -25.77 3.08 15.48 -25.48
4 0 3.28 15.48 -25.48 3.08 15.48 -25.48 3.08 15.77 -25.77 3.28 15.77 -25.77
3 0 3.28 15.48 -25.48 3.28 15.77 -25.77 3.48 15.62 -25.62
3 0 11.66 15.62 -25.62 11.86 15.77 -25.77 11.86 15.48 -25.48
4 0 11.86 15.77 -25.77 12.05 15.77 -25.77 12.05 15.48 -25.48 11.86 15.48 -25.48
4 0 12.05 15.77 -25.77 12.46 15.77 -25.77 12.46 15.48 -25.48 12.05 15.48 -25.48
4 0 12.66 15.48 -25.48 12.46 15.48 -25.48 12.46 15.77 -25.77 12.66 15.77 -25.77
3 0 12.66 15.77 -25.77 12.86 15.62 -25.62 12.66 15.48 -25.48
4 0 15.97 18.06 -28.06 16.52 18.38 -28.38 16.52 12.87 -22.87 15.97 13.18 -23.18
4 0 17.57 12.27 -22.27 17.12 12.55 -22.55 17.12 18.7 -28.7 17.57 18.98 -28.98
4 0 15.14 15.04 -25.04 13.49 15.62 -25.62 15.11 16.25 -26.25 15.25 15.65 -25.65
4 0 3.08 15.77 -25.77 2.68 15.77 -25.77 2.68 15.91 -25.91 3.08 15.91 -25.91
4 0 12.05 15.77 -25.77 12.05 15.91 -25.91 12.46 15.91 -25.91 12.46 15.77 -25.77
4 0 11.12 15.96 -25.96 11.02 15.62 -25.62 9.38 15.98 -25.98 9.66 16.56 -26.56
4 0 5.79 15.99 -25.99 4.11 15.62 -25.62 4.02 15.96 -25.96 5.5 16.58 -26.58
4 0 1.74 15.96 -25.96 1.64 15.62 -25.62 .03 16.22 -26.22 .4 16.78 -26.78
4 0 15.11 16.25 -26.25 13.49 15.62 -25.62 13.4 15.96 -25.96 14.72 16.8 -26.8
3 0 2.68 15.91 -25.91 2.88 16.05 -26.05 3.08 15.91 -25.91
3 0 12.05 15.91 -25.91 12.26 16.05 -26.05 12.46 15.91 -25.91
3 0 11.12 15.96 -25.96 9.66 16.56 -26.56 11.38 16.24 -26.24
3 0 4.02 15.96 -25.96 3.75 16.24 -26.24 5.5 16.58 -26.58
4 0 2 16.24 -26.24 1.74 15.96 -25.96 .4 16.78 -26.78 .99 17.24 -27.24
4 0 14.72 16.8 -26.8 13.4 15.96 -25.96 13.13 16.24 -26.24 14.12 17.25 -27.25
3 0 2.4 16.43 -26.43 2 16.24 -26.24 .99 17.24 -27.24
3 0 13.13 16.24 -26.24 12.73 16.43 -26.43 14.12 17.25 -27.25
4 0 11.78 16.43 -26.43 11.38 16.24 -26.24 10.85 17.43 -27.43 11.66 17.65 -27.65
4 0 4.29 17.46 -27.46 3.75 16.24 -26.24 3.35 16.43 -26.43 3.47 17.67 -27.67
4 0 9.66 16.56 -26.56 10.16 17.06 -27.06 10.85 17.43 -27.43 11.38 16.24 -26.24
4 0 4.29 17.46 -27.46 4.99 17.08 -27.08 5.5 16.58 -26.58 3.75 16.24 -26.24
4 0 12.26 16.5 -26.5 11.78 16.43 -26.43 11.66 17.65 -27.65 12.53 17.69 -27.69
4 0 3.47 17.67 -27.67 3.35 16.43 -26.43 2.88 16.5 -26.5 2.59 17.7 -27.7
3 0 12.73 16.43 -26.43 12.26 16.5 -26.5 12.53 17.69 -27.69
3 0 2.88 16.5 -26.5 2.4 16.43 -26.43 2.59 17.7 -27.7
4 0 12.53 17.69 -27.69 13.37 17.55 -27.55 14.12 17.25 -27.25 12.73 16.43 -26.43
4 0 .99 17.24 -27.24 1.74 17.56 -27.56 2.59 17.7 -27.7 2.4 16.43 -26.43
4 0 -.83 18.06 -28.06 -1.38 18.38 -28.38 16.52 18.38 -28.38 15.97 18.06 -28.06
4 0 17.57 18.98 -28.98 17.12 18.7 -28.7 -1.98 18.7 -28.7 -2.43 18.98 -28.98
4 7 12.66 13.53 -23.53 15.97 13.18 -23.18 -.83 13.18 -23.18 2.65 13.53 -23.53
3 7 -.83 13.18 -23.18 1.79 13.67 -23.67 2.65 13.53 -23.53
3 7 15.97 13.18 -23.18 12.66 13.53 -23.53 13.49 13.69 -23.69
3 7 -.83 13.18 -23.18 1.03 13.98 -23.98 1.79 13.67 -23.67
3 7 15.97 13.18 -23.18 13.49 13.69 -23.69 14.23 14.02 -24.02
3 7 -.83 13.18 -23.18 .43 14.43 -24.43 1.03 13.98 -23.98
3 7 15.97 13.18 -23.18 14.23 14.02 -24.02 14.79 14.48 -24.48
4 7 10.02 14.26 -24.26 10.63 13.85 -23.85 4.44 13.85 -23.85 5.11 14.25 -24.25
3 7 -.83 13.18 -23.18 .05 14.99 -24.99 .43 14.43 -24.43
3 7 15.97 13.18 -23.18 14.79 14.48 -24.48 15.14 15.04 -25.04
4 7 9.56 14.78 -24.78 10.02 14.26 -24.26 5.11 14.25 -24.25 5.58 14.77 -24.77
4 7 -.09 15.6 -25.6 .05 14.99 -24.99 -.83 13.18 -23.18 -.83 18.06 -28.06
4 7 15.97 13.18 -23.18 15.14 15.04 -25.04 15.25 15.65 -25.65 15.97 18.06 -28.06
4 7 9.34 15.37 -25.37 9.56 14.78 -24.78 5.58 14.77 -24.77 5.81 15.37 -25.37
4 7 5.81 15.37 -25.37 5.79 15.99 -25.99 9.38 15.98 -25.98 9.34 15.37 -25.37
4 7 9.38 15.98 -25.98 5.79 15.99 -25.99 5.5 16.58 -26.58 9.66 16.56 -26.56
3 7 -.83 18.06 -28.06 .03 16.22 -26.22 -.09 15.6 -25.6
3 7 15.11 16.25 -26.25 15.97 18.06 -28.06 15.25 15.65 -25.65
4 7 4.99 17.08 -27.08 10.16 17.06 -27.06 9.66 16.56 -26.56 5.5 16.58 -26.58
3 7 .03 16.22 -26.22 -.83 18.06 -28.06 .4 16.78 -26.78
3 7 14.72 16.8 -26.8 15.97 18.06 -28.06 15.11 16.25 -26.25
4 7 10.16 17.06 -27.06 4.99 17.08 -27.08 4.29 17.46 -27.46 10.85 17.43 -27.43
3 7 .4 16.78 -26.78 -.83 18.06 -28.06 .99 17.24 -27.24
3 7 14.12 17.25 -27.25 15.97 18.06 -28.06 14.72 16.8 -26.8
4 7 3.47 17.67 -27.67 11.66 17.65 -27.65 10.85 17.43 -27.43 4.29 17.46 -27.46
3 7 .99 17.24 -27.24 -.83 18.06 -28.06 1.74 17.56 -27.56
3 7 13.37 17.55 -27.55 15.97 18.06 -28.06 14.12 17.25 -27.25
3 7 12.53 17.69 -27.69 15.97 18.06 -28.06 13.37 17.55 -27.55
4 7 11.66 17.65 -27.65 3.47 17.67 -27.67 2.59 17.7 -27.7 -.83 18.06 -28.06
3 7 1.74 17.56 -27.56 -.83 18.06 -28.06 2.59 17.7 -27.7
4 7 -.83 18.06 -28.06 15.97 18.06 -28.06 12.53 17.69 -27.69 11.66 17.65 -27.65
4 16 -1.38 12.87 -22.87 16.52 12.87 -22.87 17.12 12.55 -22.55 -1.98 12.55 -22.55
4 16 2.68 15.34 -25.34 2.88 15.2 -25.2 2.88 14.75 -24.75 2.4 14.82 -24.82
4 16 3.08 15.34 -25.34 3.35 14.82 -24.82 2.88 14.75 -24.75 2.88 15.2 -25.2
4 16 12.05 15.34 -25.34 12.26 15.2 -25.2 12.26 14.75 -24.75 11.78 14.82 -24.82
4 16 12.46 15.34 -25.34 12.73 14.82 -24.82 12.26 14.75 -24.75 12.26 15.2 -25.2
4 16 2.68 15.34 -25.34 2.4 14.82 -24.82 2 15.01 -25.01 2.48 15.48 -25.48
4 16 3.75 15.01 -25.01 3.35 14.82 -24.82 3.08 15.34 -25.34 3.28 15.48 -25.48
4 16 12.05 15.34 -25.34 11.78 14.82 -24.82 11.38 15.01 -25.01 11.86 15.48 -25.48
4 16 13.13 15.01 -25.01 12.73 14.82 -24.82 12.46 15.34 -25.34 12.66 15.48 -25.48
3 16 1.74 15.29 -25.29 2.48 15.48 -25.48 2 15.01 -25.01
3 16 4.02 15.29 -25.29 3.75 15.01 -25.01 3.28 15.48 -25.48
3 16 11.86 15.48 -25.48 11.38 15.01 -25.01 11.12 15.29 -25.29
3 16 12.66 15.48 -25.48 13.4 15.29 -25.29 13.13 15.01 -25.01
3 16 2.68 15.34 -25.34 2.48 15.48 -25.48 2.68 15.48 -25.48
3 16 3.08 15.48 -25.48 3.28 15.48 -25.48 3.08 15.34 -25.34
3 16 11.86 15.48 -25.48 12.05 15.48 -25.48 12.05 15.34 -25.34
3 16 12.46 15.48 -25.48 12.66 15.48 -25.48 12.46 15.34 -25.34
4 16 1.64 15.62 -25.62 2.28 15.62 -25.62 2.48 15.48 -25.48 1.74 15.29 -25.29
4 16 3.28 15.48 -25.48 3.48 15.62 -25.62 4.11 15.62 -25.62 4.02 15.29 -25.29
4 16 11.02 15.62 -25.62 11.66 15.62 -25.62 11.86 15.48 -25.48 11.12 15.29 -25.29
4 16 12.66 15.48 -25.48 12.86 15.62 -25.62 13.49 15.62 -25.62 13.4 15.29 -25.29
4 16 -1.38 12.87 -22.87 -1.98 12.55 -22.55 -1.98 18.7 -28.7 -1.38 18.38 -28.38
4 16 17.12 12.55 -22.55 16.52 12.87 -22.87 16.52 18.38 -28.38 17.12 18.7 -28.7
4 16 2.48 15.77 -25.77 2.28 15.62 -25.62 1.64 15.62 -25.62 1.74 15.96 -25.96
4 16 4.11 15.62 -25.62 3.48 15.62 -25.62 3.28 15.77 -25.77 4.02 15.96 -25.96
4 16 11.86 15.77 -25.77 11.66 15.62 -25.62 11.02 15.62 -25.62 11.12 15.96 -25.96
4 16 13.49 15.62 -25.62 12.86 15.62 -25.62 12.66 15.77 -25.77 13.4 15.96 -25.96
4 16 2.68 15.91 -25.91 2.68 15.77 -25.77 2.48 15.77 -25.77 2 16.24 -26.24
4 16 3.28 15.77 -25.77 3.08 15.77 -25.77 3.08 15.91 -25.91 3.75 16.24 -26.24
4 16 12.05 15.91 -25.91 12.05 15.77 -25.77 11.86 15.77 -25.77 11.38 16.24 -26.24
4 16 12.66 15.77 -25.77 12.46 15.77 -25.77 12.46 15.91 -25.91 13.13 16.24 -26.24
3 16 11.38 16.24 -26.24 11.86 15.77 -25.77 11.12 15.96 -25.96
3 16 12.66 15.77 -25.77 13.13 16.24 -26.24 13.4 15.96 -25.96
3 16 2 16.24 -26.24 2.48 15.77 -25.77 1.74 15.96 -25.96
3 16 3.28 15.77 -25.77 3.75 16.24 -26.24 4.02 15.96 -25.96
3 16 11.38 16.24 -26.24 11.78 16.43 -26.43 12.05 15.91 -25.91
3 16 12.46 15.91 -25.91 12.73 16.43 -26.43 13.13 16.24 -26.24
3 16 2.68 15.91 -25.91 2 16.24 -26.24 2.4 16.43 -26.43
3 16 3.75 16.24 -26.24 3.08 15.91 -25.91 3.35 16.43 -26.43
4 16 2.88 16.5 -26.5 2.88 16.05 -26.05 2.68 15.91 -25.91 2.4 16.43 -26.43
4 16 2.88 16.5 -26.5 3.35 16.43 -26.43 3.08 15.91 -25.91 2.88 16.05 -26.05
4 16 12.26 16.5 -26.5 12.26 16.05 -26.05 12.05 15.91 -25.91 11.78 16.43 -26.43
4 16 12.26 16.5 -26.5 12.73 16.43 -26.43 12.46 15.91 -25.91 12.26 16.05 -26.05
4 16 17.12 18.7 -28.7 16.52 18.38 -28.38 -1.38 18.38 -28.38 -1.98 18.7 -28.7
0 // Background
4 16 17.57 1.09 -11.09 20 0 -10 0 0 -10 7.57 1.09 -11.09
4 16 0 0 -10 -20 0 -10 -11.46 1.44 -11.44 -11.08 1.42 -11.42
3 16 7.57 1.09 -11.09 0 0 -10 -2.43 1.09 -11.09
4 16 -3.833 1.24388 -11.24388 -2.43 1.09 -11.09 0 0 -10 -4.708 1.24388 -11.24388
3 16 0 0 -10 -6.707 1.24388 -11.24388 -5.832 1.24388 -11.24388
3 16 0 0 -10 -5.832 1.24388 -11.24388 -4.708 1.24388 -11.24388
4 16 0 0 -10 -11.08 1.42 -11.42 -10.35 1.47 -11.47 -6.707 1.24388 -11.24388
3 16 -20 0 -10 -13.39 1.64 -11.64 -12.82 1.53 -11.53
4 16 -12.53 1.57 -11.57 -11.46 1.44 -11.44 -20 0 -10 -12.82 1.53 -11.53
3 16 -20 0 -10 -14.33 1.96 -11.96 -13.39 1.64 -11.64
3 16 -2.43 1.09 -11.09 -3.833 1.24388 -11.24388 -3.833 1.8626 -11.8626
3 16 -20 0 -10 -15.09 2.32 -12.32 -14.33 1.96 -11.96
3 16 -6.707 1.24388 -11.24388 -10.35 1.47 -11.47 -9.63 1.62 -11.62
3 16 -9.27 1.74 -11.74 -6.707 1.24388 -11.24388 -9.63 1.62 -11.62
3 16 -20 0 -10 -15.51 2.61 -12.61 -15.09 2.32 -12.32
4 16 -6.707 1.8626 -11.8626 -6.707 1.24388 -11.24388 -9.27 1.74 -11.74 -9.12 1.86 -11.86
3 16 -2.43 1.09 -11.09 -3.833 1.8626 -11.8626 -3.833 2.6574 -12.6574
3 16 -20 0 -10 -15.81 3.01 -13.01 -15.51 2.61 -12.61
4 16 -6.707 2.6574 -12.6574 -6.707 1.8626 -11.8626 -9.12 1.86 -11.86 -8.78 2.41 -12.41
3 16 -2.43 1.09 -11.09 -3.833 2.6574 -12.6574 -3.833 3.27612 -13.27612
3 16 -20 0 -10 -16.29 4.09 -14.09 -15.81 3.01 -13.01
4 16 -6.707 3.27612 -13.27612 -6.707 2.6574 -12.6574 -8.78 2.41 -12.41 -8.5 3.32 -13.32
3 16 -20 0 -10 -16.67 5.14 -15.14 -16.29 4.09 -14.09
3 16 -6.707 3.46388 -13.46388 -6.707 3.27612 -13.27612 -8.5 3.32 -13.32
4 16 -5.832 3.27612 -13.27612 -6.707 3.27612 -13.27612 -6.707 3.46388 -13.46388 -5.832 3.46388 -13.46388
4 16 -4.708 3.27612 -13.27612 -5.832 3.27612 -13.27612 -5.832 3.46388 -13.46388 -4.708 3.46388 -13.46388
4 16 -3.833 3.27612 -13.27612 -4.708 3.27612 -13.27612 -4.708 3.46388 -13.46388 -3.833 3.46388 -13.46388
4 16 -3.833 3.27612 -13.27612 -3.833 3.46388 -13.46388 -2.43 6.47 -16.47 -2.43 1.09 -11.09
4 16 -8.5 3.32 -13.32 -8.42 4.27 -14.27 -6.707 4.0826 -14.0826 -6.707 3.46388 -13.46388
3 16 -20 0 -10 -17.04 6.68 -16.68 -16.67 5.14 -15.14
4 16 -6.707 4.0826 -14.0826 -8.42 4.27 -14.27 -8.53 4.84 -14.84 -6.707 4.8774 -14.8774
3 16 -2.43 6.47 -16.47 -3.833 3.46388 -13.46388 -3.833 4.0826 -14.0826
4 16 -6.707 4.8774 -14.8774 -8.53 4.84 -14.84 -8.76 5.24 -15.24 -6.707 5.49612 -15.49612
3 16 -2.43 6.47 -16.47 -3.833 4.0826 -14.0826 -3.833 4.8774 -14.8774
4 16 -9 5.42 -15.42 -6.707 5.68388 -15.68388 -6.707 5.49612 -15.49612 -8.76 5.24 -15.24
4 16 -6.707 5.68388 -15.68388 -5.832 5.68388 -15.68388 -5.832 5.49612 -15.49612 -6.707 5.49612 -15.49612
4 16 -5.832 5.68388 -15.68388 -4.708 5.68388 -15.68388 -4.708 5.49612 -15.49612 -5.832 5.49612 -15.49612
4 16 -4.708 5.68388 -15.68388 -3.833 5.68388 -15.68388 -3.833 5.49612 -15.49612 -4.708 5.49612 -15.49612
3 16 -2.43 6.47 -16.47 -3.833 4.8774 -14.8774 -3.833 5.49612 -15.49612
4 16 -6.707 5.68388 -15.68388 -9 5.42 -15.42 -9.31 5.52 -15.52 -6.707 6.3026 -16.3026
4 16 17.57 11.84 -21.84 20 10 -20 20 0 -10 17.57 1.09 -11.09
3 16 -2.43 6.47 -16.47 -3.833 5.49612 -15.49612 -3.833 5.68388 -15.68388
4 16 -9.31 5.52 -15.52 -9.97 5.67 -15.67 -6.707 7.0974 -17.0974 -6.707 6.3026 -16.3026
3 16 -2.43 6.47 -16.47 -3.833 5.68388 -15.68388 -3.833 6.3026 -16.3026
4 16 -17.31 8.52 -18.52 -17.04 6.68 -16.68 -20 0 -10 -20 10 -20
4 16 -9.97 5.67 -15.67 -10.76 5.78 -15.78 -6.707 7.71612 -17.71612 -6.707 7.0974 -17.0974
3 16 -2.43 6.47 -16.47 -3.833 6.3026 -16.3026 -3.833 7.0974 -17.0974
3 16 -2.43 6.47 -16.47 -3.833 7.0974 -17.0974 -3.833 7.71612 -17.71612
3 16 -2.43 6.47 -16.47 -3.833 7.71612 -17.71612 -3.833 7.90388 -17.90388
4 16 -10.76 5.78 -15.78 -13.55 8.41 -18.41 -6.707 7.90388 -17.90388 -6.707 7.71612 -17.71612
3 16 -2.43 6.47 -16.47 -3.833 7.90388 -17.90388 -3.833 8.5226 -18.5226
4 16 -5.832 7.71612 -17.71612 -6.707 7.71612 -17.71612 -6.707 7.90388 -17.90388 -5.832 7.90388 -17.90388
4 16 -4.708 7.71612 -17.71612 -5.832 7.71612 -17.71612 -5.832 7.90388 -17.90388 -4.708 7.90388 -17.90388
4 16 -3.833 7.71612 -17.71612 -4.708 7.71612 -17.71612 -4.708 7.90388 -17.90388 -3.833 7.90388 -17.90388
4 16 -6.707 8.5226 -18.5226 -6.707 7.90388 -17.90388 -13.55 8.41 -18.41 -13.64 9.56 -19.56
4 16 -3.833 8.5226 -18.5226 -3.833 9.3174 -19.3174 -2.43 11.84 -21.84 -2.43 6.47 -16.47
3 16 -17.44 10.42 -20.42 -17.31 8.52 -18.52 -20 10 -20
4 16 -6.707 8.5226 -18.5226 -13.64 9.56 -19.56 -13.69 11.2 -21.2 -6.707 9.3174 -19.3174
4 16 -6.707 10.13388 -20.13388 -5.832 10.13388 -20.13388 -5.832 9.93612 -19.93612 -6.707 9.93612 -19.93612
4 16 -4.708 9.93612 -19.93612 -5.832 9.93612 -19.93612 -5.832 10.13388 -20.13388 -4.708 10.13388 -20.13388
4 16 -4.708 10.13388 -20.13388 -3.833 10.13388 -20.13388 -3.833 9.93612 -19.93612 -4.708 9.93612 -19.93612
3 16 -6.707 9.3174 -19.3174 -13.69 11.2 -21.2 -6.707 9.93612 -19.93612
3 16 -3.833 9.3174 -19.3174 -3.833 9.93612 -19.93612 -2.43 11.84 -21.84
3 16 -6.707 9.93612 -19.93612 -13.69 11.2 -21.2 -6.707 10.13388 -20.13388
3 16 -2.43 11.84 -21.84 -3.833 9.93612 -19.93612 -3.833 10.13388 -20.13388
3 16 -20 10 -20 -17.47 11.73 -21.73 -17.44 10.42 -20.42
3 16 -2.43 11.84 -21.84 -3.833 10.13388 -20.13388 -3.833 10.7526 -20.7526
4 16 -6.707 10.13388 -20.13388 -13.69 11.2 -21.2 -13.51 12.48 -22.48 -6.707 10.7526 -20.7526
3 16 -2.43 11.84 -21.84 -3.833 10.7526 -20.7526 -3.833 11.5474 -21.5474
3 16 -20 10 -20 -17.4 13.01 -23.01 -17.47 11.73 -21.73
3 16 -6.707 10.7526 -20.7526 -13.51 12.48 -22.48 -6.707 11.5474 -21.5474
3 16 -2.43 11.84 -21.84 -3.833 11.5474 -21.5474 -3.833 12.16612 -22.16612
3 16 17.57 12.27 -22.27 17.57 11.84 -21.84 7.57 11.84 -21.84
4 16 17.57 12.27 -22.27 7.57 11.84 -21.84 -2.43 11.84 -21.84 -2.43 12.27 -22.27
4 16 -2.43 11.84 -21.84 -3.833 12.16612 -22.16612 -3.833 12.35388 -22.35388 -2.43 12.27 -22.27
4 16 -5.832 12.16612 -22.16612 -6.707 12.16612 -22.16612 -6.707 12.35388 -22.35388 -5.832 12.35388 -22.35388
4 16 -5.832 12.16612 -22.16612 -5.832 12.35388 -22.35388 -4.708 12.35388 -22.35388 -4.708 12.16612 -22.16612
4 16 -3.833 12.35388 -22.35388 -3.833 12.16612 -22.16612 -4.708 12.16612 -22.16612 -4.708 12.35388 -22.35388
3 16 -20 10 -20 -17.23 14.16 -24.16 -17.4 13.01 -23.01
3 16 -2.43 12.27 -22.27 -3.833 12.35388 -22.35388 -3.833 12.9726 -22.9726
4 16 -6.707 11.5474 -21.5474 -13.51 12.48 -22.48 -10.98 14.31 -24.31 -6.707 12.16612 -22.16612
3 16 -6.707 12.16612 -22.16612 -10.98 14.31 -24.31 -6.707 12.35388 -22.35388
3 16 -2.43 12.27 -22.27 -3.833 12.9726 -22.9726 -3.833 13.7674 -23.7674
3 16 -2.43 12.27 -22.27 -3.833 13.7674 -23.7674 -3.833 14.38612 -24.38612
4 16 17.57 11.84 -21.84 17.57 12.27 -22.27 20 20 -30 20 10 -20
4 16 -6.707 12.35388 -22.35388 -10.98 14.31 -24.31 -9.9 14.48 -24.48 -6.707 12.9726 -22.9726
3 16 -3.833 14.38612 -24.38612 -3.833 14.57388 -24.57388 -2.43 12.27 -22.27
4 16 -6.707 12.9726 -22.9726 -9.9 14.48 -24.48 -9.25 14.66 -24.66 -6.707 13.7674 -23.7674
4 16 -6.707 13.7674 -23.7674 -9.25 14.66 -24.66 -8.93 14.93 -24.93 -6.707 14.38612 -24.38612
4 16 -6.707 14.57388 -24.57388 -5.832 14.57388 -24.57388 -5.832 14.38612 -24.38612 -6.707 14.38612 -24.38612
4 16 -4.708 14.38612 -24.38612 -5.832 14.38612 -24.38612 -5.832 14.57388 -24.57388 -4.708 14.57388 -24.57388
4 16 -4.708 14.57388 -24.57388 -3.833 14.57388 -24.57388 -3.833 14.38612 -24.38612 -4.708 14.38612 -24.38612
3 16 -6.707 14.38612 -24.38612 -8.93 14.93 -24.93 -6.707 14.57388 -24.57388
4 16 -20 10 -20 -20 20 -30 -17 15.23 -25.23 -17.23 14.16 -24.16
4 16 -6.707 14.57388 -24.57388 -8.93 14.93 -24.93 -8.75 15.41 -25.41 -6.707 15.1926 -25.1926
4 16 -2.43 18.98 -28.98 -2.43 12.27 -22.27 -3.833 14.57388 -24.57388 -3.833 15.1926 -25.1926
4 16 -6.707 15.1926 -25.1926 -8.75 15.41 -25.41 -8.68 16.03 -26.03 -6.707 15.9874 -25.9874
4 16 -6.707 15.9874 -25.9874 -8.68 16.03 -26.03 -8.75 16.71 -26.71 -6.707 16.60612 -26.60612
4 16 -6.707 16.79388 -26.79388 -5.832 16.79388 -26.79388 -5.832 16.60612 -26.60612 -6.707 16.60612 -26.60612
4 16 -5.832 16.79388 -26.79388 -4.708 16.79388 -26.79388 -4.708 16.60612 -26.60612 -5.832 16.60612 -26.60612
4 16 -4.708 16.79388 -26.79388 -3.833 16.79388 -26.79388 -3.833 16.60612 -26.60612 -4.708 16.60612 -26.60612
3 16 -6.707 16.60612 -26.60612 -8.75 16.71 -26.71 -6.707 16.79388 -26.79388
3 16 -2.43 18.98 -28.98 -3.833 15.1926 -25.1926 -3.833 15.9874 -25.9874
3 16 20 20 -30 17.57 12.27 -22.27 17.57 18.98 -28.98
4 16 -8.75 16.71 -26.71 -8.95 17.44 -27.44 -6.707 17.4126 -27.4126 -6.707 16.79388 -26.79388
3 16 -2.43 18.98 -28.98 -3.833 15.9874 -25.9874 -3.833 16.60612 -26.60612
3 16 -16.55 16.68 -26.68 -17 15.23 -25.23 -20 20 -30
3 16 -2.43 18.98 -28.98 -3.833 16.60612 -26.60612 -3.833 16.79388 -26.79388
3 16 -3.833 17.4126 -27.4126 -2.43 18.98 -28.98 -3.833 16.79388 -26.79388
4 16 -8.95 17.44 -27.44 -9.29 18.15 -28.15 -6.707 18.2074 -28.2074 -6.707 17.4126 -27.4126
3 16 -16.1 17.63 -27.63 -16.55 16.68 -26.68 -20 20 -30
3 16 -3.833 18.2074 -28.2074 -2.43 18.98 -28.98 -3.833 17.4126 -27.4126
4 16 -9.29 18.15 -28.15 -9.63 18.58 -28.58 -6.707 18.82612 -28.82612 -6.707 18.2074 -28.2074
3 16 -20 20 -30 -15.76 18.06 -28.06 -16.1 17.63 -27.63
3 16 -3.833 18.82612 -28.82612 -2.43 18.98 -28.98 -3.833 18.2074 -28.2074
3 16 -6.707 18.82612 -28.82612 -9.63 18.58 -28.58 -9.95 18.71 -28.71
3 16 -20 20 -30 -14.99 18.59 -28.59 -15.76 18.06 -28.06
4 16 -9.95 18.71 -28.71 -10.52 18.79 -28.79 0 20 -30 -6.707 18.82612 -28.82612
3 16 -20 20 -30 -14.39 18.77 -28.77 -14.99 18.59 -28.59
4 16 -2.43 18.98 -28.98 -3.833 18.82612 -28.82612 -4.708 18.82612 -28.82612 0 20 -30
4 16 -13.38 18.77 -28.77 -14.39 18.77 -28.77 -20 20 -30 -11.61 18.8 -28.8
3 16 0 20 -30 -5.832 18.82612 -28.82612 -6.707 18.82612 -28.82612
3 16 0 20 -30 -4.708 18.82612 -28.82612 -5.832 18.82612 -28.82612
4 16 -11.61 18.8 -28.8 -20 20 -30 0 20 -30 -10.52 18.79 -28.79
4 16 20 20 -30 17.57 18.98 -28.98 -2.43 18.98 -28.98 0 20 -30
4 16 -12.53 1.57 -11.57 -12.29 1.88 -11.88 -11.29 1.68 -11.68 -11.46 1.44 -11.44
4 16 -11.29 1.68 -11.68 -12.29 1.88 -11.88 -11.81 2.83 -12.83 -10.94 2.52 -12.52
3 16 -10.94 2.52 -12.52 -11.81 2.83 -12.83 -10.75 3.1 -13.1
4 16 -11.81 2.83 -12.83 -11.53 3.76 -13.76 -10.61 3.83 -13.83 -10.75 3.1 -13.1
4 16 -10.6 4.58 -14.58 -10.61 3.83 -13.83 -11.53 3.76 -13.76 -11.42 4.66 -14.66
4 16 -11.42 4.66 -14.66 -11.45 5.37 -15.37 -10.67 5.5 -15.5 -10.6 4.58 -14.58
4 16 -11.56 5.66 -15.66 -10.76 5.78 -15.78 -10.67 5.5 -15.5 -11.45 5.37 -15.37
3 16 -11.56 5.66 -15.66 -11.78 5.92 -15.92 -10.76 5.78 -15.78
4 16 -11.78 5.92 -15.92 -12.6 6.35 -16.35 -13 6.75 -16.75 -10.76 5.78 -15.78
4 16 -13 6.75 -16.75 -13.3 7.22 -17.22 -13.55 8.41 -18.41 -10.76 5.78 -15.78
4 16 -13.31 13.2 -23.2 -12 14.12 -24.12 -10.98 14.31 -24.31 -13.51 12.48 -22.48
4 16 -13.31 13.2 -23.2 -13.01 13.59 -23.59 -12.66 13.89 -23.89 -12 14.12 -24.12
3 16 -10.98 14.31 -24.31 -12 14.12 -24.12 -11.89 14.21 -24.21
3 16 -11.68 14.56 -24.56 -10.98 14.31 -24.31 -11.89 14.21 -24.21
4 16 -10.81 15.69 -25.69 -10.98 14.31 -24.31 -11.68 14.56 -24.56 -11.53 15.15 -25.15
3 16 -11.57 15.93 -25.93 -10.81 15.69 -25.69 -11.53 15.15 -25.15
4 16 -11.73 16.8 -26.8 -10.86 16.39 -26.39 -10.81 15.69 -25.69 -11.57 15.93 -25.93
3 16 -10.86 16.39 -26.39 -11.73 16.8 -26.8 -11.03 17.1 -27.1
4 16 -11.73 16.8 -26.8 -11.94 17.53 -27.53 -11.22 17.67 -27.67 -11.03 17.1 -27.1
4 16 -11.22 17.67 -27.67 -11.94 17.53 -27.53 -12.28 18.2 -28.2 -11.49 18.19 -28.19
4 16 -11.49 18.19 -28.19 -12.28 18.2 -28.2 -12.55 18.5 -28.5 -11.95 18.76 -28.76
3 16 -11.95 18.76 -28.76 -12.55 18.5 -28.5 -12.9 18.69 -28.69
4 16 -11.61 18.8 -28.8 -11.95 18.76 -28.76 -12.9 18.69 -28.69 -13.38 18.77 -28.77
