0 Tile  2 x  2 with Groove with HP "SLYTHERIN" House Crest Pattern
0 Name: 3068bph3.dat
0 Author: Gerald Lasser [GeraldLasser]
0 !LDRAW_ORG Part UPDATE 2022-04
0 !LICENSE Licensed under CC BY 4.0 : see CAreadme.txt

0 BFC CERTIFY CCW

0 !KEYWORDS 3068bpb1258, Set 75964

0 !HISTORY 2022-07-18 [PTadmin] Official Update 2022-04


1 16 0 0 0 1 0 0 0 1 0 0 0 1 s\3068bs01.dat

1 16 0 0 0 1 0 0 0 1 0 0 0 1 s\3068bph0s01.dat
1 80 0 0 0 1 0 0 0 1 0 0 0 1 s\3068bph0s02.dat
1 2 0 0 0 1 0 0 0 1 0 0 0 1 s\3068bph0s03.dat

4 0 -3.85 0 12.19 -3.47 0 11.42 -3.27 0 11.66 -3.52 0 12.47
4 0 -3.52 0 12.47 -3.27 0 11.66 -2.77 0 11.88 -3.16 0 12.6
4 0 -2.11 0 12.71 -3.16 0 12.6 -2.77 0 11.88 -2.26 0 11.94
4 0 -2.11 0 12.71 -2.26 0 11.94 -1.82 0 11.88 -1.28 0 12.01
3 0 -2.11 0 12.71 -1.28 0 12.01 -1.37 0 12.7
4 0 -1.2 0 12.83 -1.37 0 12.7 -1.28 0 12.01 -1.14 0 12.03
4 0 -1.2 0 12.83 -1.14 0 12.03 -.69 0 12.06 -.71 0 12.88
4 0 -.71 0 12.88 -.69 0 12.06 -.23 0 12.01 .44 0 12.05
4 0 -.01 0 12.9 -.71 0 12.88 .44 0 12.05 .63 0 12.08
4 0 .74 0 12.86 -.01 0 12.9 .63 0 12.08 1.04 0 12.09
4 0 1.39 0 12.8 .74 0 12.86 1.04 0 12.09 1.45 0 12.03
4 0 1.39 0 12.8 1.45 0 12.03 1.78 0 11.9 2.07 0 11.98
4 0 2.48 0 12.76 1.39 0 12.8 2.07 0 11.98 2.82 0 12.67
3 0 2.82 0 12.67 2.07 0 11.98 2.44 0 12
4 0 2.82 0 12.67 2.44 0 12 2.73 0 11.94 3.3 0 12.65
4 0 3.3 0 12.65 2.73 0 11.94 3.03 0 11.75 4.02 0 12.03
3 0 4.02 0 12.03 3.03 0 11.75 3.16 0 11.48
4 0 3.3 0 12.65 4.02 0 12.03 4.1 0 12.47 4.07 0 12.81
4 0 3.3 0 12.65 4.07 0 12.81 3.92 0 13.18 3.24 0 12.86
4 0 3.24 0 12.86 3.92 0 13.18 3.72 0 13.5 3.08 0 13.13
4 0 2.93 0 13.61 3.08 0 13.13 3.72 0 13.5 3.57 0 13.85
4 0 2.87 0 13.97 2.93 0 13.61 3.57 0 13.85 3.57 0 14.01
4 0 2.92 0 14.28 2.87 0 13.97 3.57 0 14.01 3.74 0 14.19
4 0 3.06 0 14.52 2.92 0 14.28 3.74 0 14.19 3.28 0 14.68
4 0 3.28 0 14.68 3.74 0 14.19 3.99 0 14.34 4.17 0 14.57
4 0 3.42 0 14.8 3.28 0 14.68 4.17 0 14.57 4.23 0 14.83
4 0 3.42 0 14.8 4.23 0 14.83 4.2 0 15 4.07 0 15.2
4 0 3.31 0 14.85 3.42 0 14.8 4.07 0 15.2 3.84 0 15.39
4 0 3.31 0 14.85 3.84 0 15.39 3.47 0 15.49 2.97 0 15.49
4 0 3.06 0 14.86 3.31 0 14.85 2.97 0 15.49 2.48 0 15.41
4 0 2.69 0 14.77 3.06 0 14.86 2.48 0 15.41 2.05 0 15.2
4 0 2.34 0 14.55 2.69 0 14.77 2.05 0 15.2 1.67 0 14.8
4 0 2.18 0 14.31 2.34 0 14.55 1.67 0 14.8 1.05 0 14.41
4 0 2.13 0 13.99 2.18 0 14.31 1.05 0 14.41 1.08 0 14.09
4 0 2.21 0 13.62 2.13 0 13.99 1.08 0 14.09 .96 0 13.74
4 0 2.4 0 13.1 2.21 0 13.62 .96 0 13.74 2.48 0 12.76
4 0 1.39 0 12.8 2.48 0 12.76 .96 0 13.74 .88 0 13.01
3 0 .96 0 13.74 .77 0 13.44 .88 0 13.01
4 0 .34 0 13.08 .88 0 13.01 .77 0 13.44 .29 0 13.45
4 0 -.25 0 13.09 .34 0 13.08 .29 0 13.45 -.05 0 13.61
4 0 -.25 0 13.09 -.05 0 13.61 -.78 0 13.9 -.79 0 13.07
4 0 -.79 0 13.07 -.78 0 13.9 -1.17 0 13.65 -1.21 0 13.03
4 0 -1.21 0 13.03 -1.17 0 13.65 -1.48 0 13.56 -1.42 0 12.94
4 0 -1.83 0 12.88 -1.42 0 12.94 -1.48 0 13.56 -2.3 0 13.47
4 0 -2.11 0 12.71 -1.83 0 12.88 -2.3 0 13.47 -2.77 0 13.17
4 0 -2.11 0 12.71 -2.77 0 13.17 -3.04 0 12.88 -3.16 0 12.6
4 0 -.63 0 14.14 -.78 0 13.9 -.05 0 13.61 .16 0 13.83
4 0 -.63 0 14.14 .16 0 13.83 .29 0 14.08 -.32 0 14.26
4 0 -.05 0 14.51 -.32 0 14.26 .29 0 14.08 .29 0 14.38
4 0 -.05 0 14.51 .29 0 14.38 .24 0 14.54 .1 0 14.61
3 0 .19 0 14.61 .1 0 14.61 .24 0 14.54
4 0 .89 0 14.73 1.05 0 14.41 1.67 0 14.8 1.3 0 15.15
4 0 .56 0 15.05 .89 0 14.73 1.3 0 15.15 .89 0 15.55
4 0 .13 0 15.34 .56 0 15.05 .89 0 15.55 .35 0 15.85
4 0 -.38 0 15.52 .13 0 15.34 .35 0 15.85 -.2 0 16.05
4 0 -1.02 0 15.65 -.38 0 15.52 -.2 0 16.05 -.91 0 16.19
4 0 -1.52 0 15.68 -1.02 0 15.65 -.91 0 16.19 -1.53 0 16.22
4 0 -1.52 0 15.68 -1.53 0 16.22 -2.14 0 16.14 -2.09 0 15.61
4 0 -2.38 0 15.47 -2.09 0 15.61 -2.14 0 16.14 -2.59 0 15.97
4 0 -2.38 0 15.47 -2.59 0 15.97 -3.02 0 15.66 -2.54 0 15.3
4 0 -2.54 0 15.3 -3.02 0 15.66 -3.15 0 15.36 -2.59 0 15.14
4 0 -2.59 0 15.14 -3.15 0 15.36 -3.17 0 15.13 -3.11 0 14.87
4 0 -2.59 0 15.14 -3.11 0 14.87 -2.89 0 14.65 -2.5 0 15.03
4 0 -2.5 0 15.03 -2.89 0 14.65 -2.48 0 14.54 -2.21 0 14.99
4 0 -2.21 0 14.99 -2.48 0 14.54 -1.92 0 14.5 -1.75 0 15.02
4 0 -1.75 0 15.02 -1.92 0 14.5 -1.16 0 14.4 -.83 0 14.72
4 0 -1.36 0 15.12 -1.75 0 15.02 -.83 0 14.72 -.98 0 15.06
3 0 -.98 0 15.06 -.83 0 14.72 -.67 0 15.05
4 0 -1.92 0 14.5 -2.29 0 14.38 -2.13 0 13.98 -1.16 0 14.4
4 0 -1.29 0 13.94 -1.16 0 14.4 -2.13 0 13.98 -1.48 0 13.56
4 0 -1.48 0 13.56 -2.13 0 13.98 -2.25 0 13.75 -2.3 0 13.47
4 0 -2.43 0 13.97 -2.13 0 13.98 -2.29 0 14.38 -2.58 0 14.23
4 0 -2.43 0 13.97 -2.58 0 14.23 -2.75 0 14.12 -2.58 0 13.78
4 0 -2.58 0 13.78 -2.75 0 14.12 -2.94 0 13.8 -2.75 0 13.56
4 0 -2.92 0 13.44 -2.75 0 13.56 -2.94 0 13.8 -3.08 0 13.63
4 0 -2.92 0 13.44 -3.08 0 13.63 -3.11 0 13.54 -3.08 0 13.45
4 0 -2.94 0 13.8 -2.75 0 14.12 -3.03 0 14.14 -3.16 0 13.8
4 0 -3.16 0 13.8 -3.03 0 14.14 -3.23 0 14.09 -3.38 0 13.99
4 0 -3.38 0 13.82 -3.16 0 13.8 -3.38 0 13.99 -3.47 0 13.86
4 80 -1.29 0 13.94 -1.48 0 13.56 -1.17 0 13.65 -.78 0 13.9
4 80 -1.16 0 14.4 -1.29 0 13.94 -.78 0 13.9 -.63 0 14.14
4 80 -.83 0 14.72 -1.16 0 14.4 -.63 0 14.14 -.32 0 14.26
4 80 -.83 0 14.72 -.32 0 14.26 -.05 0 14.51 -.67 0 15.05
4 80 -.67 0 15.05 -.05 0 14.51 .1 0 14.61 -.38 0 15.52
4 80 .13 0 15.34 -.38 0 15.52 .1 0 14.61 .19 0 14.61
4 80 .56 0 15.05 .13 0 15.34 .19 0 14.61 .24 0 14.54
4 80 .89 0 14.73 .56 0 15.05 .24 0 14.54 1.05 0 14.41
4 80 1.05 0 14.41 .24 0 14.54 .29 0 14.38 1.08 0 14.09
4 80 1.08 0 14.09 .29 0 14.38 .29 0 14.08 .96 0 13.74
4 80 .96 0 13.74 .29 0 14.08 .16 0 13.83 .77 0 13.44
4 80 .16 0 13.83 -.05 0 13.61 .29 0 13.45 .77 0 13.44
4 80 -1.83 0 12.88 -2.11 0 12.71 -1.37 0 12.7 -1.42 0 12.94
4 80 -1.42 0 12.94 -1.37 0 12.7 -1.2 0 12.83 -1.21 0 13.03
4 80 -1.21 0 13.03 -1.2 0 12.83 -.71 0 12.88 -.79 0 13.07
4 80 -.25 0 13.09 -.79 0 13.07 -.71 0 12.88 -.01 0 12.9
4 80 .34 0 13.08 -.25 0 13.09 -.01 0 12.9 .74 0 12.86
4 80 .88 0 13.01 .34 0 13.08 .74 0 12.86 1.39 0 12.8
4 80 3.24 0 12.86 3.08 0 13.13 2.82 0 12.67 3.3 0 12.65
4 80 2.4 0 13.1 2.48 0 12.76 2.82 0 12.67 3.08 0 13.13
4 80 2.93 0 13.61 2.21 0 13.62 2.4 0 13.1 3.08 0 13.13
4 80 2.87 0 13.97 2.13 0 13.99 2.21 0 13.62 2.93 0 13.61
4 80 2.18 0 14.31 2.13 0 13.99 2.87 0 13.97 2.92 0 14.28
4 80 3.31 0 14.85 3.06 0 14.86 3.28 0 14.68 3.42 0 14.8
4 80 3.06 0 14.86 2.69 0 14.77 3.06 0 14.52 3.28 0 14.68
4 80 2.34 0 14.55 2.18 0 14.31 2.92 0 14.28 3.06 0 14.52
3 80 2.69 0 14.77 2.34 0 14.55 3.06 0 14.52
4 80 -2.59 0 15.14 -2.5 0 15.03 -2.21 0 14.99 -2.54 0 15.3
4 80 -2.38 0 15.47 -2.54 0 15.3 -2.21 0 14.99 -2.09 0 15.61
4 80 -2.09 0 15.61 -2.21 0 14.99 -1.75 0 15.02 -1.52 0 15.68
4 80 -1.52 0 15.68 -1.75 0 15.02 -1.36 0 15.12 -1.02 0 15.65
4 80 -1.02 0 15.65 -1.36 0 15.12 -.98 0 15.06 -.67 0 15.05
3 80 -1.02 0 15.65 -.67 0 15.05 -.38 0 15.52
3 16 -4.11 0 12.49 -3.85 0 12.19 -3.52 0 12.47
4 16 -4.64 0 12.94 -4.11 0 12.49 -3.52 0 12.47 -3.04 0 12.88
3 16 -3.04 0 12.88 -3.52 0 12.47 -3.16 0 12.6
4 16 -2.43 0 13.97 -2.58 0 13.78 -2.25 0 13.75 -2.13 0 13.98
4 16 -2.58 0 13.78 -2.75 0 13.56 -2.3 0 13.47 -2.25 0 13.75
4 16 -2.75 0 13.56 -2.92 0 13.44 -2.77 0 13.17 -2.3 0 13.47
4 16 -3.08 0 13.45 -3.04 0 12.88 -2.77 0 13.17 -2.92 0 13.44
4 16 -3.08 0 13.45 -3.11 0 13.54 -4.64 0 12.94 -3.04 0 12.88
3 16 -2.94 0 13.8 -3.16 0 13.8 -3.08 0 13.63
4 16 -3.08 0 13.63 -3.16 0 13.8 -3.38 0 13.82 -3.11 0 13.54
4 16 -4.64 0 12.94 -3.11 0 13.54 -3.38 0 13.82 -3.47 0 13.86
4 16 -5.31 0 13.26 -4.64 0 12.94 -3.47 0 13.86 -3.38 0 13.99
3 16 -2.48 0 14.54 -2.29 0 14.38 -1.92 0 14.5
4 16 -2.58 0 14.23 -2.29 0 14.38 -2.48 0 14.54 -2.89 0 14.65
4 16 -2.75 0 14.12 -2.58 0 14.23 -2.89 0 14.65 -3.03 0 14.14
4 16 -3.23 0 14.09 -3.03 0 14.14 -2.89 0 14.65 -3.11 0 14.87
4 16 -3.17 0 15.13 -3.38 0 13.99 -3.23 0 14.09 -3.11 0 14.87
4 16 -6.11 0 13.48 -5.31 0 13.26 -3.38 0 13.99 -3.17 0 15.13
4 16 -6.11 0 13.48 -3.17 0 15.13 -3.15 0 15.36 -8.63 0 14.22
4 16 -8.63 0 14.22 -3.15 0 15.36 -3.02 0 15.66 -20 0 20
3 16 -20 0 20 -3.02 0 15.66 -2.59 0 15.97
3 16 -20 0 20 -2.59 0 15.97 -2.14 0 16.14
3 16 -20 0 20 -2.14 0 16.14 -1.53 0 16.22
4 16 -20 0 20 -1.53 0 16.22 -.91 0 16.19 20 0 20
3 16 4.1 0 12.47 4.02 0 12.03 4.35 0 12.43
4 16 4.07 0 12.81 4.1 0 12.47 4.35 0 12.43 4.82 0 12.88
4 16 3.92 0 13.18 4.07 0 12.81 4.82 0 12.88 5.48 0 13.27
4 16 3.72 0 13.5 3.92 0 13.18 5.48 0 13.27 6.22 0 13.42
4 16 3.72 0 13.5 6.22 0 13.42 3.99 0 14.34 3.57 0 13.85
4 16 3.74 0 14.19 3.57 0 14.01 3.57 0 13.85 3.99 0 14.34
4 16 4.17 0 14.57 3.99 0 14.34 6.22 0 13.42 8.67 0 14.12
3 16 4.23 0 14.83 4.17 0 14.57 8.67 0 14.12
4 16 4.2 0 15 4.23 0 14.83 8.67 0 14.12 9.2 0 14.26
3 16 4.07 0 15.2 4.2 0 15 9.2 0 14.26
4 16 3.84 0 15.39 4.07 0 15.2 9.2 0 14.26 20 0 20
3 16 20 0 20 3.47 0 15.49 3.84 0 15.39
4 16 2.97 0 15.49 3.47 0 15.49 20 0 20 .35 0 15.85
3 16 20 0 20 -.2 0 16.05 .35 0 15.85
3 16 20 0 20 -.91 0 16.19 -.2 0 16.05
3 16 2.05 0 15.2 1.3 0 15.15 1.67 0 14.8
4 16 1.3 0 15.15 2.05 0 15.2 2.48 0 15.41 .89 0 15.55
4 16 .35 0 15.85 .89 0 15.55 2.48 0 15.41 2.97 0 15.49
4 0 -8.64 0 3.99 -8.67 0 3.45 -7.58 0 2.22 -7.61 0 5.2
3 0 -8.67 0 3.45 -8.8 0 1.16 -7.58 0 2.22
4 0 -7.58 0 2.22 -8.8 0 1.16 -8.86 0 .55 -8.79 0 -.02
3 0 -7.58 0 2.22 -8.79 0 -.02 -7.49 0 -.03
3 0 -8.79 0 -.02 -7.28 0 -2.47 -7.49 0 -.03
4 0 -6.89 0 -4.83 -7.28 0 -2.47 -8.79 0 -.02 -6.7 0 -7.66
4 0 -6.66 0 -5.39 -6.89 0 -4.83 -6.7 0 -7.66 -6.25 0 -7.71
3 0 -6.66 0 -5.39 -6.25 0 -7.71 -6.23 0 -5.92
4 0 -5.31 0 -6.92 -6.23 0 -5.92 -6.25 0 -7.71 -5.87 0 -7.82
4 0 -2.96 0 -8.82 -5.31 0 -6.92 -5.42 0 -8.24 0 0 -11.85
3 0 -2.96 0 -8.82 0 0 -11.85 -1.14 0 -10.16
3 0 -1.14 0 -10.16 0 0 -11.85 0 0 -10.72
4 0 -5.79 0 6.08 -5.86 0 6.6 -6.74 0 5.43 -6.31 0 5.32
4 0 -5.5 0 5.64 -5.79 0 6.08 -6.31 0 5.32 -5.9 0 5.11
4 0 -5 0 5.47 -5.5 0 5.64 -5.9 0 5.11 -5.04 0 4.63
4 0 -5.37 0 4.51 -5.04 0 4.63 -5.9 0 5.11 -6.18 0 4.76
4 0 -5.47 0 4.32 -5.37 0 4.51 -6.18 0 4.76 -6.32 0 4.41
4 0 -5.47 0 4.32 -6.32 0 4.41 -6.32 0 4.13 -6.1 0 3.83
4 0 -5.26 0 4.19 -5.47 0 4.32 -6.1 0 3.83 -5.79 0 3.66
4 0 -4.77 0 4.11 -5.26 0 4.19 -5.79 0 3.66 -4.48 0 3.35
4 0 -4.48 0 3.35 -5.79 0 3.66 -5.6 0 3.16 -4.83 0 2.78
4 0 -4.83 0 2.78 -5.6 0 3.16 -5.31 0 2.65 -4.97 0 2.57
3 0 -5.31 0 2.65 -5.12 0 2.5 -4.97 0 2.57
4 0 -4.77 0 4.11 -4.48 0 3.35 -4.26 0 3.42 -4.04 0 4.11
4 0 -4.04 0 4.11 -4.26 0 3.42 -4.04 0 3.38 -3.39 0 4.18
4 0 -3.39 0 4.18 -4.04 0 3.38 -3.83 0 3.17 -2.38 0 3.03
4 0 -3.29 0 4.27 -3.39 0 4.18 -2.38 0 3.03 -2.87 0 4.29
4 0 -2.42 0 4.23 -2.87 0 4.29 -2.38 0 3.03 -2.07 0 4.15
4 0 -2.07 0 4.15 -2.38 0 3.03 -1.91 0 3.57 -1.7 0 3.83
4 0 -2.07 0 4.15 -1.7 0 3.83 -1.67 0 3.93 -1.82 0 4.04
4 0 -2.38 0 3.03 -3.83 0 3.17 -3.71 0 2.87 -2.68 0 2.57
4 0 -2.68 0 2.57 -3.71 0 2.87 -3.74 0 2.72 -3.11 0 1.72
4 0 -3.11 0 1.72 -3.74 0 2.72 -3.87 0 1.97 -3.41 0 1.19
4 0 -4.07 0 1.98 -3.87 0 1.97 -3.74 0 2.72 -4 0 2.53
4 0 -4.07 0 1.98 -4 0 2.53 -4.58 0 2.26 -4.51 0 1.78
4 0 -4.95 0 1.55 -4.51 0 1.78 -4.58 0 2.26 -5.24 0 2.07
4 0 -5.78 0 1.43 -4.95 0 1.55 -5.24 0 2.07 -5.77 0 1.53
4 0 -5.77 0 1.53 -5.24 0 2.07 -5.72 0 2 -6.05 0 1.57
4 0 -6.05 0 1.57 -5.72 0 2 -6.17 0 2.01 -6.45 0 1.96
4 0 -6.46 0 1.56 -6.05 0 1.57 -6.45 0 1.96 -6.69 0 1.83
4 0 -6.46 0 1.56 -6.69 0 1.83 -6.82 0 1.67 -6.84 0 1.55
4 0 -5.78 0 1.43 -5.92 0 1.28 -5.27 0 1.27 -4.95 0 1.55
4 0 -5.53 0 1 -5.27 0 1.27 -5.92 0 1.28 -6.05 0 1.07
4 0 -5.76 0 .8 -5.53 0 1 -6.05 0 1.07 -5.9 0 .75
4 0 -6.03 0 .79 -5.9 0 .75 -6.05 0 1.07 -6.07 0 .9
4 0 -3.41 0 1.19 -3.87 0 1.97 -4.03 0 1.65 -3.65 0 .86
4 0 -3.65 0 .86 -4.03 0 1.65 -4.44 0 1.07 -4.53 0 .82
4 0 -3.65 0 .86 -4.53 0 .82 -4.53 0 .55 -3.67 0 .73
4 0 -3.67 0 .73 -4.53 0 .55 -4.37 0 .3 -4.12 0 .12
4 0 -3.6 0 .62 -3.67 0 .73 -4.12 0 .12 -3.75 0 -.01
4 0 -3.6 0 .62 -3.75 0 -.01 -3.4 0 -.02 -3.44 0 .65
4 0 -3.44 0 .65 -3.4 0 -.02 -2.99 0 .15 -3.14 0 .92
4 0 -3.14 0 .92 -2.99 0 .15 -2.72 0 .19 -2.48 0 1.36
4 0 -2.48 0 1.36 -2.72 0 .19 -.73 0 .79 -2.09 0 1.71
4 0 -2.09 0 1.71 -.73 0 .79 -.17 0 1.29 -1.56 0 1.99
4 0 -1.56 0 1.99 -.17 0 1.29 .09 0 1.76 -1.25 0 2.3
4 0 -.73 0 2.7 -1.25 0 2.3 .09 0 1.76 .2 0 2.13
4 0 -.73 0 2.7 .2 0 2.13 .19 0 2.45 -.05 0 2.72
3 0 -.42 0 2.83 -.73 0 2.7 -.05 0 2.72
4 0 -.42 0 2.83 -.05 0 2.72 -.1 0 2.99 -.2 0 3.18
3 0 -.02 0 3.19 -.2 0 3.18 -.1 0 2.99
4 0 -.73 0 .79 -2.72 0 .19 -2.76 0 .07 -1.42 0 .2
4 0 -2.21 0 -.42 -1.42 0 .2 -2.76 0 .07 -3.51 0 -.52
4 0 -3.01 0 -1.13 -2.21 0 -.42 -3.51 0 -.52 -4.47 0 -1.45
4 0 -3.86 0 -2 -3.01 0 -1.13 -4.47 0 -1.45 -5.14 0 -2.32
4 0 -4.5 0 -2.75 -3.86 0 -2 -5.14 0 -2.32 -5.48 0 -3.1
4 0 -4.76 0 -3.36 -4.5 0 -2.75 -5.48 0 -3.1 -5.69 0 -4.02
4 0 -4.95 0 -4.3 -4.76 0 -3.36 -5.69 0 -4.02 -5.75 0 -5.04
4 0 -4.98 0 -5.21 -4.95 0 -4.3 -5.75 0 -5.04 -5.68 0 -5.9
4 0 -4.82 0 -5.9 -4.98 0 -5.21 -5.68 0 -5.9 -5.49 0 -6.48
4 0 -4.47 0 -6.59 -4.82 0 -5.9 -5.49 0 -6.48 -5.31 0 -6.92
3 0 -4.47 0 -6.59 -5.31 0 -6.92 -3.98 0 -7.21
4 0 -3.3 0 -7.68 -3.98 0 -7.21 -5.31 0 -6.92 -2.96 0 -8.82
4 0 -3.3 0 -7.68 -2.96 0 -8.82 -2.36 0 -9 -2.35 0 -8.24
4 0 -2.35 0 -8.24 -2.36 0 -9 -1.34 0 -9.29 -1.36 0 -8.6
4 0 -1.36 0 -8.6 -1.34 0 -9.29 -.54 0 -9.43 -.19 0 -8.76
4 0 -.19 0 -8.76 -.54 0 -9.43 .18 0 -9.47 .93 0 -8.73
4 0 .93 0 -8.73 .18 0 -9.47 1.06 0 -9.4 2.08 0 -9.2
4 0 1.81 0 -8.54 .93 0 -8.73 2.08 0 -9.2 2.94 0 -8.87
3 0 2.82 0 -8.15 1.81 0 -8.54 2.94 0 -8.87
4 0 3.52 0 -7.7 2.82 0 -8.15 2.94 0 -8.87 4.77 0 -7.47
4 0 4.07 0 -7.15 3.52 0 -7.7 4.77 0 -7.47 5.04 0 -6.87
4 0 4.56 0 -6.32 4.07 0 -7.15 5.04 0 -6.87 5.31 0 -6.13
4 0 4.87 0 -5.47 4.56 0 -6.32 5.31 0 -6.13 5.58 0 -5.29
4 0 5.02 0 -4.59 4.87 0 -5.47 5.58 0 -5.29 5.69 0 -4.51
4 0 5.02 0 -4.59 5.69 0 -4.51 5.71 0 -3.62 4.99 0 -4.37
4 0 4.99 0 -4.37 5.71 0 -3.62 5.03 0 -3.29 4.4 0 -3.84
4 0 5.03 0 -3.29 5.71 0 -3.62 6.19 0 -3.14 5.59 0 -2.71
4 0 5.59 0 -2.71 6.19 0 -3.14 6.64 0 -2.45 6 0 -2.07
4 0 6 0 -2.07 6.64 0 -2.45 6.85 0 -1.66 6.15 0 -1.62
4 0 6.15 0 -1.62 6.85 0 -1.66 6.85 0 -1.29 6.18 0 -1.28
4 0 6.18 0 -1.28 6.85 0 -1.29 6.8 0 -.93 6.12 0 -.95
4 0 6.12 0 -.95 6.8 0 -.93 6.64 0 -.43 5.91 0 -.42
4 0 5.91 0 -.42 6.64 0 -.43 6.29 0 .41 5.44 0 .58
4 0 5.44 0 .58 6.29 0 .41 5.93 0 1.28 5.2 0 1.28
4 0 5.14 0 1.74 5.2 0 1.28 5.93 0 1.28 5.83 0 1.72
4 0 5.13 0 2.07 5.14 0 1.74 5.83 0 1.72 5.83 0 1.98
4 0 5.23 0 2.36 5.13 0 2.07 5.83 0 1.98 5.91 0 2.15
4 0 5.44 0 2.68 5.23 0 2.36 5.91 0 2.15 6.31 0 2.5
4 0 5.82 0 3.04 5.44 0 2.68 6.31 0 2.5 6.81 0 2.84
4 0 6.24 0 3.32 5.82 0 3.04 6.81 0 2.84 7.04 0 3.16
4 0 6.24 0 3.32 7.04 0 3.16 7.15 0 3.52 6.31 0 3.45
4 0 6.31 0 3.45 7.15 0 3.52 7.07 0 3.84 6.28 0 3.54
4 0 6.28 0 3.54 7.07 0 3.84 6.85 0 4.06 6.49 0 4.22
4 0 6.16 0 3.56 6.28 0 3.54 6.49 0 4.22 6.05 0 4.28
4 0 6.16 0 3.56 6.05 0 4.28 5.58 0 4.19 5.72 0 3.47
4 0 5.72 0 3.47 5.58 0 4.19 4.86 0 3.92 5.11 0 3.21
4 0 5.11 0 3.21 4.86 0 3.92 4.1 0 3.39 4.51 0 2.69
4 0 4.51 0 2.69 4.1 0 3.39 3.63 0 2.84 4.24 0 2.26
4 0 4.24 0 2.26 3.63 0 2.84 3.43 0 2.41 3.4 0 2.06
4 0 4.19 0 1.98 4.24 0 2.26 3.4 0 2.06 3.44 0 1.65
4 0 4.24 0 1.66 4.19 0 1.98 3.44 0 1.65 3.7 0 .8
4 0 4.5 0 1.01 4.24 0 1.66 3.7 0 .8 3.97 0 .11
4 0 4.83 0 .24 4.5 0 1.01 3.97 0 .11 4.25 0 -.45
4 0 5.02 0 -.38 4.83 0 .24 4.25 0 -.45 5.09 0 -.94
4 0 5.09 0 -.94 4.25 0 -.45 4.21 0 -.56 5.06 0 -1.44
4 0 5.06 0 -1.44 4.21 0 -.56 4.06 0 -1.61 4.92 0 -1.83
4 0 4.61 0 -2.21 4.92 0 -1.83 4.06 0 -1.61 3.71 0 -2.06
4 0 4.09 0 -2.76 4.61 0 -2.21 3.71 0 -2.06 3.42 0 -2.27
4 0 3.52 0 -3.08 4.09 0 -2.76 3.42 0 -2.27 3.25 0 -2.31
4 0 2.69 0 -3.39 3.52 0 -3.08 3.25 0 -2.31 3.08 0 -2.17
4 0 2 0 -3.56 2.69 0 -3.39 3.08 0 -2.17 2.75 0 -1.98
4 0 2 0 -3.56 2.75 0 -1.98 2.29 0 -1.88 1.75 0 -1.89
4 0 2 0 -3.56 1.75 0 -1.89 1.37 0 -2 .97 0 -2.34
4 0 1.47 0 -3.56 2 0 -3.56 .97 0 -2.34 1.11 0 -3.41
4 0 .88 0 -3.09 1.11 0 -3.41 .97 0 -2.34 .82 0 -2.71
4 0 -5 0 5.47 -5.04 0 4.63 -4.35 0 4.75 -4.71 0 5.58
4 0 -4.62 0 5.74 -4.71 0 5.58 -4.35 0 4.75 -3.62 0 4.94
4 0 -2.75 0 5.99 -4.62 0 5.74 -3.62 0 4.94 -3.07 0 4.98
4 0 -2.12 0 6.03 -2.75 0 5.99 -3.07 0 4.98 -2.37 0 4.93
4 0 -1.65 0 6.01 -2.12 0 6.03 -2.37 0 4.93 -1.4 0 4.74
4 0 -.46 0 5.22 -1.65 0 6.01 -1.4 0 4.74 -.48 0 4.45
4 0 .02 0 5.01 -.46 0 5.22 -.48 0 4.45 .36 0 4.01
4 0 .77 0 4.6 .02 0 5.01 .36 0 4.01 1.1 0 3.43
4 0 1.56 0 3.99 .77 0 4.6 1.1 0 3.43 2.13 0 3.3
4 0 2.13 0 3.3 1.1 0 3.43 1.55 0 2.81 2.4 0 2.62
4 0 2.4 0 2.62 1.55 0 2.81 1.69 0 2.37 2.43 0 2.01
4 0 2.43 0 2.01 1.69 0 2.37 1.7 0 1.9 2.32 0 1.34
4 0 2.32 0 1.34 1.7 0 1.9 1.59 0 1.51 2.12 0 .81
4 0 2.12 0 .81 1.59 0 1.51 1.31 0 1.05 1.76 0 .32
4 0 1.76 0 .32 1.31 0 1.05 .71 0 .45 1.32 0 0
4 0 1.32 0 0 .71 0 .45 -.06 0 -.13 .94 0 -.81
4 0 .94 0 -.81 -.06 0 -.13 -.81 0 -.72 .35 0 -1.03
4 0 -.11 0 -1.45 .35 0 -1.03 -.81 0 -.72 -1.47 0 -1.37
4 0 1.32 0 0 .94 0 -.81 1.75 0 -.71 2.05 0 .03
4 0 2.05 0 .03 1.75 0 -.71 2.55 0 -.74 2.75 0 -.04
4 0 3.46 0 -.23 2.75 0 -.04 2.55 0 -.74 3.3 0 -.98
4 0 4.21 0 -.56 3.46 0 -.23 3.3 0 -.98 3.79 0 -1.31
3 0 4.21 0 -.56 3.79 0 -1.31 4.06 0 -1.61
4 0 -.48 0 -2.13 -.11 0 -1.45 -1.47 0 -1.37 -1.31 0 -2.36
4 0 -.61 0 -2.81 -.48 0 -2.13 -1.31 0 -2.36 -1.39 0 -2.73
4 0 -.61 0 -2.81 -1.39 0 -2.73 -1.38 0 -3.3 -.57 0 -3.4
4 0 -.57 0 -3.4 -1.38 0 -3.3 -1.22 0 -3.87 -.8 0 -4.4
3 0 -.57 0 -3.4 -.8 0 -4.4 -.36 0 -3.76
4 0 .22 0 -4.21 -.36 0 -3.76 -.8 0 -4.4 -.28 0 -4.86
4 0 .22 0 -4.21 -.28 0 -4.86 .48 0 -5.19 .95 0 -4.6
4 0 .95 0 -4.6 .48 0 -5.19 1.35 0 -5.49 1.69 0 -4.8
4 0 1.69 0 -4.8 1.35 0 -5.49 2.27 0 -5.54 2.38 0 -4.8
4 0 2.38 0 -4.8 2.27 0 -5.54 2.53 0 -5.54 3.12 0 -4.6
4 0 3.12 0 -4.6 2.53 0 -5.54 3.41 0 -5.32 3.53 0 -5.2
4 0 3.71 0 -5.12 3.71 0 -4.3 3.12 0 -4.6 3.53 0 -5.2
4 0 3.71 0 -4.3 3.71 0 -5.12 4.38 0 -4.78 4.4 0 -3.84
3 0 4.4 0 -3.84 4.38 0 -4.78 4.99 0 -4.37
4 0 2.53 0 -5.54 2.29 0 -5.88 3.07 0 -6.18 3.33 0 -5.7
3 0 3.41 0 -5.32 2.53 0 -5.54 3.33 0 -5.7
4 0 2.56 0 -6.77 3.07 0 -6.18 2.29 0 -5.88 1.91 0 -6.25
4 0 1.89 0 -7.15 2.56 0 -6.77 1.91 0 -6.25 1.21 0 -6.56
4 0 1.14 0 -7.34 1.89 0 -7.15 1.21 0 -6.56 .5 0 -7.37
4 0 .5 0 -7.37 1.21 0 -6.56 .33 0 -6.61 -.41 0 -7.27
4 0 -.41 0 -7.27 .33 0 -6.61 -.39 0 -6.53 -1.25 0 -7.02
4 0 -1.25 0 -7.02 -.39 0 -6.53 -1.17 0 -6.19 -2 0 -6.57
4 0 -2 0 -6.57 -1.17 0 -6.19 -1.87 0 -5.6 -2.56 0 -5.94
4 0 -2.89 0 -5.18 -2.56 0 -5.94 -1.87 0 -5.6 -2.21 0 -4.95
4 0 -3.01 0 -4.39 -2.89 0 -5.18 -2.21 0 -4.95 -2.3 0 -4.34
4 0 -2.98 0 -3.57 -3.01 0 -4.39 -2.3 0 -4.34 -2.21 0 -3.65
4 0 -2.78 0 -3.06 -2.98 0 -3.57 -2.21 0 -3.65 -1.91 0 -3.06
4 0 -2.4 0 -2.41 -2.78 0 -3.06 -1.91 0 -3.06 -1.54 0 -2.54
4 0 -1.94 0 -1.8 -2.4 0 -2.41 -1.54 0 -2.54 -1.31 0 -2.36
3 0 -1.47 0 -1.37 -1.94 0 -1.8 -1.31 0 -2.36
3 0 -.63 0 6.02 -1.65 0 6.01 -.46 0 5.22
4 0 .39 0 6.08 -.63 0 6.02 -.46 0 5.22 .17 0 5.25
4 0 .39 0 6.08 .17 0 5.25 .73 0 5.35 1.36 0 6.32
4 0 1.36 0 6.32 .73 0 5.35 1.84 0 5.41 2.42 0 5.79
4 0 2.75 0 7.02 1.36 0 6.32 2.42 0 5.79 2.94 0 5.95
4 0 3.28 0 6.76 2.75 0 7.02 2.94 0 5.95 3.56 0 5.92
4 0 3.92 0 6.51 3.28 0 6.76 3.56 0 5.92 4.16 0 5.75
4 0 4.57 0 6.34 3.92 0 6.51 4.16 0 5.75 5.09 0 5.72
4 0 4.98 0 6.22 5.09 0 5.72 5.19 0 5.84 5.17 0 6.03
3 0 4.57 0 6.34 5.09 0 5.72 4.98 0 6.22
4 0 5.09 0 5.72 4.16 0 5.75 4.48 0 5.58 5.05 0 5.56
4 0 5.07 0 5.39 5.05 0 5.56 4.48 0 5.58 4.49 0 5.39
4 0 5.07 0 5.39 4.49 0 5.39 4.54 0 5.12 4.75 0 4.83
4 0 5.22 0 5.3 5.07 0 5.39 4.75 0 4.83 5.11 0 4.6
4 0 5.22 0 5.3 5.11 0 4.6 5.43 0 4.57 5.41 0 5.3
4 0 5.67 0 5.36 5.41 0 5.3 5.43 0 4.57 5.81 0 4.61
4 0 5.67 0 5.36 5.81 0 4.61 6.28 0 4.81 5.94 0 5.52
4 0 5.94 0 5.52 6.28 0 4.81 6.65 0 5.15 6.85 0 5.45
3 0 6.16 0 5.7 5.94 0 5.52 6.85 0 5.45
4 0 7.73 0 3.46 8.39 0 3.84 8.33 0 4.1 7.7 0 5.27
4 0 8.53 0 3.68 8.39 0 3.84 7.73 0 3.46 7.62 0 -.15
3 0 8.53 0 3.68 7.62 0 -.15 8.72 0 .41
4 0 8.82 0 -.06 8.72 0 .41 7.62 0 -.15 7.37 0 -2.97
4 0 9.64 0 -2.77 8.82 0 -.06 7.37 0 -2.97 6.9 0 -5.06
4 0 6.7 0 -7.66 9.64 0 -2.77 6.9 0 -5.06 6.65 0 -5.59
4 0 4.77 0 -7.47 5.63 0 -7.99 5.87 0 -7.82 6.07 0 -6.14
3 0 6.07 0 -6.14 5.87 0 -7.82 6.25 0 -7.71
4 0 6.07 0 -6.14 6.25 0 -7.71 6.7 0 -7.66 6.65 0 -5.59
3 0 1.07 0 -10.22 0 0 -10.72 0 0 -11.85
4 0 2.42 0 -9.38 1.07 0 -10.22 0 0 -11.85 5.24 0 -8.82
4 0 2.94 0 -8.87 2.42 0 -9.38 5.24 0 -8.82 5.29 0 -8.48
4 0 2.94 0 -8.87 5.29 0 -8.48 5.42 0 -8.24 4.77 0 -7.47
3 0 4.77 0 -7.47 5.42 0 -8.24 5.63 0 -7.99
3 2 1.76 0 .32 1.32 0 0 2.05 0 .03
4 2 2.12 0 .81 1.76 0 .32 2.05 0 .03 2.75 0 -.04
4 2 3.7 0 .8 2.12 0 .81 2.75 0 -.04 3.46 0 -.23
3 2 3.7 0 .8 3.46 0 -.23 3.97 0 .11
4 2 3.46 0 -.23 4.21 0 -.56 4.25 0 -.45 3.97 0 .11
4 2 2.32 0 1.34 2.12 0 .81 3.7 0 .8 3.44 0 1.65
4 2 2.43 0 2.01 2.32 0 1.34 3.44 0 1.65 3.4 0 2.06
4 2 2.4 0 2.62 2.43 0 2.01 3.4 0 2.06 3.43 0 2.41
4 2 2.13 0 3.3 2.4 0 2.62 3.43 0 2.41 3.63 0 2.84
4 2 2.13 0 3.3 3.63 0 2.84 4.1 0 3.39 1.56 0 3.99
4 2 1.56 0 3.99 4.1 0 3.39 4.75 0 4.83 4.54 0 5.12
3 2 .17 0 5.25 -.46 0 5.22 .02 0 5.01
4 2 .17 0 5.25 .02 0 5.01 .77 0 4.6 .73 0 5.35
4 2 .73 0 5.35 .77 0 4.6 1.56 0 3.99 1.84 0 5.41
4 2 2.42 0 5.79 1.84 0 5.41 1.56 0 3.99 2.94 0 5.95
4 2 3.56 0 5.92 2.94 0 5.95 1.56 0 3.99 4.16 0 5.75
4 2 4.16 0 5.75 1.56 0 3.99 4.49 0 5.39 4.48 0 5.58
3 2 4.49 0 5.39 1.56 0 3.99 4.54 0 5.12
4 2 4.75 0 4.83 4.1 0 3.39 4.86 0 3.92 5.11 0 4.6
4 2 5.11 0 4.6 4.86 0 3.92 5.58 0 4.19 5.43 0 4.57
4 2 5.43 0 4.57 5.58 0 4.19 6.05 0 4.28 5.81 0 4.61
4 2 6.28 0 4.81 5.81 0 4.61 6.05 0 4.28 6.49 0 4.22
4 2 6.65 0 5.15 6.28 0 4.81 6.49 0 4.22 7.43 0 5.36
4 2 7.43 0 5.36 6.49 0 4.22 6.85 0 4.06 7.7 0 5.27
3 2 7.7 0 5.27 6.85 0 4.06 7.07 0 3.84
4 2 7.7 0 5.27 7.07 0 3.84 7.15 0 3.52 7.73 0 3.46
3 2 7.15 0 3.52 7.04 0 3.16 7.73 0 3.46
4 2 7.73 0 3.46 7.04 0 3.16 6.81 0 2.84 7.62 0 -.15
3 2 7.62 0 -.15 6.64 0 -.43 6.8 0 -.93
4 2 6.29 0 .41 6.64 0 -.43 7.62 0 -.15 6.31 0 2.5
3 2 6.81 0 2.84 6.31 0 2.5 7.62 0 -.15
4 2 5.91 0 2.15 5.83 0 1.98 5.83 0 1.72 6.31 0 2.5
4 2 6.31 0 2.5 5.83 0 1.72 5.93 0 1.28 6.29 0 .41
3 2 7.62 0 -.15 6.8 0 -.93 6.85 0 -1.29
4 2 7.62 0 -.15 6.85 0 -1.29 6.85 0 -1.66 7.37 0 -2.97
3 2 6.85 0 -1.66 6.64 0 -2.45 7.37 0 -2.97
4 2 7.37 0 -2.97 6.64 0 -2.45 6.19 0 -3.14 5.69 0 -4.51
3 2 6.19 0 -3.14 5.71 0 -3.62 5.69 0 -4.51
4 2 6.9 0 -5.06 7.37 0 -2.97 5.69 0 -4.51 5.58 0 -5.29
4 2 6.65 0 -5.59 6.9 0 -5.06 5.58 0 -5.29 6.07 0 -6.14
3 2 6.07 0 -6.14 5.04 0 -6.87 4.77 0 -7.47
3 2 5.31 0 -6.13 5.04 0 -6.87 6.07 0 -6.14
3 2 5.58 0 -5.29 5.31 0 -6.13 6.07 0 -6.14
4 2 0 0 -10.72 .18 0 -9.47 -.54 0 -9.43 -1.14 0 -10.16
3 2 -1.34 0 -9.29 -1.14 0 -10.16 -.54 0 -9.43
3 2 -2.36 0 -9 -1.14 0 -10.16 -1.34 0 -9.29
3 2 -2.96 0 -8.82 -1.14 0 -10.16 -2.36 0 -9
4 2 .18 0 -9.47 0 0 -10.72 1.07 0 -10.22 1.06 0 -9.4
4 2 2.08 0 -9.2 1.06 0 -9.4 1.07 0 -10.22 2.42 0 -9.38
3 2 2.94 0 -8.87 2.08 0 -9.2 2.42 0 -9.38
3 2 -6.23 0 -5.92 -5.31 0 -6.92 -5.49 0 -6.48
3 2 -5.68 0 -5.9 -6.23 0 -5.92 -5.49 0 -6.48
4 2 -5.75 0 -5.04 -6.66 0 -5.39 -6.23 0 -5.92 -5.68 0 -5.9
4 2 -6.89 0 -4.83 -6.66 0 -5.39 -5.75 0 -5.04 -5.69 0 -4.02
4 2 -7.28 0 -2.47 -6.89 0 -4.83 -5.69 0 -4.02 -5.48 0 -3.1
3 2 -5.14 0 -2.32 -7.28 0 -2.47 -5.48 0 -3.1
4 2 -7.28 0 -2.47 -5.14 0 -2.32 -4.47 0 -1.45 -7.49 0 -.03
4 2 -4.37 0 .3 -7.49 0 -.03 -4.47 0 -1.45 -4.12 0 .12
4 2 -2.76 0 .07 -2.72 0 .19 -2.99 0 .15 -3.4 0 -.02
3 2 -2.76 0 .07 -3.4 0 -.02 -3.51 0 -.52
3 2 -3.75 0 -.01 -3.51 0 -.52 -3.4 0 -.02
4 2 -3.51 0 -.52 -3.75 0 -.01 -4.12 0 .12 -4.47 0 -1.45
4 2 -4.03 0 1.65 -3.87 0 1.97 -4.07 0 1.98 -4.51 0 1.78
4 2 -4.03 0 1.65 -4.51 0 1.78 -4.95 0 1.55 -4.44 0 1.07
4 2 -4.44 0 1.07 -4.95 0 1.55 -5.27 0 1.27 -4.53 0 .82
4 2 -4.53 0 .82 -5.27 0 1.27 -5.53 0 1 -4.53 0 .55
4 2 -4.53 0 .55 -5.53 0 1 -5.76 0 .8 -4.37 0 .3
4 2 -4.37 0 .3 -5.76 0 .8 -5.9 0 .75 -7.49 0 -.03
3 2 -6.03 0 .79 -7.49 0 -.03 -5.9 0 .75
4 2 -6.05 0 1.57 -5.92 0 1.28 -5.78 0 1.43 -5.77 0 1.53
4 2 -6.46 0 1.56 -6.05 0 1.07 -5.92 0 1.28 -6.05 0 1.57
4 2 -6.84 0 1.55 -6.07 0 .9 -6.05 0 1.07 -6.46 0 1.56
4 2 -7.49 0 -.03 -6.03 0 .79 -6.07 0 .9 -6.84 0 1.55
4 2 -7.58 0 2.22 -7.49 0 -.03 -6.84 0 1.55 -6.82 0 1.67
3 2 -7.58 0 2.22 -6.82 0 1.67 -6.69 0 1.83
3 2 -7.58 0 2.22 -6.69 0 1.83 -6.45 0 1.96
4 2 -7.58 0 2.22 -6.45 0 1.96 -6.17 0 2.01 -5.6 0 3.16
4 2 -5.6 0 3.16 -6.17 0 2.01 -5.72 0 2 -5.31 0 2.65
4 2 -5.31 0 2.65 -5.72 0 2 -5.24 0 2.07 -5.12 0 2.5
4 2 -5.12 0 2.5 -5.24 0 2.07 -4.58 0 2.26 -4.97 0 2.57
4 2 -4.83 0 2.78 -4.97 0 2.57 -4.58 0 2.26 -4 0 2.53
4 2 -4.48 0 3.35 -4.83 0 2.78 -4 0 2.53 -4.26 0 3.42
4 2 -4.04 0 3.38 -4.26 0 3.42 -4 0 2.53 -3.83 0 3.17
4 2 -3.83 0 3.17 -4 0 2.53 -3.74 0 2.72 -3.71 0 2.87
4 2 -6.1 0 3.83 -7.58 0 2.22 -5.6 0 3.16 -5.79 0 3.66
4 2 -7.58 0 2.22 -6.1 0 3.83 -6.32 0 4.13 -7.61 0 5.2
4 2 -7.61 0 5.2 -6.32 0 4.13 -6.32 0 4.41 -7.31 0 5.35
4 2 -7.31 0 5.35 -6.32 0 4.41 -6.18 0 4.76 -6.74 0 5.43
4 2 -6.31 0 5.32 -6.74 0 5.43 -6.18 0 4.76 -5.9 0 5.11
4 80 6.16 0 3.56 6.24 0 3.32 6.31 0 3.45 6.28 0 3.54
4 80 5.72 0 3.47 5.82 0 3.04 6.24 0 3.32 6.16 0 3.56
4 80 5.11 0 3.21 5.44 0 2.68 5.82 0 3.04 5.72 0 3.47
4 80 4.51 0 2.69 5.23 0 2.36 5.44 0 2.68 5.11 0 3.21
4 80 4.51 0 2.69 4.24 0 2.26 5.13 0 2.07 5.23 0 2.36
4 80 5.13 0 2.07 4.24 0 2.26 4.19 0 1.98 5.14 0 1.74
4 80 5.14 0 1.74 4.19 0 1.98 4.24 0 1.66 5.2 0 1.28
4 80 5.2 0 1.28 4.24 0 1.66 4.5 0 1.01 5.44 0 .58
4 80 5.44 0 .58 4.5 0 1.01 4.83 0 .24 5.91 0 -.42
3 80 4.83 0 .24 5.02 0 -.38 5.91 0 -.42
4 80 5.91 0 -.42 5.02 0 -.38 5.09 0 -.94 6.12 0 -.95
4 80 6.18 0 -1.28 6.12 0 -.95 5.09 0 -.94 5.06 0 -1.44
4 80 6.15 0 -1.62 6.18 0 -1.28 5.06 0 -1.44 6 0 -2.07
4 80 6 0 -2.07 5.06 0 -1.44 4.92 0 -1.83 5.59 0 -2.71
4 80 5.59 0 -2.71 4.92 0 -1.83 4.61 0 -2.21 5.03 0 -3.29
4 80 5.03 0 -3.29 4.61 0 -2.21 4.09 0 -2.76 4.4 0 -3.84
4 80 4.4 0 -3.84 4.09 0 -2.76 3.52 0 -3.08 3.71 0 -4.3
4 80 3.71 0 -4.3 3.52 0 -3.08 2.69 0 -3.39 3.12 0 -4.6
4 80 2.38 0 -4.8 3.12 0 -4.6 2.69 0 -3.39 2 0 -3.56
4 80 1.69 0 -4.8 2.38 0 -4.8 2 0 -3.56 1.47 0 -3.56
4 80 .95 0 -4.6 1.69 0 -4.8 1.47 0 -3.56 1.11 0 -3.41
4 80 .22 0 -4.21 .95 0 -4.6 1.11 0 -3.41 .88 0 -3.09
4 80 -.36 0 -3.76 .22 0 -4.21 .88 0 -3.09 -.57 0 -3.4
4 80 -.61 0 -2.81 -.57 0 -3.4 .88 0 -3.09 .82 0 -2.71
4 80 -.48 0 -2.13 -.61 0 -2.81 .82 0 -2.71 .97 0 -2.34
4 80 -.11 0 -1.45 -.48 0 -2.13 .97 0 -2.34 1.37 0 -2
4 80 .35 0 -1.03 -.11 0 -1.45 1.37 0 -2 .94 0 -.81
4 80 .94 0 -.81 1.37 0 -2 1.75 0 -1.89 1.75 0 -.71
4 80 1.75 0 -.71 1.75 0 -1.89 2.29 0 -1.88 2.55 0 -.74
4 80 2.55 0 -.74 2.29 0 -1.88 2.75 0 -1.98 3.3 0 -.98
3 80 3.3 0 -.98 2.75 0 -1.98 3.08 0 -2.17
4 80 3.3 0 -.98 3.08 0 -2.17 3.25 0 -2.31 3.42 0 -2.27
4 80 3.3 0 -.98 3.42 0 -2.27 3.71 0 -2.06 3.79 0 -1.31
3 80 3.79 0 -1.31 3.71 0 -2.06 4.06 0 -1.61
4 80 3.53 0 -5.2 3.41 0 -5.32 3.33 0 -5.7 3.71 0 -5.12
4 80 3.71 0 -5.12 3.33 0 -5.7 4.56 0 -6.32 4.87 0 -5.47
4 80 4.38 0 -4.78 3.71 0 -5.12 4.87 0 -5.47 5.02 0 -4.59
3 80 4.99 0 -4.37 4.38 0 -4.78 5.02 0 -4.59
4 80 3.33 0 -5.7 3.07 0 -6.18 4.07 0 -7.15 4.56 0 -6.32
4 80 2.56 0 -6.77 3.52 0 -7.7 4.07 0 -7.15 3.07 0 -6.18
4 80 2.56 0 -6.77 1.89 0 -7.15 2.82 0 -8.15 3.52 0 -7.7
4 80 1.89 0 -7.15 1.14 0 -7.34 1.81 0 -8.54 2.82 0 -8.15
4 80 .93 0 -8.73 1.81 0 -8.54 1.14 0 -7.34 .5 0 -7.37
4 80 -.19 0 -8.76 .93 0 -8.73 .5 0 -7.37 -.41 0 -7.27
4 80 -.41 0 -7.27 -1.25 0 -7.02 -1.36 0 -8.6 -.19 0 -8.76
4 80 -2.35 0 -8.24 -1.36 0 -8.6 -1.25 0 -7.02 -2 0 -6.57
4 80 -3.3 0 -7.68 -2.35 0 -8.24 -2 0 -6.57 -2.56 0 -5.94
4 80 -3.98 0 -7.21 -3.3 0 -7.68 -2.56 0 -5.94 -4.47 0 -6.59
4 80 -4.82 0 -5.9 -4.47 0 -6.59 -2.56 0 -5.94 -2.89 0 -5.18
4 80 -4.98 0 -5.21 -4.82 0 -5.9 -2.89 0 -5.18 -3.01 0 -4.39
4 80 -4.95 0 -4.3 -4.98 0 -5.21 -3.01 0 -4.39 -2.98 0 -3.57
4 80 -4.76 0 -3.36 -4.95 0 -4.3 -2.98 0 -3.57 -4.5 0 -2.75
4 80 -4.5 0 -2.75 -2.98 0 -3.57 -2.78 0 -3.06 -3.86 0 -2
4 80 -3.86 0 -2 -2.78 0 -3.06 -2.4 0 -2.41 -3.01 0 -1.13
3 80 -3.01 0 -1.13 -2.4 0 -2.41 -1.94 0 -1.8
4 80 -3.01 0 -1.13 -1.94 0 -1.8 -1.47 0 -1.37 -2.21 0 -.42
4 80 -2.21 0 -.42 -1.47 0 -1.37 -.81 0 -.72 -1.42 0 .2
4 80 -1.42 0 .2 -.81 0 -.72 -.06 0 -.13 -.73 0 .79
4 80 -.73 0 .79 -.06 0 -.13 .71 0 .45 -.17 0 1.29
4 80 -.17 0 1.29 .71 0 .45 1.31 0 1.05 .09 0 1.76
4 80 .09 0 1.76 1.31 0 1.05 1.59 0 1.51 .2 0 2.13
4 80 .2 0 2.13 1.59 0 1.51 1.7 0 1.9 1.69 0 2.37
4 80 .19 0 2.45 .2 0 2.13 1.69 0 2.37 1.55 0 2.81
4 80 -.05 0 2.72 .19 0 2.45 1.55 0 2.81 -.1 0 2.99
4 80 -.02 0 3.19 -.1 0 2.99 1.55 0 2.81 1.1 0 3.43
4 80 -.02 0 3.19 1.1 0 3.43 .36 0 4.01 -.2 0 3.18
4 80 -.2 0 3.18 .36 0 4.01 -.48 0 4.45 -1.67 0 3.93
4 80 -.2 0 3.18 -1.67 0 3.93 -1.7 0 3.83 -.42 0 2.83
4 80 -.73 0 2.7 -.42 0 2.83 -1.7 0 3.83 -1.91 0 3.57
4 80 -5.37 0 4.51 -5.47 0 4.32 -5.26 0 4.19 -4.77 0 4.11
4 80 -5.04 0 4.63 -5.37 0 4.51 -4.77 0 4.11 -4.35 0 4.75
3 80 -4.35 0 4.75 -4.77 0 4.11 -4.25 0 4.53
4 80 -4.25 0 4.53 -4.77 0 4.11 -4.04 0 4.11 -4.03 0 4.41
4 80 -4.03 0 4.41 -4.04 0 4.11 -3.39 0 4.18 -3.8 0 4.41
4 80 -3.8 0 4.41 -3.39 0 4.18 -3.29 0 4.27 -3.67 0 4.52
4 80 -3.67 0 4.52 -3.29 0 4.27 -2.87 0 4.29 -3.6 0 4.71
4 80 -3.6 0 4.71 -2.87 0 4.29 -3.07 0 4.98 -3.62 0 4.94
4 80 -2.37 0 4.93 -3.07 0 4.98 -2.87 0 4.29 -2.42 0 4.23
4 80 -2.37 0 4.93 -2.42 0 4.23 -2.07 0 4.15 -1.4 0 4.74
4 80 -1.4 0 4.74 -2.07 0 4.15 -1.82 0 4.04 -.48 0 4.45
3 80 -.48 0 4.45 -1.82 0 4.04 -1.67 0 3.93
4 80 -1.25 0 2.3 -.73 0 2.7 -1.91 0 3.57 -2.38 0 3.03
4 80 -1.56 0 1.99 -1.25 0 2.3 -2.38 0 3.03 -2.68 0 2.57
4 80 -2.09 0 1.71 -1.56 0 1.99 -2.68 0 2.57 -3.11 0 1.72
4 80 -2.48 0 1.36 -2.09 0 1.71 -3.11 0 1.72 -3.14 0 .92
4 80 -3.14 0 .92 -3.11 0 1.72 -3.41 0 1.19 -3.44 0 .65
4 80 -3.67 0 .73 -3.6 0 .62 -3.44 0 .65 -3.65 0 .86
3 80 -3.41 0 1.19 -3.65 0 .86 -3.44 0 .65
4 0 -4.25 0 4.53 -4.03 0 4.41 -3.8 0 4.41 -3.67 0 4.52
4 0 -4.35 0 4.75 -4.25 0 4.53 -3.67 0 4.52 -3.6 0 4.71
3 0 -3.62 0 4.94 -4.35 0 4.75 -3.6 0 4.71
4 2 -1.39 0 -2.73 -1.31 0 -2.36 -1.54 0 -2.54 -1.91 0 -3.06
3 2 -1.39 0 -2.73 -1.91 0 -3.06 -1.38 0 -3.3
4 2 -1.91 0 -3.06 -2.21 0 -3.65 -1.22 0 -3.87 -1.38 0 -3.3
4 2 -2.21 0 -3.65 -2.3 0 -4.34 -.8 0 -4.4 -1.22 0 -3.87
4 2 -.8 0 -4.4 -2.3 0 -4.34 -2.21 0 -4.95 -1.87 0 -5.6
4 2 -.28 0 -4.86 -.8 0 -4.4 -1.87 0 -5.6 -1.17 0 -6.19
4 2 -.28 0 -4.86 -1.17 0 -6.19 -.39 0 -6.53 .48 0 -5.19
4 2 .48 0 -5.19 -.39 0 -6.53 .33 0 -6.61 1.35 0 -5.49
4 2 1.35 0 -5.49 .33 0 -6.61 1.21 0 -6.56 1.91 0 -6.25
3 2 2.53 0 -5.54 2.27 0 -5.54 2.29 0 -5.88
4 2 2.29 0 -5.88 2.27 0 -5.54 1.35 0 -5.49 1.91 0 -6.25
3 0 -5.87 0 -7.82 -5.63 0 -7.99 -5.31 0 -6.92
3 0 -5.31 0 -6.92 -5.63 0 -7.99 -5.42 0 -8.24
3 0 -5.24 0 -8.82 0 0 -11.85 -5.29 0 -8.48
3 0 -5.29 0 -8.48 0 0 -11.85 -5.42 0 -8.24
4 0 -6.92 0 -10.87 -7.08 0 -10.76 -7.21 0 -10.79 -7.43 0 -11.04
4 0 -7.21 0 -10.79 -7.26 0 -10.63 -7.54 0 -10.76 -7.43 0 -11.04
4 14 -6.63 0 -10.3 -7.26 0 -10.63 -7.21 0 -10.79 -7.08 0 -10.76
4 0 -7.43 0 -11.37 -7.25 0 -11.45 -7.16 0 -11.44 -7.43 0 -11.04
3 0 -6.92 0 -10.87 -7.43 0 -11.04 -7.16 0 -11.44
3 14 -7.16 0 -11.44 -7.25 0 -11.45 -7.42 0 -11.91
4 14 -7.25 0 -11.45 -7.43 0 -11.37 -7.48 0 -11.5 -7.42 0 -11.91
4 14 -7.94 0 -10.89 -7.43 0 -11.37 -7.43 0 -11.04 -7.54 0 -10.76
4 0 -7.75 0 -10.61 -7.54 0 -10.76 -7.63 0 -10.33 -7.99 0 -10.29
4 0 -7.91 0 -10.62 -7.99 0 -10.29 -8.21 0 -10.38 -8.33 0 -10.5
4 14 -7.94 0 -10.89 -7.54 0 -10.76 -7.75 0 -10.61 -7.97 0 -10.71
4 0 -8.56 0 -11.32 -8.49 0 -11.12 -8.67 0 -11.04 -8.76 0 -11.05
3 14 -7.75 0 -10.61 -7.91 0 -10.62 -7.97 0 -10.71
4 0 -8.99 0 -11.55 -9.06 0 -11.7 -8.9 0 -11.81 -8.75 0 -11.76
4 14 -8.31 0 -11.9 -8.1 0 -12 -7.92 0 -11.68 -8.48 0 -11.7
3 14 -7.94 0 -10.89 -7.48 0 -11.5 -7.43 0 -11.37
4 0 -7.85 0 -12.31 -7.63 0 -12.21 -7.92 0 -11.97 -8.13 0 -12.32
4 0 -8.13 0 -12.32 -7.92 0 -11.97 -8.1 0 -12 -8.4 0 -12.21
4 0 -7.92 0 -11.68 -7.48 0 -11.5 -7.94 0 -10.89 -8.38 0 -11.07
4 0 -8.64 0 -12 -8.4 0 -12.21 -8.31 0 -11.9 -8.48 0 -11.7
4 0 -8.48 0 -11.7 -8.56 0 -11.32 -8.75 0 -11.76 -8.64 0 -12
3 14 -8.75 0 -11.76 -8.9 0 -11.81 -8.64 0 -12
4 0 -8.38 0 -11.07 -7.97 0 -10.71 -7.91 0 -10.62 -8.44 0 -10.71
3 0 -8.33 0 -10.5 -8.44 0 -10.71 -7.91 0 -10.62
4 14 -8.38 0 -11.07 -8.44 0 -10.71 -8.67 0 -11.04 -8.49 0 -11.12
4 0 -8.56 0 -11.32 -8.76 0 -11.05 -8.99 0 -11.55 -8.75 0 -11.76
3 0 -7.97 0 -10.71 -8.38 0 -11.07 -7.94 0 -10.89
4 14 -7.92 0 -11.68 -8.49 0 -11.12 -8.56 0 -11.32 -8.48 0 -11.7
3 0 -8.31 0 -11.9 -8.4 0 -12.21 -8.1 0 -12
4 0 -7.88 0 -11.91 -7.92 0 -11.97 -7.63 0 -12.21 -7.42 0 -11.91
4 14 -8.1 0 -12 -7.92 0 -11.97 -7.88 0 -11.91 -7.92 0 -11.68
4 0 -7.92 0 -11.68 -7.88 0 -11.91 -7.42 0 -11.91 -7.48 0 -11.5
3 14 -8.38 0 -11.07 -8.49 0 -11.12 -7.92 0 -11.68
4 14 -8.76 0 -11.05 -8.67 0 -11.04 -8.44 0 -10.71 -8.33 0 -10.5
3 0 -7.99 0 -10.29 -7.91 0 -10.62 -7.75 0 -10.61
3 0 -7.63 0 -10.33 -7.54 0 -10.76 -7.26 0 -10.63
4 14 -6.08 0 -11.51 -6.67 0 -12.64 -5.64 0 -12.67 -5.9 0 -11.57
4 0 -6.12 0 -12.92 -5.95 0 -13.38 -5.44 0 -12.84 -5.78 0 -12.82
4 0 -6.54 0 -11.36 -7.07 0 -12.45 -6.67 0 -12.64 -6.08 0 -11.51
4 14 -7.07 0 -12.45 -7.16 0 -11.44 -7.42 0 -11.91 -7.3 0 -12.41
3 0 -7.42 0 -12.65 -5.95 0 -13.38 -6.6 0 -12.72
3 0 -6.6 0 -12.72 -6.67 0 -12.64 -7.42 0 -12.65
4 0 -6.08 0 -11.51 -5.9 0 -11.57 -5.78 0 -11.33 -6.53 0 -11.26
4 14 -5.35 0 -11.81 -5.27 0 -11.56 -5.78 0 -11.33 -5.9 0 -11.57
3 0 -6.53 0 -11.26 -6.54 0 -11.36 -6.08 0 -11.51
3 0 -6.6 0 -12.72 -5.95 0 -13.38 -6.12 0 -12.92
4 14 -6.67 0 -12.64 -6.6 0 -12.72 -6.12 0 -12.92 -5.78 0 -12.82
4 0 -5.55 0 -12.71 -5.64 0 -12.67 -5.78 0 -12.82 -5.44 0 -12.84
3 14 -6.67 0 -12.64 -5.78 0 -12.82 -5.64 0 -12.67
3 14 -5.9 0 -11.57 -5.64 0 -12.67 -5.55 0 -12.71
3 0 -7.3 0 -12.41 -7.42 0 -12.65 -7.16 0 -12.48
4 0 -7.16 0 -12.48 -7.42 0 -12.65 -6.67 0 -12.64 -7.07 0 -12.45
3 14 -7.3 0 -12.41 -7.16 0 -12.48 -7.07 0 -12.45
4 14 -6.7 0 -11.18 -7.16 0 -11.44 -7.07 0 -12.45 -6.54 0 -11.36
4 0 -6.7 0 -11.18 -6.53 0 -11.26 -5.78 0 -11.33 -6.58 0 -10.94
3 14 -6.7 0 -11.18 -6.54 0 -11.36 -6.53 0 -11.26
4 0 -3.73 0 -12.31 -3.54 0 -12.33 -3.47 0 -12.07 -4.06 0 -12.18
3 0 -4.06 0 -12.18 -4.07 0 -12.21 -3.73 0 -12.31
4 0 -4.44 0 -12.94 -4.89 0 -12.89 -4.97 0 -13.17 -4.55 0 -13.44
4 14 -4.38 0 -11.81 -4.46 0 -12.07 -4.24 0 -12.13 -4.17 0 -11.87
4 0 -4.48 0 -12.62 -4.44 0 -12.94 -3.73 0 -12.31 -4.07 0 -12.21
4 0 -4.44 0 -12.94 -4.48 0 -12.62 -4.55 0 -12.6 -4.89 0 -12.89
4 14 -4.07 0 -12.21 -4.24 0 -12.13 -4.46 0 -12.07 -4.48 0 -12.62
4 14 -4.55 0 -12.6 -4.48 0 -12.62 -4.46 0 -12.07 -4.65 0 -12.05
3 0 -5.19 0 -11.86 -4.65 0 -12.05 -4.64 0 -12.02
4 0 -4.46 0 -12.07 -4.38 0 -11.81 -5.19 0 -11.86 -4.64 0 -12.02
3 14 -4.64 0 -12.02 -4.65 0 -12.05 -4.46 0 -12.07
3 14 -5.35 0 -11.81 -4.89 0 -12.89 -5.19 0 -11.86
4 0 -4.89 0 -12.89 -4.55 0 -12.6 -4.65 0 -12.05 -5.19 0 -11.86
4 14 -3.73 0 -12.31 -4.44 0 -12.94 -3.45 0 -12.64 -3.54 0 -12.33
4 0 -4.17 0 -11.87 -4.24 0 -12.13 -4.06 0 -12.18 -3.47 0 -12.07
3 14 -4.24 0 -12.13 -4.07 0 -12.21 -4.06 0 -12.18
3 0 -4.97 0 -13.17 -5.08 0 -13.32 -4.55 0 -13.44
4 14 -4.41 0 -13.51 -3.45 0 -12.64 -4.44 0 -12.94 -4.55 0 -13.44
4 0 -4.41 0 -13.51 -4.55 0 -13.44 -5.31 0 -13.53 -4.48 0 -13.77
4 14 -5.24 0 -13.27 -5.08 0 -13.32 -4.97 0 -13.17 -4.89 0 -12.89
3 0 -5.24 0 -13.27 -5.31 0 -13.53 -5.08 0 -13.32
3 0 -5.08 0 -13.32 -5.31 0 -13.53 -4.55 0 -13.44
4 0 -5.35 0 -11.81 -5.19 0 -11.86 -4.38 0 -11.81 -5.27 0 -11.56
4 0 -3.27 0 -12.73 -3.21 0 -12.74 -3.05 0 -12.49 -3.17 0 -12.07
3 0 -3.17 0 -12.07 -3.45 0 -12.64 -3.27 0 -12.73
4 0 -3.05 0 -12.49 -2.81 0 -12.39 -2.96 0 -12.1 -3.17 0 -12.07
3 0 -1.37 0 -12.87 -1.43 0 -12.29 -1.57 0 -12.95
4 0 -1.43 0 -12.29 -2.96 0 -12.1 -2.61 0 -12.41 -2.09 0 -12.51
4 0 -1.63 0 -12.91 -1.57 0 -12.95 -1.43 0 -12.29 -1.79 0 -12.62
4 14 -2.05 0 -13.87 -1.57 0 -12.95 -1.63 0 -12.91 -2.26 0 -13.77
4 14 -2.09 0 -12.51 -2.26 0 -13.77 -1.63 0 -12.91 -1.79 0 -12.62
3 0 -1.43 0 -12.29 -2.09 0 -12.51 -1.79 0 -12.62
4 0 -2.83 0 -13.73 -3.02 0 -13.74 -3.06 0 -14.01 -2.21 0 -13.84
4 0 -2.21 0 -13.84 -3.06 0 -14.01 -2.09 0 -14.13 -2.05 0 -13.87
3 14 -2.26 0 -13.77 -2.21 0 -13.84 -2.05 0 -13.87
4 14 -2.61 0 -12.41 -2.81 0 -12.39 -3.05 0 -12.49 -3.21 0 -12.74
3 0 -2.83 0 -13.73 -2.21 0 -13.84 -2.26 0 -13.77
4 0 -2.61 0 -12.41 -2.83 0 -13.73 -2.26 0 -13.77 -2.09 0 -12.51
4 14 -3.21 0 -12.74 -3.02 0 -13.74 -2.83 0 -13.73 -2.61 0 -12.41
3 0 -2.96 0 -12.1 -2.81 0 -12.39 -2.61 0 -12.41
3 14 -3.27 0 -12.73 -3.02 0 -13.74 -3.21 0 -12.74
4 14 -3.45 0 -12.64 -3.17 0 -12.07 -3.47 0 -12.07 -3.54 0 -12.33
4 14 -1.03 0 -13.98 -1.37 0 -12.87 -1.57 0 -12.95 -2.05 0 -13.87
4 14 -2.05 0 -13.87 -2.09 0 -14.13 -1.03 0 -14.25 -1.03 0 -13.98
4 14 -1.43 0 -12.29 -1.37 0 -12.87 -1.03 0 -12.6 -1.03 0 -12.34
4 14 1.24 0 -13.98 1.24 0 -12.6 1.05 0 -12.64 1.05 0 -13.94
4 0 -.84 0 -12.6 -.81 0 -12.7 -.33 0 -12.64 -.14 0 -12.34
4 0 -.33 0 -12.64 -.81 0 -12.7 -.81 0 -13.91 -.36 0 -13.11
3 0 -.36 0 -13.11 -.81 0 -13.91 -.36 0 -13.41
4 0 .35 0 -12.34 .35 0 -12.6 .54 0 -12.6 1.24 0 -12.34
4 14 -.81 0 -13.91 -.81 0 -12.7 -1.37 0 -12.87 -1.03 0 -13.98
4 0 .58 0 -13.11 .58 0 -13.41 1.05 0 -13.94 1.05 0 -12.64
4 14 -.14 0 -12.34 -.14 0 -12.6 .35 0 -12.6 .35 0 -12.34
3 0 -.14 0 -12.34 -.33 0 -12.64 -.14 0 -12.6
4 14 -.14 0 -12.6 -.33 0 -12.64 -.36 0 -13.11 .58 0 -12.7
3 14 .58 0 -12.7 -.36 0 -13.11 .58 0 -13.11
4 0 1.24 0 -12.34 .54 0 -12.6 1.05 0 -12.64 1.24 0 -12.6
3 14 .35 0 -12.6 -.14 0 -12.6 .58 0 -12.7
3 14 .54 0 -12.6 .35 0 -12.6 .58 0 -12.7
3 0 .54 0 -12.6 .58 0 -12.7 1.05 0 -12.64
3 0 1.05 0 -12.64 .58 0 -12.7 .58 0 -13.11
4 0 .58 0 -13.41 .58 0 -13.11 -.36 0 -13.11 -.36 0 -13.41
4 0 1.24 0 -14.25 1.24 0 -13.98 1.05 0 -13.94 .51 0 -13.98
4 0 .35 0 -14.25 1.24 0 -14.25 .51 0 -13.98 .35 0 -13.98
4 0 -.14 0 -13.98 -.33 0 -13.94 -1.03 0 -14.25 -.14 0 -14.25
4 14 -.36 0 -13.41 -.33 0 -13.94 -.14 0 -13.98 .35 0 -13.98
4 14 .35 0 -13.98 .51 0 -13.98 .58 0 -13.91 .58 0 -13.41
3 0 .58 0 -13.91 .51 0 -13.98 1.05 0 -13.94
3 0 .58 0 -13.41 .58 0 -13.91 1.05 0 -13.94
3 14 .58 0 -13.41 -.36 0 -13.41 .35 0 -13.98
3 0 -.36 0 -13.41 -.81 0 -13.91 -.33 0 -13.94
4 14 .35 0 -14.25 .35 0 -13.98 -.14 0 -13.98 -.14 0 -14.25
3 0 -.87 0 -13.98 -1.03 0 -13.98 -1.03 0 -14.25
4 0 -.87 0 -13.98 -1.03 0 -14.25 -.33 0 -13.94 -.81 0 -13.91
3 14 -.81 0 -13.91 -1.03 0 -13.98 -.87 0 -13.98
4 14 -1.03 0 -12.6 -1.37 0 -12.87 -.81 0 -12.7 -.84 0 -12.6
4 0 -1.03 0 -12.34 -1.03 0 -12.6 -.84 0 -12.6 -.14 0 -12.34
4 0 1.84 0 -14.21 2.86 0 -13.8 2.42 0 -13.79 1.96 0 -13.92
4 0 3.6 0 -13.3 3.37 0 -13.23 3.34 0 -13.26 3.27 0 -13.51
3 0 3.12 0 -12.13 2.3 0 -12.53 2.9 0 -12.51
4 0 3.37 0 -12.75 3.43 0 -12.68 3.07 0 -12.59 3.19 0 -12.81
4 14 3.6 0 -13.3 3.43 0 -12.68 3.37 0 -12.75 3.37 0 -13.23
4 14 3.01 0 -13.47 3.27 0 -13.51 3.34 0 -13.26 3.19 0 -12.81
4 14 2.02 0 -13.85 1.64 0 -12.58 1.8 0 -13.94 1.96 0 -13.92
4 14 2.9 0 -12.51 2.3 0 -12.53 2.66 0 -12.71 2.92 0 -12.67
4 0 2.39 0 -13.26 2.36 0 -13 1.83 0 -12.59 2.02 0 -13.85
4 0 3.07 0 -12.59 3.43 0 -12.68 3.12 0 -12.13 2.9 0 -12.51
4 0 1.64 0 -12.58 1.83 0 -12.59 2.3 0 -12.53 3.12 0 -12.13
4 14 2.92 0 -12.67 3.01 0 -13.47 3.19 0 -12.81 3.07 0 -12.59
4 0 2.66 0 -12.94 2.67 0 -13.25 2.74 0 -13.3 2.92 0 -12.67
4 14 2.66 0 -12.71 2.3 0 -12.53 2.36 0 -13 2.66 0 -12.94
3 14 2.9 0 -12.51 2.92 0 -12.67 3.07 0 -12.59
3 0 2.92 0 -12.67 2.66 0 -12.71 2.66 0 -12.94
4 14 3.37 0 -13.23 3.37 0 -12.75 3.19 0 -12.81 3.34 0 -13.26
4 0 2.74 0 -13.3 2.76 0 -13.5 3.01 0 -13.47 2.92 0 -12.67
4 14 2.76 0 -13.5 2.74 0 -13.3 2.67 0 -13.25 2.39 0 -13.26
4 0 2.67 0 -13.25 2.66 0 -12.94 2.36 0 -13 2.39 0 -13.26
4 14 2.76 0 -13.5 2.39 0 -13.26 2.42 0 -13.79 2.86 0 -13.8
4 14 3.01 0 -13.47 2.76 0 -13.5 2.86 0 -13.8 3.11 0 -13.7
4 0 3.11 0 -13.7 3.47 0 -14.03 3.6 0 -13.3 3.27 0 -13.51
3 14 3.01 0 -13.47 3.11 0 -13.7 3.27 0 -13.51
3 0 2.39 0 -13.26 2.02 0 -13.85 2.42 0 -13.79
3 0 1.96 0 -13.92 1.8 0 -13.94 1.84 0 -14.21
3 0 2.42 0 -13.79 2.02 0 -13.85 1.96 0 -13.92
3 0 2.3 0 -12.53 1.83 0 -12.59 2.36 0 -13
3 14 1.64 0 -12.58 2.02 0 -13.85 1.83 0 -12.59
3 0 3.12 0 -12.13 1.6 0 -12.31 1.64 0 -12.58
4 0 4.18 0 -12.19 4.71 0 -12.08 4.87 0 -11.72 3.45 0 -12.07
4 0 5.28 0 -12.48 5.38 0 -12.25 4.92 0 -12.37 5.04 0 -12.72
4 0 4.86 0 -12.14 5.38 0 -12.25 5.3 0 -11.95 5.09 0 -11.8
4 0 4.53 0 -12.89 5.02 0 -12.76 4.82 0 -12.5 4.31 0 -12.67
4 14 4.92 0 -12.37 4.86 0 -12.14 4.71 0 -12.08 4.82 0 -12.5
4 14 5.51 0 -13.11 5.28 0 -12.48 5.04 0 -12.72 5.02 0 -12.76
4 0 4.31 0 -12.67 3.71 0 -12.31 4.05 0 -13.57 4.41 0 -12.95
4 0 5.3 0 -13.55 5.51 0 -13.11 5.02 0 -12.76 4.53 0 -12.89
4 0 5.63 0 -13.18 5.51 0 -13.11 5.3 0 -13.55 5.88 0 -13.39
3 0 5.81 0 -13.13 5.63 0 -13.18 5.88 0 -13.39
3 14 5.51 0 -13.11 5.63 0 -13.18 5.81 0 -13.13
3 0 4.41 0 -12.95 4.05 0 -13.57 4.48 0 -13.32
4 0 4.74 0 -13.42 4.55 0 -13.47 3.95 0 -13.91 4.81 0 -13.68
4 14 4.74 0 -13.42 5.3 0 -13.55 4.53 0 -12.89 4.48 0 -13.32
3 14 4.53 0 -12.89 4.41 0 -12.95 4.48 0 -13.32
4 0 4.55 0 -13.47 4.48 0 -13.32 4.05 0 -13.57 3.95 0 -13.91
3 14 4.48 0 -13.32 4.55 0 -13.47 4.74 0 -13.42
3 14 4.74 0 -13.42 4.81 0 -13.68 5.3 0 -13.55
3 0 4.05 0 -13.57 3.88 0 -13.65 3.95 0 -13.91
4 14 3.71 0 -12.31 3.6 0 -13.3 3.88 0 -13.65 4.05 0 -13.57
4 0 3.45 0 -12.07 3.52 0 -12.33 3.71 0 -12.31 4.18 0 -12.19
4 14 6.22 0 -13.35 6.1 0 -13.15 5.81 0 -13.13 5.88 0 -13.39
4 14 4.31 0 -12.67 4.82 0 -12.5 4.71 0 -12.08 4.18 0 -12.19
4 0 4.87 0 -11.72 4.71 0 -12.08 4.86 0 -12.14 5.09 0 -11.8
3 0 4.86 0 -12.14 4.92 0 -12.37 5.38 0 -12.25
3 0 4.31 0 -12.67 4.41 0 -12.95 4.53 0 -12.89
4 0 5.02 0 -12.76 5.04 0 -12.72 4.92 0 -12.37 4.82 0 -12.5
3 0 4.18 0 -12.19 3.71 0 -12.31 4.31 0 -12.67
4 0 7 0 -13 6.92 0 -12.74 6.74 0 -12.79 6.26 0 -13.04
4 0 5.55 0 -11.85 5.73 0 -11.77 6.23 0 -11.25 5.44 0 -11.6
3 0 6.74 0 -12.79 6.25 0 -12.86 6.26 0 -13.04
4 0 6.21 0 -11.59 5.73 0 -11.77 5.85 0 -11.97 6.74 0 -12.79
4 0 6.21 0 -11.59 6.34 0 -11.5 6.23 0 -11.25 5.73 0 -11.77
4 0 6.22 0 -13.35 7 0 -13 6.26 0 -13.04 6.1 0 -13.15
3 0 5.85 0 -11.97 6.25 0 -12.86 6.74 0 -12.79
4 14 5.38 0 -12.25 5.85 0 -11.97 5.73 0 -11.77 5.55 0 -11.85
4 0 9.16 0 -11.91 8.36 0 -10.47 8.46 0 -11.34 8.83 0 -12.1
4 0 7.14 0 -11.42 8.83 0 -12.1 8.46 0 -11.34 7.04 0 -10.86
4 0 8.06 0 -10.64 8.39 0 -10.14 7.76 0 -10.51 7.9 0 -10.74
4 0 7.04 0 -10.86 6.4 0 -11.23 6.54 0 -11.46 6.67 0 -11.38
3 14 7.9 0 -10.74 7.04 0 -10.86 8.46 0 -11.34
3 14 8.46 0 -11.34 8.06 0 -10.64 7.9 0 -10.74
4 14 7.86 0 -12.29 8.83 0 -12.1 7.14 0 -11.42 7.58 0 -12.25
4 14 6.63 0 -10.3 7.04 0 -10.86 7.9 0 -10.74 7.76 0 -10.51
4 0 8.53 0 -10.37 8.39 0 -10.14 8.06 0 -10.64 8.36 0 -10.47
3 0 8.36 0 -10.47 8.06 0 -10.64 8.46 0 -11.34
4 0 7.33 0 -12.4 7.36 0 -12.57 7.69 0 -12.38 7.58 0 -12.25
4 14 6.92 0 -12.74 6.81 0 -11.5 6.67 0 -11.38 6.54 0 -11.46
4 0 6.67 0 -11.38 6.81 0 -11.5 7.14 0 -11.42 7.04 0 -10.86
4 0 7.33 0 -12.4 7.58 0 -12.25 7.14 0 -11.42 6.81 0 -11.5
4 0 7.86 0 -12.29 7.69 0 -12.38 7.36 0 -12.88 7.99 0 -12.52
3 14 7.58 0 -12.25 7.69 0 -12.38 7.86 0 -12.29
3 0 3.11 0 -13.7 2.86 0 -13.8 3.47 0 -14.03
3 0 3.47 0 -14.03 2.86 0 -13.8 1.84 0 -14.21
4 0 7.36 0 -12.57 7.21 0 -12.7 7.36 0 -12.88 7.69 0 -12.38
3 14 -8.65 0 -9.55 -7.99 0 -10.29 -7.83 0 -9.32
4 14 -7.83 0 -9.32 -7.99 0 -10.29 -7.63 0 -10.33 -7.33 0 -9.84
4 14 -8.65 0 -9.55 -9.1 0 -10.19 -8.21 0 -10.38 -7.99 0 -10.29
4 14 -9.84 0 -11.02 -9.92 0 -11.4 -9.84 0 -11.78 -9.62 0 -12.11
4 14 -9.84 0 -11.02 -9.62 0 -12.11 -9.06 0 -11.7 -8.99 0 -11.55
4 14 -9.84 0 -11.02 -8.99 0 -11.55 -8.76 0 -11.05 -9.63 0 -10.69
4 14 -9.1 0 -10.19 -9.63 0 -10.69 -8.76 0 -11.05 -8.33 0 -10.5
4 14 -8.9 0 -11.81 -9.06 0 -11.7 -9.62 0 -12.11 -8.54 0 -12.8
4 14 -7.42 0 -11.91 -7.63 0 -12.21 -7.42 0 -12.65 -7.3 0 -12.41
4 14 -7.42 0 -13.35 -7.42 0 -12.65 -7.63 0 -12.21 -7.85 0 -12.31
4 14 -7.42 0 -13.35 -7.85 0 -12.31 -8.13 0 -12.32 -8.54 0 -12.8
4 14 -7.42 0 -12.65 -7.42 0 -13.35 -6.24 0 -13.8 -5.95 0 -13.38
4 14 -5.31 0 -13.53 -5.95 0 -13.38 -6.24 0 -13.8 -5.02 0 -14.17
4 14 -4.48 0 -13.77 -5.31 0 -13.53 -5.02 0 -14.17 -3.78 0 -14.46
4 14 -3.06 0 -14.01 -4.48 0 -13.77 -3.78 0 -14.46 -2.53 0 -14.66
4 14 -4.41 0 -13.51 -4.48 0 -13.77 -3.06 0 -14.01 -3.02 0 -13.74
4 14 -3.45 0 -12.64 -4.41 0 -13.51 -3.02 0 -13.74 -3.27 0 -12.73
4 14 -5.35 0 -11.81 -5.9 0 -11.57 -5.55 0 -12.71 -5.44 0 -12.84
4 14 -4.89 0 -12.89 -5.35 0 -11.81 -5.44 0 -12.84 -5.24 0 -13.27
4 14 -5.31 0 -13.53 -5.24 0 -13.27 -5.44 0 -12.84 -5.95 0 -13.38
4 14 -7.26 0 -10.63 -6.63 0 -10.3 -7.33 0 -9.84 -7.63 0 -10.33
4 14 -6.63 0 -10.3 -6.58 0 -10.94 -5.78 0 -11.33 -5.74 0 -10.71
4 14 -4.82 0 -11.05 -5.74 0 -10.71 -5.78 0 -11.33 -5.27 0 -11.56
4 14 -4.82 0 -11.05 -5.27 0 -11.56 -4.38 0 -11.81 -3.88 0 -11.34
4 14 -3.88 0 -11.34 -4.17 0 -11.87 -3.47 0 -12.07 -3.17 0 -12.07
4 14 -2.93 0 -11.56 -3.88 0 -11.34 -3.17 0 -12.07 -2.96 0 -12.1
4 14 -1.96 0 -11.72 -2.93 0 -11.56 -2.96 0 -12.1 -1.43 0 -12.29
3 14 -4.38 0 -11.81 -4.17 0 -11.87 -3.88 0 -11.34
4 14 -8.9 0 -11.81 -8.54 0 -12.8 -8.4 0 -12.21 -8.64 0 -12
3 14 -8.4 0 -12.21 -8.54 0 -12.8 -8.13 0 -12.32
3 14 -9.1 0 -10.19 -8.33 0 -10.5 -8.21 0 -10.38
4 14 -6.58 0 -10.94 -6.63 0 -10.3 -7.08 0 -10.76 -6.92 0 -10.87
4 14 -6.58 0 -10.94 -6.92 0 -10.87 -7.16 0 -11.44 -6.7 0 -11.18
4 14 -1.27 0 -14.79 -2.09 0 -14.13 -3.06 0 -14.01 -2.53 0 -14.66
3 14 -2.09 0 -14.13 -1.27 0 -14.79 -1.03 0 -14.25
4 14 -.14 0 -14.25 -1.03 0 -14.25 -1.27 0 -14.79 0 0 -14.83
3 14 -.14 0 -14.25 0 0 -14.83 .35 0 -14.25
4 14 0 0 -14.83 1.27 0 -14.79 1.24 0 -14.25 .35 0 -14.25
4 14 1.27 0 -14.79 1.84 0 -14.21 1.24 0 -13.98 1.24 0 -14.25
3 14 1.24 0 -13.98 1.84 0 -14.21 1.8 0 -13.94
4 14 1.24 0 -13.98 1.8 0 -13.94 1.64 0 -12.58 1.24 0 -12.6
4 14 1.24 0 -12.6 1.64 0 -12.58 1.6 0 -12.31 1.24 0 -12.34
4 14 1.96 0 -11.72 .98 0 -11.82 1.24 0 -12.34 1.6 0 -12.31
4 14 0 0 -11.85 .35 0 -12.34 1.24 0 -12.34 .98 0 -11.82
3 14 .35 0 -12.34 0 0 -11.85 -.14 0 -12.34
4 14 -1.03 0 -12.34 -.14 0 -12.34 0 0 -11.85 -.98 0 -11.82
4 14 -1.03 0 -12.34 -.98 0 -11.82 -1.96 0 -11.72 -1.43 0 -12.29
4 14 1.6 0 -12.31 3.12 0 -12.13 2.93 0 -11.56 1.96 0 -11.72
4 14 3.12 0 -12.13 3.45 0 -12.07 3.88 0 -11.34 2.93 0 -11.56
4 14 3.45 0 -12.07 4.87 0 -11.72 4.82 0 -11.05 3.88 0 -11.34
4 14 4.87 0 -11.72 5.09 0 -11.8 5.44 0 -11.6 4.82 0 -11.05
4 14 5.09 0 -11.8 5.3 0 -11.95 5.55 0 -11.85 5.44 0 -11.6
3 14 5.55 0 -11.85 5.3 0 -11.95 5.38 0 -12.25
3 14 5.85 0 -11.97 5.38 0 -12.25 5.28 0 -12.48
4 14 5.81 0 -13.13 5.85 0 -11.97 5.28 0 -12.48 5.51 0 -13.11
3 14 5.85 0 -11.97 5.81 0 -13.13 6.1 0 -13.15
4 14 6.26 0 -13.04 6.25 0 -12.86 5.85 0 -11.97 6.1 0 -13.15
4 14 5.74 0 -10.71 4.82 0 -11.05 5.44 0 -11.6 6.23 0 -11.25
4 14 7.04 0 -10.86 5.74 0 -10.71 6.23 0 -11.25 6.4 0 -11.23
3 14 6.63 0 -10.3 5.74 0 -10.71 7.04 0 -10.86
3 14 6.63 0 -10.3 7.76 0 -10.51 7.33 0 -9.84
4 14 7.76 0 -10.51 8.39 0 -10.14 7.83 0 -9.32 7.33 0 -9.84
3 14 7.83 0 -9.32 8.39 0 -10.14 8.65 0 -9.55
4 14 8.65 0 -9.55 8.39 0 -10.14 8.53 0 -10.37 9.1 0 -10.19
4 14 6.23 0 -11.25 6.34 0 -11.5 6.54 0 -11.46 6.4 0 -11.23
3 14 6.34 0 -11.5 6.21 0 -11.59 6.74 0 -12.79
4 14 6.34 0 -11.5 6.74 0 -12.79 6.92 0 -12.74 6.54 0 -11.46
3 14 7.33 0 -12.4 6.81 0 -11.5 6.92 0 -12.74
4 14 7.36 0 -12.57 7.33 0 -12.4 6.92 0 -12.74 7.21 0 -12.7
3 14 7.21 0 -12.7 6.92 0 -12.74 7 0 -13
4 14 7.21 0 -12.7 7 0 -13 7.42 0 -13.35 7.36 0 -12.88
4 14 7.36 0 -12.88 7.42 0 -13.35 8.54 0 -12.8 7.99 0 -12.52
4 14 7.86 0 -12.29 7.99 0 -12.52 8.54 0 -12.8 8.83 0 -12.1
3 14 8.83 0 -12.1 8.54 0 -12.8 9.62 0 -12.11
4 14 8.83 0 -12.1 9.62 0 -12.11 9.84 0 -11.78 9.16 0 -11.91
4 14 9.84 0 -11.02 9.16 0 -11.91 9.84 0 -11.78 9.92 0 -11.4
3 14 9.16 0 -11.91 9.84 0 -11.02 9.63 0 -10.69
4 14 9.63 0 -10.69 9.1 0 -10.19 8.53 0 -10.37 9.16 0 -11.91
3 14 9.16 0 -11.91 8.53 0 -10.37 8.36 0 -10.47
3 14 1.84 0 -14.21 1.27 0 -14.79 2.53 0 -14.66
4 14 1.84 0 -14.21 2.53 0 -14.66 3.78 0 -14.46 3.47 0 -14.03
4 14 3.78 0 -14.46 3.95 0 -13.91 3.88 0 -13.65 3.47 0 -14.03
3 14 3.47 0 -14.03 3.88 0 -13.65 3.6 0 -13.3
4 14 3.43 0 -12.68 3.52 0 -12.33 3.45 0 -12.07 3.12 0 -12.13
4 14 3.52 0 -12.33 3.43 0 -12.68 3.6 0 -13.3 3.71 0 -12.31
4 14 3.78 0 -14.46 5.02 0 -14.17 4.81 0 -13.68 3.95 0 -13.91
4 14 4.81 0 -13.68 5.02 0 -14.17 6.24 0 -13.8 5.3 0 -13.55
4 14 5.3 0 -13.55 6.24 0 -13.8 6.22 0 -13.35 5.88 0 -13.39
4 14 6.24 0 -13.8 7.42 0 -13.35 7 0 -13 6.22 0 -13.35
3 0 6.16 0 5.7 6.85 0 5.45 7.05 0 5.42
3 2 6.85 0 5.45 6.65 0 5.15 7.05 0 5.42
3 2 7.05 0 5.42 6.65 0 5.15 7.43 0 5.36
