0 Tile  1 x  2 with Metallic Silver and Dark Bluish Gray Lines Pattern
0 Name: 3069bpzi.dat
0 Author: Vincent Messenet [Cheenzo]
0 !LDRAW_ORG Part UPDATE 2020-03
0 !LICENSE Redistributable under CCAL version 2.0 : see CAreadme.txt

0 BFC CERTIFY CCW

0 !KEYWORDS BrickLink 3069bpb632, BrickHeadz, Set 41601, Cyborg, Justice League

0 !HISTORY 2020-12-29 [PTadmin] Official Update 2020-03

1 16 0 0 0 1 0 0 0 1 0 0 0 1 s\3069bs01.dat

4 72 -15.5 0 7.5 -11.25 0 4.5 0 0 1.75 0 0 4.5
4 72 0 0 4.5 0 0 1.75 11.25 0 4.5 15.5 0 7.5
4 72 -7.95 0 -2.25 -7.425 0 -4.5 0 0 -6.5 0 0 -4
4 72 7.95 0 -2.25 0 0 -4 0 0 -6.5 7.425 0 -4.5
4 80 -11.25 0 4.5 -15.5 0 7.5 -19.5 0 8.25 -10.5 0 2
4 80 -9 0 2.25 -11.25 0 4.5 -10.5 0 2 -8.3 0 -.75
4 80 -11.25 0 4.5 -9 0 2.25 0 0 .25 0 0 1.75
4 80 0 0 .25 9 0 2.25 11.25 0 4.5 0 0 1.75
4 80 10.5 0 2 11.25 0 4.5 9 0 2.25 8.3 0 -.75
4 80 15.5 0 7.5 11.25 0 4.5 10.5 0 2 19.5 0 8.25
4 80 -19.5 0 9.5 -19.5 0 8.25 -15.5 0 7.5 0 0 6
3 80 0 0 4.5 0 0 6 -15.5 0 7.5
3 80 0 0 6 0 0 4.5 15.5 0 7.5
4 80 0 0 6 15.5 0 7.5 19.5 0 8.25 19.5 0 9.5
3 80 -8.3 0 -.75 -10.5 0 2 -7.95 0 -2.25
4 80 -7.425 0 -4.5 -7.95 0 -2.25 -10.5 0 2 -7.75 0 -9.5
4 80 -6.25 0 -9.5 -7 0 -6.25 -7.425 0 -4.5 -7.75 0 -9.5
4 80 -7.425 0 -4.5 -7 0 -6.25 0 0 -8 0 0 -6.5
4 80 7.425 0 -4.5 0 0 -6.5 0 0 -8 7 0 -6.25
4 80 7.425 0 -4.5 7 0 -6.25 6.25 0 -9.5 7.75 0 -9.5
4 80 7.95 0 -2.25 7.425 0 -4.5 7.75 0 -9.5 10.5 0 2
3 80 10.5 0 2 8.3 0 -.75 7.95 0 -2.25
4 80 -8.3 0 -.75 -7.95 0 -2.25 0 0 -4 0 0 -2.5
4 80 8.3 0 -.75 0 0 -2.5 0 0 -4 7.95 0 -2.25
4 80 -19.5 0 2.5 -19.5 0 1 -14.25 0 -3.5 -13 0 -2.5
4 80 -14.25 0 -3.5 -12.75 0 -9.5 -11.25 0 -9.5 -13 0 -2.5
4 80 -18.25 0 -7.5 -17.25 0 -6.5 -19.5 0 -4.75 -19.5 0 -6.25
4 80 -17.75 0 -9.5 -16.25 0 -9.5 -17.25 0 -6.5 -18.25 0 -7.5
4 80 14.25 0 -3.5 19.5 0 1 19.5 0 2.5 13 0 -2.5
4 80 12.75 0 -9.5 14.25 0 -3.5 13 0 -2.5 11.25 0 -9.5
4 80 18.25 0 -7.5 19.5 0 -6.25 19.5 0 -4.75 17.25 0 -6.5
4 80 16.25 0 -9.5 17.75 0 -9.5 18.25 0 -7.5 17.25 0 -6.5
4 16 -9 0 2.25 -8.3 0 -.75 0 0 -2.5 0 0 .25
4 16 8.3 0 -.75 9 0 2.25 0 0 .25 0 0 -2.5
3 16 0 0 -8 -6.25 0 -9.5 6.25 0 -9.5
3 16 -6.25 0 -9.5 0 0 -8 -7 0 -6.25
3 16 6.25 0 -9.5 7 0 -6.25 0 0 -8
4 16 -13 0 -2.5 -11.25 0 -9.5 -7.75 0 -9.5 -10.5 0 2
4 16 -10.5 0 2 -19.5 0 8.25 -19.5 0 2.5 -13 0 -2.5
4 16 -17.25 0 -6.5 -16.25 0 -9.5 -12.75 0 -9.5 -14.25 0 -3.5
4 16 -19.5 0 -4.75 -17.25 0 -6.5 -14.25 0 -3.5 -19.5 0 1
4 16 11.25 0 -9.5 13 0 -2.5 10.5 0 2 7.75 0 -9.5
4 16 10.5 0 2 13 0 -2.5 19.5 0 2.5 19.5 0 8.25
4 16 12.75 0 -9.5 16.25 0 -9.5 17.25 0 -6.5 14.25 0 -3.5
4 16 19.5 0 1 14.25 0 -3.5 17.25 0 -6.5 19.5 0 -4.75
3 16 -19.5 0 9.5 0 0 6 19.5 0 9.5
4 16 -20 0 10 -19.5 0 9.5 19.5 0 9.5 20 0 10
3 16 20 0 10 19.5 0 9.5 19.5 0 8.25
3 16 20 0 10 19.5 0 8.25 19.5 0 2.5
4 16 20 0 10 19.5 0 2.5 19.5 0 1 20 0 -10
3 16 20 0 -10 19.5 0 1 19.5 0 -4.75
3 16 20 0 -10 19.5 0 -4.75 19.5 0 -6.25
4 16 20 0 -10 19.5 0 -6.25 18.25 0 -7.5 17.75 0 -9.5
3 16 20 0 -10 17.75 0 -9.5 16.25 0 -9.5
3 16 20 0 -10 16.25 0 -9.5 12.75 0 -9.5
3 16 20 0 -10 12.75 0 -9.5 11.25 0 -9.5
3 16 20 0 -10 11.25 0 -9.5 7.75 0 -9.5
3 16 20 0 -10 7.75 0 -9.5 6.25 0 -9.5
4 16 20 0 -10 6.25 0 -9.5 -6.25 0 -9.5 -20 0 -10
3 16 -6.25 0 -9.5 -7.75 0 -9.5 -20 0 -10
3 16 -20 0 -10 -7.75 0 -9.5 -11.25 0 -9.5
3 16 -20 0 -10 -11.25 0 -9.5 -12.75 0 -9.5
3 16 -20 0 -10 -12.75 0 -9.5 -16.25 0 -9.5
3 16 -20 0 -10 -16.25 0 -9.5 -17.75 0 -9.5
4 16 -20 0 -10 -17.75 0 -9.5 -18.25 0 -7.5 -19.5 0 -6.25
3 16 -20 0 -10 -19.5 0 -6.25 -19.5 0 -4.75
3 16 -20 0 -10 -19.5 0 -4.75 -19.5 0 1
4 16 -19.5 0 2.5 -20 0 10 -20 0 -10 -19.5 0 1
3 16 -20 0 10 -19.5 0 2.5 -19.5 0 8.25
3 16 -20 0 10 -19.5 0 8.25 -19.5 0 9.5
