0 Tile  1 x  2 with Computer Pattern
0 Name: 3069bp25.dat
0 Author: Jaco van der Molen [Jaco]
0 !LDRAW_ORG Part UPDATE 2002-02
0 !LICENSE Redistributable under CCAL version 2.0 : see CAreadme.txt

0 !KEYWORDS controls, display, button, buttons, dial, burst, starburst, Space

0 !HISTORY 2000-12-18 [fwcain] Replaced pattern polygons with primitives and lines with quads
0 !HISTORY 2002-04-25 [PTadmin] Official Update 2002-02
0 !HISTORY 2007-06-13 [PTadmin] Header formatted for Contributor Agreement
0 !HISTORY 2008-07-01 [PTadmin] Official Update 2008-01

 1 16 0 0 0 1 0 0 0 1 0 0 0 1 s\3069bs01.dat
0
 4 16 -20 0 -10 20 0 -10 18.25 0 -8.25 -18.25 0 -8.25
 4 16 -20 0 10 20 0 10 18.25 0 8.25 -18.25 0 8.25
 4 16 -20 0 -10 -20 0 10 -18.25 0 8.25 -18.25 0 -8.25
 4 16 20 0 -10 20 0 10 18.25 0 8.25 18.25 0 -8.25
0
 1 0 -16 0 -6 -0.25 0 0 0 1 0 0 0 -0.25 1-4ring7.dat
 1 0 16 0 -6 0.25 0 0 0 1 0 0 0 -0.25 1-4ring7.dat
 1 0 -16 0 6 -0.25 0 0 0 1 0 0 0 0.25 1-4ring7.dat
 1 0 16 0 6 0.25 0 0 0 1 0 0 0 0.25 1-4ring7.dat
0
 1 0 -16 0 -6 -0.25 0 0 0 1 0 0 0 -0.25 1-4ring8.dat
 1 0 16 0 -6 0.25 0 0 0 1 0 0 0 -0.25 1-4ring8.dat
 1 0 -16 0 6 -0.25 0 0 0 1 0 0 0 0.25 1-4ring8.dat
 1 0 16 0 6 0.25 0 0 0 1 0 0 0 0.25 1-4ring8.dat
0
 1 16 -16 0 -6 -2.25 0 0 0 1 0 0 0 -2.25 1-4ndis.dat
 1 16 16 0 -6 2.25 0 0 0 1 0 0 0 -2.25 1-4ndis.dat
 1 16 -16 0 6 -2.25 0 0 0 1 0 0 0 2.25 1-4ndis.dat
 1 16 16 0 6 2.25 0 0 0 1 0 0 0 2.25 1-4ndis.dat
0
 1 16 -16 0 -6 -1.75 0 0 0 1 0 0 0 -1.75 1-4disc.dat
 1 16 16 0 -6 1.75 0 0 0 1 0 0 0 -1.75 1-4disc.dat
 1 16 -16 0 6 -1.75 0 0 0 1 0 0 0 1.75 1-4disc.dat
 1 16 16 0 6 1.75 0 0 0 1 0 0 0 1.75 1-4disc.dat
0
 4 0 -16 0 -7.75 16 0 -7.75 16 0 -8.25 -16 0 -8.25
 4 0 -16 0 7.75 16 0 7.75 16 0 8.25 -16 0 8.25
0
 4 0 -17.75 0 -6 -17.75 0 6 -18.25 0 6 -18.25 0 -6
 4 0 17.75 0 -6 17.75 0 6 18.25 0 6 18.25 0 -6
0
 2 0 -16 0 -8 16 0 -8
 2 0 -16 0 8 16 0 8
0
 2 0 -18 0 -6 -18 0 6
 2 0 18 0 -6 18 0 6
0
 4 4 4 0 -1 4 0 -6 9 0 -6 9 0 -1
 4 4 4 0 1 4 0 6 9 0 6 9 0 1
 4 0 11 0 -1 11 0 -6 16 0 -6 16 0 -1
 4 0 11 0 1 11 0 6 16 0 6 16 0 1
0
 4 0 -13 0 -6 -1 0 -6 -1.50 0 -5.50 -12.50 0 -5.5
 4 0 -13 0 6 -1 0 6 -1.50 0 5.50 -12.50 0 5.5
0
 4 0 -13 0 -6 -13 0 6 -12.50 0 5.50 -12.50 0 -5.5
 4 0 -1 0 -6 -1 0 6 -1.50 0 5.50 -1.50 0 -5.5
0
 2 0 -12.75 0 -5.75 -1.25 0 -5.75
 2 0 -12.75 0 5.75 -1.25 0 5.75
0
 2 0 -12.75 0 -5.75 -12.75 0 5.75
 2 0 -1.25 0 5.75 -1.25 0 -5.75
0
 3 16 -7 0 0 -7.12 0 -1.50 -6.88 0 -1.50
 3 16 -7 0 0 -7.12 0 1.50 -6.88 0 1.50
 3 16 -7 0 0 -8.50 0 -0.12 -8.50 0 0.12
 3 16 -7 0 0 -5.50 0 -0.12 -5.50 0 0.12
0
 3 16 -7 0 0 -7.91 0 -1.09 -8.09 0 -0.91
 3 16 -7 0 0 -6.09 0 -1.09 -5.91 0 -0.91
 3 16 -7 0 0 -7.91 0 1.09 -8.09 0 0.91
 3 16 -7 0 0 -6.09 0 1.09 -5.91 0 0.91
0
 3 16 -7 0 0 -7.12 0 -1.50 -7.91 0 -1.09
 3 16 -7 0 0 -6.88 0 -1.50 -6.09 0 -1.09
 3 16 -7 0 0 -7.12 0 1.50 -7.91 0 1.09
 3 16 -7 0 0 -6.88 0 1.50 -6.09 0 1.09
 3 16 -7 0 0 -8.50 0 -0.12 -8.09 0 -0.91
 3 16 -7 0 0 -5.50 0 -0.12 -5.91 0 -0.91
 3 16 -7 0 0 -8.50 0 0.12 -8.09 0 0.91
 3 16 -7 0 0 -5.50 0 0.12 -5.91 0 0.91
0
 4 4 -7.12 0 -1.50 -6.88 0 -1.50 -6.88 0 -5.50 -7.12 0 -5.50
 4 4 -7.12 0 1.50 -6.88 0 1.50 -6.88 0 5.50 -7.12 0 5.50
 2 4 -7 0 -1.50 -7 0 -5.50
 2 4 -7 0 1.50 -7 0 5.50
 4 4 -8.50 0 -0.12 -8.50 0 0.12 -12.50 0 0.12 -12.50 0 -0.12
 4 4 -5.50 0 -0.12 -5.50 0 0.12 -1.50 0 0.12 -1.50 0 -0.12
 2 4 -8.50 0 0 -12.50 0 0
 2 4 -5.50 0 0 -1.50 0 0
0
 4 4 -8.09 0 -0.91 -7.91 0 -1.09 -12.32 0 -5.50 -12.50 0 -5.32
 4 4 -5.91 0 -0.91 -6.09 0 -1.09 -1.68 0 -5.50 -1.50 0 -5.32
 4 4 -8.09 0 0.91 -7.91 0 1.09 -12.32 0 5.50 -12.50 0 5.32
 4 4 -5.91 0 0.91 -6.09 0 1.09 -1.68 0 5.50 -1.50 0 5.32
 3 4 -12.50 0 -5.50 -12.32 0 -5.50 -12.50 0 -5.32
 3 4 -1.50 0 -5.50 -1.68 0 -5.50 -1.50 0 -5.32
 3 4 -12.50 0 5.50 -12.32 0 5.50 -12.50 0 5.32
 3 4 -1.50 0 5.50 -1.68 0 5.50 -1.50 0 5.32
 2 4 -8 0 -1 -12.50 0 -5.50
 2 4 -6 0 -1 -1.50 0 -5.50
 2 4 -8 0 1 -12.50 0 5.50
 2 4 -6 0 1 -1.50 0 5.50
0
 4 4 -8.01 0 -2.83 -8.27 0 -2.72 -9.44 0 -5.50 -9.14 0 -5.50
 4 4 -5.99 0 -2.83 -5.73 0 -2.72 -4.56 0 -5.50 -4.86 0 -5.50
 4 4 -8.01 0 2.83 -8.27 0 2.72 -9.44 0 5.50 -9.14 0 5.50
 4 4 -5.99 0 2.83 -5.73 0 2.72 -4.56 0 5.50 -4.86 0 5.50
 2 4 -8.15 0 -2.77 -9.29 0 -5.50
 2 4 -5.85 0 -2.77 -4.71 0 -5.50
 2 4 -8.15 0 2.77 -9.29 0 5.50
 2 4 -5.85 0 2.77 -4.71 0 5.50
 4 16 -7.12 0 -1.50 -8.01 0 -2.83 -8.27 0 -2.72 -7.91 0 -1.09
 4 16 -6.88 0 -1.50 -5.99 0 -2.83 -5.73 0 -2.72 -6.09 0 -1.09
 4 16 -7.12 0 1.50 -8.01 0 2.83 -8.27 0 2.72 -7.91 0 1.09
 4 16 -6.88 0 1.50 -5.99 0 2.83 -5.73 0 2.72 -6.09 0 1.09
 4 16 -7.12 0 -1.50 -8.01 0 -2.83 -9.14 0 -5.50 -7.12 0 -5.50
 4 16 -6.88 0 -1.50 -5.99 0 -2.83 -4.86 0 -5.50 -6.88 0 -5.50
 4 16 -7.12 0 1.50 -8.01 0 2.83 -9.14 0 5.50 -7.12 0 5.50
 4 16 -6.88 0 1.50 -5.99 0 2.83 -4.86 0 5.50 -6.88 0 5.50
 4 16 -7.91 0 -1.09 -8.27 0 -2.72 -9.44 0 -5.50 -12.32 0 -5.50
 4 16 -6.09 0 -1.09 -5.73 0 -2.72 -4.56 0 -5.50 -1.68 0 -5.50
 4 16 -7.91 0 1.09 -8.27 0 2.72 -9.44 0 5.50 -12.32 0 5.50
 4 16 -6.09 0 1.09 -5.73 0 2.72 -4.56 0 5.50 -1.68 0 5.50
 4 4 -9.83 0 -1.01 -9.72 0 -1.27 -12.50 0 -2.44 -12.50 0 -2.14
 4 4 -4.17 0 -1.01 -4.28 0 -1.27 -1.50 0 -2.44 -1.50 0 -2.14
 4 4 -9.83 0 1.01 -9.72 0 1.27 -12.50 0 2.44 -12.50 0 2.14
 4 4 -4.17 0 1.01 -4.28 0 1.27 -1.50 0 2.44 -1.50 0 2.14
 2 4 -9.77 0 -1.15 -12.50 0 -2.29
 2 4 -4.23 0 -1.15 -1.50 0 -2.29
 2 4 -9.77 0 1.15 -12.50 0 2.29
 2 4 -4.23 0 1.15 -1.50 0 2.29
 4 16 -8.50 0 -0.12 -9.83 0 -1.01 -9.72 0 -1.27 -8.09 0 -0.91
 4 16 -5.50 0 -0.12 -4.17 0 -1.01 -4.28 0 -1.27 -5.91 0 -0.91
 4 16 -8.50 0 0.12 -9.83 0 1.01 -9.72 0 1.27 -8.09 0 0.91
 4 16 -5.50 0 0.12 -4.17 0 1.01 -4.28 0 1.27 -5.91 0 0.91
 4 16 -8.50 0 -0.12 -9.83 0 -1.01 -12.50 0 -2.14 -12.50 0 -0.12
 4 16 -5.50 0 -0.12 -4.17 0 -1.01 -1.50 0 -2.14 -1.50 0 -0.12
 4 16 -8.50 0 0.12 -9.83 0 1.01 -12.50 0 2.14 -12.50 0 0.12
 4 16 -5.50 0 0.12 -4.17 0 1.01 -1.50 0 2.14 -1.50 0 0.12
 4 16 -8.09 0 -0.91 -9.72 0 -1.27 -12.50 0 -2.44 -12.50 0 -5.32
 4 16 -5.91 0 -0.91 -4.28 0 -1.27 -1.50 0 -2.44 -1.50 0 -5.32
 4 16 -8.09 0 0.91 -9.72 0 1.27 -12.50 0 2.44 -12.50 0 5.32
 4 16 -5.91 0 0.91 -4.28 0 1.27 -1.50 0 2.44 -1.50 0 5.32
0
 4 16 -16 0 -6 16 0 -6 16 0 -7.75 -16 0 -7.75
 4 16 -16 0 6 16 0 6 16 0 7.75 -16 0 7.75
 4 16 -13 0 -6 -13 0 6 -17.75 0 6 -17.75 0 -6
 4 16 16 0 -6 16 0 6 17.75 0 6 17.75 0 -6
 4 16 -1 0 -6 4 0 -6 4 0 6 -1 0 6
 4 16 4 0 -1 9 0 -1 9 0 1 4 0 1
 4 16 9 0 -6 11 0 -6 11 0 6 9 0 6
 4 16 11 0 -1 16 0 -1 16 0 1 11 0 1
0
