0 Tile  1 x  1 with Joker Pattern
0 Name: 3070bpb2.dat
0 Author: Vincent Messenet [Cheenzo]
0 !LDRAW_ORG Part UPDATE 2019-02
0 !LICENSE Redistributable under CCAL version 2.0 : see CAreadme.txt

0 BFC CERTIFY CCW

0 !KEYWORDS BrickLink 3070bpb125, Set 853744

0 !HISTORY 2019-09-09 [PTadmin] Official Update 2019-02

1 16 0 0 0 1 0 0 0 1 0 0 0 1 s\3070bs01.dat

4 11 0 0 -7.5 -.5 0 -4.95 -1.1 0 -4.8 -.383 0 -7.576
4 11 -1.3 0 -5.8 -1.15 0 -6.25 -.383 0 -7.576 -1.1 0 -4.8
4 11 -.85 0 -7.5 -.55 0 -7.65 -.383 0 -7.576 -1.15 0 -6.25
3 11 -.85 0 -7.5 -1.15 0 -6.25 -1.05 0 -7.2
3 11 -1.3 0 -5.8 -1.1 0 -4.8 -1.75 0 -5.35
4 11 -2.35 0 -5.2 -1.75 0 -5.35 -1.1 0 -4.8 -1.9 0 -4.55
4 11 -2.9 0 -5.35 -2.35 0 -5.2 -1.9 0 -4.55 -2.55 0 -4.15
4 11 -4.65 0 -4.5 -2.9 0 -5.35 -2.55 0 -4.15 -2.75 0 -3.85
4 11 -2.9 0 -5.35 -4.65 0 -4.5 -5.35 0 -5.9 -3.25 0 -5.75
4 11 -3.25 0 -5.75 -5.35 0 -5.9 -5.45 0 -6.55 -3.75 0 -6.95
4 11 -4.393 0 -7.293 -3.75 0 -6.95 -5.45 0 -6.55 -4.717 0 -7.076
3 11 -4.717 0 -7.076 -5.45 0 -6.55 -5.1 0 -7
3 11 -5.1 0 -7 -5.45 0 -6.55 -5.35 0 -7
4 11 -3.75 0 -6.95 -4.393 0 -7.293 -4.25 0 -7.45 -4 0 -7.45
3 11 -4.65 0 -4.5 -2.75 0 -3.85 -2.8 0 -3.5
4 11 -3.25 0 -3.35 -4.5 0 -3.95 -4.65 0 -4.5 -2.8 0 -3.5
4 11 -3.75 0 -2.95 -4.7 0 -3.6 -4.5 0 -3.95 -3.25 0 -3.35
4 11 -4.05 0 -2.45 -5.15 0 -3.55 -4.7 0 -3.6 -3.75 0 -2.95
3 11 -5.15 0 -3.55 -4.05 0 -2.45 -5.65 0 -2.35
4 11 -4.6 0 -1.75 -5.65 0 -2.35 -4.05 0 -2.45 -4.1 0 -1.9
3 11 -4.6 0 -1.75 -4.1 0 -1.9 -4.25 0 -1.75
4 11 -6.6 0 -3.3 -5.15 0 -3.55 -5.65 0 -2.35 -6.15 0 -2.75
4 11 -6.467 0 -3.826 -6.143 0 -4.043 -5.15 0 -3.55 -6.6 0 -3.3
4 11 -5.15 0 -3.55 -6.143 0 -4.043 -5.926 0 -4.367 -5.7 0 -4.35
3 11 -6.6 0 -3.3 -6.65 0 -3.75 -6.467 0 -3.826
3 11 -.5 0 -4.95 0 0 -7.5 .5 0 -4.95
4 11 1.1 0 -4.8 .5 0 -4.95 0 0 -7.5 .383 0 -7.576
4 11 .383 0 -7.576 1.15 0 -6.25 1.3 0 -5.8 1.1 0 -4.8
4 11 .383 0 -7.576 .55 0 -7.65 .85 0 -7.5 1.15 0 -6.25
3 11 1.15 0 -6.25 .85 0 -7.5 1.05 0 -7.2
3 11 1.1 0 -4.8 1.3 0 -5.8 1.75 0 -5.35
4 11 1.1 0 -4.8 1.75 0 -5.35 2.35 0 -5.2 1.9 0 -4.55
4 11 1.9 0 -4.55 2.35 0 -5.2 2.9 0 -5.35 2.55 0 -4.15
4 11 2.55 0 -4.15 2.9 0 -5.35 4.65 0 -4.5 2.75 0 -3.85
4 11 5.35 0 -5.9 4.65 0 -4.5 2.9 0 -5.35 3.25 0 -5.75
4 11 5.45 0 -6.55 5.35 0 -5.9 3.25 0 -5.75 3.75 0 -6.95
4 11 5.45 0 -6.55 3.75 0 -6.95 4.393 0 -7.293 4.717 0 -7.076
3 11 5.45 0 -6.55 4.717 0 -7.076 5.1 0 -7
3 11 5.45 0 -6.55 5.1 0 -7 5.35 0 -7
4 11 4.25 0 -7.45 4.393 0 -7.293 3.75 0 -6.95 4 0 -7.45
3 11 2.75 0 -3.85 4.65 0 -4.5 2.8 0 -3.5
4 11 4.65 0 -4.5 4.5 0 -3.95 3.25 0 -3.35 2.8 0 -3.5
4 11 4.5 0 -3.95 4.7 0 -3.6 3.75 0 -2.95 3.25 0 -3.35
4 11 4.7 0 -3.6 5.15 0 -3.55 4.05 0 -2.45 3.75 0 -2.95
3 11 4.05 0 -2.45 5.15 0 -3.55 5.65 0 -2.35
4 11 4.05 0 -2.45 5.65 0 -2.35 4.6 0 -1.75 4.1 0 -1.9
3 11 4.1 0 -1.9 4.6 0 -1.75 4.25 0 -1.75
4 11 5.65 0 -2.35 5.15 0 -3.55 6.6 0 -3.3 6.15 0 -2.75
4 11 5.15 0 -3.55 6.143 0 -4.043 6.467 0 -3.826 6.6 0 -3.3
4 11 5.926 0 -4.367 6.143 0 -4.043 5.15 0 -3.55 5.7 0 -4.35
3 11 6.65 0 -3.75 6.6 0 -3.3 6.467 0 -3.826
4 4 -4.909 0 -7.538 -5.1 0 -7.5 -5.291 0 -7.538 -4.746 0 -7.646
4 4 -4.638 0 -7.809 -4.746 0 -7.646 -5.291 0 -7.538 -5.454 0 -7.646
4 4 -4.6 0 -8 -4.638 0 -7.809 -5.454 0 -7.646 -5.562 0 -7.809
4 4 -4.638 0 -8.191 -4.6 0 -8 -5.562 0 -7.809 -5.6 0 -8
4 4 -4.746 0 -8.354 -4.638 0 -8.191 -5.6 0 -8 -5.562 0 -8.191
4 4 -4.909 0 -8.462 -4.746 0 -8.354 -5.562 0 -8.191 -5.454 0 -8.354
4 4 -5.1 0 -8.5 -4.909 0 -8.462 -5.454 0 -8.354 -5.291 0 -8.462
4 4 4.746 0 -7.646 4.638 0 -7.809 5.1 0 -7.5 4.909 0 -7.538
4 4 5.291 0 -7.538 5.1 0 -7.5 4.638 0 -7.809 4.6 0 -8
4 4 5.454 0 -7.646 5.291 0 -7.538 4.6 0 -8 4.638 0 -8.191
4 4 5.562 0 -7.809 5.454 0 -7.646 4.638 0 -8.191 4.746 0 -8.354
4 4 5.6 0 -8 5.562 0 -7.809 4.746 0 -8.354 4.909 0 -8.462
4 4 5.562 0 -8.191 5.6 0 -8 4.909 0 -8.462 5.1 0 -8.5
4 4 5.454 0 -8.354 5.562 0 -8.191 5.1 0 -8.5 5.291 0 -8.462
4 0 0 0 -9.5 .383 0 -9.424 .707 0 -9.207 .924 0 -8.883
4 0 0 0 -9.5 .924 0 -8.883 1 0 -8.5 -.383 0 -9.424
4 0 -.383 0 -9.424 1 0 -8.5 1 0 -8.25 -.707 0 -9.207
4 0 -.707 0 -9.207 1 0 -8.25 .55 0 -7.65 -.924 0 -8.883
3 0 -.924 0 -8.883 .55 0 -7.65 -1 0 -8.5
4 0 -1 0 -8.5 .55 0 -7.65 .383 0 -7.576 -1 0 -8.25
4 0 -1 0 -8.25 .383 0 -7.576 0 0 -7.5 -.383 0 -7.576
3 0 -.383 0 -7.576 -.55 0 -7.65 -1 0 -8.25
4 0 -.55 0 -7.65 -.85 0 -7.5 -1.45 0 -7.95 -1 0 -8.25
4 0 -.85 0 -7.5 -1.05 0 -7.2 -1.75 0 -7.4 -1.45 0 -7.95
4 0 -1.05 0 -7.2 -1.15 0 -6.25 -1.9 0 -6.4 -1.75 0 -7.4
4 0 -1.15 0 -6.25 -1.3 0 -5.8 -2 0 -6.2 -1.9 0 -6.4
4 0 -1.3 0 -5.8 -1.75 0 -5.35 -2.25 0 -6.1 -2 0 -6.2
3 0 -2.25 0 -6.1 -1.75 0 -5.35 -2.35 0 -5.2
4 0 -2.25 0 -6.1 -2.35 0 -5.2 -2.9 0 -5.35 -2.6 0 -6.2
4 0 -2.85 0 -6.65 -2.6 0 -6.2 -2.9 0 -5.35 -3.25 0 -5.75
4 0 -3.25 0 -5.75 -3.75 0 -6.95 -3.1 0 -7.25 -2.85 0 -6.65
4 0 -3.1 0 -7.25 -3.75 0 -6.95 -4 0 -7.45 -3.5 0 -7.8
4 0 -3.5 0 -7.8 -4 0 -7.45 -4.25 0 -7.45 -4.1 0 -8.2
4 0 -4.25 0 -7.45 -4.638 0 -7.809 -4.6 0 -8 -4.1 0 -8.2
4 0 -4.176 0 -8.383 -4.1 0 -8.2 -4.6 0 -8 -4.638 0 -8.191
4 0 -4.393 0 -8.707 -4.176 0 -8.383 -4.638 0 -8.191 -4.746 0 -8.354
4 0 -4.717 0 -8.924 -4.393 0 -8.707 -4.746 0 -8.354 -4.909 0 -8.462
4 0 -5.1 0 -9 -4.717 0 -8.924 -4.909 0 -8.462 -5.1 0 -8.5
4 0 -5.1 0 -9 -5.1 0 -8.5 -5.291 0 -8.462 -5.48 0 -8.92
4 0 -5.48 0 -8.92 -5.291 0 -8.462 -5.454 0 -8.354 -5.807 0 -8.707
4 0 -5.807 0 -8.707 -5.454 0 -8.354 -5.562 0 -8.191 -6.024 0 -8.383
4 0 -6.024 0 -8.383 -5.562 0 -8.191 -5.6 0 -8 -6.1 0 -8
4 0 -6.1 0 -8 -5.6 0 -8 -5.562 0 -7.809 -6.024 0 -7.617
4 0 -6.024 0 -7.617 -5.562 0 -7.809 -5.454 0 -7.646 -5.9 0 -7.4
4 0 -5.9 0 -7.4 -5.454 0 -7.646 -5.291 0 -7.538 -5.35 0 -7
4 0 -5.35 0 -7 -5.291 0 -7.538 -5.1 0 -7.5 -5.1 0 -7
4 0 -4.717 0 -7.076 -5.1 0 -7 -5.1 0 -7.5 -4.909 0 -7.538
4 0 -4.393 0 -7.293 -4.717 0 -7.076 -4.909 0 -7.538 -4.746 0 -7.646
4 0 -4.393 0 -7.293 -4.746 0 -7.646 -4.638 0 -7.809 -4.25 0 -7.45
4 0 -5.45 0 -6.55 -6 0 -7.1 -5.9 0 -7.4 -5.35 0 -7
3 0 -6 0 -7.1 -5.45 0 -6.55 -6.1 0 -6.25
4 0 -5.45 0 -6.55 -5.35 0 -5.9 -6 0 -5.7 -6.1 0 -6.25
4 0 -4.65 0 -4.5 -5.926 0 -5.133 -6 0 -5.7 -5.35 0 -5.9
4 0 -4.65 0 -4.5 -5.7 0 -4.35 -5.926 0 -4.367 -5.926 0 -5.133
4 0 -5.7 0 -4.35 -4.65 0 -4.5 -4.5 0 -3.95 -5.15 0 -3.55
3 0 -5.15 0 -3.55 -4.5 0 -3.95 -4.7 0 -3.6
4 0 -6.14 0 -5.46 -5.926 0 -5.133 -5.926 0 -4.367 -6.143 0 -4.043
4 0 -6.467 0 -5.674 -6.14 0 -5.46 -6.143 0 -4.043 -6.467 0 -3.826
4 0 -6.467 0 -5.674 -6.467 0 -3.826 -6.65 0 -3.75 -6.85 0 -5.75
4 0 -6.85 0 -5.75 -6.65 0 -3.75 -7.4 0 -3.9 -7.233 0 -5.674
4 0 -7.557 0 -5.457 -7.233 0 -5.674 -7.4 0 -3.9 -7.557 0 -4.043
4 0 -7.557 0 -5.457 -7.557 0 -4.043 -7.774 0 -4.367 -7.774 0 -5.133
3 0 -7.774 0 -4.367 -7.85 0 -4.75 -7.774 0 -5.133
4 0 -6.6 0 -3.3 -7.4 0 -3.4 -7.4 0 -3.9 -6.65 0 -3.75
4 0 -7.4 0 -3.4 -6.6 0 -3.3 -6.15 0 -2.75 -7.15 0 -2.8
4 0 -5.65 0 -2.35 -6 0 -1.75 -7.15 0 -2.8 -6.15 0 -2.75
4 0 -6 0 -1.75 -5.65 0 -2.35 -4.6 0 -1.75 -4.95 0 -1.15
4 0 -4.25 0 -1.75 -4.15 0 -1 -4.95 0 -1.15 -4.6 0 -1.75
4 0 1.45 0 -7.95 .85 0 -7.5 .55 0 -7.65 1 0 -8.25
4 0 1.75 0 -7.4 1.05 0 -7.2 .85 0 -7.5 1.45 0 -7.95
4 0 1.9 0 -6.4 1.15 0 -6.25 1.05 0 -7.2 1.75 0 -7.4
4 0 2 0 -6.2 1.3 0 -5.8 1.15 0 -6.25 1.9 0 -6.4
4 0 2.25 0 -6.1 1.75 0 -5.35 1.3 0 -5.8 2 0 -6.2
3 0 1.75 0 -5.35 2.25 0 -6.1 2.35 0 -5.2
4 0 2.9 0 -5.35 2.35 0 -5.2 2.25 0 -6.1 2.6 0 -6.2
4 0 2.9 0 -5.35 2.6 0 -6.2 2.85 0 -6.65 3.25 0 -5.75
4 0 3.1 0 -7.25 3.75 0 -6.95 3.25 0 -5.75 2.85 0 -6.65
4 0 4 0 -7.45 3.75 0 -6.95 3.1 0 -7.25 3.5 0 -7.8
4 0 4.25 0 -7.45 4 0 -7.45 3.5 0 -7.8 4.1 0 -8.2
4 0 4.6 0 -8 4.638 0 -7.809 4.25 0 -7.45 4.1 0 -8.2
4 0 4.6 0 -8 4.1 0 -8.2 4.176 0 -8.383 4.638 0 -8.191
4 0 4.638 0 -8.191 4.176 0 -8.383 4.393 0 -8.707 4.746 0 -8.354
4 0 4.746 0 -8.354 4.393 0 -8.707 4.717 0 -8.924 4.909 0 -8.462
4 0 4.909 0 -8.462 4.717 0 -8.924 5.1 0 -9 5.1 0 -8.5
4 0 5.291 0 -8.462 5.1 0 -8.5 5.1 0 -9 5.48 0 -8.92
4 0 5.454 0 -8.354 5.291 0 -8.462 5.48 0 -8.92 5.807 0 -8.707
4 0 5.562 0 -8.191 5.454 0 -8.354 5.807 0 -8.707 6.024 0 -8.383
4 0 5.6 0 -8 5.562 0 -8.191 6.024 0 -8.383 6.1 0 -8
4 0 5.562 0 -7.809 5.6 0 -8 6.1 0 -8 6.024 0 -7.617
4 0 5.454 0 -7.646 5.562 0 -7.809 6.024 0 -7.617 5.9 0 -7.4
4 0 5.291 0 -7.538 5.454 0 -7.646 5.9 0 -7.4 5.35 0 -7
4 0 5.1 0 -7.5 5.291 0 -7.538 5.35 0 -7 5.1 0 -7
4 0 5.1 0 -7.5 5.1 0 -7 4.717 0 -7.076 4.909 0 -7.538
4 0 4.909 0 -7.538 4.717 0 -7.076 4.393 0 -7.293 4.746 0 -7.646
4 0 4.638 0 -7.809 4.746 0 -7.646 4.393 0 -7.293 4.25 0 -7.45
4 0 5.9 0 -7.4 6 0 -7.1 5.45 0 -6.55 5.35 0 -7
3 0 5.45 0 -6.55 6 0 -7.1 6.1 0 -6.25
4 0 6 0 -5.7 5.35 0 -5.9 5.45 0 -6.55 6.1 0 -6.25
4 0 6 0 -5.7 5.926 0 -5.133 4.65 0 -4.5 5.35 0 -5.9
4 0 5.926 0 -4.367 5.7 0 -4.35 4.65 0 -4.5 5.926 0 -5.133
4 0 4.5 0 -3.95 4.65 0 -4.5 5.7 0 -4.35 5.15 0 -3.55
3 0 4.5 0 -3.95 5.15 0 -3.55 4.7 0 -3.6
4 0 5.926 0 -4.367 5.926 0 -5.133 6.14 0 -5.46 6.143 0 -4.043
4 0 6.143 0 -4.043 6.14 0 -5.46 6.467 0 -5.674 6.467 0 -3.826
4 0 6.65 0 -3.75 6.467 0 -3.826 6.467 0 -5.674 6.85 0 -5.75
4 0 7.4 0 -3.9 6.65 0 -3.75 6.85 0 -5.75 7.233 0 -5.674
4 0 7.4 0 -3.9 7.233 0 -5.674 7.557 0 -5.457 7.557 0 -4.043
4 0 7.774 0 -4.367 7.557 0 -4.043 7.557 0 -5.457 7.774 0 -5.133
3 0 7.85 0 -4.75 7.774 0 -4.367 7.774 0 -5.133
4 0 7.4 0 -3.9 7.4 0 -3.4 6.6 0 -3.3 6.65 0 -3.75
4 0 6.15 0 -2.75 6.6 0 -3.3 7.4 0 -3.4 7.15 0 -2.8
4 0 7.15 0 -2.8 6 0 -1.75 5.65 0 -2.35 6.15 0 -2.75
4 0 4.6 0 -1.75 5.65 0 -2.35 6 0 -1.75 4.95 0 -1.15
4 0 4.95 0 -1.15 4.15 0 -1 4.25 0 -1.75 4.6 0 -1.75
4 4 -7.941 0 6.462 -8.104 0 6.354 -8.212 0 6.191 -7.75 0 6.5
4 4 -7.559 0 6.462 -7.75 0 6.5 -8.212 0 6.191 -8.25 0 6
4 4 -7.396 0 6.354 -7.559 0 6.462 -8.25 0 6 -8.212 0 5.809
4 4 -7.288 0 6.191 -7.396 0 6.354 -8.212 0 5.809 -8.104 0 5.646
4 4 -7.25 0 6 -7.288 0 6.191 -8.104 0 5.646 -7.941 0 5.538
4 4 -7.288 0 5.809 -7.25 0 6 -7.941 0 5.538 -7.75 0 5.5
4 4 -7.396 0 5.646 -7.288 0 5.809 -7.75 0 5.5 -7.559 0 5.538
4 4 8.104 0 6.354 7.941 0 6.462 7.75 0 6.5 8.212 0 6.191
4 4 8.25 0 6 8.212 0 6.191 7.75 0 6.5 7.559 0 6.462
4 4 8.212 0 5.809 8.25 0 6 7.559 0 6.462 7.396 0 6.354
4 4 8.104 0 5.646 8.212 0 5.809 7.396 0 6.354 7.288 0 6.191
4 4 7.941 0 5.538 8.104 0 5.646 7.288 0 6.191 7.25 0 6
4 4 7.75 0 5.5 7.941 0 5.538 7.25 0 6 7.288 0 5.809
4 4 7.559 0 5.538 7.75 0 5.5 7.288 0 5.809 7.396 0 5.646
4 4 -4.15 0 2.45 -3.75 0 2.45 -3.35 0 2.8 -3.35 0 3.2
4 4 -4.15 0 2.45 -3.35 0 3.2 -3.55 0 4 -4.65 0 2.8
4 4 -4.65 0 2.8 -3.55 0 4 -4 0 4.95 -5.05 0 3.45
4 4 -5.05 0 3.45 -4 0 4.95 -4.65 0 5.75 -5.4 0 4.35
4 4 -5.4 0 4.35 -4.65 0 5.75 -5.75 0 6.6 -5.7 0 5.4
4 4 -6.4 0 6.15 -5.7 0 5.4 -5.75 0 6.6 -6.4 0 7
4 4 -6.4 0 6.15 -6.4 0 7 -7.15 0 7 -6.75 0 6.25
4 4 -7.25 0 6.7 -6.75 0 6.25 -7.15 0 7 -7.3 0 6.9
4 4 3.35 0 3.2 3.35 0 2.8 3.75 0 2.45 4.15 0 2.45
4 4 3.35 0 3.2 4.15 0 2.45 4.65 0 2.8 3.55 0 4
4 4 3.55 0 4 4.65 0 2.8 5.05 0 3.45 4 0 4.95
4 4 4 0 4.95 5.05 0 3.45 5.4 0 4.35 4.65 0 5.75
4 4 4.65 0 5.75 5.4 0 4.35 5.7 0 5.4 5.75 0 6.6
4 4 6.4 0 7 5.75 0 6.6 5.7 0 5.4 6.4 0 6.15
4 4 7.15 0 7 6.4 0 7 6.4 0 6.15 6.75 0 6.25
4 4 7.3 0 6.9 7.15 0 7 6.75 0 6.25 7.25 0 6.7
4 4 2.15 0 8.1 2.05 0 8.25 1.7 0 8.3 2.05 0 7.95
4 4 1.6 0 7.8 2.05 0 7.95 1.7 0 8.3 1.25 0 8.2
4 4 1.2 0 7.45 1.6 0 7.8 1.25 0 8.2 .7 0 7.7
4 4 1.1 0 6.95 1.2 0 7.45 .7 0 7.7 .05 0 6.3
4 4 1.2 0 6.3 1.1 0 6.95 .05 0 6.3 0 0 5.3
4 4 1.2 0 6.3 0 0 5.3 .35 0 3.85 2.5 0 4.9
4 4 2.65 0 4.5 2.5 0 4.9 .35 0 3.85 1.35 0 3
4 4 2.8 0 4.05 2.65 0 4.5 1.35 0 3 2.7 0 3.55
3 4 .35 0 3.85 .5 0 2.75 1.35 0 3
3 4 2.5 0 3.1 2.7 0 3.55 1.35 0 3
4 0 -.6 0 -4.6 -.5 0 -4.95 .5 0 -4.95 .6 0 -4.6
4 0 -1.1 0 -4.8 -.5 0 -4.95 -.6 0 -4.6 -1.6 0 -4.2
4 0 -1.9 0 -4.55 -1.1 0 -4.8 -1.6 0 -4.2 -2.15 0 -3.85
4 0 -2.55 0 -4.15 -1.9 0 -4.55 -2.15 0 -3.85 -2.75 0 -3.85
4 0 -2.75 0 -3.85 -2.15 0 -3.85 -2.15 0 -3.55 -2.8 0 -3.5
4 0 1.6 0 -4.2 .6 0 -4.6 .5 0 -4.95 1.1 0 -4.8
4 0 1.6 0 -4.2 1.1 0 -4.8 1.9 0 -4.55 2.15 0 -3.85
4 0 2.75 0 -3.85 2.15 0 -3.85 1.9 0 -4.55 2.55 0 -4.15
4 0 2.15 0 -3.85 2.75 0 -3.85 2.8 0 -3.5 2.15 0 -3.55
4 0 -.9 0 -3.75 0 0 -3.8 0 0 -3.4 -1.1 0 -3.35
4 0 -1.55 0 -3.6 -.9 0 -3.75 -1.1 0 -3.35 -2.2 0 -3.1
4 0 -2.15 0 -3.55 -1.55 0 -3.6 -2.2 0 -3.1 -2.9 0 -2.75
4 0 -2.8 0 -3.5 -2.15 0 -3.55 -2.9 0 -2.75 -3.25 0 -3.35
4 0 -3.25 0 -3.35 -2.9 0 -2.75 -3.3 0 -2.4 -3.75 0 -2.95
4 0 -3.75 0 -2.95 -3.3 0 -2.4 -3.5 0 -2 -4.05 0 -2.45
3 0 -4.1 0 -1.9 -4.05 0 -2.45 -3.5 0 -2
4 0 -4.25 0 -1.75 -4.1 0 -1.9 -3.5 0 -2 -4.15 0 -1
4 0 -4.15 0 .75 -4.15 0 -1 -3.5 0 -2 -3.5 0 1.5
4 0 0 0 -3.4 0 0 -3.8 .9 0 -3.75 1.1 0 -3.35
4 0 2.2 0 -3.1 1.1 0 -3.35 .9 0 -3.75 1.55 0 -3.6
3 0 2.2 0 -3.1 1.55 0 -3.6 2.15 0 -3.55
3 0 2.15 0 -3.55 2.8 0 -3.5 2.2 0 -3.1
4 0 2.2 0 -3.1 2.8 0 -3.5 3.25 0 -3.35 2.9 0 -2.75
4 0 2.9 0 -2.75 3.25 0 -3.35 3.75 0 -2.95 3.3 0 -2.4
4 0 3.3 0 -2.4 3.75 0 -2.95 4.05 0 -2.45 3.5 0 -2
3 0 3.5 0 -2 4.05 0 -2.45 4.1 0 -1.9
4 0 4.25 0 -1.75 4.15 0 -1 3.5 0 -2 4.1 0 -1.9
4 0 3.5 0 -2 4.15 0 -1 4.15 0 .75 3.5 0 1.5
4 0 -4.15 0 .75 -3.5 0 1.5 -3.75 0 2.45 -4.15 0 2.45
4 0 -4.15 0 .75 -4.15 0 2.45 -4.65 0 2.8 -4.8 0 .85
4 0 -4.8 0 .85 -4.65 0 2.8 -5.05 0 3.45 -5.4 0 1.1
4 0 -5.4 0 1.1 -5.05 0 3.45 -5.4 0 4.35 -6.1 0 1.75
4 0 -6.1 0 1.75 -5.4 0 4.35 -5.7 0 5.4 -6.6 0 2.65
4 0 -6.6 0 2.65 -5.7 0 5.4 -6.4 0 6.15 -6.7 0 3.35
4 0 -6.7 0 3.35 -6.4 0 6.15 -6.75 0 6.25 -6.8 0 5
3 0 -6.9 0 5.2 -6.8 0 5 -6.75 0 6.25
4 0 -7.288 0 5.809 -7.043 0 5.293 -6.9 0 5.2 -6.75 0 6.25
4 0 -7.288 0 5.809 -7.396 0 5.646 -7.367 0 5.076 -7.043 0 5.293
4 0 -7.396 0 5.646 -7.559 0 5.538 -7.75 0 5 -7.367 0 5.076
3 0 -7.75 0 5 -7.559 0 5.538 -7.75 0 5.5
4 0 -7.75 0 5 -7.75 0 5.5 -7.941 0 5.538 -8.133 0 5.076
4 0 -8.133 0 5.076 -7.941 0 5.538 -8.104 0 5.646 -8.457 0 5.293
4 0 -8.457 0 5.293 -8.104 0 5.646 -8.212 0 5.809 -8.674 0 5.617
4 0 -8.25 0 6 -8.75 0 6 -8.674 0 5.617 -8.212 0 5.809
4 0 -8.75 0 6 -8.25 0 6 -8.212 0 6.191 -8.674 0 6.383
4 0 -8.674 0 6.383 -8.212 0 6.191 -8.104 0 6.354 -8.457 0 6.707
4 0 -8.457 0 6.707 -8.104 0 6.354 -7.941 0 6.462 -8.133 0 6.924
3 0 -8.133 0 6.924 -7.941 0 6.462 -7.8 0 7.4
4 0 -7.941 0 6.462 -7.75 0 6.5 -7.3 0 6.9 -7.8 0 7.4
4 0 -7.75 0 6.5 -7.559 0 6.462 -7.25 0 6.7 -7.3 0 6.9
4 0 -7.559 0 6.462 -7.396 0 6.354 -6.75 0 6.25 -7.25 0 6.7
3 0 -6.75 0 6.25 -7.396 0 6.354 -7.288 0 6.191
3 0 -7.288 0 5.809 -6.75 0 6.25 -7.25 0 6
3 0 -7.288 0 6.191 -7.25 0 6 -6.75 0 6.25
4 0 3.75 0 2.45 3.5 0 1.5 4.15 0 .75 4.15 0 2.45
4 0 4.65 0 2.8 4.15 0 2.45 4.15 0 .75 4.8 0 .85
4 0 5.05 0 3.45 4.65 0 2.8 4.8 0 .85 5.4 0 1.1
4 0 5.4 0 4.35 5.05 0 3.45 5.4 0 1.1 6.1 0 1.75
4 0 5.7 0 5.4 5.4 0 4.35 6.1 0 1.75 6.6 0 2.65
4 0 6.4 0 6.15 5.7 0 5.4 6.6 0 2.65 6.7 0 3.35
4 0 6.75 0 6.25 6.4 0 6.15 6.7 0 3.35 6.8 0 5
3 0 6.8 0 5 6.9 0 5.2 6.75 0 6.25
3 0 6.75 0 6.25 6.9 0 5.2 7.043 0 5.293
4 0 7.25 0 6 6.75 0 6.25 7.043 0 5.293 7.288 0 5.809
3 0 7.288 0 5.809 7.043 0 5.293 7.396 0 5.646
4 0 7.043 0 5.293 7.367 0 5.076 7.559 0 5.538 7.396 0 5.646
4 0 7.75 0 5.5 7.559 0 5.538 7.367 0 5.076 7.75 0 5
4 0 7.75 0 5 8.133 0 5.076 7.941 0 5.538 7.75 0 5.5
4 0 8.133 0 5.076 8.457 0 5.293 8.104 0 5.646 7.941 0 5.538
4 0 8.457 0 5.293 8.674 0 5.617 8.212 0 5.809 8.104 0 5.646
4 0 8.674 0 5.617 8.75 0 6 8.25 0 6 8.212 0 5.809
4 0 8.75 0 6 8.674 0 6.383 8.212 0 6.191 8.25 0 6
4 0 8.674 0 6.383 8.457 0 6.707 8.104 0 6.354 8.212 0 6.191
4 0 8.457 0 6.707 8.133 0 6.924 7.941 0 6.462 8.104 0 6.354
4 0 7.75 0 6.5 7.941 0 6.462 8.133 0 6.924 7.8 0 7.4
4 0 7.75 0 6.5 7.3 0 6.9 7.25 0 6.7 7.559 0 6.462
3 0 7.559 0 6.462 7.25 0 6.7 7.396 0 6.354
4 0 7.25 0 6.7 6.75 0 6.25 7.288 0 6.191 7.396 0 6.354
3 0 7.25 0 6 7.288 0 6.191 6.75 0 6.25
4 0 -7.15 0 7 -7.35 0 7.65 -7.8 0 7.4 -7.3 0 6.9
4 0 -6.4 0 7 -6.85 0 7.75 -7.35 0 7.65 -7.15 0 7
4 0 -5.75 0 6.6 -6.35 0 7.65 -6.85 0 7.75 -6.4 0 7
4 0 -4.65 0 5.75 -5.3 0 7.1 -6.35 0 7.65 -5.75 0 6.6
3 0 -5.3 0 7.1 -4.65 0 5.75 -4.5 0 6.5
4 0 -3.5 0 5.35 -4.5 0 6.5 -4.65 0 5.75 -4 0 4.95
4 0 -3.365 0 5.25 -3.5 0 5.35 -4 0 4.95 -3.55 0 4
3 0 -3.365 0 5.25 -3.55 0 4 -3.25 0 5.35
4 0 -3.55 0 4 -3.35 0 3.2 -2.85 0 6.1 -3.25 0 5.35
3 0 -3.75 0 2.45 -3.5 0 1.5 -3.35 0 1.9
4 0 -3 0 2.2 -3.35 0 2.8 -3.75 0 2.45 -3.35 0 1.9
4 0 -2.6 0 2.35 -3.35 0 3.2 -3.35 0 2.8 -3 0 2.2
4 0 -3.35 0 3.2 -2.6 0 2.35 -1.85 0 2.35 -2.85 0 6.1
4 0 -1 0 2.2 -2.35 0 6.75 -2.85 0 6.1 -1.85 0 2.35
4 0 0 0 1.75 -1.75 0 7.35 -2.35 0 6.75 -1 0 2.2
4 0 0 0 5.3 -.9 0 7.8 -1.75 0 7.35 0 0 1.75
4 0 .5 0 2.75 .35 0 3.85 0 0 5.3 0 0 1.75
4 0 0 0 1.75 1 0 2.2 1.35 0 3 .5 0 2.75
4 0 1 0 2.2 1.85 0 2.35 2.5 0 3.1 1.35 0 3
4 0 1.85 0 2.35 2.6 0 2.35 3.35 0 2.8 2.5 0 3.1
3 0 3.35 0 2.8 2.6 0 2.35 3 0 2.2
4 0 3.35 0 2.8 3 0 2.2 3.35 0 1.9 3.75 0 2.45
3 0 3.75 0 2.45 3.35 0 1.9 3.5 0 1.5
4 0 0 0 8 -.9 0 7.8 0 0 5.3 .05 0 6.3
4 0 .75 0 8.7 0 0 8 .05 0 6.3 .7 0 7.7
4 0 .7 0 7.7 1.25 0 8.2 1.1 0 8.9 .75 0 8.7
4 0 1.25 0 8.2 1.7 0 8.3 1.7 0 9 1.1 0 8.9
4 0 1.7 0 8.3 2.05 0 8.25 2.4 0 8.9 1.7 0 9
4 0 2.05 0 8.25 2.15 0 8.1 2.883 0 8.424 2.4 0 8.9
4 0 2.15 0 8.1 2.05 0 7.95 3.207 0 8.207 2.883 0 8.424
4 0 1.6 0 7.8 1.2 0 7.45 3.207 0 8.207 2.05 0 7.95
4 0 1.1 0 6.95 3.424 0 7.883 3.207 0 8.207 1.2 0 7.45
4 0 1.793 0 6.793 3.5 0 7.5 3.424 0 7.883 1.1 0 6.95
4 0 2.12 0 6.58 3.424 0 7.117 3.5 0 7.5 1.793 0 6.793
4 0 2.5 0 6.5 3.207 0 6.793 3.424 0 7.117 2.12 0 6.58
3 0 3.207 0 6.793 2.5 0 6.5 2.883 0 6.576
4 0 1.9 0 6.5 1.793 0 6.793 1.1 0 6.95 1.2 0 6.3
3 0 2.5 0 5.9 1.9 0 6.5 1.2 0 6.3
4 0 1.2 0 6.3 2.5 0 4.9 3 0 5.25 2.5 0 5.9
4 0 2.5 0 4.9 2.65 0 4.5 3.175 0 5.05 3 0 5.25
4 0 2.65 0 4.5 2.8 0 4.05 3.55 0 4 3.175 0 5.05
4 0 4 0 4.95 3.35 0 5.25 3.175 0 5.05 3.55 0 4
4 0 4 0 4.95 4.65 0 5.75 4.5 0 6.5 3.35 0 5.25
4 0 4.65 0 5.75 5.75 0 6.6 5.3 0 7.1 4.5 0 6.5
4 0 5.75 0 6.6 6.4 0 7 6.35 0 7.65 5.3 0 7.1
4 0 7.15 0 7 6.85 0 7.75 6.35 0 7.65 6.4 0 7
4 0 6.85 0 7.75 7.15 0 7 7.3 0 6.9 7.35 0 7.65
4 0 7.75 0 6.5 7.8 0 7.4 7.35 0 7.65 7.3 0 6.9
4 0 3.35 0 3.2 3.55 0 4 2.8 0 4.05 2.7 0 3.55
4 0 3.35 0 2.8 3.35 0 3.2 2.7 0 3.55 2.5 0 3.1
4 0 -1.624 0 .076 -1.43 0 -.054 -1.2 0 -.1 -.97 0 -.054
4 0 -1.624 0 .076 -.97 0 -.054 -.776 0 .076 -1.754 0 .27
4 0 -1.754 0 .27 -.776 0 .076 -.646 0 .27 -1.8 0 .5
4 0 -1.8 0 .5 -.646 0 .27 -.6 0 .5 -1.754 0 .73
4 0 -1.624 0 .924 -1.754 0 .73 -.6 0 .5 -.55 0 .65
4 0 -1.624 0 .924 -.55 0 .65 -.75 0 1 -1.43 0 1.054
3 0 -.55 0 .9 -.75 0 1 -.55 0 .65
4 0 -.55 0 .65 -.3 0 .65 -.35 0 .9 -.55 0 .9
4 0 -2.1 0 1.6 -1.43 0 1.054 -.75 0 1 -1.65 0 1.85
4 0 -2.1 0 1.6 -1.65 0 1.85 -2 0 1.95 -2.2 0 1.85
4 0 1.2 0 -.1 1.43 0 -.054 1.624 0 .076 .97 0 -.054
4 0 .776 0 .076 .97 0 -.054 1.624 0 .076 1.754 0 .27
4 0 .646 0 .27 .776 0 .076 1.754 0 .27 1.8 0 .5
4 0 .6 0 .5 .646 0 .27 1.8 0 .5 1.754 0 .73
4 0 .6 0 .5 1.754 0 .73 1.624 0 .924 .55 0 .65
4 0 .75 0 1 .55 0 .65 1.624 0 .924 1.43 0 1.054
4 0 .35 0 .9 .3 0 .65 .55 0 .65 .55 0 .9
3 0 .75 0 1 .55 0 .9 .55 0 .65
4 0 .75 0 1 1.43 0 1.054 2.1 0 1.6 1.65 0 1.85
4 0 2 0 1.95 1.65 0 1.85 2.1 0 1.6 2.2 0 1.85
3 0 -2.75 0 -1.75 -2.5 0 -1.5 -2.75 0 -1.25
4 0 -2.4 0 -1.55 -2.5 0 -.75 -2.75 0 -1.25 -2.5 0 -1.5
3 0 -2.5 0 -.75 -2.4 0 -1.55 -2 0 -.4
4 0 -1.9 0 -1.35 -1.95 0 -.8 -2 0 -.4 -2.4 0 -1.55
4 0 -1.85 0 -1.6 -1.9 0 -1.35 -2.4 0 -1.55 -2.3 0 -1.75
4 0 -1.6 0 -2 -1.85 0 -1.6 -2.3 0 -1.75 -1.9 0 -2.25
4 0 -.95 0 -2.4 -1.6 0 -2 -1.9 0 -2.25 -1.3 0 -2.65
4 0 -.45 0 -2.6 -.95 0 -2.4 -1.3 0 -2.65 -.6 0 -2.9
4 0 .45 0 -2.6 -.45 0 -2.6 -.6 0 -2.9 0 0 -2.95
3 0 .45 0 -2.6 0 0 -2.95 .6 0 -2.9
4 0 1.3 0 -2.65 .95 0 -2.4 .45 0 -2.6 .6 0 -2.9
4 0 1.9 0 -2.25 1.6 0 -2 .95 0 -2.4 1.3 0 -2.65
4 0 1.6 0 -2 1.9 0 -2.25 2.3 0 -1.75 1.85 0 -1.6
4 0 2.4 0 -1.55 1.9 0 -1.35 1.85 0 -1.6 2.3 0 -1.75
4 0 1.9 0 -1.35 2.4 0 -1.55 2.5 0 -1.5 1.95 0 -.8
3 0 1.95 0 -.8 2.5 0 -1.5 2 0 -.4
4 0 2.75 0 -1.25 2.5 0 -.75 2 0 -.4 2.5 0 -1.5
3 0 2.75 0 -1.25 2.5 0 -1.5 2.75 0 -1.75
3 0 -1.95 0 -.8 -1.9 0 -1.35 -1.75 0 -1
4 0 -.8 0 -1.45 -1.2 0 -1.1 -1.75 0 -1 -1.9 0 -1.35
4 0 -1.2 0 -1.1 -.8 0 -1.45 0 0 -1.5 -.45 0 -1.2
4 0 .8 0 -1.45 .45 0 -1.2 -.45 0 -1.2 0 0 -1.5
3 0 .45 0 -1.2 .8 0 -1.45 1.2 0 -1.1
4 0 1.2 0 -1.1 .8 0 -1.45 1.9 0 -1.35 1.75 0 -1
3 0 1.75 0 -1 1.9 0 -1.35 1.95 0 -.8
3 16 0 0 -3.8 -.6 0 -4.6 .6 0 -4.6
4 16 -1.6 0 -4.2 -.6 0 -4.6 0 0 -3.8 -.9 0 -3.75
4 16 -1.6 0 -4.2 -.9 0 -3.75 -1.55 0 -3.6 -2.15 0 -3.85
3 16 -2.15 0 -3.85 -1.55 0 -3.6 -2.15 0 -3.55
4 16 1.6 0 -4.2 .9 0 -3.75 0 0 -3.8 .6 0 -4.6
4 16 .9 0 -3.75 1.6 0 -4.2 2.15 0 -3.85 1.55 0 -3.6
3 16 2.15 0 -3.85 2.15 0 -3.55 1.55 0 -3.6
4 16 -1.9 0 -1.35 -1.85 0 -1.6 -1.6 0 -2 -.8 0 -1.45
4 16 -1.6 0 -2 -.95 0 -2.4 0 0 -1.5 -.8 0 -1.45
4 16 .45 0 -2.6 0 0 -1.5 -.95 0 -2.4 -.45 0 -2.6
4 16 .45 0 -2.6 .95 0 -2.4 .8 0 -1.45 0 0 -1.5
4 16 .95 0 -2.4 1.6 0 -2 1.85 0 -1.6 .8 0 -1.45
3 16 .8 0 -1.45 1.85 0 -1.6 1.9 0 -1.35
3 16 -.35 0 .9 .35 0 .9 0 0 1.75
4 16 .35 0 .9 -.35 0 .9 -.3 0 .65 .3 0 .65
4 16 -.3 0 .65 -.6 0 .5 .6 0 .5 .3 0 .65
3 16 .3 0 .65 .6 0 .5 .55 0 .65
3 16 -.6 0 .5 -.3 0 .65 -.55 0 .65
4 16 -.6 0 .5 -.646 0 .27 .646 0 .27 .6 0 .5
4 16 -.646 0 .27 -.776 0 .076 .776 0 .076 .646 0 .27
4 16 -.776 0 .076 -.97 0 -.054 .97 0 -.054 .776 0 .076
4 16 -.97 0 -.054 -.45 0 -1.2 .45 0 -1.2 .97 0 -.054
4 16 -.35 0 .9 0 0 1.75 -.75 0 1 -.55 0 .9
4 16 -1.65 0 1.85 -.75 0 1 0 0 1.75 -1 0 2.2
4 16 -1 0 2.2 -1.85 0 2.35 -2 0 1.95 -1.65 0 1.85
4 16 -1.85 0 2.35 -2.6 0 2.35 -2.2 0 1.85 -2 0 1.95
4 16 -3.35 0 1.9 -2.2 0 1.85 -2.6 0 2.35 -3 0 2.2
3 16 0 0 1.75 .35 0 .9 .55 0 .9
4 16 .55 0 .9 .75 0 1 1 0 2.2 0 0 1.75
3 16 1 0 2.2 .75 0 1 1.65 0 1.85
4 16 1 0 2.2 1.65 0 1.85 2 0 1.95 1.85 0 2.35
4 16 1.85 0 2.35 2 0 1.95 2.2 0 1.85 2.6 0 2.35
4 16 3.35 0 1.9 3 0 2.2 2.6 0 2.35 2.2 0 1.85
4 16 -2.2 0 1.85 -3.35 0 1.9 -3.5 0 1.5 -2.1 0 1.6
4 16 -2.1 0 1.6 -3.5 0 1.5 -1.624 0 .924 -1.43 0 1.054
3 16 -1.624 0 .924 -3.5 0 1.5 -1.754 0 .73
4 16 -2.5 0 -.75 -1.8 0 .5 -1.754 0 .73 -3.5 0 1.5
3 16 3.35 0 1.9 2.2 0 1.85 2.1 0 1.6
4 16 3.35 0 1.9 2.1 0 1.6 1.43 0 1.054 3.5 0 1.5
3 16 3.5 0 1.5 1.43 0 1.054 1.624 0 .924
3 16 3.5 0 1.5 1.624 0 .924 1.754 0 .73
4 16 2.5 0 -.75 3.5 0 1.5 1.754 0 .73 1.8 0 .5
3 16 -2 0 -.4 -1.624 0 .076 -1.754 0 .27
4 16 -2 0 -.4 -1.754 0 .27 -1.8 0 .5 -2.5 0 -.75
3 16 1.624 0 .076 2 0 -.4 1.754 0 .27
4 16 2 0 -.4 2.5 0 -.75 1.8 0 .5 1.754 0 .27
4 16 -2.5 0 -.75 -3.5 0 1.5 -3.5 0 -2 -2.75 0 -1.25
3 16 -2.75 0 -1.25 -3.5 0 -2 -2.75 0 -1.75
4 16 -2.3 0 -1.75 -2.75 0 -1.75 -3.5 0 -2 -3.3 0 -2.4
3 16 -2.3 0 -1.75 -3.3 0 -2.4 -2.9 0 -2.75
4 16 -2.3 0 -1.75 -2.9 0 -2.75 -2.2 0 -3.1 -1.9 0 -2.25
4 16 -1.9 0 -2.25 -2.2 0 -3.1 -1.1 0 -3.35 -1.3 0 -2.65
3 16 -1.3 0 -2.65 -1.1 0 -3.35 -.6 0 -2.9
4 16 -1.1 0 -3.35 0 0 -3.4 0 0 -2.95 -.6 0 -2.9
4 16 2.5 0 -.75 2.75 0 -1.25 3.5 0 -2 3.5 0 1.5
4 16 2.75 0 -1.25 2.75 0 -1.75 3.3 0 -2.4 3.5 0 -2
4 16 2.75 0 -1.75 2.3 0 -1.75 2.9 0 -2.75 3.3 0 -2.4
4 16 2.2 0 -3.1 2.9 0 -2.75 2.3 0 -1.75 1.9 0 -2.25
4 16 1.9 0 -2.25 1.3 0 -2.65 1.1 0 -3.35 2.2 0 -3.1
4 16 1.3 0 -2.65 .6 0 -2.9 0 0 -3.4 1.1 0 -3.35
3 16 0 0 -3.4 .6 0 -2.9 0 0 -2.95
4 16 -2.75 0 -1.75 -2.3 0 -1.75 -2.4 0 -1.55 -2.5 0 -1.5
4 16 2.4 0 -1.55 2.3 0 -1.75 2.75 0 -1.75 2.5 0 -1.5
4 16 -1.95 0 -.8 -1.43 0 -.054 -1.624 0 .076 -2 0 -.4
3 16 -1.43 0 -.054 -1.95 0 -.8 -1.75 0 -1
4 16 -1.2 0 -1.1 -1.2 0 -.1 -1.43 0 -.054 -1.75 0 -1
4 16 -.45 0 -1.2 -.97 0 -.054 -1.2 0 -.1 -1.2 0 -1.1
4 16 1.95 0 -.8 2 0 -.4 1.624 0 .076 1.43 0 -.054
3 16 1.95 0 -.8 1.43 0 -.054 1.75 0 -1
4 16 1.2 0 -1.1 1.75 0 -1 1.43 0 -.054 1.2 0 -.1
4 16 .45 0 -1.2 1.2 0 -1.1 1.2 0 -.1 .97 0 -.054
3 16 -6 0 -5.7 -5.926 0 -5.133 -6.14 0 -5.46
3 16 -6 0 -5.7 -6.14 0 -5.46 -6.467 0 -5.674
4 16 -6.85 0 -5.75 -6.1 0 -6.25 -6 0 -5.7 -6.467 0 -5.674
4 16 -7.233 0 -5.674 -6 0 -7.1 -6.1 0 -6.25 -6.85 0 -5.75
4 16 -6 0 -7.1 -7.233 0 -5.674 -7.557 0 -5.457 -5.9 0 -7.4
3 16 -5.9 0 -7.4 -7.557 0 -5.457 -6.024 0 -7.617
4 16 -7.557 0 -5.457 -10 0 -10 -6.1 0 -8 -6.024 0 -7.617
3 16 -6.1 0 -8 -10 0 -10 -6.024 0 -8.383
3 16 -6.024 0 -8.383 -10 0 -10 -5.807 0 -8.707
3 16 -5.807 0 -8.707 -10 0 -10 -5.48 0 -8.92
3 16 -5.1 0 -9 -5.48 0 -8.92 -10 0 -10
3 16 -10 0 -10 -7.557 0 -5.457 -7.774 0 -5.133
3 16 -7.774 0 -5.133 -7.85 0 -4.75 -10 0 -10
4 16 -1.9 0 -6.4 -2 0 -6.2 -2.25 0 -6.1 -2.6 0 -6.2
3 16 -1.9 0 -6.4 -2.6 0 -6.2 -2.85 0 -6.65
4 16 -1.9 0 -6.4 -2.85 0 -6.65 -3.1 0 -7.25 -1.75 0 -7.4
4 16 -1.75 0 -7.4 -3.1 0 -7.25 -3.5 0 -7.8 -1.45 0 -7.95
4 16 -1.45 0 -7.95 -3.5 0 -7.8 -4.1 0 -8.2 -1 0 -8.25
4 16 -1 0 -8.25 -4.1 0 -8.2 -4.176 0 -8.383 -1 0 -8.5
4 16 -1 0 -8.5 -4.176 0 -8.383 -4.393 0 -8.707 -.924 0 -8.883
4 16 -.924 0 -8.883 -4.393 0 -8.707 -4.717 0 -8.924 -.707 0 -9.207
3 16 -.707 0 -9.207 -4.717 0 -8.924 -.383 0 -9.424
4 16 -4.717 0 -8.924 -5.1 0 -9 -10 0 -10 -.383 0 -9.424
3 16 -.383 0 -9.424 -10 0 -10 0 0 -9.5
3 16 0 0 -9.5 -10 0 -10 10 0 -10
4 16 2.25 0 -6.1 2 0 -6.2 1.9 0 -6.4 2.6 0 -6.2
4 16 1.75 0 -7.4 2.85 0 -6.65 2.6 0 -6.2 1.9 0 -6.4
3 16 2.85 0 -6.65 1.75 0 -7.4 3.1 0 -7.25
4 16 3.5 0 -7.8 3.1 0 -7.25 1.75 0 -7.4 1.45 0 -7.95
4 16 1.45 0 -7.95 1 0 -8.25 4.1 0 -8.2 3.5 0 -7.8
3 16 4.1 0 -8.2 1 0 -8.25 1 0 -8.5
4 16 4.1 0 -8.2 1 0 -8.5 .924 0 -8.883 4.176 0 -8.383
4 16 4.176 0 -8.383 .924 0 -8.883 .707 0 -9.207 4.393 0 -8.707
4 16 4.393 0 -8.707 .707 0 -9.207 .383 0 -9.424 4.717 0 -8.924
3 16 4.717 0 -8.924 .383 0 -9.424 5.1 0 -9
4 16 0 0 -9.5 10 0 -10 5.1 0 -9 .383 0 -9.424
3 16 6.14 0 -5.46 5.926 0 -5.133 6 0 -5.7
4 16 6.1 0 -6.25 6.467 0 -5.674 6.14 0 -5.46 6 0 -5.7
4 16 6.85 0 -5.75 6.467 0 -5.674 6.1 0 -6.25 6 0 -7.1
4 16 6 0 -7.1 5.9 0 -7.4 7.233 0 -5.674 6.85 0 -5.75
4 16 7.557 0 -5.457 7.233 0 -5.674 5.9 0 -7.4 6.024 0 -7.617
3 16 7.557 0 -5.457 6.024 0 -7.617 6.1 0 -8
4 16 6.024 0 -8.383 10 0 -10 7.557 0 -5.457 6.1 0 -8
3 16 10 0 -10 6.024 0 -8.383 5.807 0 -8.707
3 16 5.48 0 -8.92 5.1 0 -9 10 0 -10
3 16 5.807 0 -8.707 5.48 0 -8.92 10 0 -10
3 16 7.557 0 -5.457 10 0 -10 7.774 0 -5.133
3 16 7.85 0 -4.75 7.774 0 -5.133 10 0 -10
3 16 -4.15 0 -1 -4.15 0 .75 -4.8 0 .85
4 16 -4.15 0 -1 -4.8 0 .85 -5.4 0 1.1 -4.95 0 -1.15
4 16 -6.1 0 1.75 -6 0 -1.75 -4.95 0 -1.15 -5.4 0 1.1
4 16 -6.8 0 5 -6.9 0 5.2 -7.043 0 5.293 -7.367 0 5.076
4 16 -7.367 0 5.076 -7.75 0 5 -6.7 0 3.35 -6.8 0 5
4 16 -6.6 0 2.65 -6.7 0 3.35 -7.75 0 5 -8.133 0 5.076
4 16 -6.1 0 1.75 -6.6 0 2.65 -8.133 0 5.076 -6 0 -1.75
3 16 -6 0 -1.75 -8.133 0 5.076 -7.15 0 -2.8
4 16 -7.4 0 -3.4 -7.15 0 -2.8 -8.133 0 5.076 -8.457 0 5.293
3 16 -7.4 0 -3.4 -8.457 0 5.293 -8.674 0 5.617
4 16 -7.4 0 -3.4 -8.674 0 5.617 -7.774 0 -4.367 -7.557 0 -4.043
3 16 -7.557 0 -4.043 -7.4 0 -3.9 -7.4 0 -3.4
4 16 -8.75 0 6 -7.85 0 -4.75 -7.774 0 -4.367 -8.674 0 5.617
4 16 -7.85 0 -4.75 -8.75 0 6 -10 0 10 -10 0 -10
3 16 4.15 0 .75 4.15 0 -1 4.8 0 .85
4 16 5.4 0 1.1 4.8 0 .85 4.15 0 -1 4.95 0 -1.15
4 16 6.1 0 1.75 5.4 0 1.1 4.95 0 -1.15 6 0 -1.75
4 16 6.1 0 1.75 6 0 -1.75 7.15 0 -2.8 6.6 0 2.65
4 16 8.133 0 5.076 6.6 0 2.65 7.15 0 -2.8 8.457 0 5.293
4 16 6.6 0 2.65 8.133 0 5.076 7.75 0 5 6.7 0 3.35
4 16 7.75 0 5 7.367 0 5.076 6.8 0 5 6.7 0 3.35
4 16 6.8 0 5 7.367 0 5.076 7.043 0 5.293 6.9 0 5.2
4 16 8.674 0 5.617 8.457 0 5.293 7.15 0 -2.8 7.4 0 -3.4
4 16 7.4 0 -3.9 7.557 0 -4.043 8.674 0 5.617 7.4 0 -3.4
3 16 7.557 0 -4.043 7.774 0 -4.367 8.674 0 5.617
4 16 8.75 0 6 8.674 0 5.617 7.774 0 -4.367 7.85 0 -4.75
4 16 7.85 0 -4.75 10 0 -10 10 0 10 8.75 0 6
3 16 -10 0 10 -8.75 0 6 -8.674 0 6.383
3 16 -10 0 10 -8.674 0 6.383 -8.457 0 6.707
4 16 -7.8 0 7.4 -10 0 10 -8.457 0 6.707 -8.133 0 6.924
3 16 -7.8 0 7.4 -7.35 0 7.65 -10 0 10
3 16 -7.35 0 7.65 -6.85 0 7.75 -10 0 10
4 16 -6.85 0 7.75 -6.35 0 7.65 -.9 0 7.8 0 0 8
4 16 -6.35 0 7.65 -5.3 0 7.1 -1.75 0 7.35 -.9 0 7.8
4 16 -2.35 0 6.75 -1.75 0 7.35 -5.3 0 7.1 -4.5 0 6.5
4 16 -2.35 0 6.75 -4.5 0 6.5 -3.5 0 5.35 -2.85 0 6.1
4 16 -2.85 0 6.1 -3.5 0 5.35 -3.365 0 5.25 -3.25 0 5.35
4 16 -6.85 0 7.75 0 0 8 .75 0 8.7 -10 0 10
3 16 .75 0 8.7 1.1 0 8.9 -10 0 10
3 16 1.1 0 8.9 1.7 0 9 -10 0 10
3 16 10 0 10 -10 0 10 1.7 0 9
3 16 10 0 10 1.7 0 9 2.4 0 8.9
4 16 7.35 0 7.65 10 0 10 2.4 0 8.9 6.85 0 7.75
4 16 2.4 0 8.9 2.883 0 8.424 6.35 0 7.65 6.85 0 7.75
3 16 6.35 0 7.65 2.883 0 8.424 3.207 0 8.207
4 16 3.207 0 8.207 3.424 0 7.883 5.3 0 7.1 6.35 0 7.65
4 16 4.5 0 6.5 5.3 0 7.1 3.424 0 7.883 3.5 0 7.5
4 16 3.5 0 7.5 3.424 0 7.117 3.35 0 5.25 4.5 0 6.5
4 16 3.175 0 5.05 3.35 0 5.25 3.424 0 7.117 3.207 0 6.793
4 16 3.207 0 6.793 2.883 0 6.576 3 0 5.25 3.175 0 5.05
4 16 2.883 0 6.576 2.5 0 6.5 2.5 0 5.9 3 0 5.25
3 16 2.5 0 5.9 2.5 0 6.5 2.12 0 6.58
4 16 2.5 0 5.9 2.12 0 6.58 1.793 0 6.793 1.9 0 6.5
3 16 8.75 0 6 10 0 10 8.674 0 6.383
3 16 8.674 0 6.383 10 0 10 8.457 0 6.707
4 16 8.457 0 6.707 10 0 10 7.8 0 7.4 8.133 0 6.924
3 16 7.8 0 7.4 10 0 10 7.35 0 7.65
