0 Tile  1 x  1 with Yellow Lightning Bolt, Metallic Pink and White Explosion Pattern
0 Name: 3070bp1a.dat
0 Author: Takeshi Takahashi [RainbowDolphin]
0 !LDRAW_ORG Part UPDATE 2023-03
0 !LICENSE Licensed under CC BY 4.0 : see CAreadme.txt

0 BFC CERTIFY CCW

0 !KEYWORDS bracelet, Bricklink 3070bpb163, Dots, Power, Set 41919

0 !HISTORY 2023-06-24 [OrionP] Official Update 2023-03


1 16 0 0 0 1 0 0 0 1 0 0 0 1 s\3070bs01.dat
4 0 1.3 0 6.5 -0.6 0 3.8 0.5 0 3.8 1.7 0 6.5
4 0 0.5 0 3.8 -0.6 0 3.8 -0.6 0 3 3.6 0 3
4 0 4.8 0 3.8 0.5 0 3.8 3.6 0 3 4.8 0 3
4 0 1.3 0 -0.6 4.8 0 3 3.6 0 3 0.7 0 -0.6
4 14 3.7 0 8 -3 0 8 1.3 0 6.5 1.7 0 6.5
4 14 1.9 0 4.5 3.7 0 8 1.7 0 6.5 0.5 0 3.8
4 14 1.9 0 4.5 0.5 0 3.8 4.8 0 3.8 7.6 0 4.5
3 14 7.6 0 4.5 4.8 0 3.8 4.8 0 3
4 14 7.6 0 4.5 4.8 0 3 1.3 0 -0.6 -5.3 0 -7.6
3 14 1.3 0 -0.6 0.7 0 -0.6 -5.3 0 -7.6
4 14 -0.8 0 1.1 -5.3 0 -7.6 0.7 0 -0.6 3.6 0 3
4 14 -0.8 0 1.1 3.6 0 3 -0.6 0 3 -6 0 1.1
4 14 -6 0 1.1 -0.6 0 3 -0.6 0 3.8 -3 0 8
3 14 -3 0 8 -0.6 0 3.8 1.3 0 6.5
4 0 -3.5 0 8.7 -3 0 8 3.7 0 8 4.1 0 8.7
4 0 4.6 0 7.9 4.1 0 8.7 3.7 0 8 3.2 0 5.3
3 0 3.7 0 8 1.9 0 4.5 3.2 0 5.3
4 0 3.2 0 5.3 1.9 0 4.5 7.6 0 4.5 8 0 5.3
3 0 8 0 5.3 7.6 0 4.5 8.6 0 4.4
4 0 0 0 -3.6 8.6 0 4.4 7.6 0 4.5 -5.3 0 -7.6
3 0 0 0 -3.6 -5.3 0 -7.6 -1.1 0 -4.6
3 0 -1.1 0 -4.6 -5.3 0 -7.6 -2.6 0 -6
4 0 -5.6 0 -8.8 -2.6 0 -6 -5.3 0 -7.6 -6.7 0 -8.8
3 0 -5.1 0 -5.6 -6.7 0 -8.8 -5.3 0 -7.6
4 0 -3.5 0 -2.4 -5.1 0 -5.6 -5.3 0 -7.6 -0.8 0 1.1
3 0 -0.8 0 1.1 -2.1 0 0.3 -3.5 0 -2.4
4 0 -2.1 0 0.3 -0.8 0 1.1 -6 0 1.1 -6.3 0 0.3
4 0 -6.8 0 1.1 -6.3 0 0.3 -6 0 1.1 -3.5 0 8.7
3 0 -3.5 0 8.7 -6 0 1.1 -3 0 8
3 14 -2.6 0 -6 -5.6 0 -8.8 -1.5 0 -7.3
4 14 -1.5 0 -7.3 -5.6 0 -8.8 0.8 0 -8.8 1.1 0 -6.6
3 15 -7 0 -7.8 -8.1 0 -8.8 -6.7 0 -8.8
4 15 -7 0 -7.8 -6.7 0 -8.8 -5.1 0 -5.6 -6.8 0 -5.5
4 15 -0.7 0 -6 -1.1 0 -4.6 -2.6 0 -6 -1.5 0 -7.3
4 15 -0.7 0 -6 -1.5 0 -7.3 1.1 0 -6.6 3.5 0 -4.4
4 15 2.3 0 -7.9 3.5 0 -4.4 1.1 0 -6.6 0.8 0 -8.8
3 15 2.3 0 -7.9 0.8 0 -8.8 5.6 0 -8.8
4 10049 -8.2 0 -7.4 -9 0 -8.8 -8.1 0 -8.8 -7 0 -7.8
3 10049 -8.2 0 -7.4 -9 0 -8.4 -9 0 -8.8
4 10049 -8.2 0 -7.4 -7 0 -7.8 -6.8 0 -5.5 -8.4 0 -3.4
4 10049 -5.9 0 -4 -8.4 0 -3.4 -6.8 0 -5.5 -5.1 0 -5.6
4 10049 -5.9 0 -4 -5.1 0 -5.6 -3.5 0 -2.4 -4.6 0 -.7
4 10049 0 0 -3.6 -1.1 0 -4.6 -.7 0 -6 .6 0 -4.1
4 10049 .6 0 -4.1 -.7 0 -6 3.5 0 -4.4 6.4 0 -1.3
4 10049 4.4 0 -6.3 6.4 0 -1.3 3.5 0 -4.4 2.3 0 -7.9
3 10049 -6.8 0 0 -8.3 0 -.7 -6.7 0 -2
3 10049 7.2 0 2 6.7 0 .6 8.1 0 1.2
4 10049 5.8 0 -6.2 4.4 0 -6.3 2.3 0 -7.9 5.3 0 -7.3
4 10049 5.3 0 -7.3 2.3 0 -7.9 5.6 0 -8.8 8.5 0 -8.8
3 10049 7.8 0 -2.9 6.9 0 -4.5 8.7 0 -3.8
4 16 10 0 10 -10 0 10 -3.5 0 8.7 4.1 0 8.7
3 16 10 0 10 4.1 0 8.7 4.6 0 7.9
4 16 10 0 10 4.6 0 7.9 3.2 0 5.3 8 0 5.3
3 16 10 0 10 8 0 5.3 8.6 0 4.4
3 16 8.6 0 4.4 7.2 0 2 8.1 0 1.2
4 16 7.2 0 2 8.6 0 4.4 0 0 -3.6 0.6 0 -4.1
3 16 7.2 0 2 0.6 0 -4.1 6.7 0 0.6
4 16 6.7 0 0.6 0.6 0 -4.1 6.4 0 -1.3 8.1 0 1.2
3 16 8.1 0 1.2 6.4 0 -1.3 7.8 0 -2.9
4 16 8.6 0 4.4 8.1 0 1.2 8.7 0 -3.8 10 0 10
3 16 8.1 0 1.2 7.8 0 -2.9 8.7 0 -3.8
4 16 6.9 0 -4.5 7.8 0 -2.9 6.4 0 -1.3 4.4 0 -6.3
3 16 6.9 0 -4.5 4.4 0 -6.3 5.8 0 -6.2
4 16 8.5 0 -8.8 6.9 0 -4.5 5.8 0 -6.2 5.3 0 -7.3
4 16 8.7 0 -3.8 6.9 0 -4.5 8.5 0 -8.8 10 0 -10
3 16 10 0 10 8.7 0 -3.8 10 0 -10
3 16 8.5 0 -8.8 5.6 0 -8.8 10 0 -10
4 16 10 0 -10 5.6 0 -8.8 0.8 0 -8.8 -10 0 -10
3 16 0.8 0 -8.8 -5.6 0 -8.8 -10 0 -10
3 16 -5.6 0 -8.8 -6.7 0 -8.8 -10 0 -10
3 16 -6.7 0 -8.8 -8.1 0 -8.8 -10 0 -10
3 16 -8.1 0 -8.8 -9 0 -8.8 -10 0 -10
3 16 -9 0 -8.4 -10 0 -10 -9 0 -8.8
4 16 -10 0 -10 -9 0 -8.4 -8.4 0 -3.4 -8.3 0 -0.7
3 16 -8.4 0 -3.4 -9 0 -8.4 -8.2 0 -7.4
4 16 -6.7 0 -2 -8.3 0 -0.7 -8.4 0 -3.4 -5.9 0 -4
4 16 -6.7 0 -2 -5.9 0 -4 -4.6 0 -0.7 -6.8 0 0
4 16 -6.3 0 0.3 -6.8 0 0 -4.6 0 -0.7 -2.1 0 0.3
3 16 -2.1 0 0.3 -4.6 0 -0.7 -3.5 0 -2.4
3 16 -10 0 10 -10 0 -10 -8.3 0 -0.7
4 16 -6.8 0 1.1 -10 0 10 -8.3 0 -0.7 -6.8 0 0
3 16 -6.8 0 1.1 -6.8 0 0 -6.3 0 0.3
3 16 -10 0 10 -6.8 0 1.1 -3.5 0 8.7
