0 Brick  1 x  2 x  2 with Inside Axle Holder with Train Point Pattern
0 Name: 3245bp01.dat
0 Author: Steffen [Steffen]
0 !LDRAW_ORG Part UPDATE 2020-03
0 !LICENSE Redistributable under CCAL version 2.0 : see CAreadme.txt

0 BFC CERTIFY CCW

0 !HISTORY 2004-01-28 [cwdee] Removed POV code per LSC decision
0 !HISTORY 2006-08-15 [WilliamH] Used 3-8chrd primitives
0 !HISTORY 2009-05-02 [PTadmin] Official Update 2009-01
0 !HISTORY 2020-07-16 [MagFors] Removed overlaps and T-junctions
0 !HISTORY 2020-09-05 [PTadmin] Official Update 2020-02
0 !HISTORY 2020-11-15 [cwdee] Update description
0 !HISTORY 2020-12-29 [PTadmin] Official Update 2020-03

1 16 0 0 0 1 0 0 0 1 0 0 0 1 s\3245bs02.dat

1 16 0 23.423 10 -15.7471 0 0 0 0 -15.7471 0 -1 0 5-16ndis.dat
1 16 0 23.423 10 -15.7471 0 0 0 0 15.7471 0 -1 0 1-16ndis.dat
1 16 0 23.423 10 15.7471 0 0 0 0 15.7471 0 -1 0 5-16ndis.dat
1 16 0 23.423 10 15.7471 0 0 0 0 -15.7471 0 -1 0 1-16ndis.dat
4 16 15.7471 39.1701 10 15.7471 7.6759 10 20 0 10 20 48 10
4 16 -15.7471 7.6759 10 -20 0 10 20 0 10 15.7471 7.6759 10
4 16 15.7471 39.1701 10 20 48 10 -20 48 10 -15.7471 39.1701 10
4 16 -15.7471 7.6759 10 -15.7471 39.1701 10 -20 48 10 -20 0 10
4 16 12.8595 14.8691 10 -8.554 36.2826 10 -12.8595 31.9771 10 8.554 10.5636 10
3 16 6.0261 8.8746 10 15.7471 7.6759 10 8.554 10.5636 10
3 16 8.554 10.5636 10 15.7471 7.6759 10 12.8595 14.8691 10
3 16 12.8595 14.8691 10 15.7471 7.6759 10 14.5483 17.3969 10
3 16 -6.0264 37.9717 10 -15.7471 39.1701 10 -8.554 36.2826 10
3 16 -8.554 36.2826 10 -15.7471 39.1701 10 -12.8595 31.9771 10
3 16 -12.8595 31.9771 10 -15.7471 39.1701 10 -14.5487 29.4494 10
4 15 -12.8595 31.9771 10 -14.5487 29.4494 10 6.0261 8.8746 10 8.554 10.5636 10
4 15 12.8595 14.8691 10 14.5483 17.3969 10 -6.0264 37.9717 10 -8.554 36.2826 10
1 15 0 23.423 10 6.02615 0 -14.5484 -14.5484 0 -6.02615 0 -1 0 3-8chrd.dat
1 15 0 23.423 10 -6.02615 0 14.5484 14.5484 0 6.02615 0 -1 0 3-8chrd.dat

4 16 -20 8.2529 7.3563 -20 8.2529 -7.3563 -20 0 -10 -20 0 10
4 16 -20 48 10 -20 48 -10 -20 39.7471 -7.3563 -20 39.7471 7.3563
4 16 -20 39.7471 -7.3563 -20 48 -10 -20 0 -10 -20 8.2529 -7.3563
4 16 -20 48 10 -20 39.7471 7.3563 -20 8.2529 7.3563 -20 0 10
4 15 -20 39.7471 7.3563 -20 39.7471 -7.3563 -20 8.2529 -7.3563 -20 8.2529 7.3563


1 16 0 23.423 -10 15.7471 0 0 0 0 -15.7471 0 1 0 5-16ndis.dat
1 16 0 23.423 -10 15.7471 0 0 0 0 15.7471 0 1 0 1-16ndis.dat
1 16 0 23.423 -10 -15.7471 0 0 0 0 15.7471 0 1 0 5-16ndis.dat
1 16 0 23.423 -10 -15.7471 0 0 0 0 -15.7471 0 1 0 1-16ndis.dat
4 16 -15.7471 39.1701 -10 -15.7471 7.6759 -10 -20 0 -10 -20 48 -10
4 16 15.7471 7.6759 -10 20 0 -10 -20 0 -10 -15.7471 7.6759 -10
4 16 -15.7471 39.1701 -10 -20 48 -10 20 48 -10 15.7471 39.1701 -10
4 16 15.7471 7.6759 -10 15.7471 39.1701 -10 20 48 -10 20 0 -10
4 16 -12.8595 14.8691 -10 8.554 36.2826 -10 12.8595 31.9771 -10 -8.554 10.5636 -10
3 16 -6.0264 8.8743 -10 -15.7471 7.6759 -10 -8.554 10.5636 -10
3 16 -8.554 10.5636 -10 -15.7471 7.6759 -10 -12.8595 14.8691 -10
3 16 -12.8595 14.8691 -10 -15.7471 7.6759 -10 -14.5487 17.3966 -10
3 16 6.0261 37.9714 -10 15.7471 39.1701 -10 8.554 36.2826 -10
3 16 8.554 36.2826 -10 15.7471 39.1701 -10 12.8595 31.9771 -10
3 16 12.8595 31.9771 -10 15.7471 39.1701 -10 14.5483 29.4491 -10
4 15 12.8595 31.9771 -10 14.5483 29.4491 -10 -6.0264 8.8743 -10 -8.554 10.5636 -10
4 15 -12.8595 14.8691 -10 -14.5487 17.3966 -10 6.0261 37.9714 -10 8.554 36.2826 -10
1 15 0 23.423 -10 -6.02615 0 14.5484 -14.5484 0 -6.02615 0 1 0 3-8chrd.dat
1 15 0 23.423 -10 6.02615 0 -14.5484 14.5484 0 6.02615 0 1 0 3-8chrd.dat

4 16 20 8.2529 -7.3563 20 8.2529 7.3563 20 0 10 20 0 -10
4 16 20 48 -10 20 48 10 20 39.7471 7.3563 20 39.7471 -7.3563
4 16 20 39.7471 7.3563 20 48 10 20 0 10 20 8.2529 7.3563
4 16 20 48 -10 20 39.7471 -7.3563 20 8.2529 -7.3563 20 0 -10
4 15 20 39.7471 -7.3563 20 39.7471 7.3563 20 8.2529 7.3563 20 8.2529 -7.3563
