0 Brick  1 x  2 x  2 with Medium Nougat Fur and Dark Brown Ammunition Belt Pattern
0 Name: 3245cpza.dat
0 Author: Vincent Messenet [Cheenzo]
0 !LDRAW_ORG Part UPDATE 2020-03
0 !LICENSE Redistributable under CCAL version 2.0 : see CAreadme.txt

0 BFC CERTIFY CCW

0 !KEYWORDS Set 41609, BrickLink 3245cpb067, BrickHeadz, Chewbacca, Star Wars

0 !HISTORY 2020-12-29 [PTadmin] Official Update 2020-03

1 16 0 0 0 1 0 0 0 1 0 0 0 1 s\3245cs01.dat
3 308 -19.3 47.5 -10 -19.5 43.46 -10 -19.5 47.5 -10
4 308 -19.5 42.11 -10 -15.102 38.551 -10 -17.075 36.115 -10 -19.5 38.08 -10
4 308 -19.5 36.73 -10 -16.921 34.645 -10 -16.946 30.463 -10 -19.5 32.53 -10
4 308 -9.547 39.6 -10 -13.633 38.706 -10 -19.5 43.46 -10 -19.3 47.5 -10
4 308 -16.921 34.645 -10 -13.633 38.706 -10 -9.547 39.6 -10 -16.946 30.463 -10
4 308 -13.421 33.156 -10 -11.448 35.592 -10 -7.793 32.633 -10 -9.766 30.196 -10
4 308 -8.954 29.539 -10 -6.981 31.975 -10 -3.327 29.016 -10 -5.3 26.579 -10
4 308 -2.254 24.113 -10 -.281 26.549 -10 3.373 23.59 -10 1.4 21.154 -10
4 308 -7.2 22.572 -10 -3.724 23.959 -10 1.555 19.684 -10 .921 15.995 -10
4 308 -.436 28.019 -10 -3.724 23.959 -10 -7.2 22.572 -10 .198 31.708 -10
4 308 4.843 23.744 -10 -.436 28.019 -10 .198 31.708 -10 8.319 25.131 -10
4 308 1.555 19.684 -10 4.843 23.744 -10 8.319 25.131 -10 .921 15.995 -10
4 308 4.446 18.687 -10 6.419 21.124 -10 10.073 18.164 -10 8.1 15.728 -10
4 308 8.912 15.07 -10 10.885 17.507 -10 14.54 14.547 -10 12.567 12.111 -10
4 308 16.221 9.152 -10 18.194 11.588 -10 19.5 10.53 -10 19.5 6.5 -10
4 308 10.666 8.103 -10 14.752 8.997 -10 19.5 5.15 -10 19.5 .95 -10
4 308 18.04 13.058 -10 14.752 8.997 -10 10.666 8.103 -10 18.065 17.24 -10
4 308 19.5 11.88 -10 18.04 13.058 -10 18.065 17.24 -10 19.5 16.08 -10
4 308 -19.5 8.15 -10 -10.449 19.321 -10 -10.077 19.019 -10 -19.5 .5 -10
4 308 -14.12 .5 -10 -19.5 .5 -10 -10.077 19.019 -10 -1.35 16.489 -10
3 308 -10.077 19.019 -10 -7.858 21.759 -10 -1.35 16.489 -10
4 80 -16.873 28.892 -10 -14.078 32.343 -10 -10.424 29.384 -10 -13.219 25.933 -10
4 80 -12.407 25.275 -10 -9.612 28.726 -10 -5.957 25.767 -10 -8.752 22.316 -10
4 80 -5.081 35.983 -10 -7.136 33.445 -10 -10.79 36.404 -10 -8.735 38.942 -10
4 80 -7.502 39.37 -10 -4.918 37.277 -10 -5.081 35.983 -10 -8.735 38.942 -10
3 80 -5.921 38.68 -10 -4.918 37.277 -10 -7.502 39.37 -10
4 80 -.614 32.366 -10 -2.669 29.828 -10 -6.324 32.787 -10 -4.268 35.325 -10
4 80 -4.268 35.325 -10 -3.036 35.753 -10 -.452 33.66 -10 -.614 32.366 -10
3 80 -1.455 35.063 -10 -.452 33.66 -10 -3.036 35.753 -10
4 80 .993 14.424 -10 3.788 17.875 -10 7.443 14.916 -10 4.648 11.464 -10
4 80 5.46 10.807 -10 8.255 14.258 -10 11.909 11.299 -10 9.114 7.847 -10
4 80 12.786 21.514 -10 10.731 18.977 -10 7.076 21.936 -10 9.131 24.474 -10
4 80 10.364 24.902 -10 12.948 22.809 -10 12.786 21.514 -10 9.131 24.474 -10
3 80 11.945 24.212 -10 12.948 22.809 -10 10.364 24.902 -10
4 80 17.253 17.897 -10 15.198 15.36 -10 11.543 18.319 -10 13.598 20.857 -10
4 80 13.598 20.857 -10 14.831 21.285 -10 17.415 19.192 -10 17.253 17.897 -10
3 80 16.412 20.595 -10 17.415 19.192 -10 14.831 21.285 -10
4 84 8.977 25.944 -10 5.75 37.75 -10 13.25 44.5 -10 16 35 -10
4 84 -.797 35.875 -10 -1.5 39 -10 5.5 45.25 -10 5.75 37.75 -10
3 84 -11.45 20.131 -10 -19.5 10.2 -10 -19.5 26.65 -10
3 84 -17.603 29.651 -10 -19.5 27.31 -10 -19.5 31.19 -10
3 84 10.009 7.291 -10 18.39 .5 -10 7.789 4.55 -10
3 84 18.39 .5 -10 -12.46 .5 -10 7.789 4.55 -10
3 84 7.789 4.55 -10 -12.46 .5 -10 -1.956 12.442 -10
4 84 -12.46 .5 -10 -.339 15.671 -10 .263 15.183 -10 -1.956 12.442 -10
3 84 -8.89 40.412 -10 -10.3 41.55 -10 -7.612 40.409 -10
3 84 -6.399 40.156 -10 -7.612 40.409 -10 -10.3 41.55 -10
4 84 -6.399 40.156 -10 -10.3 41.55 -10 -6.5 43 -10 -1.5 39 -10
3 84 -6.399 40.156 -10 -1.5 39 -10 -5.264 39.493 -10
3 84 -5.264 39.493 -10 -1.5 39 -10 -4.379 38.52 -10
4 84 -4.379 38.52 -10 -1.5 39 -10 -3.145 36.792 -10 -3.879 37.387 -10
3 84 -3.879 37.387 -10 -3.145 36.792 -10 -4.017 36.466 -10
3 84 -1.5 39 -10 -1.932 36.539 -10 -3.145 36.792 -10
3 84 -1.932 36.539 -10 -1.5 39 -10 -.797 35.875 -10
3 84 -.797 35.875 -10 5.75 37.75 -10 .088 34.903 -10
3 84 .088 34.903 -10 5.75 37.75 -10 .588 33.77 -10
4 84 .588 33.77 -10 5.75 37.75 -10 8.977 25.944 -10 .856 32.52 -10
3 84 8.977 25.944 -10 16 35 -10 10.255 25.941 -10
3 84 10.255 25.941 -10 16 35 -10 11.468 25.688 -10
3 84 11.468 25.688 -10 16 35 -10 12.603 25.024 -10
4 84 15.934 22.071 -10 13.488 24.052 -10 12.603 25.024 -10 16 35 -10
3 84 15.934 22.071 -10 16 35 -10 17.069 21.407 -10
3 84 17.954 20.435 -10 17.069 21.407 -10 16 35 -10
3 84 19.5 17.42 -10 18.722 18.052 -10 18.454 19.301 -10
4 84 18.454 19.301 -10 16 35 -10 19.5 40 -10 19.5 17.42 -10
3 84 16 35 -10 18.454 19.301 -10 17.954 20.435 -10
4 84 13.488 24.052 -10 15.934 22.071 -10 14.722 22.324 -10 13.988 22.918 -10
3 84 14.722 22.324 -10 13.85 21.998 -10 13.988 22.918 -10
4 0 -1.35 16.489 -10 -7.858 21.759 -10 -7.2 22.572 -10 .921 15.995 -10
3 0 -.339 15.671 -10 -1.35 16.489 -10 .921 15.995 -10
3 0 .921 15.995 -10 .263 15.183 -10 -.339 15.671 -10
4 0 8.319 25.131 -10 .198 31.708 -10 .856 32.52 -10 8.977 25.944 -10
4 0 -3.724 23.959 -10 -2.254 24.113 -10 1.4 21.154 -10 1.555 19.684 -10
4 0 -.281 26.549 -10 -2.254 24.113 -10 -3.724 23.959 -10 -.436 28.019 -10
4 0 3.373 23.59 -10 -.281 26.549 -10 -.436 28.019 -10 4.843 23.744 -10
4 0 1.4 21.154 -10 3.373 23.59 -10 4.843 23.744 -10 1.555 19.684 -10
4 0 -19.5 31.19 -10 -19.5 32.53 -10 -16.946 30.463 -10 -17.603 29.651 -10
3 0 -8.89 40.412 -10 -9.547 39.6 -10 -10.3 41.55 -10
4 0 -19.3 47.5 -10 -17.64 47.5 -10 -10.3 41.55 -10 -9.547 39.6 -10
4 0 -19.5 36.73 -10 -19.5 38.08 -10 -17.075 36.115 -10 -16.921 34.645 -10
4 0 -19.5 42.11 -10 -19.5 43.46 -10 -13.633 38.706 -10 -15.102 38.551 -10
4 0 -16.921 34.645 -10 -17.075 36.115 -10 -15.102 38.551 -10 -13.633 38.706 -10
4 0 10.666 8.103 -10 19.5 .5 -10 18.39 .5 -10 10.009 7.291 -10
3 0 19.5 .95 -10 19.5 .5 -10 10.666 8.103 -10
4 0 19.5 16.08 -10 18.065 17.24 -10 18.722 18.052 -10 19.5 17.42 -10
4 0 14.752 8.997 -10 16.221 9.152 -10 19.5 6.5 -10 19.5 5.15 -10
4 0 16.221 9.152 -10 14.752 8.997 -10 18.04 13.058 -10 18.194 11.588 -10
4 0 19.5 10.53 -10 18.194 11.588 -10 18.04 13.058 -10 19.5 11.88 -10
4 0 -11.45 20.131 -10 -19.5 26.65 -10 -13.219 25.933 -10 -12.407 25.275 -10
3 0 -12.407 25.275 -10 -10.449 19.321 -10 -11.45 20.131 -10
4 0 -8.752 22.316 -10 -10.077 19.019 -10 -10.449 19.321 -10 -12.407 25.275 -10
4 0 -16.873 28.892 -10 -13.219 25.933 -10 -19.5 26.65 -10 -19.5 27.31 -10
3 0 -16.873 28.892 -10 -19.5 27.31 -10 -17.603 29.651 -10
4 0 -16.873 28.892 -10 -17.603 29.651 -10 -16.946 30.463 -10 -14.078 32.343 -10
3 0 -14.078 32.343 -10 -16.946 30.463 -10 -13.421 33.156 -10
3 0 -13.421 33.156 -10 -16.946 30.463 -10 -11.448 35.592 -10
4 0 -10.79 36.404 -10 -11.448 35.592 -10 -16.946 30.463 -10 -9.547 39.6 -10
4 0 -8.89 40.412 -10 -8.735 38.942 -10 -10.79 36.404 -10 -9.547 39.6 -10
4 0 -7.502 39.37 -10 -8.735 38.942 -10 -8.89 40.412 -10 -7.612 40.409 -10
4 0 -5.921 38.68 -10 -7.502 39.37 -10 -7.612 40.409 -10 -6.399 40.156 -10
4 0 -3.879 37.387 -10 -4.918 37.277 -10 -5.921 38.68 -10 -4.379 38.52 -10
4 0 -6.399 40.156 -10 -5.264 39.493 -10 -4.379 38.52 -10 -5.921 38.68 -10
4 0 -4.918 37.277 -10 -3.879 37.387 -10 -4.017 36.466 -10 -5.081 35.983 -10
3 0 -7.858 21.759 -10 -10.077 19.019 -10 -8.752 22.316 -10
4 0 -7.2 22.572 -10 -7.858 21.759 -10 -8.752 22.316 -10 -5.957 25.767 -10
3 0 -7.2 22.572 -10 -5.957 25.767 -10 -5.3 26.579 -10
3 0 -7.2 22.572 -10 -5.3 26.579 -10 -3.327 29.016 -10
4 0 -7.2 22.572 -10 -3.327 29.016 -10 -2.669 29.828 -10 .198 31.708 -10
4 0 .588 33.77 -10 .856 32.52 -10 -.614 32.366 -10 -.452 33.66 -10
4 0 .856 32.52 -10 .198 31.708 -10 -2.669 29.828 -10 -.614 32.366 -10
4 0 -3.145 36.792 -10 -3.036 35.753 -10 -4.268 35.325 -10 -4.017 36.466 -10
4 0 -3.036 35.753 -10 -3.145 36.792 -10 -1.932 36.539 -10 -1.455 35.063 -10
4 0 .088 34.903 -10 -1.455 35.063 -10 -1.932 36.539 -10 -.797 35.875 -10
4 0 -1.455 35.063 -10 .088 34.903 -10 .588 33.77 -10 -.452 33.66 -10
4 0 -14.078 32.343 -10 -13.421 33.156 -10 -9.766 30.196 -10 -10.424 29.384 -10
4 0 -11.448 35.592 -10 -10.79 36.404 -10 -7.136 33.445 -10 -7.793 32.633 -10
4 0 -9.612 28.726 -10 -8.954 29.539 -10 -5.3 26.579 -10 -5.957 25.767 -10
4 0 -6.981 31.975 -10 -6.324 32.787 -10 -2.669 29.828 -10 -3.327 29.016 -10
4 0 -9.612 28.726 -10 -12.407 25.275 -10 -13.219 25.933 -10 -10.424 29.384 -10
4 0 -9.612 28.726 -10 -10.424 29.384 -10 -9.766 30.196 -10 -8.954 29.539 -10
4 0 -8.954 29.539 -10 -9.766 30.196 -10 -7.793 32.633 -10 -6.981 31.975 -10
4 0 -6.981 31.975 -10 -7.793 32.633 -10 -7.136 33.445 -10 -6.324 32.787 -10
4 0 -6.324 32.787 -10 -7.136 33.445 -10 -5.081 35.983 -10 -4.268 35.325 -10
3 0 -5.081 35.983 -10 -4.017 36.466 -10 -4.268 35.325 -10
4 0 -1.956 12.442 -10 4.648 11.464 -10 5.46 10.807 -10 7.789 4.55 -10
3 0 4.648 11.464 -10 -1.956 12.442 -10 .993 14.424 -10
3 0 7.789 4.55 -10 5.46 10.807 -10 9.114 7.847 -10
3 0 .993 14.424 -10 -1.956 12.442 -10 .263 15.183 -10
4 0 .993 14.424 -10 .263 15.183 -10 .921 15.995 -10 3.788 17.875 -10
3 0 3.788 17.875 -10 .921 15.995 -10 4.446 18.687 -10
3 0 4.446 18.687 -10 .921 15.995 -10 6.419 21.124 -10
4 0 7.076 21.936 -10 6.419 21.124 -10 .921 15.995 -10 8.319 25.131 -10
4 0 8.977 25.944 -10 9.131 24.474 -10 7.076 21.936 -10 8.319 25.131 -10
4 0 10.364 24.902 -10 9.131 24.474 -10 8.977 25.944 -10 10.255 25.941 -10
4 0 11.945 24.212 -10 10.364 24.902 -10 10.255 25.941 -10 11.468 25.688 -10
4 0 13.988 22.918 -10 12.948 22.809 -10 11.945 24.212 -10 13.488 24.052 -10
4 0 11.468 25.688 -10 12.603 25.024 -10 13.488 24.052 -10 11.945 24.212 -10
4 0 12.948 22.809 -10 13.988 22.918 -10 13.85 21.998 -10 12.786 21.514 -10
3 0 10.009 7.291 -10 7.789 4.55 -10 9.114 7.847 -10
4 0 10.666 8.103 -10 10.009 7.291 -10 9.114 7.847 -10 11.909 11.299 -10
3 0 10.666 8.103 -10 11.909 11.299 -10 12.567 12.111 -10
3 0 10.666 8.103 -10 12.567 12.111 -10 14.54 14.547 -10
4 0 10.666 8.103 -10 14.54 14.547 -10 15.198 15.36 -10 18.065 17.24 -10
4 0 18.454 19.301 -10 18.722 18.052 -10 17.253 17.897 -10 17.415 19.192 -10
4 0 18.722 18.052 -10 18.065 17.24 -10 15.198 15.36 -10 17.253 17.897 -10
4 0 14.722 22.324 -10 14.831 21.285 -10 13.598 20.857 -10 13.85 21.998 -10
4 0 14.831 21.285 -10 14.722 22.324 -10 15.934 22.071 -10 16.412 20.595 -10
4 0 17.954 20.435 -10 16.412 20.595 -10 15.934 22.071 -10 17.069 21.407 -10
4 0 16.412 20.595 -10 17.954 20.435 -10 18.454 19.301 -10 17.415 19.192 -10
4 0 3.788 17.875 -10 4.446 18.687 -10 8.1 15.728 -10 7.443 14.916 -10
4 0 6.419 21.124 -10 7.076 21.936 -10 10.731 18.977 -10 10.073 18.164 -10
4 0 8.255 14.258 -10 8.912 15.07 -10 12.567 12.111 -10 11.909 11.299 -10
4 0 10.885 17.507 -10 11.543 18.319 -10 15.198 15.36 -10 14.54 14.547 -10
4 0 8.255 14.258 -10 5.46 10.807 -10 4.648 11.464 -10 7.443 14.916 -10
4 0 8.255 14.258 -10 7.443 14.916 -10 8.1 15.728 -10 8.912 15.07 -10
4 0 8.912 15.07 -10 8.1 15.728 -10 10.073 18.164 -10 10.885 17.507 -10
4 0 10.885 17.507 -10 10.073 18.164 -10 10.731 18.977 -10 11.543 18.319 -10
4 0 11.543 18.319 -10 10.731 18.977 -10 12.786 21.514 -10 13.598 20.857 -10
3 0 12.786 21.514 -10 13.85 21.998 -10 13.598 20.857 -10
4 0 -19.5 10.2 -10 -11.45 20.131 -10 -10.449 19.321 -10 -19.5 8.15 -10
4 0 -14.12 .5 -10 -1.35 16.489 -10 -.339 15.671 -10 -12.46 .5 -10
3 16 -20 0 -10 -19.5 .5 -10 -14.12 .5 -10
3 16 -20 0 -10 -14.12 .5 -10 -12.46 .5 -10
4 16 -20 0 -10 -12.46 .5 -10 18.39 .5 -10 20 0 -10
3 16 19.5 .5 -10 20 0 -10 18.39 .5 -10
3 16 20 0 -10 19.5 .5 -10 19.5 .95 -10
3 16 20 0 -10 19.5 .95 -10 19.5 5.15 -10
3 16 20 0 -10 19.5 5.15 -10 19.5 6.5 -10
3 16 20 0 -10 19.5 6.5 -10 19.5 10.53 -10
3 16 20 0 -10 19.5 10.53 -10 19.5 11.88 -10
3 16 20 0 -10 19.5 11.88 -10 19.5 16.08 -10
3 16 20 0 -10 19.5 16.08 -10 19.5 17.42 -10
4 16 19.5 17.42 -10 19.5 40 -10 20 48 -10 20 0 -10
4 16 20 48 -10 19.5 40 -10 16 35 -10 13.25 44.5 -10
3 16 20 48 -10 13.25 44.5 -10 5.5 45.25 -10
3 16 5.5 45.25 -10 13.25 44.5 -10 5.75 37.75 -10
4 16 -6.5 43 -10 -17.64 47.5 -10 20 48 -10 5.5 45.25 -10
4 16 -19.3 47.5 -10 -20 48 -10 20 48 -10 -17.64 47.5 -10
3 16 -10.3 41.55 -10 -17.64 47.5 -10 -6.5 43 -10
3 16 -6.5 43 -10 5.5 45.25 -10 -1.5 39 -10
3 16 -20 48 -10 -19.3 47.5 -10 -19.5 47.5 -10
3 16 -20 48 -10 -19.5 47.5 -10 -19.5 43.46 -10
3 16 -20 48 -10 -19.5 43.46 -10 -19.5 42.11 -10
3 16 -20 48 -10 -19.5 42.11 -10 -19.5 38.08 -10
3 16 -20 48 -10 -19.5 38.08 -10 -19.5 36.73 -10
3 16 -20 48 -10 -19.5 36.73 -10 -19.5 32.53 -10
3 16 -20 48 -10 -19.5 32.53 -10 -19.5 31.19 -10
3 16 -20 48 -10 -19.5 31.19 -10 -19.5 27.31 -10
3 16 -20 48 -10 -19.5 27.31 -10 -19.5 26.65 -10
4 16 -19.5 10.2 -10 -20 0 -10 -20 48 -10 -19.5 26.65 -10
3 16 -20 0 -10 -19.5 10.2 -10 -19.5 8.15 -10
3 16 -20 0 -10 -19.5 8.15 -10 -19.5 .5 -10
