0 Slope Brick 33  3 x  2 with Space Police II Pattern
0 Name: 3298p69.dat
0 Author: Carsten Schmitz [Deckard]
0 !LDRAW_ORG Part UPDATE 2003-01
0 !LICENSE Redistributable under CCAL version 2.0 : see CAreadme.txt

0 !HISTORY 2003-03-12 [PTadmin] Official Update 2003-01
0 !HISTORY 2007-06-25 [PTadmin] Header formatted for Contributor Agreement
0 !HISTORY 2008-07-01 [PTadmin] Official Update 2008-01

1 16 0 14 -30 6 0 0 0 0 3 0 0 -6 4-4edge.dat
1 16 0 14 -30 6 0 0 0 6 3 0 0 -6 2-4cyli.dat
1 16 0 14 -30 6 0 0 0 9 -3 0 0 6 2-4cyli.dat
1 16 0 14 -30 8 0 0 0 0 4 0 0 -8 4-4edge.dat
1 16 0 14 -30 8 0 0 0 10 -4 0 0 8 2-4cyli.dat
1 16 0 14 -30 8 0 0 0 6 4 0 0 -8 2-4cyli.dat
1 16 0 20 -10 1 0 0 0 -1 0 0 0 1 stud4a.dat
1 16 0 20 -30 1 0 0 0 -1 0 0 0 1 stud4a.dat
1 16 0 4 -10 6 0 0 0 0 0 0 0 6 2-4edge.dat
1 16 0 4 -10 6 0 0 0 0 3 0 0 -6 2-4edge.dat
1 16 0 4 -10 6 0 0 0 16 0 0 0 6 2-4cyli.dat
1 16 0 4 -10 8 0 0 0 0 0 0 0 8 2-4edge.dat
1 16 0 4 -10 8 0 0 0 0 4 0 0 -8 2-4edge.dat
1 16 0 4 -10 8 0 0 0 16 0 0 0 8 2-4cyli.dat
1 16 0 7 -10 0 0 6 0 -3 0 -6 0 0 1-4cyls.dat
1 16 0 7 -10 0 0 -6 0 -3 0 -6 0 0 1-4cyls.dat
1 16 0 7 -10 6 0 0 0 13 0 0 0 -6 2-4cyli.dat
1 16 0 8 -10 0 0 8 0 -4 0 -8 0 0 1-4cyls.dat
1 16 0 8 -10 0 0 -8 0 -4 0 -8 0 0 1-4cyls.dat
1 16 0 8 -10 8 0 0 0 12 0 0 0 -8 2-4cyli.dat

1 16 10 0 0 1 0 0 0 1 0 0 0 1 stud.dat
1 16 -10 0 0 1 0 0 0 1 0 0 0 1 stud.dat

1 383 0 0 0 1 0 0 0 1 0 0 0 1 s\3298p69a.dat

2 24 16 20 -42 -16 20 -42
2 24 16 20 -42 16 4 -10
2 24 -16 20 -42 -16 4 -10
2 24 16 20 -46 16 20 -42
2 24 -16 20 -46 -16 20 -42
2 24 16 20 -46 -16 20 -46
2 24 16 24 -46 16 20 -46
2 24 -16 24 -46 -16 20 -46
2 24 -16 24 -46 16 24 -46
2 24 16 24 -46 16 24 6
2 24 -16 24 6 -16 24 -46
2 24 16 24 6 -16 24 6
2 24 16 24 6 16 4 6
2 24 -16 24 6 -16 4 6
2 24 16 4 -10 -16 4 -10
2 24 16 4 6 16 4 -10
2 24 -16 4 6 -16 4 -10
2 24 16 4 6 -16 4 6
2 24 20 0 10 -20 0 10
2 24 20 0 10 20 0 -10
2 24 -20 0 10 -20 0 -10
2 24 20 0 -10 -20 0 -10
2 24 20 20 -50 20 0 -10
2 24 -20 20 -50 -20 0 -10
2 24 20 20 -50 -20 20 -50
2 24 20 24 10 20 0 10
2 24 -20 24 10 -20 0 10
2 24 20 24 10 -20 24 10
2 24 -20 24 10 -20 24 -50
2 24 20 24 -50 20 20 -50
2 24 -20 24 -50 -20 20 -50
2 24 20 24 -50 20 24 10
2 24 -20 24 -50 20 24 -50
3 16 16 4 6 16 4 -10 16 20 -46
3 16 -16 4 6 -16 4 -10 -16 20 -46
3 16 20 0 10 20 0 -10 20 20 -50
3 16 -20 0 10 -20 0 -10 -20 20 -50
4 16 0.289855 5.92105 -21.8421 2.6087 5.92105 -21.8421 2.6087 6.44737 -22.8947 0.289855 6.44737 -22.8947
4 16 0.57971 5.52632 -21.0526 2.31884 5.52632 -21.0526 2.31884 5.92105 -21.8421 0.57971 5.92105 -21.8421
4 16 0.57971 7.63158 -25.2632 2.31884 7.63158 -25.2632 2.31884 9.07895 -28.1579 0.57971 9.07895 -28.1579
4 16 0.869565 5.39474 -20.7895 2.02899 5.39474 -20.7895 2.02899 5.52632 -21.0526 0.869565 5.52632 -21.0526
4 16 1.44928 14.3421 -38.6842 2.02899 14.3421 -38.6842 2.02899 15.2632 -40.5263 1.44928 15.2632 -40.5263
4 16 -10.1449 4.60526 -19.2105 -8.69565 4.60526 -19.2105 -8.69565 5.52632 -21.0526 -10.1449 5.52632 -21.0526
4 16 -10.1449 6.71053 -23.4211 -8.69565 6.71053 -23.4211 -8.69565 6.97368 -23.9474 -10.1449 6.97368 -23.9474
4 16 -10.1449 8.55263 -27.1053 -8.69565 8.55263 -27.1053 -8.69565 8.68421 -27.3684 -10.1449 8.68421 -27.3684
4 16 10.4348 10.9211 -31.8421 14.4928 10.9211 -31.8421 14.4928 11.0526 -32.1053 10.4348 11.0526 -32.1053
4 16 10.4348 11.0526 -32.1053 13.6232 11.0526 -32.1053 13.6232 11.1842 -32.3684 10.4348 11.1842 -32.3684
4 16 10.4348 11.1842 -32.3684 13.0435 11.1842 -32.3684 13.0435 11.3158 -32.6316 10.4348 11.3158 -32.6316
4 16 10.4348 11.3158 -32.6316 12.7536 11.3158 -32.6316 12.7536 11.4474 -32.8947 10.4348 11.4474 -32.8947
4 16 10.4348 11.4474 -32.8947 12.4638 11.4474 -32.8947 12.4638 11.5789 -33.1579 10.4348 11.5789 -33.1579
4 16 10.4348 11.5789 -33.1579 12.1739 11.5789 -33.1579 12.1739 11.8421 -33.6842 10.4348 11.8421 -33.6842
4 16 10.4348 14.4737 -38.9474 11.0145 14.4737 -38.9474 11.0145 15.3947 -40.7895 10.4348 15.3947 -40.7895
4 16 -10.4348 6.57895 -23.1579 -8.69565 6.57895 -23.1579 -8.69565 6.71053 -23.4211 -10.4348 6.71053 -23.4211
4 16 -10.4348 8.68421 -27.3684 -8.69565 8.68421 -27.3684 -8.69565 8.81579 -27.6316 -10.4348 8.81579 -27.6316
4 16 -10.7246 11.8421 -33.6842 -9.85507 11.8421 -33.6842 -9.85507 12.3684 -34.7368 -10.7246 12.3684 -34.7368
4 16 -10.7246 12.3684 -34.7368 -10.1449 12.3684 -34.7368 -10.1449 12.5 -35 -10.7246 12.5 -35
4 16 10.7246 4.60526 -19.2105 14.7826 4.60526 -19.2105 14.7826 4.73684 -19.4737 10.7246 4.73684 -19.4737
4 16 10.7246 4.73684 -19.4737 13.913 4.73684 -19.4737 13.913 4.86842 -19.7368 10.7246 4.86842 -19.7368
4 16 10.7246 4.86842 -19.7368 13.3333 4.86842 -19.7368 13.3333 5 -20 10.7246 5 -20
4 16 10.7246 5 -20 13.0435 5 -20 13.0435 5.13158 -20.2632 10.7246 5.13158 -20.2632
4 16 10.7246 5.13158 -20.2632 12.7536 5.13158 -20.2632 12.7536 5.26316 -20.5263 10.7246 5.26316 -20.5263
4 16 10.7246 5.26316 -20.5263 12.4638 5.26316 -20.5263 12.4638 5.52632 -21.0526 10.7246 5.52632 -21.0526
4 16 10.7246 8.15789 -26.3158 11.3043 8.15789 -26.3158 11.3043 9.07895 -28.1579 10.7246 9.07895 -28.1579
4 16 -10.7246 8.81579 -27.6316 -8.69565 8.81579 -27.6316 -8.69565 8.94737 -27.8947 -10.7246 8.94737 -27.8947
4 16 -11.0145 11.4474 -32.8947 -9.27536 11.4474 -32.8947 -9.27536 11.5789 -33.1579 -11.0145 11.5789 -33.1579
4 16 -11.0145 11.5789 -33.1579 -9.56522 11.5789 -33.1579 -9.56522 11.8421 -33.6842 -11.0145 11.8421 -33.6842
4 16 -11.0145 12.5 -35 -10.1449 12.5 -35 -10.1449 13.0263 -36.0526 -11.0145 13.0263 -36.0526
4 16 -11.0145 6.44737 -22.8947 -8.69565 6.44737 -22.8947 -8.69565 6.57895 -23.1579 -11.0145 6.57895 -23.1579
4 16 -11.3043 11.3158 -32.6316 -8.98551 11.3158 -32.6316 -8.98551 11.4474 -32.8947 -11.3043 11.4474 -32.8947
4 16 -11.3043 13.0263 -36.0526 -10.1449 13.0263 -36.0526 -10.1449 13.1579 -36.3158 -11.3043 13.1579 -36.3158
4 16 -11.5942 11.1842 -32.3684 -8.69565 11.1842 -32.3684 -8.69565 11.3158 -32.6316 -11.5942 11.3158 -32.6316
4 16 -11.5942 13.1579 -36.3158 -10.1449 13.1579 -36.3158 -10.1449 13.2895 -36.5789 -11.5942 13.2895 -36.5789
4 16 -11.5942 8.94737 -27.8947 -8.69565 8.94737 -27.8947 -8.69565 9.07895 -28.1579 -11.5942 9.07895 -28.1579
4 16 -11.8841 11.0526 -32.1053 -8.11594 11.0526 -32.1053 -8.11594 11.1842 -32.3684 -11.8841 11.1842 -32.3684
4 16 -11.8841 13.2895 -36.5789 -10.1449 13.2895 -36.5789 -10.1449 13.4211 -36.8421 -11.8841 13.4211 -36.8421
4 16 -12.1739 13.4211 -36.8421 -10.1449 13.4211 -36.8421 -10.1449 13.5526 -37.1053 -12.1739 13.5526 -37.1053
4 16 -12.7536 10.9211 -31.8421 -7.24638 10.9211 -31.8421 -7.24638 11.0526 -32.1053 -12.7536 11.0526 -32.1053
4 16 -12.7536 13.5526 -37.1053 -10.1449 13.5526 -37.1053 -10.1449 13.6842 -37.3684 -12.7536 13.6842 -37.3684
4 16 13.3333 12.5 -35 19.7101 12.5 -35 19.7101 12.8947 -35.7895 13.3333 12.8947 -35.7895
4 16 13.3333 13.9474 -37.8947 19.7101 13.9474 -37.8947 19.7101 14.4737 -38.9474 13.3333 14.4737 -38.9474
4 16 13.6232 12.2368 -34.4737 19.7101 12.2368 -34.4737 19.7101 12.5 -35 13.6232 12.5 -35
4 16 -13.6232 5.52632 -21.0526 -5.7971 5.52632 -21.0526 -5.7971 5.65789 -21.3158 -13.6232 5.65789 -21.3158
4 16 13.6232 6.18421 -22.3684 19.7101 6.18421 -22.3684 19.7101 6.57895 -23.1579 13.6232 6.57895 -23.1579
4 16 -13.6232 6.31579 -22.6316 -5.7971 6.31579 -22.6316 -5.7971 6.44737 -22.8947 -13.6232 6.44737 -22.8947
4 16 13.6232 7.63158 -25.2632 19.7101 7.63158 -25.2632 19.7101 8.15789 -26.3158 13.6232 8.15789 -26.3158
4 16 13.913 12.1053 -34.2105 19.7101 12.1053 -34.2105 19.7101 12.2368 -34.4737 13.913 12.2368 -34.4737
4 16 -13.913 5.65789 -21.3158 -5.21739 5.65789 -21.3158 -5.21739 5.78947 -21.5789 -13.913 5.78947 -21.5789
4 16 13.913 5.92105 -21.8421 19.7101 5.92105 -21.8421 19.7101 6.18421 -22.3684 13.913 6.18421 -22.3684
4 16 -13.913 6.18421 -22.3684 -5.21739 6.18421 -22.3684 -5.21739 6.31579 -22.6316 -13.913 6.31579 -22.6316
4 16 14.2029 11.9737 -33.9474 19.7101 11.9737 -33.9474 19.7101 12.1053 -34.2105 14.2029 12.1053 -34.2105
4 16 14.2029 5.78947 -21.5789 19.7101 5.78947 -21.5789 19.7101 5.92105 -21.8421 14.2029 5.92105 -21.8421
4 16 -14.2029 5.78947 -21.5789 -4.92754 5.78947 -21.5789 -4.92754 6.18421 -22.3684 -14.2029 6.18421 -22.3684
4 16 14.4928 5.65789 -21.3158 19.7101 5.65789 -21.3158 19.7101 5.78947 -21.5789 14.4928 5.78947 -21.5789
4 16 14.7826 11.8421 -33.6842 19.7101 11.8421 -33.6842 19.7101 11.9737 -33.9474 14.7826 11.9737 -33.9474
4 16 -14.7826 13.9474 -37.8947 -10.1449 13.9474 -37.8947 -10.1449 14.0789 -38.1579 -14.7826 14.0789 -38.1579
4 16 -14.7826 14.0789 -38.1579 -9.85507 14.0789 -38.1579 -9.85507 14.4737 -38.9474 -14.7826 14.4737 -38.9474
4 16 -14.7826 14.4737 -38.9474 -9.56522 14.4737 -38.9474 -9.56522 14.7368 -39.4737 -14.7826 14.7368 -39.4737
4 16 -14.7826 14.7368 -39.4737 -9.27536 14.7368 -39.4737 -9.27536 14.8684 -39.7368 -14.7826 14.8684 -39.7368
4 16 -14.7826 14.8684 -39.7368 -8.69565 14.8684 -39.7368 -8.69565 15 -40 -14.7826 15 -40
4 16 -14.7826 15 -40 -8.11594 15 -40 -8.11594 15.1316 -40.2632 -14.7826 15.1316 -40.2632
4 16 -14.7826 15.1316 -40.2632 -7.24638 15.1316 -40.2632 -7.24638 15.2632 -40.5263 -14.7826 15.2632 -40.5263
4 16 15.0725 5.52632 -21.0526 19.7101 5.52632 -21.0526 19.7101 5.65789 -21.3158 15.0725 5.65789 -21.3158
4 16 16 20 -42 16 20 -46 -16 20 -46 -16 20 -42
4 16 16 20 -42 16 4 -10 -16 4 -10 -16 20 -42
4 16 16 24 -46 16 20 -46 -16 20 -46 -16 24 -46
4 16 16 24 6 16 4 6 16 20 -46 16 24 -46
4 16 -16 24 6 -16 4 6 -16 20 -46 -16 24 -46
4 16 16 24 6 16 4 6 -16 4 6 -16 24 6
4 16 16 4 6 16 4 -10 -16 4 -10 -16 4 6
4 16 16.8116 10.9211 -31.8421 19.7101 10.9211 -31.8421 19.7101 11.8421 -33.6842 16.8116 11.8421 -33.6842
4 16 16.8116 12.8947 -35.7895 19.7101 12.8947 -35.7895 19.7101 13.6842 -37.3684 16.8116 13.6842 -37.3684
4 16 16.8116 14.4737 -38.9474 19.7101 14.4737 -38.9474 19.7101 15.3947 -40.7895 16.8116 15.3947 -40.7895
4 16 17.1014 4.60526 -19.2105 19.7101 4.60526 -19.2105 19.7101 5.52632 -21.0526 17.1014 5.52632 -21.0526
4 16 17.1014 6.57895 -23.1579 19.7101 6.57895 -23.1579 19.7101 7.36842 -24.7368 17.1014 7.36842 -24.7368
4 16 17.1014 8.15789 -26.3158 19.7101 8.15789 -26.3158 19.7101 9.07895 -28.1579 17.1014 9.07895 -28.1579
4 16 18.8406 1.18421 -12.3684 19.7101 1.18421 -12.3684 19.7101 2.89474 -15.7895 18.8406 2.89474 -15.7895
4 16 18.8406 17.1053 -44.2105 19.7101 17.1053 -44.2105 19.7101 19.0789 -48.1579 18.8406 19.0789 -48.1579
4 16 19.7101 0 -10 20 0 -10 20 20 -50 19.7101 20 -50
4 16 2.31884 4.60526 -19.2105 8.98551 4.60526 -19.2105 8.98551 4.73684 -19.4737 2.31884 4.73684 -19.4737
4 16 -2.31884 5.52632 -21.0526 -1.73913 5.52632 -21.0526 -1.73913 6.44737 -22.8947 -2.31884 6.44737 -22.8947
4 16 -2.6087 5.13158 -20.2632 -1.44928 5.13158 -20.2632 -1.44928 5.39474 -20.7895 -2.6087 5.39474 -20.7895
4 16 -2.6087 5.39474 -20.7895 -1.73913 5.39474 -20.7895 -1.73913 5.52632 -21.0526 -2.6087 5.52632 -21.0526
4 16 -2.6087 6.44737 -22.8947 -1.73913 6.44737 -22.8947 -1.73913 6.71053 -23.4211 -2.6087 6.71053 -23.4211
4 16 -2.89855 12.3684 -34.7368 -2.31884 12.3684 -34.7368 -2.31884 13.6842 -37.3684 -2.89855 13.6842 -37.3684
4 16 -2.89855 13.9474 -37.8947 -2.31884 13.9474 -37.8947 -2.31884 14.0789 -38.1579 -2.89855 14.0789 -38.1579
4 16 -2.89855 5 -20 -1.15942 5 -20 -1.15942 5.13158 -20.2632 -2.89855 5.13158 -20.2632
4 16 -2.89855 6.71053 -23.4211 -1.73913 6.71053 -23.4211 -1.73913 6.84211 -23.6842 -2.89855 6.84211 -23.6842
4 16 -20 0 -10 19.7101 0 -10 19.7101 1.18421 -12.3684 -20 1.18421 -12.3684
4 16 20 0 10 20 0 -10 -20 0 -10 -20 0 10
4 16 -20 1.18421 -12.3684 -18.8406 1.18421 -12.3684 -18.8406 2.89474 -15.7895 -20 2.89474 -15.7895
4 16 -20 10.9211 -31.8421 -17.1014 10.9211 -31.8421 -17.1014 11.8421 -33.6842 -20 11.8421 -33.6842
4 16 -20 11.8421 -33.6842 -13.6232 11.8421 -33.6842 -13.6232 11.9737 -33.9474 -20 11.9737 -33.9474
4 16 -20 11.9737 -33.9474 -13.0435 11.9737 -33.9474 -13.0435 12.1053 -34.2105 -20 12.1053 -34.2105
4 16 -20 12.1053 -34.2105 -12.7536 12.1053 -34.2105 -12.7536 12.5 -35 -20 12.5 -35
4 16 -20 12.5 -35 -13.0435 12.5 -35 -13.0435 12.6316 -35.2632 -20 12.6316 -35.2632
4 16 -20 12.6316 -35.2632 -13.6232 12.6316 -35.2632 -13.6232 12.7632 -35.5263 -20 12.7632 -35.5263
4 16 -20 12.7632 -35.5263 -17.1014 12.7632 -35.5263 -17.1014 13.6842 -37.3684 -20 13.6842 -37.3684
4 16 -20 13.6842 -37.3684 19.7101 13.6842 -37.3684 19.7101 13.9474 -37.8947 -20 13.9474 -37.8947
4 16 -20 13.9474 -37.8947 -17.1014 13.9474 -37.8947 -17.1014 15.2632 -40.5263 -20 15.2632 -40.5263
4 16 -20 15.2632 -40.5263 8.4058 15.2632 -40.5263 8.4058 15.3947 -40.7895 -20 15.3947 -40.7895
4 16 -20 15.3947 -40.7895 19.7101 15.3947 -40.7895 19.7101 17.1053 -44.2105 -20 17.1053 -44.2105
4 16 -20 17.1053 -44.2105 -18.8406 17.1053 -44.2105 -18.8406 19.0789 -48.1579 -20 19.0789 -48.1579
4 16 -20 19.0789 -48.1579 19.7101 19.0789 -48.1579 19.7101 20 -50 -20 20 -50
4 16 -20 2.89474 -15.7895 19.7101 2.89474 -15.7895 19.7101 4.60526 -19.2105 -20 4.60526 -19.2105
4 16 -20 24 10 -16 24 6 -16 24 -46 -20 24 -50
4 16 20 24 10 16 24 6 -16 24 6 -20 24 10
4 16 20 24 10 20 0 10 -20 0 10 -20 24 10
4 16 20 24 10 20 0 10 20 20 -50 20 24 -50
4 16 -20 24 10 -20 0 10 -20 20 -50 -20 24 -50
4 16 -20 24 -50 -16 24 -46 16 24 -46 20 24 -50
4 16 20 24 -50 16 24 -46 16 24 6 20 24 10
4 16 20 24 -50 20 20 -50 -20 20 -50 -20 24 -50
4 16 -20 4.60526 -19.2105 -14.4928 4.60526 -19.2105 -14.4928 4.73684 -19.4737 -20 4.73684 -19.4737
4 16 -20 4.73684 -19.4737 -15.3623 4.73684 -19.4737 -15.3623 4.86842 -19.7368 -20 4.86842 -19.7368
4 16 -20 4.86842 -19.7368 -15.942 4.86842 -19.7368 -15.942 5 -20 -20 5 -20
4 16 -20 5 -20 -16.2319 5 -20 -16.2319 5.13158 -20.2632 -20 5.13158 -20.2632
4 16 -20 5.13158 -20.2632 -16.5217 5.13158 -20.2632 -16.5217 5.26316 -20.5263 -20 5.26316 -20.5263
4 16 -20 5.26316 -20.5263 -16.8116 5.26316 -20.5263 -16.8116 5.39474 -20.7895 -20 5.39474 -20.7895
4 16 -20 5.39474 -20.7895 -17.1014 5.39474 -20.7895 -17.1014 6.31579 -22.6316 -20 6.31579 -22.6316
4 16 -20 6.31579 -22.6316 -16.8116 6.31579 -22.6316 -16.8116 6.57895 -23.1579 -20 6.57895 -23.1579
4 16 -20 6.57895 -23.1579 -16.5217 6.57895 -23.1579 -16.5217 6.71053 -23.4211 -20 6.71053 -23.4211
4 16 -20 6.71053 -23.4211 -16.2319 6.71053 -23.4211 -16.2319 6.97368 -23.9474 -20 6.97368 -23.9474
4 16 -20 6.97368 -23.9474 -15.6522 6.97368 -23.9474 -15.6522 7.10526 -24.2105 -20 7.10526 -24.2105
4 16 -20 7.10526 -24.2105 -15.0725 7.10526 -24.2105 -15.0725 7.23684 -24.4737 -20 7.23684 -24.4737
4 16 -20 7.23684 -24.4737 -14.4928 7.23684 -24.4737 -14.4928 7.36842 -24.7368 -20 7.36842 -24.7368
4 16 -20 7.36842 -24.7368 -12.4638 7.36842 -24.7368 -12.4638 7.5 -25 -20 7.5 -25
4 16 -20 7.5 -25 -12.1739 7.5 -25 -12.1739 7.63158 -25.2632 -20 7.63158 -25.2632
4 16 -20 7.63158 -25.2632 -11.8841 7.63158 -25.2632 -11.8841 7.89474 -25.7895 -20 7.89474 -25.7895
4 16 -20 7.89474 -25.7895 -12.1739 7.89474 -25.7895 -12.1739 8.02632 -26.0526 -20 8.02632 -26.0526
4 16 -20 8.02632 -26.0526 -12.4638 8.02632 -26.0526 -12.4638 8.15789 -26.3158 -20 8.15789 -26.3158
4 16 -20 8.15789 -26.3158 -16.8116 8.15789 -26.3158 -16.8116 9.07895 -28.1579 -20 9.07895 -28.1579
4 16 -20 9.07895 -28.1579 19.7101 9.07895 -28.1579 19.7101 10.9211 -31.8421 -20 10.9211 -31.8421
4 16 -3.18841 11.8421 -33.6842 -2.31884 11.8421 -33.6842 -2.31884 12.3684 -34.7368 -3.18841 12.3684 -34.7368
4 16 -3.18841 14.0789 -38.1579 -2.31884 14.0789 -38.1579 -2.31884 14.4737 -38.9474 -3.18841 14.4737 -38.9474
4 16 3.18841 4.73684 -19.4737 8.11594 4.73684 -19.4737 8.11594 4.86842 -19.7368 3.18841 4.86842 -19.7368
4 16 -3.18841 4.86842 -19.7368 -0.869565 4.86842 -19.7368 -0.869565 5 -20 -3.18841 5 -20
4 16 -3.18841 6.84211 -23.6842 -1.73913 6.84211 -23.6842 -1.73913 6.97368 -23.9474 -3.18841 6.97368 -23.9474
4 16 -3.47826 11.5789 -33.1579 -2.31884 11.5789 -33.1579 -2.31884 11.8421 -33.6842 -3.47826 11.8421 -33.6842
4 16 -3.47826 14.4737 -38.9474 -2.31884 14.4737 -38.9474 -2.31884 14.7368 -39.4737 -3.47826 14.7368 -39.4737
4 16 -3.47826 6.97368 -23.9474 -1.73913 6.97368 -23.9474 -1.73913 7.10526 -24.2105 -3.47826 7.10526 -24.2105
4 16 -3.76812 11.4474 -32.8947 -2.31884 11.4474 -32.8947 -2.31884 11.5789 -33.1579 -3.76812 11.5789 -33.1579
4 16 -3.76812 14.7368 -39.4737 -2.31884 14.7368 -39.4737 -2.31884 14.8684 -39.7368 -3.76812 14.8684 -39.7368
4 16 -3.76812 4.73684 -19.4737 -0.289855 4.73684 -19.4737 -0.289855 4.86842 -19.7368 -3.76812 4.86842 -19.7368
4 16 3.76812 4.86842 -19.7368 7.53623 4.86842 -19.7368 7.53623 5 -20 3.76812 5 -20
4 16 -4.05797 11.3158 -32.6316 -2.31884 11.3158 -32.6316 -2.31884 11.4474 -32.8947 -4.05797 11.4474 -32.8947
4 16 4.05797 5 -20 7.24638 5 -20 7.24638 5.13158 -20.2632 4.05797 5.13158 -20.2632
4 16 4.34783 10.9211 -31.8421 8.69565 10.9211 -31.8421 8.69565 11.0526 -32.1053 4.34783 11.0526 -32.1053
4 16 4.34783 11.0526 -32.1053 7.82609 11.0526 -32.1053 7.82609 11.1842 -32.3684 4.34783 11.1842 -32.3684
4 16 -4.34783 11.1842 -32.3684 -2.31884 11.1842 -32.3684 -2.31884 11.3158 -32.6316 -4.34783 11.3158 -32.6316
4 16 4.34783 11.1842 -32.3684 7.24638 11.1842 -32.3684 7.24638 11.3158 -32.6316 4.34783 11.3158 -32.6316
4 16 4.34783 11.3158 -32.6316 6.95652 11.3158 -32.6316 6.95652 11.4474 -32.8947 4.34783 11.4474 -32.8947
4 16 4.34783 11.4474 -32.8947 6.66667 11.4474 -32.8947 6.66667 11.5789 -33.1579 4.34783 11.5789 -33.1579
4 16 4.34783 11.5789 -33.1579 6.37681 11.5789 -33.1579 6.37681 11.7105 -33.4211 4.34783 11.7105 -33.4211
4 16 4.34783 11.7105 -33.4211 6.08696 11.7105 -33.4211 6.08696 11.8421 -33.6842 4.34783 11.8421 -33.6842
4 16 4.34783 11.8421 -33.6842 5.7971 11.8421 -33.6842 5.7971 11.9737 -33.9474 4.34783 11.9737 -33.9474
4 16 4.34783 11.9737 -33.9474 5.50725 11.9737 -33.9474 5.50725 12.2368 -34.4737 4.34783 12.2368 -34.4737
4 16 4.34783 12.2368 -34.4737 5.21739 12.2368 -34.4737 5.21739 12.5 -35 4.34783 12.5 -35
4 16 4.34783 12.5 -35 4.92754 12.5 -35 4.92754 13.6842 -37.3684 4.34783 13.6842 -37.3684
4 16 4.34783 13.9474 -37.8947 4.92754 13.9474 -37.8947 4.92754 14.0789 -38.1579 4.34783 14.0789 -38.1579
4 16 4.34783 14.0789 -38.1579 5.21739 14.0789 -38.1579 5.21739 14.3421 -38.6842 4.34783 14.3421 -38.6842
4 16 4.34783 14.3421 -38.6842 5.50725 14.3421 -38.6842 5.50725 14.6053 -39.2105 4.34783 14.6053 -39.2105
4 16 4.34783 14.6053 -39.2105 5.7971 14.6053 -39.2105 5.7971 14.7368 -39.4737 4.34783 14.7368 -39.4737
4 16 4.34783 14.7368 -39.4737 6.08696 14.7368 -39.4737 6.08696 14.8684 -39.7368 4.34783 14.8684 -39.7368
4 16 -4.34783 14.8684 -39.7368 -2.31884 14.8684 -39.7368 -2.31884 15 -40 -4.34783 15 -40
4 16 4.34783 14.8684 -39.7368 6.66667 14.8684 -39.7368 6.66667 15 -40 4.34783 15 -40
4 16 4.34783 15 -40 6.95652 15 -40 6.95652 15.1316 -40.2632 4.34783 15.1316 -40.2632
4 16 4.34783 15.1316 -40.2632 7.53623 15.1316 -40.2632 7.53623 15.2632 -40.5263 4.34783 15.2632 -40.5263
4 16 4.34783 5.13158 -20.2632 6.95652 5.13158 -20.2632 6.95652 5.26316 -20.5263 4.34783 5.26316 -20.5263
4 16 4.34783 5.26316 -20.5263 6.66667 5.26316 -20.5263 6.66667 5.39474 -20.7895 4.34783 5.39474 -20.7895
4 16 -4.34783 7.10526 -24.2105 -1.73913 7.10526 -24.2105 -1.73913 7.23684 -24.4737 -4.34783 7.23684 -24.4737
4 16 -4.63768 4.60526 -19.2105 0.57971 4.60526 -19.2105 0.57971 4.73684 -19.4737 -4.63768 4.73684 -19.4737
4 16 4.63768 5.39474 -20.7895 6.37681 5.39474 -20.7895 6.37681 5.52632 -21.0526 4.63768 5.52632 -21.0526
4 16 4.63768 5.52632 -21.0526 6.08696 5.52632 -21.0526 6.08696 5.65789 -21.3158 4.63768 5.65789 -21.3158
4 16 4.63768 5.65789 -21.3158 5.7971 5.65789 -21.3158 5.7971 5.92105 -21.8421 4.63768 5.92105 -21.8421
4 16 4.63768 5.92105 -21.8421 5.50725 5.92105 -21.8421 5.50725 6.18421 -22.3684 4.63768 6.18421 -22.3684
4 16 4.63768 6.18421 -22.3684 5.21739 6.18421 -22.3684 5.21739 7.36842 -24.7368 4.63768 7.36842 -24.7368
4 16 4.63768 7.63158 -25.2632 5.50725 7.63158 -25.2632 5.50725 7.89474 -25.7895 4.63768 7.89474 -25.7895
4 16 4.63768 7.89474 -25.7895 5.7971 7.89474 -25.7895 5.7971 8.15789 -26.3158 4.63768 8.15789 -26.3158
4 16 4.63768 8.15789 -26.3158 6.08696 8.15789 -26.3158 6.08696 8.28947 -26.5789 4.63768 8.28947 -26.5789
4 16 4.63768 8.28947 -26.5789 6.37681 8.28947 -26.5789 6.37681 8.42105 -26.8421 4.63768 8.42105 -26.8421
4 16 4.63768 8.42105 -26.8421 6.66667 8.42105 -26.8421 6.66667 8.55263 -27.1053 4.63768 8.55263 -27.1053
4 16 4.63768 8.55263 -27.1053 6.95652 8.55263 -27.1053 6.95652 8.68421 -27.3684 4.63768 8.68421 -27.3684
4 16 4.63768 8.68421 -27.3684 7.24638 8.68421 -27.3684 7.24638 8.81579 -27.6316 4.63768 8.81579 -27.6316
4 16 4.63768 8.81579 -27.6316 7.82609 8.81579 -27.6316 7.82609 8.94737 -27.8947 4.63768 8.94737 -27.8947
4 16 4.63768 8.94737 -27.8947 8.69565 8.94737 -27.8947 8.69565 9.07895 -28.1579 4.63768 9.07895 -28.1579
4 16 -4.92754 11.0526 -32.1053 -2.31884 11.0526 -32.1053 -2.31884 11.1842 -32.3684 -4.92754 11.1842 -32.3684
4 16 -4.92754 15 -40 -2.31884 15 -40 -2.31884 15.1316 -40.2632 -4.92754 15.1316 -40.2632
4 16 -5.50725 7.23684 -24.4737 -1.73913 7.23684 -24.4737 -1.73913 7.36842 -24.7368 -5.50725 7.36842 -24.7368
4 16 -5.7971 10.9211 -31.8421 -2.31884 10.9211 -31.8421 -2.31884 11.0526 -32.1053 -5.7971 11.0526 -32.1053
4 16 -5.7971 15.1316 -40.2632 -2.31884 15.1316 -40.2632 -2.31884 15.2632 -40.5263 -5.7971 15.2632 -40.5263
4 16 -6.66667 7.76316 -25.5263 -1.73913 7.76316 -25.5263 -1.73913 9.07895 -28.1579 -6.66667 9.07895 -28.1579
4 16 -6.95652 11.9737 -33.9474 -6.08696 11.9737 -33.9474 -6.08696 12.1053 -34.2105 -6.95652 12.1053 -34.2105
4 16 6.95652 13.0263 -36.0526 11.0145 13.0263 -36.0526 11.0145 13.6842 -37.3684 6.95652 13.6842 -37.3684
4 16 -6.95652 14.2105 -38.4211 -6.08696 14.2105 -38.4211 -6.08696 14.3421 -38.6842 -6.95652 14.3421 -38.6842
4 16 7.21645e-016 10.9211 -31.8421 2.02899 10.9211 -31.8421 2.02899 13.6842 -37.3684 7.21645e-016 13.6842 -37.3684
4 16 7.21645e-016 13.9474 -37.8947 2.02899 13.9474 -37.8947 2.02899 14.3421 -38.6842 7.21645e-016 14.3421 -38.6842
4 16 7.24638 12.6316 -35.2632 11.0145 12.6316 -35.2632 11.0145 13.0263 -36.0526 7.24638 13.0263 -36.0526
4 16 7.24638 6.71053 -23.4211 11.3043 6.71053 -23.4211 11.3043 7.36842 -24.7368 7.24638 7.36842 -24.7368
4 16 -7.53623 12.1053 -34.2105 -5.50725 12.1053 -34.2105 -5.50725 12.2368 -34.4737 -7.53623 12.2368 -34.4737
4 16 7.53623 12.5 -35 11.0145 12.5 -35 11.0145 12.6316 -35.2632 7.53623 12.6316 -35.2632
4 16 7.53623 13.9474 -37.8947 11.0145 13.9474 -37.8947 11.0145 14.0789 -38.1579 7.53623 14.0789 -38.1579
4 16 -7.53623 14.0789 -38.1579 -5.50725 14.0789 -38.1579 -5.50725 14.2105 -38.4211 -7.53623 14.2105 -38.4211
4 16 7.53623 6.31579 -22.6316 11.3043 6.31579 -22.6316 11.3043 6.71053 -23.4211 7.53623 6.71053 -23.4211
4 16 7.82609 12.2368 -34.4737 11.3043 12.2368 -34.4737 11.3043 12.5 -35 7.82609 12.5 -35
4 16 -7.82609 12.2368 -34.4737 -5.21739 12.2368 -34.4737 -5.21739 13.6842 -37.3684 -7.82609 13.6842 -37.3684
4 16 -7.82609 13.9474 -37.8947 -5.21739 13.9474 -37.8947 -5.21739 14.0789 -38.1579 -7.82609 14.0789 -38.1579
4 16 7.82609 14.0789 -38.1579 11.0145 14.0789 -38.1579 11.0145 14.2105 -38.4211 7.82609 14.2105 -38.4211
4 16 7.82609 6.18421 -22.3684 11.3043 6.18421 -22.3684 11.3043 6.31579 -22.6316 7.82609 6.31579 -22.6316
4 16 7.82609 7.63158 -25.2632 11.3043 7.63158 -25.2632 11.3043 7.76316 -25.5263 7.82609 7.76316 -25.5263
4 16 8.11594 12.1053 -34.2105 11.5942 12.1053 -34.2105 11.5942 12.2368 -34.4737 8.11594 12.2368 -34.4737
4 16 8.11594 14.2105 -38.4211 11.0145 14.2105 -38.4211 11.0145 14.3421 -38.6842 8.11594 14.3421 -38.6842
4 16 8.11594 5.92105 -21.8421 11.5942 5.92105 -21.8421 11.5942 6.18421 -22.3684 8.11594 6.18421 -22.3684
4 16 8.11594 7.76316 -25.5263 11.3043 7.76316 -25.5263 11.3043 7.89474 -25.7895 8.11594 7.89474 -25.7895
4 16 8.4058 5.78947 -21.5789 11.8841 5.78947 -21.5789 11.8841 5.92105 -21.8421 8.4058 5.92105 -21.8421
4 16 8.4058 7.89474 -25.7895 11.3043 7.89474 -25.7895 11.3043 8.02632 -26.0526 8.4058 8.02632 -26.0526
4 16 8.69565 11.9737 -33.9474 11.5942 11.9737 -33.9474 11.5942 12.1053 -34.2105 8.69565 12.1053 -34.2105
4 16 8.69565 14.3421 -38.6842 11.0145 14.3421 -38.6842 11.0145 14.4737 -38.9474 8.69565 14.4737 -38.9474
4 16 8.98551 5.65789 -21.3158 11.8841 5.65789 -21.3158 11.8841 5.78947 -21.5789 8.98551 5.78947 -21.5789
4 16 8.98551 8.02632 -26.0526 11.3043 8.02632 -26.0526 11.3043 8.15789 -26.3158 8.98551 8.15789 -26.3158
4 16 9.27536 11.8421 -33.6842 11.8841 11.8421 -33.6842 11.8841 11.9737 -33.9474 9.27536 11.9737 -33.9474
4 16 -9.27536 7.23684 -24.4737 -8.69565 7.23684 -24.4737 -8.69565 7.36842 -24.7368 -9.27536 7.36842 -24.7368
4 16 -9.27536 7.36842 -24.7368 19.7101 7.36842 -24.7368 19.7101 7.63158 -25.2632 -9.27536 7.63158 -25.2632
4 16 -9.27536 7.63158 -25.2632 -1.73913 7.63158 -25.2632 -1.73913 7.76316 -25.5263 -9.27536 7.76316 -25.5263
4 16 -9.27536 7.76316 -25.5263 -8.69565 7.76316 -25.5263 -8.69565 8.15789 -26.3158 -9.27536 8.15789 -26.3158
4 16 9.56522 5.52632 -21.0526 12.1739 5.52632 -21.0526 12.1739 5.65789 -21.3158 9.56522 5.65789 -21.3158
4 16 -9.56522 6.97368 -23.9474 -8.69565 6.97368 -23.9474 -8.69565 7.23684 -24.4737 -9.56522 7.23684 -24.4737
4 16 -9.56522 8.15789 -26.3158 -8.69565 8.15789 -26.3158 -8.69565 8.42105 -26.8421 -9.56522 8.42105 -26.8421
4 16 -9.85507 8.42105 -26.8421 -8.69565 8.42105 -26.8421 -8.69565 8.55263 -27.1053 -9.85507 8.55263 -27.1053

4 4 18.5507 1.3158 -12.6316 18.8406 1.3158 -12.6316 18.8406 2.7632 -15.5263 18.5507 2.7632 -15.5263
4 4 -18.8406 1.1842 -12.3684 18.8406 1.1842 -12.3684 18.8406 1.3158 -12.6316 -18.8406 1.3158 -12.6316
4 4 -18.8406 1.3158 -12.6316 -18.5507 1.3158 -12.6316 -18.5507 2.7632 -15.5263 -18.8406 2.7632 -15.5263
4 4 -18.8406 2.7632 -15.5263 18.8406 2.7632 -15.5263 18.8406 2.8947 -15.7895 -18.8406 2.8947 -15.7895

4 2 -18.5507 17.2368 -44.4737 18.5507 17.2368 -44.4737 18.5507 18.9474 -47.8947 -18.5507 18.9474 -47.8947
4 4 -18.5507 1.31579 -12.6316 18.5507 1.31579 -12.6316 18.5507 2.76316 -15.5263 -18.5507 2.76316 -15.5263
4 2 18.5507 17.2368 -44.4737 18.8406 17.2368 -44.4737 18.8406 18.9474 -47.8947 18.5507 18.9474 -47.8947
4 2 -18.8406 17.1053 -44.2105 18.8406 17.1053 -44.2105 18.8406 17.2368 -44.4737 -18.8406 17.2368 -44.4737
4 2 -18.8406 17.2368 -44.4737 -18.5507 17.2368 -44.4737 -18.5507 18.9474 -47.8947 -18.8406 18.9474 -47.8947
4 2 -18.8406 18.9474 -47.8947 18.8406 18.9474 -47.8947 18.8406 19.0789 -48.1579 -18.8406 19.0789 -48.1579
0
