0 Propellor  4 Blade  5 Diameter with Rotor Holder
0 Name: 3461.dat
0 Author: Christian M. Angele [cma_1971]
0 !LDRAW_ORG Part UPDATE 2000-01
0 !LICENSE Redistributable under CCAL version 2.0 : see CAreadme.txt

0 !HISTORY 2000-01-08 [sbliss] Restored file 3464.dat to correct number.
0 !HISTORY 2000-05-07 [PTadmin] Official Update 2000-01
0 !HISTORY 2007-06-25 [PTadmin] Header formatted for Contributor Agreement
0 !HISTORY 2008-07-01 [PTadmin] Official Update 2008-01

0 // center
 4 16 7.50 -4 0 6.93 -4 2.87 10 -4 0 9.24 -4 3.83 
 4 16 6.93 -4 2.87 5.30 -4 5.30 9.24 -4 3.83 7.07 -4 7.07 
 4 16 5.30 -4 5.30 2.87 -4 6.93 7.07 -4 7.07 3.83 -4 9.24 
 4 16 2.87 -4 6.93 0 -4 7.50 3.83 -4 9.24 0 -4 10 
 4 16 0 -4 7.50 -2.87 -4 6.93 0 -4 10 -3.83 -4 9.24 
 4 16 -2.87 -4 6.93 -5.30 -4 5.30 -3.83 -4 9.24 -7.07 -4 7.07 
 4 16 -5.30 -4 5.30 -6.93 -4 2.87 -7.07 -4 7.07 -9.24 -4 3.83 
 4 16 -6.93 -4 2.87 -7.50 -4 0 -9.24 -4 3.83 -10 -4 0 
 4 16 -7.50 -4 0 -6.93 -4 -2.87 -10 -4 0 -9.24 -4 -3.83 
 4 16 -6.93 -4 -2.87 -5.30 -4 -5.30 -9.24 -4 -3.83 -7.07 -4 -7.07 
 4 16 -5.30 -4 -5.30 -2.87 -4 -6.93 -7.07 -4 -7.07 -3.83 -4 -9.24 
 4 16 -2.87 -4 -6.93 0 -4 -7.50 -3.83 -4 -9.24 0 -4 -10 
 4 16 0 -4 -7.50 2.87 -4 -6.93 0 -4 -10 3.83 -4 -9.24 
 4 16 2.87 -4 -6.93 5.30 -4 -5.30 3.83 -4 -9.24 7.07 -4 -7.07 
 4 16 5.30 -4 -5.30 6.93 -4 -2.87 7.07 -4 -7.07 9.24 -4 -3.83 
 4 16 6.93 -4 -2.87 7.50 -4 0 9.24 -4 -3.83 10 -4 0 
 1 16 0 -4 0 10 0 0 0 1 0 0 0 10 4-4ndis.DAT
 1 16 0 -4 0 7.50 0 0 0 -16 0 0 0 7.50 4-4edge.DAT
 1 16 0 -20 0 7.50 0 0 0 -16 0 0 0 7.50 4-4edge.DAT
 1 16 0 -4 0 7.50 0 0 0 -16 0 0 0 7.50 4-4cyli.DAT
 1 16 0 -4 0 10 0 0 0 -16 0 0 0 10 4-4cyli.DAT
 2 24 10 -4 10 -10 -4 10 
 2 24 -10 -4 10 -10 -4 -10 
 2 24 -10 -4 -10 10 -4 -10 
 2 24 10 -4 -10 10 -4 10 
 2 24 10 -4 10 10 -20 10 
 2 24 -10 -4 10 -10 -20 10 
 2 24 10 -4 -10 10 -20 -10 
 2 24 -10 -4 -10 -10 -20 -10 
 4 16 10 -20 10 10 -4 10 -10 -4 10 -10 -20 10 
 4 16 -10 -20 10 -10 -4 10 -10 -4 -10 -10 -20 -10 
 4 16 -10 -20 -10 -10 -4 -10 10 -4 -10 10 -20 -10 
 4 16 10 -20 -10 10 -4 -10 10 -4 10 10 -20 10 
 4 16 7.50 -20 0 6.93 -20 2.87 10 -20 0 9.24 -20 3.83 
 4 16 6.93 -20 2.87 5.30 -20 5.30 9.24 -20 3.83 7.07 -20 7.07 
 4 16 5.30 -20 5.30 2.87 -20 6.93 7.07 -20 7.07 3.83 -20 9.24 
 4 16 2.87 -20 6.93 0 -20 7.50 3.83 -20 9.24 0 -20 10 
 4 16 0 -20 7.50 -2.87 -20 6.93 0 -20 10 -3.83 -20 9.24 
 4 16 -2.87 -20 6.93 -5.30 -20 5.30 -3.83 -20 9.24 -7.07 -20 7.07 
 4 16 -5.30 -20 5.30 -6.93 -20 2.87 -7.07 -20 7.07 -9.24 -20 3.83 
 4 16 -6.93 -20 2.87 -7.50 -20 0 -9.24 -20 3.83 -10 -20 0 
 4 16 -7.50 -20 0 -6.93 -20 -2.87 -10 -20 0 -9.24 -20 -3.83 
 4 16 -6.93 -20 -2.87 -5.30 -20 -5.30 -9.24 -20 -3.83 -7.07 -20 -7.07 
 4 16 -5.30 -20 -5.30 -2.87 -20 -6.93 -7.07 -20 -7.07 -3.83 -20 -9.24 
 4 16 -2.87 -20 -6.93 0 -20 -7.50 -3.83 -20 -9.24 0 -20 -10 
 4 16 0 -20 -7.50 2.87 -20 -6.93 0 -20 -10 3.83 -20 -9.24 
 4 16 2.87 -20 -6.93 5.30 -20 -5.30 3.83 -20 -9.24 7.07 -20 -7.07 
 4 16 5.30 -20 -5.30 6.93 -20 -2.87 7.07 -20 -7.07 9.24 -20 -3.83 
 4 16 6.93 -20 -2.87 7.50 -20 0 9.24 -20 -3.83 10 -20 0 
 1 16 0 -20 0 10 0 0 0 1 0 0 0 10 4-4ndis.DAT
0 3023
0 Plate  1 x  2
 1 16 30 -16 0 1 0 0 0 -1 0 0 0 1 stud3.dat
 2 24 46 -16 6 14 -16 6 
 2 24 14 -16 6 14 -16 -6 
 2 24 14 -16 -6 46 -16 -6 
 2 24 46 -16 -6 46 -16 6 
 2 24 46 -12 6 14 -12 6 
 2 24 14 -12 6 14 -12 -6 
 2 24 14 -12 -6 46 -12 -6 
 2 24 46 -12 -6 46 -12 6 
 2 24 46 -12 6 46 -16 6 
 2 24 14 -12 6 14 -16 6 
 2 24 46 -12 -6 46 -16 -6 
 2 24 14 -12 -6 14 -16 -6 
 4 16 46 -16 6 46 -16 -6 14 -16 -6 14 -16 6 
 4 16 46 -16 6 46 -12 6 14 -12 6 14 -16 6 
 4 16 14 -16 6 14 -12 6 14 -12 -6 14 -16 -6 
 4 16 14 -16 -6 14 -12 -6 46 -12 -6 46 -16 -6 
 4 16 46 -16 -6 46 -12 -6 46 -12 6 46 -16 6 
 4 16 50 -12 10 46 -12 6 14 -12 6 10 -12 10 
 4 16 10 -12 10 14 -12 6 14 -12 -6 10 -12 -10 
 4 16 10 -12 -10 14 -12 -6 46 -12 -6 50 -12 -10 
 4 16 50 -12 -10 46 -12 -6 46 -12 6 50 -12 10 
 2 24 50 -20 10 10 -20 10 
 2 24 10 -20 -10 50 -20 -10 
 2 24 50 -20 -10 50 -20 10 
 2 24 50 -12 10 10 -12 10 
 2 24 10 -12 10 10 -12 -10 
 2 24 10 -12 -10 50 -12 -10 
 2 24 50 -12 -10 50 -12 10 
 2 24 50 -12 10 50 -20 10 
 2 24 10 -12 10 10 -20 10 
 2 24 50 -12 -10 50 -20 -10 
 2 24 10 -12 -10 10 -20 -10 
 4 16 50 -20 10 50 -20 -10 10 -20 -10 10 -20 10 
 4 16 50 -20 10 50 -12 10 10 -12 10 10 -20 10 
 4 16 10 -20 10 10 -12 10 10 -12 -10 10 -20 -10 
 4 16 10 -20 -10 10 -12 -10 50 -12 -10 50 -20 -10 
 4 16 50 -20 -10 50 -12 -10 50 -12 10 50 -20 10 
 1 16 40 -20 0 1 0 0 0 1 0 0 0 1 stud.dat
 1 16 20 -20 0 1 0 0 0 1 0 0 0 1 stud.dat
0 Plate  1 x  2
 1 16 0 -16 30 0 0 -1 0 -1 0 1 0 0 stud3.dat
 2 24 6 -16 46 -6 -16 46 
 2 24 -6 -16 46 -6 -16 14 
 2 24 -6 -16 14 6 -16 14 
 2 24 6 -16 14 6 -16 46 
 2 24 6 -12 46 -6 -12 46 
 2 24 -6 -12 46 -6 -12 14 
 2 24 -6 -12 14 6 -12 14 
 2 24 6 -12 14 6 -12 46 
 2 24 6 -12 46 6 -16 46 
 2 24 -6 -12 46 -6 -16 46 
 2 24 6 -12 14 6 -16 14 
 2 24 -6 -12 14 -6 -16 14 
 4 16 6 -16 46 6 -16 14 -6 -16 14 -6 -16 46 
 4 16 6 -16 46 6 -12 46 -6 -12 46 -6 -16 46 
 4 16 -6 -16 46 -6 -12 46 -6 -12 14 -6 -16 14 
 4 16 -6 -16 14 -6 -12 14 6 -12 14 6 -16 14 
 4 16 6 -16 14 6 -12 14 6 -12 46 6 -16 46 
 4 16 10 -12 10 6 -12 14 6 -12 46 10 -12 50 
 4 16 10 -12 50 6 -12 46 -6 -12 46 -10 -12 50 
 4 16 -10 -12 50 -6 -12 46 -6 -12 14 -10 -12 10 
 4 16 -10 -12 10 -6 -12 14 6 -12 14 10 -12 10 
 2 24 10 -20 50 -10 -20 50 
 2 24 -10 -20 50 -10 -20 10 
 2 24 10 -20 10 10 -20 50 
 2 24 10 -12 50 -10 -12 50 
 2 24 -10 -12 50 -10 -12 10 
 2 24 -10 -12 10 10 -12 10 
 2 24 10 -12 10 10 -12 50 
 2 24 10 -12 50 10 -20 50 
 2 24 -10 -12 50 -10 -20 50 
 2 24 10 -12 10 10 -20 10 
 2 24 -10 -12 10 -10 -20 10 
 4 16 10 -20 50 10 -20 10 -10 -20 10 -10 -20 50 
 4 16 10 -20 50 10 -12 50 -10 -12 50 -10 -20 50 
 4 16 -10 -20 50 -10 -12 50 -10 -12 10 -10 -20 10 
 4 16 -10 -20 10 -10 -12 10 10 -12 10 10 -20 10 
 4 16 10 -20 10 10 -12 10 10 -12 50 10 -20 50 
 1 16 0 -20 20 0 0 -1 0 1 0 1 0 0 stud.dat
 1 16 0 -20 40 0 0 -1 0 1 0 1 0 0 stud.dat
0 Plate  1 x  2
 1 16 -30 -16 0 1 0 0 0 -1 0 0 0 1 stud3.dat
 2 24 -14 -16 6 -46 -16 6 
 2 24 -46 -16 6 -46 -16 -6 
 2 24 -46 -16 -6 -14 -16 -6 
 2 24 -14 -16 -6 -14 -16 6 
 2 24 -14 -12 6 -46 -12 6 
 2 24 -46 -12 6 -46 -12 -6 
 2 24 -46 -12 -6 -14 -12 -6 
 2 24 -14 -12 -6 -14 -12 6 
 2 24 -14 -12 6 -14 -16 6 
 2 24 -46 -12 6 -46 -16 6 
 2 24 -14 -12 -6 -14 -16 -6 
 2 24 -46 -12 -6 -46 -16 -6 
 4 16 -14 -16 6 -14 -16 -6 -46 -16 -6 -46 -16 6 
 4 16 -14 -16 6 -14 -12 6 -46 -12 6 -46 -16 6 
 4 16 -46 -16 6 -46 -12 6 -46 -12 -6 -46 -16 -6 
 4 16 -46 -16 -6 -46 -12 -6 -14 -12 -6 -14 -16 -6 
 4 16 -14 -16 -6 -14 -12 -6 -14 -12 6 -14 -16 6 
 4 16 -10 -12 10 -14 -12 6 -46 -12 6 -50 -12 10 
 4 16 -50 -12 10 -46 -12 6 -46 -12 -6 -50 -12 -10 
 4 16 -50 -12 -10 -46 -12 -6 -14 -12 -6 -10 -12 -10 
 4 16 -10 -12 -10 -14 -12 -6 -14 -12 6 -10 -12 10 
 2 24 -10 -20 10 -50 -20 10 
 2 24 -50 -20 10 -50 -20 -10 
 2 24 -50 -20 -10 -10 -20 -10 
 2 24 -10 -12 10 -50 -12 10 
 2 24 -50 -12 10 -50 -12 -10 
 2 24 -50 -12 -10 -10 -12 -10 
 2 24 -10 -12 -10 -10 -12 10 
 2 24 -10 -12 10 -10 -20 10 
 2 24 -50 -12 10 -50 -20 10 
 2 24 -10 -12 -10 -10 -20 -10 
 2 24 -50 -12 -10 -50 -20 -10 
 4 16 -10 -20 10 -10 -20 -10 -50 -20 -10 -50 -20 10 
 4 16 -10 -20 10 -10 -12 10 -50 -12 10 -50 -20 10 
 4 16 -50 -20 10 -50 -12 10 -50 -12 -10 -50 -20 -10 
 4 16 -50 -20 -10 -50 -12 -10 -10 -12 -10 -10 -20 -10 
 4 16 -10 -20 -10 -10 -12 -10 -10 -12 10 -10 -20 10 
 1 16 -20 -20 0 1 0 0 0 1 0 0 0 1 stud.dat
 1 16 -40 -20 0 1 0 0 0 1 0 0 0 1 stud.dat
0 Plate  1 x  2
 1 16 0 -16 -30 0 0 -1 0 -1 0 1 0 0 stud3.dat
 2 24 6 -16 -14 -6 -16 -14 
 2 24 -6 -16 -14 -6 -16 -46 
 2 24 -6 -16 -46 6 -16 -46 
 2 24 6 -16 -46 6 -16 -14 
 2 24 6 -12 -14 -6 -12 -14 
 2 24 -6 -12 -14 -6 -12 -46 
 2 24 -6 -12 -46 6 -12 -46 
 2 24 6 -12 -46 6 -12 -14 
 2 24 6 -12 -14 6 -16 -14 
 2 24 -6 -12 -14 -6 -16 -14 
 2 24 6 -12 -46 6 -16 -46 
 2 24 -6 -12 -46 -6 -16 -46 
 4 16 6 -16 -14 6 -16 -46 -6 -16 -46 -6 -16 -14 
 4 16 6 -16 -14 6 -12 -14 -6 -12 -14 -6 -16 -14 
 4 16 -6 -16 -14 -6 -12 -14 -6 -12 -46 -6 -16 -46 
 4 16 -6 -16 -46 -6 -12 -46 6 -12 -46 6 -16 -46 
 4 16 6 -16 -46 6 -12 -46 6 -12 -14 6 -16 -14 
 4 16 10 -12 -50 6 -12 -46 6 -12 -14 10 -12 -10 
 4 16 10 -12 -10 6 -12 -14 -6 -12 -14 -10 -12 -10 
 4 16 -10 -12 -10 -6 -12 -14 -6 -12 -46 -10 -12 -50 
 4 16 -10 -12 -50 -6 -12 -46 6 -12 -46 10 -12 -50 
 2 24 -10 -20 -10 -10 -20 -50 
 2 24 -10 -20 -50 10 -20 -50 
 2 24 10 -20 -50 10 -20 -10 
 2 24 10 -12 -10 -10 -12 -10 
 2 24 -10 -12 -10 -10 -12 -50 
 2 24 -10 -12 -50 10 -12 -50 
 2 24 10 -12 -50 10 -12 -10 
 2 24 10 -12 -10 10 -20 -10 
 2 24 -10 -12 -10 -10 -20 -10 
 2 24 10 -12 -50 10 -20 -50 
 2 24 -10 -12 -50 -10 -20 -50 
 4 16 10 -20 -10 10 -20 -50 -10 -20 -50 -10 -20 -10 
 4 16 10 -20 -10 10 -12 -10 -10 -12 -10 -10 -20 -10 
 4 16 -10 -20 -10 -10 -12 -10 -10 -12 -50 -10 -20 -50 
 4 16 -10 -20 -50 -10 -12 -50 10 -12 -50 10 -20 -50 
 4 16 10 -20 -50 10 -12 -50 10 -12 -10 10 -20 -10 
 1 16 0 -20 -40 0 0 -1 0 1 0 1 0 0 stud.dat
 1 16 0 -20 -20 0 0 -1 0 1 0 1 0 0 stud.dat
0
