0 Container 44 x 32 x 12 Box Bygglek Bottom
0 Name: 34993.dat
0 Author: Philippe Hurbain [Philo]
0 !LDRAW_ORG Part UPDATE 2023-05
0 !LICENSE Licensed under CC BY 4.0 : see CAreadme.txt

0 BFC CERTIFY CCW

0 !HISTORY 2023-10-31 [OrionP] Official Update 2023-05


1 16 0 -24 0 418 0 0 0 13 0 0 0 298 box4.dat
1 16 -90 -22 -280 -1 0 0 0 1 0 0 0 1 s\34993s01.dat
1 16 -260 -22 -280 -1 0 0 0 1 0 0 0 1 s\34993s01.dat
1 16 -400 -22 -83 0 0 1 0 1 0 -1 0 0 s\34993s01.dat
1 16 -400 -22 -214 0 0 1 0 1 0 -1 0 0 s\34993s01.dat
4 16 -275.5 -24 -290 -275.5 -24 -278 -398 -24 -229.5 -410 -24 -229.5
4 16 -398 -24 -198.5 -398 -24 -98.5 -410 -24 -98.5 -410 -24 -198.5
4 16 -244.5 -24 -278 -244.5 -24 -290 -105.5 -24 -290 -105.5 -24 -278
3 16 -275.5 -24 -290 -410 -24 -229.5 -418 -24 -298
1 16 -90 -22 280 -1 0 0 0 1 0 0 0 -1 s\34993s01.dat
1 16 -260 -22 280 -1 0 0 0 1 0 0 0 -1 s\34993s01.dat
1 16 -400 -22 83 0 0 1 0 1 0 1 0 0 s\34993s01.dat
1 16 -400 -22 214 0 0 1 0 1 0 1 0 0 s\34993s01.dat
4 16 -398 -24 229.5 -275.5 -24 278 -275.5 -24 290 -410 -24 229.5
4 16 -410 -24 98.5 -398 -24 98.5 -398 -24 198.5 -410 -24 198.5
4 16 -105.5 -24 290 -244.5 -24 290 -244.5 -24 278 -105.5 -24 278
3 16 -410 -24 229.5 -275.5 -24 290 -418 -24 298
4 16 -398 -24 67.5 -410 -24 67.5 -410 -24 -67.5 -398 -24 -67.5
4 16 -418 -24 -298 -410 -24 -229.5 -410 -24 229.5 -418 -24 298
4 16 -275.5 -24 278 -398 -24 229.5 -398 -24 -229.5 -275.5 -24 -278
1 16 90 -22 -280 1 0 0 0 1 0 0 0 1 s\34993s01.dat
1 16 260 -22 -280 1 0 0 0 1 0 0 0 1 s\34993s01.dat
1 16 400 -22 -83 0 0 -1 0 1 0 -1 0 0 s\34993s01.dat
1 16 400 -22 -214 0 0 -1 0 1 0 -1 0 0 s\34993s01.dat
4 16 398 -24 -229.5 275.5 -24 -278 275.5 -24 -290 410 -24 -229.5
4 16 410 -24 -98.5 398 -24 -98.5 398 -24 -198.5 410 -24 -198.5
4 16 105.5 -24 -290 244.5 -24 -290 244.5 -24 -278 105.5 -24 -278
3 16 410 -24 -229.5 275.5 -24 -290 418 -24 -298
1 16 90 -22 280 1 0 0 0 1 0 0 0 -1 s\34993s01.dat
1 16 260 -22 280 1 0 0 0 1 0 0 0 -1 s\34993s01.dat
1 16 400 -22 83 0 0 -1 0 1 0 1 0 0 s\34993s01.dat
1 16 400 -22 214 0 0 -1 0 1 0 1 0 0 s\34993s01.dat
4 16 275.5 -24 290 275.5 -24 278 398 -24 229.5 410 -24 229.5
4 16 398 -24 198.5 398 -24 98.5 410 -24 98.5 410 -24 198.5
4 16 244.5 -24 278 244.5 -24 290 105.5 -24 290 105.5 -24 278
3 16 275.5 -24 290 410 -24 229.5 418 -24 298
4 16 410 -24 -67.5 410 -24 67.5 398 -24 67.5 398 -24 -67.5
4 16 410 -24 229.5 410 -24 -229.5 418 -24 -298 418 -24 298
4 16 398 -24 -229.5 398 -24 229.5 275.5 -24 278 275.5 -24 -278
4 16 -275.5 -24 290 275.5 -24 290 418 -24 298 -418 -24 298
4 16 -74.5 -24 290 -74.5 -24 278 74.5 -24 278 74.5 -24 290
4 16 418 -24 -298 275.5 -24 -290 -275.5 -24 -290 -418 -24 -298
4 16 74.5 -24 -278 -74.5 -24 -278 -74.5 -24 -290 74.5 -24 -290
4 16 275.5 -24 278 -275.5 -24 278 -275.5 -24 -278 275.5 -24 -278
1 16 -434 -8 0 0 1 0 0 0 3 304 0 0 rect2p.dat
4 16 -434 -11 304 -434 -11 -304 -418 -11 -298 -418 -11 298
1 16 434 -8 0 0 -1 0 0 0 3 -304 0 0 rect2p.dat
4 16 418 -11 -298 434 -11 -304 434 -11 304 418 -11 298
4 16 418 -11 -298 -418 -11 -298 -424 -11 -314 424 -11 -314
1 16 0 -8 -314 -424 0 0 0 0 3 0 1 0 rect2p.dat
4 16 -424 -11 314 -418 -11 298 418 -11 298 424 -11 314
1 16 0 -8 314 424 0 0 0 0 3 0 -1 0 rect2p.dat
0 BFC INVERTNEXT
1 16 0 -18 0 412 0 0 0 13 0 0 0 292 box4.dat
4 16 -434 -5 -304 -434 -5 304 -412 -5 292 -412 -5 -292
3 16 -410 -18 -229.5 -400 -18 -229.5 -412 -18 -292
4 16 -410 -18 229.5 -410 -18 -229.5 -412 -18 -292 -412 -18 292
3 16 -400 -18 229.5 -410 -18 229.5 -412 -18 292
4 16 -410 -18 -98.5 -400 -18 -98.5 -400 -18 -198.5 -410 -18 -198.5
4 16 -400 -18 198.5 -400 -18 98.5 -410 -18 98.5 -410 -18 198.5
4 16 -410 -18 -67.5 -410 -18 67.5 -400 -18 67.5 -400 -18 -67.5
4 16 -412 -18 -292 -400 -18 -229.5 -275.5 -18 -280 -275.5 -18 -290
4 16 -275.5 -18 280 -400 -18 229.5 -412 -18 292 -275.5 -18 290
4 16 412 -5 292 434 -5 304 434 -5 -304 412 -5 -292
3 16 400 -18 -229.5 410 -18 -229.5 412 -18 -292
4 16 412 -18 -292 410 -18 -229.5 410 -18 229.5 412 -18 292
3 16 410 -18 229.5 400 -18 229.5 412 -18 292
4 16 400 -18 -198.5 400 -18 -98.5 410 -18 -98.5 410 -18 -198.5
4 16 410 -18 98.5 400 -18 98.5 400 -18 198.5 410 -18 198.5
4 16 400 -18 67.5 410 -18 67.5 410 -18 -67.5 400 -18 -67.5
4 16 275.5 -18 -280 400 -18 -229.5 412 -18 -292 275.5 -18 -290
4 16 412 -18 292 400 -18 229.5 275.5 -18 280 275.5 -18 290
4 16 412 -18 -292 -412 -18 -292 -275.5 -18 -290 275.5 -18 -290
4 16 105.5 -18 -280 244.5 -18 -280 244.5 -18 -290 105.5 -18 -290
4 16 74.5 -18 -290 -74.5 -18 -290 -74.5 -18 -280 74.5 -18 -280
4 16 -105.5 -18 -280 -105.5 -18 -290 -244.5 -18 -290 -244.5 -18 -280
4 16 -275.5 -18 290 -412 -18 292 412 -18 292 275.5 -18 290
4 16 244.5 -18 290 244.5 -18 280 105.5 -18 280 105.5 -18 290
4 16 -74.5 -18 280 -74.5 -18 290 74.5 -18 290 74.5 -18 280
4 16 -244.5 -18 290 -105.5 -18 290 -105.5 -18 280 -244.5 -18 280
4 16 -275.5 -18 -280 -275.5 -18 280 275.5 -18 280 275.5 -18 -280
4 16 -400 -18 229.5 -275.5 -18 280 -275.5 -18 -280 -400 -18 -229.5
4 16 275.5 -18 -280 275.5 -18 280 400 -18 229.5 400 -18 -229.5
4 16 -424 -5 -314 -412 -5 -292 412 -5 -292 424 -5 -314
4 16 -424 -5 314 424 -5 314 412 -5 292 -412 -5 292
1 16 0 -18 0 383 0 0 0 18 0 0 0 263 box4.dat
0 BFC INVERTNEXT
1 16 0 -18 0 378 0 0 0 18 0 0 0 258 box4.dat
4 16 -378 0 -258 -383 0 -263 -383 0 263 -378 0 258
4 16 378 0 258 -378 0 258 -383 0 263 383 0 263
4 16 378 0 -258 378 0 258 383 0 263 383 0 -263
4 16 378 0 -258 383 0 -263 -383 0 -263 -378 0 -258
1 16 0 -18 0 378 0 0 0 15.3 0 0 0 2.5 box3u2p.dat
1 16 0 -18 -130.25 0 0 2.5 0 11.7 0 127.75 0 0 box3u2p.dat
1 16 0 -18 130.25 0 0 2.5 0 11.7 0 -127.75 0 0 box3u2p.dat
1 16 -399 -18 252 0 0 -4 0 -0.9 0 1 0 0 s\35014s02.dat
1 16 -401 -18 265.5 0 0 2 0 18 0 13.5 0 0 box3u8p.dat
1 16 -298 -18 283 -1 0 0 0 -0.9 0 0 0 -4 s\35014s02.dat
1 16 -348.5 -18 281 -50.5 0 0 0 18 0 0 0 -2 box3u8p.dat
1 16 -221 -18 279 1 0 0 0 -0.9 0 0 0 4 s\35014s02.dat
1 16 -129 -18 279 -1 0 0 0 -0.9 0 0 0 4 s\35014s02.dat
1 16 -175 -18 281 46 0 0 0 18 0 0 0 2 box3u8p.dat
1 16 -50 -18 279 1 0 0 0 -0.9 0 0 0 4 s\35014s02.dat
1 16 50 -18 279 -1 0 0 0 -0.9 0 0 0 4 s\35014s02.dat
1 16 0 -18 281 50 0 0 0 18 0 0 0 2 box3u8p.dat
1 16 -399 -18 120 0 0 -4 0 -0.9 0 1 0 0 s\35014s02.dat
1 16 -399 -18 176 0 0 -4 0 -0.9 0 -1 0 0 s\35014s02.dat
1 16 -401 -18 148 0 0 -2 0 18 0 28 0 0 box3u8p.dat
1 16 -399 -18 -252 0 0 -4 0 -0.9 0 -1 0 0 s\35014s02.dat
1 16 -401 -18 -265.5 0 0 2 0 18 0 -13.5 0 0 box3u8p.dat
1 16 -298 -18 -283 -1 0 0 0 -0.9 0 0 0 4 s\35014s02.dat
1 16 -348.5 -18 -281 -50.5 0 0 0 18 0 0 0 2 box3u8p.dat
1 16 -221 -18 -279 1 0 0 0 -0.9 0 0 0 -4 s\35014s02.dat
1 16 -129 -18 -279 -1 0 0 0 -0.9 0 0 0 -4 s\35014s02.dat
1 16 -175 -18 -281 46 0 0 0 18 0 0 0 -2 box3u8p.dat
1 16 -399 -18 -120 0 0 -4 0 -0.9 0 -1 0 0 s\35014s02.dat
1 16 -399 -18 -176 0 0 -4 0 -0.9 0 1 0 0 s\35014s02.dat
1 16 -401 -18 -148 0 0 -2 0 18 0 -28 0 0 box3u8p.dat
1 16 -399 -18 -45 0 0 -4 0 -0.9 0 1 0 0 s\35014s02.dat
1 16 -399 -18 45 0 0 -4 0 -0.9 0 -1 0 0 s\35014s02.dat
1 16 -401 -18 0 0 0 -2 0 18 0 45 0 0 box3u8p.dat
1 16 399 -18 -252 0 0 4 0 -0.9 0 -1 0 0 s\35014s02.dat
1 16 401 -18 -265.5 0 0 -2 0 18 0 -13.5 0 0 box3u8p.dat
1 16 298 -18 -283 1 0 0 0 -0.9 0 0 0 4 s\35014s02.dat
1 16 348.5 -18 -281 50.5 0 0 0 18 0 0 0 2 box3u8p.dat
1 16 221 -18 -279 -1 0 0 0 -0.9 0 0 0 -4 s\35014s02.dat
1 16 129 -18 -279 1 0 0 0 -0.9 0 0 0 -4 s\35014s02.dat
1 16 175 -18 -281 -46 0 0 0 18 0 0 0 -2 box3u8p.dat
1 16 50 -18 -279 -1 0 0 0 -0.9 0 0 0 -4 s\35014s02.dat
1 16 -50 -18 -279 1 0 0 0 -0.9 0 0 0 -4 s\35014s02.dat
1 16 0 -18 -281 -50 0 0 0 18 0 0 0 -2 box3u8p.dat
1 16 399 -18 -120 0 0 4 0 -0.9 0 -1 0 0 s\35014s02.dat
1 16 399 -18 -176 0 0 4 0 -0.9 0 1 0 0 s\35014s02.dat
1 16 401 -18 -148 0 0 2 0 18 0 -28 0 0 box3u8p.dat
1 16 399 -18 252 0 0 4 0 -0.9 0 1 0 0 s\35014s02.dat
1 16 401 -18 265.5 0 0 -2 0 18 0 13.5 0 0 box3u8p.dat
1 16 298 -18 283 1 0 0 0 -0.9 0 0 0 -4 s\35014s02.dat
1 16 348.5 -18 281 50.5 0 0 0 18 0 0 0 -2 box3u8p.dat
1 16 221 -18 279 -1 0 0 0 -0.9 0 0 0 4 s\35014s02.dat
1 16 129 -18 279 1 0 0 0 -0.9 0 0 0 4 s\35014s02.dat
1 16 175 -18 281 -46 0 0 0 18 0 0 0 2 box3u8p.dat
1 16 399 -18 120 0 0 4 0 -0.9 0 1 0 0 s\35014s02.dat
1 16 399 -18 176 0 0 4 0 -0.9 0 -1 0 0 s\35014s02.dat
1 16 401 -18 148 0 0 2 0 18 0 28 0 0 box3u8p.dat
1 16 399 -18 45 0 0 4 0 -0.9 0 -1 0 0 s\35014s02.dat
1 16 399 -18 -45 0 0 4 0 -0.9 0 1 0 0 s\35014s02.dat
1 16 401 -18 0 0 0 2 0 18 0 -45 0 0 box3u8p.dat
1 16 -418 -5 298 1 0 0 0 1 0 0 0 1 s\34993s02.dat
1 16 418 -5 298 -1 0 0 0 1 0 0 0 1 s\34993s02.dat
1 16 -418 -5 -298 1 0 0 0 1 0 0 0 -1 s\34993s02.dat
1 16 418 -5 -298 -1 0 0 0 1 0 0 0 -1 s\34993s02.dat
2 24 -399 0 279 -399 -18 279
2 24 -399 -18 -279 -399 0 -279
2 24 399 0 -279 399 -18 -279
2 24 399 -18 279 399 0 279
