0 Minifig Head with Black Eyebrows, White Pupils, Dark Nougat Cheek Lines and Dimple and Grimacing Pattern
0 Name: 3626cps3.dat
0 Author: Evert-Jan Boer [ejboer]
0 !LDRAW_ORG Part UPDATE 2022-04
0 !LICENSE Licensed under CC BY 4.0 : see CAreadme.txt

0 BFC CERTIFY CCW

0 !KEYWORDS Bricklink 3626cpb0817, set 75172, Star Wars

0 !HISTORY 2022-07-18 [PTadmin] Official Update 2022-04


1 16 0 0 0 1 0 0 0 1 0 0 0 1 s\3626cs01.dat
1 16 0 4 0 13 0 0 0 13 0 0 0 -13 1-8cyli.dat
1 16 0 4 0 -13 0 0 0 13 0 0 0 -13 1-8cyli.dat
1 16 0 4 0 0 0 -8 0 -6.4 0 -8 0 0 t04o6250.dat
1 16 0 4 0 8 0 0 0 -6.4 0 0 0 -8 t04o6250.dat
1 16 0 17 0 8 0 0 0 6.4 0 0 0 -8 t08o6250.dat
1 16 0 17 0 -8 0 0 0 6.4 0 0 0 -8 t08o6250.dat

4 0 -6.3 7.05 -11.1253 -5.6 6.8 -11.5931 -5.45 5.65 -11.6933 -5.95 6.25 -11.3592
4 128 -6.2 17 -11.1921 -5.7 17 -11.5262 -5.75 16.35 -11.4928 -6.35 16.5 -11.0918
4 128 -6.35 16.5 -11.0918 -5.75 16.35 -11.4928 -5.8 15.55 -11.4594 -6.4 15.8 -11.0584
4 128 -6.4 15.8 -11.0584 -5.8 15.55 -11.4594 -5.9 14.85 -11.3926 -6.45 15.3 -11.025
4 128 -6.55 14.85 -10.9582 -6.45 15.3 -11.025 -5.9 14.85 -11.3926 -6 14.45 -11.3258
4 128 -6 14.45 -11.3258 -6.25 14 -11.1587 -6.8 14.4 -10.7911 -6.55 14.85 -10.9582
4 128 -7.35 13.5 -10.4235 -6.8 14.4 -10.7911 -6.25 14 -11.1587 -6.8 13.4 -10.7911
4 128 -7.65 12.65 -10.223 -7.35 13.5 -10.4235 -6.8 13.4 -10.7911 -7.05 13.05 -10.624
4 128 -7.75 12 -10.1562 -7.65 12.65 -10.223 -7.05 13.05 -10.624 -7.35 12.35 -10.4235
4 128 -7.75 11.6 -10.1562 -7.75 12 -10.1562 -7.35 12.35 -10.4235 -7.45 11.95 -10.3567
3 128 -7.55 11.6 -10.2899 -7.75 11.6 -10.1562 -7.45 11.95 -10.3567
4 128 -.1 4.85 -12.9801 0 4 -13 -.35 4.3 -12.9304 -.25 4.65 -12.9503
3 128 0 4 -13 -.3 4.1 -12.9403 -.35 4.3 -12.9304
4 128 -.15 5.45 -12.9702 -.1 6.1 -12.9801 0 6.5 -13 -.1 4.85 -12.9801
3 128 0 4 -13 -.1 4.85 -12.9801 0 6.5 -13
4 128 0 6.5 -13 .15 6.65 -12.9702 .4 6.6 -12.9205 .55 6.4 -12.8906
4 128 0 4 -13 0 6.5 -13 .5 4.4 -12.9006 .25 4.15 -12.9503
4 128 .5 4.4 -12.9006 0 6.5 -13 .75 5.25 -12.8509 .7 4.8 -12.8608
4 128 .55 6.4 -12.8906 .7 5.9 -12.8608 .75 5.25 -12.8509 0 6.5 -13
4 128 5.75 16.35 -11.4928 5.7 17 -11.5262 6.2 17 -11.1921 6.35 16.5 -11.0918
4 128 6.35 16.5 -11.0918 6.4 15.8 -11.0584 5.8 15.55 -11.4594 5.75 16.35 -11.4928
4 128 5.9 14.85 -11.3926 5.8 15.55 -11.4594 6.4 15.8 -11.0584 6.45 15.3 -11.025
4 128 5.9 14.85 -11.3926 6.45 15.3 -11.025 6.55 14.85 -10.9582 6 14.45 -11.3258
4 128 6 14.45 -11.3258 6.55 14.85 -10.9582 6.8 14.4 -10.7911 6.25 14 -11.1587
4 128 6.25 14 -11.1587 6.8 14.4 -10.7911 7.35 13.5 -10.4235 6.8 13.4 -10.7911
4 128 6.8 13.4 -10.7911 7.35 13.5 -10.4235 7.65 12.65 -10.223 7.05 13.05 -10.624
4 128 7.05 13.05 -10.624 7.65 12.65 -10.223 7.75 12 -10.1562 7.35 12.35 -10.4235
4 128 7.35 12.35 -10.4235 7.75 12 -10.1562 7.75 11.6 -10.1562 7.45 11.95 -10.3567
3 128 7.75 11.6 -10.1562 7.55 11.6 -10.2899 7.45 11.95 -10.3567
3 128 .3612 18.5309 -12.5474 0 18.5309 -12.6192 .2 18.6 -12.5217
4 128 -5.15 17.95 -11.6154 -5.6 17.25 -11.5198 -6.2 17 -11.1921 -5.9 17.45 -11.2607
3 128 -5.7 17 -11.5262 -6.2 17 -11.1921 -5.6 17.25 -11.5198
4 128 -1.3 17.55 -12.6047 -.8 17.65 -12.6792 -.75 17.15 -12.8136 -1.25 17.2 -12.7017
4 128 -.75 17.15 -12.8136 -.8 17.65 -12.6792 -.45 17.8 -12.7115 0 17.1 -12.9751
3 128 0 17.1 -12.9751 -.45 17.8 -12.7115 -.25 18.1 -12.6767
4 128 0 18.5309 -12.6192 0 17.1 -12.9751 -.25 18.1 -12.6767 -.15 18.4 -12.6219
4 128 .85 17.9 -12.6071 0 17.1 -12.9751 .55 18.45 -12.53 .75 18.25 -12.5399
4 128 1.2 17.8 -12.5624 .9 17.1 -12.7962 0 17.1 -12.9751 .85 17.9 -12.6071
4 128 1.6 17.15 -12.6445 .9 17.1 -12.7962 1.2 17.8 -12.5624 1.55 17.65 -12.5301
4 128 1.6 17.15 -12.6445 1.55 17.65 -12.5301 1.8 17.45 -12.5301 1.8 17.25 -12.5799
4 128 .55 18.45 -12.53 0 17.1 -12.9751 0 18.5309 -12.6192 .3612 18.5309 -12.5474
4 128 5.15 17.95 -11.6154 5.9 17.45 -11.2607 6.2 17 -11.1921 5.6 17.25 -11.5198
3 128 6.2 17 -11.1921 5.7 17 -11.5262 5.6 17.25 -11.5198
3 0 -4.9751 9.2377 -12.0107 -5.05 9.35 -11.9606 -4.9751 9.35 -12.0107
4 0 -5.6 6.8 -11.5931 -4.9751 6.7019 -12.0107 -4.9751 5.3478 -12.0107 -5.45 5.65 -11.6933
4 0 -4.9751 5.3478 -12.0107 -4.35 6.75 -12.135 -3.9 5.3 -12.2245 -4.3 5.2 -12.1449
4 0 -3.9 5.3 -12.2245 -4.35 6.75 -12.135 -3.5 7.05 -12.304 -3.4 5.65 -12.3239
4 0 -3.4 5.65 -12.3239 -3.5 7.05 -12.304 -2.55 7.55 -12.4929 -2.65 6.25 -12.4731
4 0 -2.65 6.25 -12.4731 -2.55 7.55 -12.4929 -1.75 7.85 -12.652 -1.8 6.75 -12.6421
4 0 -1.8 6.75 -12.6421 -1.75 7.85 -12.652 -1.4 7.9 -12.7216 -1.3 6.85 -12.7415
4 0 -1.4 7.9 -12.7216 -1.15 7.8 -12.7713 -1.05 6.8 -12.7912 -1.3 6.85 -12.7415
4 0 -1.15 7.8 -12.7713 -.85 7.4 -12.831 -.85 6.7 -12.831 -1.05 6.8 -12.7912
3 0 -.85 6.7 -12.831 -.85 7.4 -12.831 -.7 6.9 -12.8608
4 0 -4.9751 9.35 -12.0107 -4.5443 9.35 -12.0964 -4.65 8.75 -12.0754 -4.9751 9.2377 -12.0107
4 0 -4.5443 9.35 -12.0964 -3.8608 9.1677 -12.2323 -4.2 8.45 -12.1648 -4.65 8.75 -12.0754
4 0 -3.8608 9.1677 -12.2323 -3.7292 8.9708 -12.2584 -3.7754 8.2471 -12.2493 -4.2 8.45 -12.1648
3 0 -3.7754 8.2471 -12.2493 -3.7292 8.9708 -12.2584 -3.5323 8.8392 -12.2976
4 0 -3.5323 8.8392 -12.2976 -3.3 8.793 -12.3438 -3.25 8.165 -12.3537 -3.7754 8.2471 -12.2493
4 0 -3.3 8.793 -12.3438 -3.0677 8.8392 -12.39 -2.5746 8.2471 -12.488 -3.25 8.165 -12.3537
4 0 -2.1 8.5 -12.5824 -2.5746 8.2471 -12.488 -3.0677 8.8392 -12.39 -2.8708 8.9708 -12.4291
4 0 -2.1 8.5 -12.5824 -2.8708 8.9708 -12.4291 -2.7392 9.1677 -12.4553 -2.1187 8.9267 -12.5787
3 0 -2.1 8.5 -12.5824 -2.1187 8.9267 -12.5787 -1.95 8.85 -12.6122
4 0 -4.623 9.85 -12.0807 -3.907 9.4 -12.2231 -3.8608 9.1677 -12.2323 -4.5443 9.35 -12.0964
4 0 -3.907 9.4 -12.2231 -4.623 9.85 -12.0807 -4.5185 10.514 -12.1015 -3.8608 9.6323 -12.2323
4 0 -4.2209 11.0768 -12.1607 -3.7292 9.8292 -12.2584 -3.8608 9.6323 -12.2323 -4.5185 10.514 -12.1015
4 0 -3.7292 9.8292 -12.2584 -4.2209 11.0768 -12.1607 -3.7754 11.4529 -12.2493 -3.5323 9.9608 -12.2976
4 0 -3.25 11.585 -12.3537 -3.3 10.007 -12.3438 -3.5323 9.9608 -12.2976 -3.7754 11.4529 -12.2493
4 0 -3.25 11.585 -12.3537 -2.7246 11.4529 -12.4582 -3.0677 9.9608 -12.39 -3.3 10.007 -12.3438
4 0 -2.7246 11.4529 -12.4582 -2.2791 11.0768 -12.5468 -2.8708 9.8292 -12.4291 -3.0677 9.9608 -12.39
4 0 -2.2791 11.0768 -12.5468 -1.9815 10.514 -12.606 -1.877 9.85 -12.6268 -2.8708 9.8292 -12.4291
4 0 -2.8708 9.8292 -12.4291 -1.877 9.85 -12.6268 -1.9815 9.186 -12.606 -2.7392 9.6323 -12.4553
4 0 -2.1187 8.9267 -12.5787 -2.693 9.4 -12.4645 -2.7392 9.6323 -12.4553 -1.9815 9.186 -12.606
3 0 -2.1187 8.9267 -12.5787 -2.7392 9.1677 -12.4553 -2.693 9.4 -12.4645
4 0 -3.55 15.9 -12.2941 -2.9 15.75 -12.4233 -2.75 15.2 -12.4532 -3.45 15.4 -12.314
4 0 -3.45 15.4 -12.314 -2.75 15.2 -12.4532 -2.65 14.35 -12.4731 -3.2 14.85 -12.3637
4 0 -2.75 15.2 -12.4532 -2.35 14.85 -12.5327 -2.1 14.15 -12.5824 -2.65 14.35 -12.4731
4 0 -2.35 14.85 -12.5327 -1.85 14.65 -12.6321 -1.4 14.1 -12.7216 -2.1 14.15 -12.5824
4 0 -1.85 14.65 -12.6321 -1.1 14.6 -12.7813 -.55 14.1 -12.8906 -1.4 14.1 -12.7216
4 0 -1.1 14.6 -12.7813 0 14.55 -13 0 14.05 -13 -.55 14.1 -12.8906
4 0 -3.55 15.9 -12.2941 -3.6 16.5 -12.2841 -2.95 16.4 -12.4134 -2.9 15.75 -12.4233
4 0 -2.95 16.4 -12.4134 -2.4 16.2 -12.5228 -2.3 15.6 -12.5426 -2.9 15.75 -12.4233
4 0 -2.4 16.2 -12.5228 -1.65 16.05 -12.6719 -1.45 15.5 -12.7117 -2.3 15.6 -12.5426
4 0 -1.65 16.05 -12.6719 -.8 15.95 -12.8409 0 15.4 -13 -1.45 15.5 -12.7117
3 0 0 15.4 -13 -.8 15.95 -12.8409 0 15.9 -13
3 0 -4.9751 5.3478 -12.0107 -4.9751 6.7019 -12.0107 -4.35 6.75 -12.135
4 0 .65 7.05 -12.8708 .8 7.65 -12.8409 1.05 8 -12.7912 1 7.25 -12.8012
4 0 1 7.25 -12.8012 1.05 8 -12.7912 1.35 8.2 -12.7316 1.25 7.25 -12.7514
4 0 2.35 8 -12.5327 1.25 7.25 -12.7514 1.35 8.2 -12.7316 1.7 8.2 -12.662
4 0 3.35 7.65 -12.3339 1.55 7.15 -12.6918 1.25 7.25 -12.7514 2.35 8 -12.5327
4 0 4.25 7.3 -12.1549 2.8 6.5 -12.4432 1.55 7.15 -12.6918 3.35 7.65 -12.3339
4 0 2.8 6.5 -12.4432 4.25 7.3 -12.1549 4.3 5.7 -12.1449 3.85 5.9 -12.2344
4 0 4.9751 7.155 -12.0107 4.65 5.65 -12.0754 4.3 5.7 -12.1449 4.25 7.3 -12.1549
4 0 4.5443 9.35 -12.0964 4.9751 9.35 -12.0107 4.9751 9.2377 -12.0107 4.65 8.75 -12.0754
4 0 4.2 8.45 -12.1648 3.8608 9.1677 -12.2323 4.5443 9.35 -12.0964 4.65 8.75 -12.0754
4 0 3.8608 9.1677 -12.2323 4.2 8.45 -12.1648 3.7754 8.2471 -12.2493 3.7292 8.9708 -12.2584
3 0 3.7754 8.2471 -12.2493 3.5323 8.8392 -12.2976 3.7292 8.9708 -12.2584
4 0 3.25 8.165 -12.3537 3.3 8.793 -12.3438 3.5323 8.8392 -12.2976 3.7754 8.2471 -12.2493
4 0 2.5746 8.2471 -12.488 3.0677 8.8392 -12.39 3.3 8.793 -12.3438 3.25 8.165 -12.3537
4 0 2.1 8.5 -12.5824 2.8708 8.9708 -12.4291 3.0677 8.8392 -12.39 2.5746 8.2471 -12.488
4 0 2.1 8.5 -12.5824 2.1187 8.9267 -12.5787 2.7392 9.1677 -12.4553 2.8708 8.9708 -12.4291
3 0 2.1 8.5 -12.5824 1.95 8.85 -12.6122 2.1187 8.9267 -12.5787
4 0 4.623 9.85 -12.0807 4.5443 9.35 -12.0964 3.8608 9.1677 -12.2323 3.907 9.4 -12.2231
4 0 3.907 9.4 -12.2231 3.8608 9.6323 -12.2323 4.5185 10.514 -12.1015 4.623 9.85 -12.0807
4 0 4.2209 11.0768 -12.1607 4.5185 10.514 -12.1015 3.8608 9.6323 -12.2323 3.7292 9.8292 -12.2584
4 0 3.7292 9.8292 -12.2584 3.5323 9.9608 -12.2976 3.7754 11.4529 -12.2493 4.2209 11.0768 -12.1607
4 0 3.25 11.585 -12.3537 3.7754 11.4529 -12.2493 3.5323 9.9608 -12.2976 3.3 10.007 -12.3438
4 0 3.25 11.585 -12.3537 3.3 10.007 -12.3438 3.0677 9.9608 -12.39 2.7246 11.4529 -12.4582
4 0 2.7246 11.4529 -12.4582 3.0677 9.9608 -12.39 2.8708 9.8292 -12.4291 2.2791 11.0768 -12.5468
4 0 2.2791 11.0768 -12.5468 2.8708 9.8292 -12.4291 1.877 9.85 -12.6268 1.9815 10.514 -12.606
4 0 2.8708 9.8292 -12.4291 2.7392 9.6323 -12.4553 1.9815 9.186 -12.606 1.877 9.85 -12.6268
4 0 2.7392 9.6323 -12.4553 2.693 9.4 -12.4645 2.1187 8.9267 -12.5787 1.9815 9.186 -12.606
3 0 2.1187 8.9267 -12.5787 2.693 9.4 -12.4645 2.7392 9.1677 -12.4553
4 0 0 14.55 -13 .45 14.45 -12.9105 .55 13.9 -12.8906 0 14.05 -13
4 0 .45 14.45 -12.9105 1 14.3 -12.8012 1.15 13.7 -12.7713 .55 13.9 -12.8906
4 0 1 14.3 -12.8012 1.5 14.2 -12.7017 1.7 13.65 -12.662 1.15 13.7 -12.7713
4 0 2.05 14.2 -12.5924 2.25 13.7 -12.5526 1.7 13.65 -12.662 1.5 14.2 -12.7017
4 0 2.45 14.4 -12.5128 2.7 13.9 -12.4631 2.25 13.7 -12.5526 2.05 14.2 -12.5924
4 0 2.9 14.9 -12.4233 3.1 14.25 -12.3836 2.7 13.9 -12.4631 2.45 14.4 -12.5128
4 0 3.1 14.25 -12.3836 2.9 14.9 -12.4233 3.1 15.3 -12.3836 3.5 14.8 -12.304
4 0 3.15 15.6 -12.3736 3.65 15.35 -12.2742 3.5 14.8 -12.304 3.1 15.3 -12.3836
4 0 3.65 15.35 -12.2742 3.15 15.6 -12.3736 3.65 16.1 -12.2742 3.7 15.8 -12.2643
4 0 3.65 16.1 -12.2742 3.15 15.6 -12.3736 2.9 16.2 -12.4233 3.5 16.45 -12.304
4 0 3.15 15.6 -12.3736 2.7 15.6 -12.4631 2.3 16.05 -12.5426 2.9 16.2 -12.4233
4 0 2.7 15.6 -12.4631 2.25 15.55 -12.5526 1.7 15.95 -12.662 2.3 16.05 -12.5426
4 0 2.25 15.55 -12.5526 1.8 15.45 -12.6421 .95 15.9 -12.8111 1.7 15.95 -12.662
4 0 1.8 15.45 -12.6421 1 15.35 -12.8012 0 15.4 -13 .95 15.9 -12.8111
3 0 0 15.4 -13 0 15.9 -13 .95 15.9 -12.8111
3 0 4.65 5.65 -12.0754 4.9751 7.155 -12.0107 4.9751 5.7429 -12.0107
3 0 5.95 6.6 -11.3592 5.55 7.15 -11.6265 6.05 7.25 -11.2923
3 0 5.95 6.6 -11.3592 6.05 7.25 -11.2923 6.4 7.35 -11.0584
3 0 4.9751 9.2377 -12.0107 4.9751 9.35 -12.0107 5.05 9.35 -11.9606
3 0 4.9751 5.7429 -12.0107 4.9751 7.155 -12.0107 5.5 6.1 -11.6599
4 0 5.95 6.6 -11.3592 5.5 6.1 -11.6599 4.9751 7.155 -12.0107 5.55 7.15 -11.6265
3 16 -9.1923 4 -9.1923 -5.95 6.25 -11.3592 -5.45 5.65 -11.6933
3 16 -9.1923 4 -9.1923 -6.3 7.05 -11.1253 -5.95 6.25 -11.3592
4 16 -5.05 9.35 -11.9606 -6.3 7.05 -11.1253 -7.75 11.6 -10.1562 -7.55 11.6 -10.2899
3 16 -5.05 9.35 -11.9606 -6 14.45 -11.3258 -5.9 14.85 -11.3926
3 16 -5.05 9.35 -11.9606 -6.25 14 -11.1587 -6 14.45 -11.3258
3 16 -5.05 9.35 -11.9606 -7.55 11.6 -10.2899 -7.45 11.95 -10.3567
4 16 -7.45 11.95 -10.3567 -7.35 12.35 -10.4235 -7.05 13.05 -10.624 -5.05 9.35 -11.9606
4 16 -7.05 13.05 -10.624 -6.8 13.4 -10.7911 -6.25 14 -11.1587 -5.05 9.35 -11.9606
3 16 -6.35 16.5 -11.0918 -9.1923 17 -9.1923 -6.2 17 -11.1921
4 16 -6.45 15.3 -11.025 -9.1923 17 -9.1923 -6.35 16.5 -11.0918 -6.4 15.8 -11.0584
4 16 -6.8 14.4 -10.7911 -9.1923 17 -9.1923 -6.45 15.3 -11.025 -6.55 14.85 -10.9582
3 16 -7.35 13.5 -10.4235 -9.1923 17 -9.1923 -6.8 14.4 -10.7911
3 16 -7.65 12.65 -10.223 -9.1923 17 -9.1923 -7.35 13.5 -10.4235
3 16 -7.75 12 -10.1562 -9.1923 17 -9.1923 -7.65 12.65 -10.223
4 16 -9.1923 4 -9.1923 -9.1923 17 -9.1923 -7.75 12 -10.1562 -7.75 11.6 -10.1562
3 16 -9.1923 4 -9.1923 -7.75 11.6 -10.1562 -6.3 7.05 -11.1253
4 16 -5.45 5.65 -11.6933 -4.9751 5.3478 -12.0107 -4.9751 4 -12.0107 -9.1923 4 -9.1923
3 16 -4.9751 6.7019 -12.0107 -5.6 6.8 -11.5931 -4.9751 9.2377 -12.0107
4 16 -6.3 7.05 -11.1253 -5.05 9.35 -11.9606 -4.9751 9.2377 -12.0107 -5.6 6.8 -11.5931
4 16 -5.7 17 -11.5262 -4.9751 17 -12.0107 -5.8 15.55 -11.4594 -5.75 16.35 -11.4928
4 16 -5.05 9.35 -11.9606 -5.8 15.55 -11.4594 -4.9751 17 -12.0107 -4.9751 9.35 -12.0107
3 16 -5.05 9.35 -11.9606 -5.9 14.85 -11.3926 -5.8 15.55 -11.4594
4 15 -3.907 9.4 -12.2231 -3.8608 9.6323 -12.2323 -3.7292 9.8292 -12.2584 -3.3 9.4 -12.3438
4 15 -3.3 10.007 -12.3438 -3.3 9.4 -12.3438 -3.7292 9.8292 -12.2584 -3.5323 9.9608 -12.2976
4 15 -3.3 10.007 -12.3438 -3.0677 9.9608 -12.39 -2.8708 9.8292 -12.4291 -3.3 9.4 -12.3438
4 15 -2.8708 9.8292 -12.4291 -2.7392 9.6323 -12.4553 -2.693 9.4 -12.4645 -3.3 9.4 -12.3438
4 15 -2.8708 8.9708 -12.4291 -3.3 9.4 -12.3438 -2.693 9.4 -12.4645 -2.7392 9.1677 -12.4553
4 15 -3.3 8.793 -12.3438 -3.3 9.4 -12.3438 -2.8708 8.9708 -12.4291 -3.0677 8.8392 -12.39
4 15 -3.7292 8.9708 -12.2584 -3.3 9.4 -12.3438 -3.3 8.793 -12.3438 -3.5323 8.8392 -12.2976
4 15 -3.907 9.4 -12.2231 -3.3 9.4 -12.3438 -3.7292 8.9708 -12.2584 -3.8608 9.1677 -12.2323
3 16 -1.95 8.85 -12.6122 -2.1187 8.9267 -12.5787 -1.9815 9.186 -12.606
4 15 -2.9 15.75 -12.4233 -2.3 15.6 -12.5426 -2.35 14.85 -12.5327 -2.75 15.2 -12.4532
4 15 -2.35 14.85 -12.5327 -2.3 15.6 -12.5426 -1.45 15.5 -12.7117 -1.85 14.65 -12.6321
4 15 -1.85 14.65 -12.6321 -1.45 15.5 -12.7117 0 15.4 -13 -1.1 14.6 -12.7813
3 15 0 14.55 -13 -1.1 14.6 -12.7813 0 15.4 -13
4 16 -4.9751 17 -12.0107 0 17 -13 -2.95 16.4 -12.4134 -3.6 16.5 -12.2841
4 16 -2.95 16.4 -12.4134 0 17 -13 -1.65 16.05 -12.6719 -2.4 16.2 -12.5228
4 16 0 15.9 -13 -.8 15.95 -12.8409 -1.65 16.05 -12.6719 0 17 -13
4 16 -4.9751 6.7019 -12.0107 -4.65 8.75 -12.0754 -4.2 8.45 -12.1648 -4.35 6.75 -12.135
4 16 -3.5 7.05 -12.304 -4.35 6.75 -12.135 -4.2 8.45 -12.1648 -3.7754 8.2471 -12.2493
4 16 -2.55 7.55 -12.4929 -3.5 7.05 -12.304 -3.7754 8.2471 -12.2493 -3.25 8.165 -12.3537
4 16 -3.25 8.165 -12.3537 -2.5746 8.2471 -12.488 -1.75 7.85 -12.652 -2.55 7.55 -12.4929
4 16 -1.4 7.9 -12.7216 -1.75 7.85 -12.652 -2.5746 8.2471 -12.488 -2.1 8.5 -12.5824
3 16 -1.4 7.9 -12.7216 -2.1 8.5 -12.5824 -1.95 8.85 -12.6122
3 16 -4.5443 9.35 -12.0964 -4.9751 9.35 -12.0107 -4.623 9.85 -12.0807
4 16 -.35 4.3 -12.9304 -4.9751 4 -12.0107 -4.3 5.2 -12.1449 -3.9 5.3 -12.2245
3 16 -4.9751 4 -12.0107 -.35 4.3 -12.9304 -.3 4.1 -12.9403
3 16 0 4 -13 -4.9751 4 -12.0107 -.3 4.1 -12.9403
4 16 -.25 4.65 -12.9503 -.35 4.3 -12.9304 -3.9 5.3 -12.2245 -3.4 5.65 -12.3239
4 16 -1.8 6.75 -12.6421 -.25 4.65 -12.9503 -3.4 5.65 -12.3239 -2.65 6.25 -12.4731
4 16 -1.05 6.8 -12.7912 -.25 4.65 -12.9503 -1.8 6.75 -12.6421 -1.3 6.85 -12.7415
4 16 -1.05 6.8 -12.7912 -.85 6.7 -12.831 -.15 5.45 -12.9702 -.25 4.65 -12.9503
3 16 -.25 4.65 -12.9503 -.15 5.45 -12.9702 -.1 4.85 -12.9801
4 16 -.85 6.7 -12.831 -.7 6.9 -12.8608 -.1 6.1 -12.9801 -.15 5.45 -12.9702
4 16 -.1 6.1 -12.9801 -.7 6.9 -12.8608 -.85 7.4 -12.831 0 6.5 -13
4 16 -1.15 7.8 -12.7713 0 14.05 -13 0 6.5 -13 -.85 7.4 -12.831
4 16 -.55 14.1 -12.8906 0 14.05 -13 -1.877 9.85 -12.6268 -1.9815 10.514 -12.606
4 16 -1.4 7.9 -12.7216 -1.877 9.85 -12.6268 0 14.05 -13 -1.15 7.8 -12.7713
4 16 -1.95 8.85 -12.6122 -1.9815 9.186 -12.606 -1.877 9.85 -12.6268 -1.4 7.9 -12.7216
4 16 -2.2791 11.0768 -12.5468 -1.4 14.1 -12.7216 -.55 14.1 -12.8906 -1.9815 10.514 -12.606
4 16 -1.4 14.1 -12.7216 -2.2791 11.0768 -12.5468 -2.7246 11.4529 -12.4582 -2.1 14.15 -12.5824
4 16 -2.1 14.15 -12.5824 -2.7246 11.4529 -12.4582 -3.25 11.585 -12.3537 -2.65 14.35 -12.4731
4 16 -2.65 14.35 -12.4731 -3.25 11.585 -12.3537 -3.7754 11.4529 -12.2493 -3.2 14.85 -12.3637
4 16 -3.2 14.85 -12.3637 -3.7754 11.4529 -12.2493 -4.2209 11.0768 -12.1607 -3.45 15.4 -12.314
3 16 -4.2209 11.0768 -12.1607 -3.55 15.9 -12.2941 -3.45 15.4 -12.314
4 16 -4.5185 10.514 -12.1015 -4.9751 17 -12.0107 -3.55 15.9 -12.2941 -4.2209 11.0768 -12.1607
3 16 -3.55 15.9 -12.2941 -4.9751 17 -12.0107 -3.6 16.5 -12.2841
3 16 -4.9751 4 -12.0107 -4.9751 5.3478 -12.0107 -4.3 5.2 -12.1449
3 16 -4.9751 6.7019 -12.0107 -4.9751 9.2377 -12.0107 -4.65 8.75 -12.0754
4 16 -4.9751 9.35 -12.0107 -4.9751 17 -12.0107 -4.5185 10.514 -12.1015 -4.623 9.85 -12.0807
4 15 3.7292 8.9708 -12.2584 3.3 9.4 -12.3438 3.907 9.4 -12.2231 3.8608 9.1677 -12.2323
4 15 3.907 9.4 -12.2231 3.3 9.4 -12.3438 3.7292 9.8292 -12.2584 3.8608 9.6323 -12.2323
4 15 3.3 10.007 -12.3438 3.5323 9.9608 -12.2976 3.7292 9.8292 -12.2584 3.3 9.4 -12.3438
4 15 3.3 10.007 -12.3438 3.3 9.4 -12.3438 2.8708 9.8292 -12.4291 3.0677 9.9608 -12.39
4 15 2.693 9.4 -12.4645 2.7392 9.6323 -12.4553 2.8708 9.8292 -12.4291 3.3 9.4 -12.3438
4 15 2.693 9.4 -12.4645 3.3 9.4 -12.3438 2.8708 8.9708 -12.4291 2.7392 9.1677 -12.4553
4 15 2.8708 8.9708 -12.4291 3.3 9.4 -12.3438 3.3 8.793 -12.3438 3.0677 8.8392 -12.39
4 15 3.3 8.793 -12.3438 3.3 9.4 -12.3438 3.7292 8.9708 -12.2584 3.5323 8.8392 -12.2976
3 16 1.95 8.85 -12.6122 1.9815 9.186 -12.606 2.1187 8.9267 -12.5787
4 15 0 15.4 -13 1 15.35 -12.8012 .45 14.45 -12.9105 0 14.55 -13
4 15 .45 14.45 -12.9105 1 15.35 -12.8012 1.5 14.2 -12.7017 1 14.3 -12.8012
4 15 1 15.35 -12.8012 1.8 15.45 -12.6421 2.05 14.2 -12.5924 1.5 14.2 -12.7017
4 15 2.25 15.55 -12.5526 2.45 14.4 -12.5128 2.05 14.2 -12.5924 1.8 15.45 -12.6421
4 15 2.45 14.4 -12.5128 2.25 15.55 -12.5526 2.7 15.6 -12.4631 2.9 14.9 -12.4233
4 15 3.15 15.6 -12.3736 3.1 15.3 -12.3836 2.9 14.9 -12.4233 2.7 15.6 -12.4631
3 16 4.9751 4 -12.0107 4.65 5.65 -12.0754 4.9751 5.7429 -12.0107
4 16 1.7 15.95 -12.662 .95 15.9 -12.8111 0 15.9 -13 0 17 -13
4 16 1.7 15.95 -12.662 0 17 -13 2.9 16.2 -12.4233 2.3 16.05 -12.5426
3 16 2.9 16.2 -12.4233 0 17 -13 3.5 16.45 -12.304
3 16 3.5 16.45 -12.304 0 17 -13 4.9751 17 -12.0107
3 16 3.65 16.1 -12.2742 3.5 16.45 -12.304 4.9751 17 -12.0107
3 16 3.7 15.8 -12.2643 3.65 16.1 -12.2742 4.9751 17 -12.0107
3 16 4.9751 4 -12.0107 0 4 -13 .25 4.15 -12.9503
3 16 4.9751 4 -12.0107 .25 4.15 -12.9503 .5 4.4 -12.9006
4 16 .5 4.4 -12.9006 .7 4.8 -12.8608 4.3 5.7 -12.1449 4.9751 4 -12.0107
3 16 4.9751 4 -12.0107 4.3 5.7 -12.1449 4.65 5.65 -12.0754
4 16 3.85 5.9 -12.2344 4.3 5.7 -12.1449 .7 4.8 -12.8608 .75 5.25 -12.8509
4 16 .75 5.25 -12.8509 .7 5.9 -12.8608 2.8 6.5 -12.4432 3.85 5.9 -12.2344
4 16 2.8 6.5 -12.4432 .7 5.9 -12.8608 .55 6.4 -12.8906 1.55 7.15 -12.6918
4 16 1.55 7.15 -12.6918 .55 6.4 -12.8906 1 7.25 -12.8012 1.25 7.25 -12.7514
4 16 1 7.25 -12.8012 .55 6.4 -12.8906 .4 6.6 -12.9205 .65 7.05 -12.8708
4 16 .8 7.65 -12.8409 .65 7.05 -12.8708 .4 6.6 -12.9205 .15 6.65 -12.9702
4 16 .55 13.9 -12.8906 .8 7.65 -12.8409 .15 6.65 -12.9702 0 14.05 -13
4 16 .55 13.9 -12.8906 1.15 13.7 -12.7713 1.05 8 -12.7912 .8 7.65 -12.8409
4 16 1.15 13.7 -12.7713 1.7 13.65 -12.662 1.877 9.85 -12.6268 1.05 8 -12.7912
4 16 1.05 8 -12.7912 1.877 9.85 -12.6268 1.9815 9.186 -12.606 1.35 8.2 -12.7316
4 16 1.9815 9.186 -12.606 1.95 8.85 -12.6122 1.7 8.2 -12.662 1.35 8.2 -12.7316
3 16 1.7 8.2 -12.662 1.95 8.85 -12.6122 2.1 8.5 -12.5824
4 16 2.5746 8.2471 -12.488 2.35 8 -12.5327 1.7 8.2 -12.662 2.1 8.5 -12.5824
4 16 3.25 8.165 -12.3537 3.35 7.65 -12.3339 2.35 8 -12.5327 2.5746 8.2471 -12.488
4 16 3.25 8.165 -12.3537 3.7754 8.2471 -12.2493 4.25 7.3 -12.1549 3.35 7.65 -12.3339
3 16 4.25 7.3 -12.1549 3.7754 8.2471 -12.2493 4.2 8.45 -12.1648
4 16 1.877 9.85 -12.6268 1.7 13.65 -12.662 2.25 13.7 -12.5526 1.9815 10.514 -12.606
4 16 2.7 13.9 -12.4631 2.2791 11.0768 -12.5468 1.9815 10.514 -12.606 2.25 13.7 -12.5526
4 16 2.2791 11.0768 -12.5468 2.7 13.9 -12.4631 3.1 14.25 -12.3836 2.7246 11.4529 -12.4582
4 16 3.5 14.8 -12.304 3.25 11.585 -12.3537 2.7246 11.4529 -12.4582 3.1 14.25 -12.3836
3 16 3.7754 11.4529 -12.2493 3.25 11.585 -12.3537 3.5 14.8 -12.304
4 16 3.7 15.8 -12.2643 4.9751 17 -12.0107 4.2209 11.0768 -12.1607 3.65 15.35 -12.2742
3 16 4.5185 10.514 -12.1015 4.2209 11.0768 -12.1607 4.9751 17 -12.0107
4 16 3.7754 11.4529 -12.2493 3.5 14.8 -12.304 3.65 15.35 -12.2742 4.2209 11.0768 -12.1607
3 16 0 6.5 -13 0 14.05 -13 .15 6.65 -12.9702
4 16 4.5185 10.514 -12.1015 4.9751 17 -12.0107 4.9751 9.35 -12.0107 4.623 9.85 -12.0807
3 16 4.9751 9.35 -12.0107 4.5443 9.35 -12.0964 4.623 9.85 -12.0807
4 16 4.2 8.45 -12.1648 4.65 8.75 -12.0754 4.9751 7.155 -12.0107 4.25 7.3 -12.1549
3 16 4.9751 7.155 -12.0107 4.65 8.75 -12.0754 4.9751 9.2377 -12.0107
4 16 6.05 7.25 -11.2923 5.05 9.35 -11.9606 7.55 11.6 -10.2899 6.4 7.35 -11.0584
4 16 5.8 15.55 -11.4594 4.9751 17 -12.0107 5.7 17 -11.5262 5.75 16.35 -11.4928
4 16 5.05 9.35 -11.9606 4.9751 17 -12.0107 5.8 15.55 -11.4594 5.9 14.85 -11.3926
3 16 5.05 9.35 -11.9606 5.9 14.85 -11.3926 6 14.45 -11.3258
3 16 5.05 9.35 -11.9606 6 14.45 -11.3258 6.25 14 -11.1587
4 16 7.05 13.05 -10.624 5.05 9.35 -11.9606 6.25 14 -11.1587 6.8 13.4 -10.7911
4 16 7.05 13.05 -10.624 7.35 12.35 -10.4235 7.45 11.95 -10.3567 5.05 9.35 -11.9606
3 16 5.05 9.35 -11.9606 7.45 11.95 -10.3567 7.55 11.6 -10.2899
3 16 6.35 16.5 -11.0918 6.2 17 -11.1921 9.1923 17 -9.1923
4 16 6.35 16.5 -11.0918 9.1923 17 -9.1923 6.45 15.3 -11.025 6.4 15.8 -11.0584
4 16 6.45 15.3 -11.025 9.1923 17 -9.1923 6.8 14.4 -10.7911 6.55 14.85 -10.9582
3 16 7.35 13.5 -10.4235 6.8 14.4 -10.7911 9.1923 17 -9.1923
3 16 7.65 12.65 -10.223 7.35 13.5 -10.4235 9.1923 17 -9.1923
4 16 9.1923 4 -9.1923 7.75 12 -10.1562 7.65 12.65 -10.223 9.1923 17 -9.1923
4 16 4.9751 4 -12.0107 5.5 6.1 -11.6599 5.95 6.6 -11.3592 9.1923 4 -9.1923
3 16 9.1923 4 -9.1923 5.95 6.6 -11.3592 6.4 7.35 -11.0584
4 16 7.55 11.6 -10.2899 7.75 11.6 -10.1562 9.1923 4 -9.1923 6.4 7.35 -11.0584
3 16 9.1923 4 -9.1923 7.75 11.6 -10.1562 7.75 12 -10.1562
3 16 5.05 9.35 -11.9606 4.9751 9.35 -12.0107 4.9751 17 -12.0107
3 16 4.9751 7.155 -12.0107 4.9751 9.2377 -12.0107 5.05 9.35 -11.9606
4 16 6.05 7.25 -11.2923 5.55 7.15 -11.6265 4.9751 7.155 -12.0107 5.05 9.35 -11.9606
3 16 4.9751 4 -12.0107 4.9751 5.7429 -12.0107 5.5 6.1 -11.6599
4 16 -3.0616 21 -7.3912 -3.7936 20.6954 -9.1592 -7.0096 20.6954 -7.0096 -5.6568 21 -5.6568
4 16 -3.7936 20.6954 -9.1592 -4.4144 19.8282 -10.6576 -8.1568 19.8282 -8.1568 -7.0096 20.6954 -7.0096
4 16 -4.4144 19.8282 -10.6576 -4.8296 18.5309 -11.6592 -8.9232 18.5309 -8.9232 -8.1568 19.8282 -8.1568
4 16 0 21 -8 0 20.6954 -9.9136 -3.7936 20.6954 -9.1592 -3.0616 21 -7.3912
4 16 0 20.6954 -9.9136 0 19.8282 -11.5352 -4.4144 19.8282 -10.6576 -3.7936 20.6954 -9.1592
4 16 -4.4144 19.8282 -10.6576 0 19.8282 -11.5352 0 18.5309 -12.6192 -4.8296 18.5309 -11.6592
4 16 3.0616 21 -7.3912 3.7936 20.6954 -9.1592 0 20.6954 -9.9136 0 21 -8
4 16 3.7936 20.6954 -9.1592 4.4144 19.8282 -10.6576 0 19.8282 -11.5352 0 20.6954 -9.9136
3 16 0 18.5309 -12.6192 0 19.8282 -11.5352 .2 18.6 -12.5217
4 16 0 19.8282 -11.5352 4.4144 19.8282 -10.6576 .3612 18.5309 -12.5474 .2 18.6 -12.5217
3 16 4.8296 18.5309 -11.6592 .3612 18.5309 -12.5474 4.4144 19.8282 -10.6576
4 16 3.7936 20.6954 -9.1592 3.0616 21 -7.3912 5.6568 21 -5.6568 7.0096 20.6954 -7.0096
4 16 7.0096 20.6954 -7.0096 8.1568 19.8282 -8.1568 4.4144 19.8282 -10.6576 3.7936 20.6954 -9.1592
4 16 8.1568 19.8282 -8.1568 8.9232 18.5309 -8.9232 4.8296 18.5309 -11.6592 4.4144 19.8282 -10.6576
4 16 -5.15 17.95 -11.6154 -4.9751 17 -12.0107 -5.7 17 -11.5262 -5.6 17.25 -11.5198
3 16 -4.9751 17 -12.0107 -5.15 17.95 -11.6154 -4.8296 18.5309 -11.6592
4 16 -9.1923 17 -9.1923 -8.9232 18.5309 -8.9232 -5.9 17.45 -11.2607 -6.2 17 -11.1921
4 16 -4.8296 18.5309 -11.6592 -5.15 17.95 -11.6154 -5.9 17.45 -11.2607 -8.9232 18.5309 -8.9232
4 16 -1.25 17.2 -12.7017 -4.9751 17 -12.0107 -4.8296 18.5309 -11.6592 -1.3 17.55 -12.6047
4 16 -.45 17.8 -12.7115 -.8 17.65 -12.6792 -1.3 17.55 -12.6047 -4.8296 18.5309 -11.6592
3 16 -4.9751 17 -12.0107 -1.25 17.2 -12.7017 -.75 17.15 -12.8136
4 16 0 17.1 -12.9751 0 17 -13 -4.9751 17 -12.0107 -.75 17.15 -12.8136
3 16 -.15 18.4 -12.6219 -4.8296 18.5309 -11.6592 0 18.5309 -12.6192
4 16 -.45 17.8 -12.7115 -4.8296 18.5309 -11.6592 -.15 18.4 -12.6219 -.25 18.1 -12.6767
4 16 .85 17.9 -12.6071 .75 18.25 -12.5399 4.8296 18.5309 -11.6592 1.2 17.8 -12.5624
3 16 1.55 17.65 -12.5301 1.2 17.8 -12.5624 4.8296 18.5309 -11.6592
4 16 1.55 17.65 -12.5301 4.8296 18.5309 -11.6592 4.9751 17 -12.0107 1.8 17.45 -12.5301
3 16 4.9751 17 -12.0107 1.8 17.25 -12.5799 1.8 17.45 -12.5301
3 16 4.9751 17 -12.0107 1.6 17.15 -12.6445 1.8 17.25 -12.5799
4 16 0 17.1 -12.9751 .9 17.1 -12.7962 4.9751 17 -12.0107 0 17 -13
3 16 4.9751 17 -12.0107 .9 17.1 -12.7962 1.6 17.15 -12.6445
3 16 .55 18.45 -12.53 .3612 18.5309 -12.5474 4.8296 18.5309 -11.6592
3 16 .75 18.25 -12.5399 .55 18.45 -12.53 4.8296 18.5309 -11.6592
3 16 4.9751 17 -12.0107 4.8296 18.5309 -11.6592 5.15 17.95 -11.6154
4 16 5.7 17 -11.5262 4.9751 17 -12.0107 5.15 17.95 -11.6154 5.6 17.25 -11.5198
4 16 4.8296 18.5309 -11.6592 8.9232 18.5309 -8.9232 9.1923 17 -9.1923 5.15 17.95 -11.6154
3 16 9.1923 17 -9.1923 5.9 17.45 -11.2607 5.15 17.95 -11.6154
3 16 9.1923 17 -9.1923 6.2 17 -11.1921 5.9 17.45 -11.2607
5 24 -9.1923 17 -9.1923 -9.1923 4 -9.1923 -12.0107 17 -4.9751 -4.9751 17 -12.0107
5 24 -5.6568 21 -5.6568 -7.0096 20.6954 -7.0096 -7.3912 21 -3.0616 -3.0616 21 -7.3912
5 24 -7.0096 20.6954 -7.0096 -8.1568 19.8282 -8.1568 -9.1592 20.6954 -3.7936 -3.7936 20.6954 -9.1592
5 24 -8.1568 19.8282 -8.1568 -8.9232 18.5309 -8.9232 -10.6576 19.8282 -4.4144 -4.4144 19.8282 -10.6576
5 24 -8.9232 18.5309 -8.9232 -9.1923 17 -9.1923 -11.6592 18.5309 -4.8296 -4.8296 18.5309 -11.6592
5 24 -4.9751 17 -12.0107 -9.1923 17 -9.1923 -4.975 15.343 -12.01 -4.8296 18.5309 -11.6592
5 24 -4.8296 18.5309 -11.6592 -8.9232 18.5309 -8.9232 -4.9751 17 -12.0107 -4.4144 19.8282 -10.6576
5 24 -4.4144 19.8282 -10.6576 -8.1568 19.8282 -8.1568 -4.8296 18.5309 -11.6592 -3.7936 20.6954 -9.1592
5 24 -3.7936 20.6954 -9.1592 -7.0096 20.6954 -7.0096 -4.4144 19.8282 -10.6576 -3.0616 21 -7.3912
5 24 -3.0616 21 -7.3912 -5.6568 21 -5.6568 -3.7936 20.6954 -9.1592 -2.2962 21 -5.5434
5 24 -4.9751 17 -12.0107 -4.9751 4 -12.0107 -9.1923 17 -9.1923 0 17 -13
5 24 -3.0616 21 -7.3912 -3.7936 20.6954 -9.1592 -5.6568 21 -5.6568 0 21 -8
5 24 -3.7936 20.6954 -9.1592 -4.4144 19.8282 -10.6576 -7.0096 20.6954 -7.0096 0 20.6954 -9.9136
5 24 -4.4144 19.8282 -10.6576 -4.8296 18.5309 -11.6592 -8.1568 19.8282 -8.1568 0 19.8282 -11.5352
5 24 -4.8296 18.5309 -11.6592 -4.9751 17 -12.0107 -8.9232 18.5309 -8.9232 0 18.5309 -12.6192
5 24 0 17 -13 -4.9751 17 -12.0107 0 15.343 -13 0 18.5309 -12.6192
5 24 0 18.5309 -12.6192 -4.8296 18.5309 -11.6592 0 17 -13 0 19.8282 -11.5352
5 24 0 19.8282 -11.5352 -4.4144 19.8282 -10.6576 0 18.5309 -12.6192 0 20.6954 -9.9136
5 24 0 20.6954 -9.9136 -3.7936 20.6954 -9.1592 0 19.8282 -11.5352 0 21 -8
5 24 0 21 -8 -3.0616 21 -7.3912 0 20.6954 -9.9136 0 21 -6
5 24 0 17 -13 0 4 -13 -4.9751 17 -12.0107 4.9751 17 -12.0107
5 24 0 21 -8 0 20.6954 -9.9136 -3.0616 21 -7.3912 3.0616 21 -7.3912
5 24 0 20.6954 -9.9136 0 19.8282 -11.5352 -3.7936 20.6954 -9.1592 3.7936 20.6954 -9.1592
5 24 0 19.8282 -11.5352 0 18.5309 -12.6192 -4.4144 19.8282 -10.6576 4.4144 19.8282 -10.6576
5 24 0 18.5309 -12.6192 0 17 -13 -4.8296 18.5309 -11.6592 4.8296 18.5309 -11.6592
5 24 4.9751 17 -12.0107 0 17 -13 4.975 15.343 -12.01 4.8296 18.5309 -11.6592
5 24 4.8296 18.5309 -11.6592 0 18.5309 -12.6192 4.9751 17 -12.0107 4.4144 19.8282 -10.6576
5 24 4.4144 19.8282 -10.6576 0 19.8282 -11.5352 4.8296 18.5309 -11.6592 3.7936 20.6954 -9.1592
5 24 3.7936 20.6954 -9.1592 0 20.6954 -9.9136 4.4144 19.8282 -10.6576 3.0616 21 -7.3912
5 24 3.0616 21 -7.3912 0 21 -8 3.7936 20.6954 -9.1592 2.2962 21 -5.5434
5 24 4.9751 17 -12.0107 4.9751 4 -12.0107 0 17 -13 9.1923 17 -9.1923
5 24 3.0616 21 -7.3912 3.7936 20.6954 -9.1592 0 21 -8 5.6568 21 -5.6568
5 24 3.7936 20.6954 -9.1592 4.4144 19.8282 -10.6576 0 20.6954 -9.9136 7.0096 20.6954 -7.0096
5 24 4.4144 19.8282 -10.6576 4.8296 18.5309 -11.6592 0 19.8282 -11.5352 8.1568 19.8282 -8.1568
5 24 4.8296 18.5309 -11.6592 4.9751 17 -12.0107 0 18.5309 -12.6192 8.9232 18.5309 -8.9232
5 24 9.1923 17 -9.1923 4.9751 17 -12.0107 9.192 15.343 -9.192 8.9232 18.5309 -8.9232
5 24 8.9232 18.5309 -8.9232 4.8296 18.5309 -11.6592 9.1923 17 -9.1923 8.1568 19.8282 -8.1568
5 24 8.1568 19.8282 -8.1568 4.4144 19.8282 -10.6576 8.9232 18.5309 -8.9232 7.0096 20.6954 -7.0096
5 24 7.0096 20.6954 -7.0096 3.7936 20.6954 -9.1592 8.1568 19.8282 -8.1568 5.6568 21 -5.6568
5 24 5.6568 21 -5.6568 3.0616 21 -7.3912 7.0096 20.6954 -7.0096 4.2426 21 -4.2426
5 24 9.1923 17 -9.1923 9.1923 4 -9.1923 4.9751 17 -12.0107 12.0107 17 -4.9751
5 24 5.6568 21 -5.6568 7.0096 20.6954 -7.0096 3.0616 21 -7.3912 7.3912 21 -3.0616
5 24 7.0096 20.6954 -7.0096 8.1568 19.8282 -8.1568 3.7936 20.6954 -9.1592 9.1592 20.6954 -3.7936
5 24 8.1568 19.8282 -8.1568 8.9232 18.5309 -8.9232 4.4144 19.8282 -10.6576 10.6576 19.8282 -4.4144
5 24 8.9232 18.5309 -8.9232 9.1923 17 -9.1923 4.8296 18.5309 -11.6592 11.6592 18.5309 -4.8296
