0 Minifig Head Alien Female with Red Eyes and Dark Bluish Grey Lips and Wrinkles, Open Smile with Missing Tooth Pattern
0 Name: 3626cpce8.dat
0 Author: Gerald Lasser [GeraldLasser]
0 !LDRAW_ORG Part UPDATE 2019-02
0 !LICENSE Redistributable under CCAL version 2.0 : see CAreadme.txt

0 BFC CERTIFY CCW

0 !KEYWORDS Series 14, Zombie Cheerleader, Bricklink 3626cpb1409

0 !CMDLINE -c71

0 !HISTORY 2019-09-09 [PTadmin] Official Update 2019-02

1 16 0 0 0 1 0 0 0 1 0 0 0 1 s\3626cs02.dat
1 16 0 4 0 -8 0 0 0 -6.4 0 0 0 8 t04o6250.dat
1 16 0 4 0 8 0 0 0 -6.4 0 0 0 8 t04o6250.dat
1 16 0 4 0 -8 0 0 0 -6.4 0 0 0 -8 t04o6250.dat
1 16 0 4 0 8 0 0 0 -6.4 0 0 0 -8 t08o6250.dat
1 16 0 4 0 12.01043 0 4.97488 0 13 0 -4.97488 0 12.01043 5-8cyli.dat
1 16 0 17 0 -8 0 0 0 6.4 0 0 0 8 t04o6250.dat
1 16 0 17 0 8 0 0 0 6.4 0 0 0 8 t04o6250.dat
1 16 0 17 0 -8 0 0 0 6.4 0 0 0 -8 t08o6250.dat
1 16 0 17 0 8 0 0 0 6.4 0 0 0 -8 t08o6250.dat

4 16 3.0616 0 -7.3912 0 0 -8 0 .3046 -9.9136 3.7936 .3046 -9.1592
4 16 5.6568 0 -5.6568 3.0616 0 -7.3912 3.7936 .3046 -9.1592 7.0096 .3046 -7.0096
4 16 7.0096 .3046 -7.0096 3.7936 .3046 -9.1592 4.4144 1.1718 -10.6576 8.1568 1.1718 -8.1568
4 16 8.1568 1.1718 -8.1568 4.4144 1.1718 -10.6576 4.8296 2.4691 -11.6592 8.9232 2.4691 -8.9232
4 16 8.9232 2.4691 -8.9232 4.8296 2.4691 -11.6592 4.9751 4 -12.0107 9.192 4 -9.192

4 16 -4.8296 18.5309 -11.6592 -4.9751 17 -12.0107 -9.1923 17 -9.1923 -8.9232 18.5309 -8.9232
4 16 -4.8296 18.5309 -11.6592 -8.9232 18.5309 -8.9232 -8.1568 19.8282 -8.1568 -4.4144 19.8282 -10.6576
4 16 -4.4144 19.8282 -10.6576 -8.1568 19.8282 -8.1568 -7.0096 20.6954 -7.0096 -3.7936 20.6954 -9.1592
4 16 -3.0616 21 -7.3912 -3.7936 20.6954 -9.1592 -7.0096 20.6954 -7.0096 -5.6568 21 -5.6568
4 16 0 20.6954 -9.9136 -3.7936 20.6954 -9.1592 -3.0616 21 -7.3912 0 21 -8
4 16 3.7936 20.6954 -9.1592 0 20.6954 -9.9136 0 21 -8 3.0616 21 -7.3912
4 16 4.9751 17 -12.0107 4.8296 18.5309 -11.6592 8.9232 18.5309 -8.9232 9.192 17 -9.192
4 16 8.1568 19.8282 -8.1568 8.9232 18.5309 -8.9232 4.8296 18.5309 -11.6592 4.4144 19.8282 -10.6576
4 16 7.0096 20.6954 -7.0096 8.1568 19.8282 -8.1568 4.4144 19.8282 -10.6576 3.7936 20.6954 -9.1592
4 16 5.6568 21 -5.6568 7.0096 20.6954 -7.0096 3.7936 20.6954 -9.1592 3.0616 21 -7.3912
3 16 9.25 4.34 -9.106 9.192 4 -9.192 9.29 4.66 -9.0461

4 72 -9.97 5.54 -8.0286 -9.99 5.15 -7.9987 -10.17 5.24 -7.7294 -10.35 5.78 -7.46
4 72 -10.09 6.13 -7.8491 -9.97 5.54 -8.0286 -10.35 5.78 -7.46 -10.54 6.51 -7.1757
4 72 -10.16 6.82 -7.7443 -10.09 6.13 -7.8491 -10.54 6.51 -7.1757 -10.58 7.33 -7.1159
4 72 -10.09 7.79 -7.8491 -10.16 6.82 -7.7443 -10.58 7.33 -7.1159 -10.48 8.25 -7.2655
4 72 -9.84 8.37 -8.2231 -10.09 7.79 -7.8491 -10.48 8.25 -7.2655 -10.19 8.98 -7.6994
4 72 -9.49 8.88 -8.7469 -9.84 8.37 -8.2231 -10.19 8.98 -7.6994 -9.86 9.42 -8.1932
4 72 -9.49 8.88 -8.7469 -9.86 9.42 -8.1932 -9.48 9.57 -8.7618 -9.1923 9.18 -9.1923
3 72 -9.1923 9.18 -9.1923 -9.48 9.57 -8.7618 -9.1923 9.57 -9.1923
4 16 -9.99 5.15 -7.9987 -9.1923 4 -9.1923 -12.0107 4 -4.9751 -10.17 5.24 -7.7294
4 16 -9.1923 4 -9.1923 -9.99 5.15 -7.9987 -9.97 5.54 -8.0286 -9.1923 9.18 -9.1923
4 16 -9.1923 9.18 -9.1923 -9.97 5.54 -8.0286 -10.09 6.13 -7.8491 -9.49 8.88 -8.7469
4 16 -9.84 8.37 -8.2231 -9.49 8.88 -8.7469 -10.09 6.13 -7.8491 -10.16 6.82 -7.7443
3 16 -10.16 6.82 -7.7443 -10.09 7.79 -7.8491 -9.84 8.37 -8.2231
3 16 -12.0107 4 -4.9751 -10.35 5.78 -7.46 -10.17 5.24 -7.7294
3 16 -12.0107 4 -4.9751 -10.54 6.51 -7.1757 -10.35 5.78 -7.46
4 16 -10.58 7.33 -7.1159 -10.54 6.51 -7.1757 -12.0107 4 -4.9751 -12.0107 17 -4.9751
3 16 -10.58 7.33 -7.1159 -12.0107 17 -4.9751 -10.48 8.25 -7.2655
3 16 -10.48 8.25 -7.2655 -12.0107 17 -4.9751 -10.19 8.98 -7.6994
3 16 -10.19 8.98 -7.6994 -12.0107 17 -4.9751 -9.86 9.42 -8.1932
3 16 -9.86 9.42 -8.1932 -12.0107 17 -4.9751 -9.48 9.57 -8.7618
4 16 -9.1923 9.57 -9.1923 -9.48 9.57 -8.7618 -12.0107 17 -4.9751 -9.1923 17 -9.1923
4 0 -4.9751 6.23 -12.0107 -4.9752 5.15 -12.0107 -6.04 5.54 -11.299 -6.02 6.52 -11.3124
4 0 -6.02 6.52 -11.3124 -6.04 5.54 -11.299 -6.93 5.97 -10.7042 -6.96 6.88 -10.6842
4 0 -6.96 6.88 -10.6842 -6.93 5.97 -10.7042 -7.82 6.53 -10.1094 -7.82 7.26 -10.1094
4 0 -7.82 7.26 -10.1094 -7.82 6.53 -10.1094 -8.56 7.06 -9.6149 -8.47 7.54 -9.675
4 0 -8.73 7.57 -9.5013 -8.47 7.54 -9.675 -8.56 7.06 -9.6149 -8.87 7.41 -9.4077
4 16 -6.04 5.54 -11.299 -4.9752 5.15 -12.0107 -4.9751 4 -12.0107 -9.1923 4 -9.1923
3 16 -9.1923 4 -9.1923 -6.93 5.97 -10.7042 -6.04 5.54 -11.299
3 16 -9.1923 4 -9.1923 -7.82 6.53 -10.1094 -6.93 5.97 -10.7042
3 16 -9.1923 4 -9.1923 -8.56 7.06 -9.6149 -7.82 6.53 -10.1094
3 16 -9.1923 4 -9.1923 -8.87 7.41 -9.4077 -8.56 7.06 -9.6149
3 72 -9.1923 9.18 -9.1923 -9.1923 9.57 -9.1923 -8.97 9.44 -9.3409
3 16 -9.1923 4 -9.1923 -9.1923 9.18 -9.1923 -8.87 7.41 -9.4077
3 16 -8.87 7.41 -9.4077 -9.1923 9.18 -9.1923 -8.73 7.57 -9.5013
4 16 -8.47 7.54 -9.675 -8.73 7.57 -9.5013 -9.1923 9.18 -9.1923 -8.97 9.44 -9.3409
3 4 -4.9751 9.2642 -12.0107 -5.09 9.83 -11.9339 -4.9751 10.3858 -12.0107
4 0 -5.09 9.83 -11.9339 -4.9751 9.2642 -12.0107 -5.6 9.34 -11.5931 -5.69 10.04 -11.5329
4 0 -5.09 9.83 -11.9339 -5.69 10.04 -11.5329 -5.56 10.77 -11.6198 -4.9751 10.3858 -12.0107
4 0 -4.9751 10.3858 -12.0107 -5.56 10.77 -11.6198 -5.16 11.34 -11.8871 -4.9751 11.6 -12.0107
4 0 -5.58 12.44 -11.6064 -4.9751 12.71 -12.0107 -4.9752 12.15 -12.0107 -5.52 11.95 -11.6465
4 0 -5.99 12.12 -11.3324 -5.58 12.44 -11.6064 -5.52 11.95 -11.6465 -5.9 11.79 -11.3926
3 0 -5.9 11.79 -11.3926 -6.1 11.87 -11.2589 -5.99 12.12 -11.3324
4 72 -4.9751 11.6 -12.0107 -5.16 11.34 -11.8871 -5.52 11.95 -11.6465 -4.9752 12.15 -12.0107
4 72 -5.9 11.79 -11.3926 -5.52 11.95 -11.6465 -5.16 11.34 -11.8871 -5.56 10.77 -11.6198
4 72 -6.1 11.87 -11.2589 -5.9 11.79 -11.3926 -5.56 10.77 -11.6198 -7.67 10.78 -10.2097
4 72 -7.67 10.78 -10.2097 -5.56 10.77 -11.6198 -5.69 10.04 -11.5329 -6.37 9.54 -11.0785
3 72 -5.91 9.47 -11.3859 -6.37 9.54 -11.0785 -5.69 10.04 -11.5329
3 72 -5.6 9.34 -11.5931 -5.91 9.47 -11.3859 -5.69 10.04 -11.5329
4 72 -7.67 10.78 -10.2097 -6.37 9.54 -11.0785 -6.8 9.51 -10.7911 -7.45 10.09 -10.3567
3 72 -7.1 9.36 -10.5906 -7.45 10.09 -10.3567 -6.8 9.51 -10.7911
4 72 -6.1 11.87 -11.2589 -7.67 10.78 -10.2097 -7.76 11.79 -10.1495 -7.69 12.49 -10.1963
4 72 -5.99 12.12 -11.3324 -6.1 11.87 -11.2589 -7.69 12.49 -10.1963 -7.4 13.05 -10.3901
4 72 -5.58 12.44 -11.6064 -5.99 12.12 -11.3324 -7.4 13.05 -10.3901 -6.81 13.53 -10.7844
4 72 -5.58 12.44 -11.6064 -6.81 13.53 -10.7844 -6.11 13.79 -11.2522 -5.41 13.87 -11.7201
4 72 -4.9751 12.71 -12.0107 -5.58 12.44 -11.6064 -5.41 13.87 -11.7201 -4.9751 13.81 -12.0107
4 0 -5.6 9.34 -11.5931 -4.9751 9.2642 -12.0107 -4.9751 7.91 -12.0107 -5.51 8.35 -11.6532
4 0 -5.6 9.34 -11.5931 -5.51 8.35 -11.6532 -6.17 8.73 -11.2121 -5.91 9.47 -11.3859
4 0 -6.37 9.54 -11.0785 -5.91 9.47 -11.3859 -6.17 8.73 -11.2121 -6.7 8.77 -10.8579
4 0 -6.8 9.51 -10.7911 -6.37 9.54 -11.0785 -6.7 8.77 -10.8579 -7.1 9.36 -10.5906
4 0 -7.1 9.36 -10.5906 -6.7 8.77 -10.8579 -7.22 8.67 -10.5104 -7.48 8.99 -10.3367
4 0 -7.48 8.99 -10.3367 -7.22 8.67 -10.5104 -7.59 8.41 -10.2631 -7.74 8.38 -10.1629
4 0 -6.17 8.73 -11.2121 -5.51 8.35 -11.6532 -5.9 8.32 -11.3926 -6.46 8.44 -11.0183
4 0 -6.46 8.44 -11.0183 -5.9 8.32 -11.3926 -6.3 8.03 -11.1253 -6.68 8.03 -10.8713
3 0 -6.69 7.69 -10.8646 -6.68 8.03 -10.8713 -6.3 8.03 -11.1253
4 0 -5.21 7.84 -11.8537 -5.71 8.05 -11.5196 -5.51 8.35 -11.6532 -4.9751 7.91 -12.0107
4 0 -5.71 8.05 -11.5196 -5.21 7.84 -11.8537 -5.41 7.57 -11.7201 -5.76 7.54 -11.4861
3 0 -5.56 7.12 -11.6198 -5.76 7.54 -11.4861 -5.41 7.57 -11.7201
3 16 -6.46 8.44 -11.0183 -6.7 8.77 -10.8579 -6.17 8.73 -11.2121
4 16 -6.7 8.77 -10.8579 -6.46 8.44 -11.0183 -6.68 8.03 -10.8713 -7.22 8.67 -10.5104
4 16 -7.22 8.67 -10.5104 -6.68 8.03 -10.8713 -6.69 7.69 -10.8646 -7.59 8.41 -10.2631
4 16 -7.59 8.41 -10.2631 -6.69 7.69 -10.8646 -6.96 6.88 -10.6842 -7.82 7.26 -10.1094
4 16 -7.74 8.38 -10.1629 -7.59 8.41 -10.2631 -7.82 7.26 -10.1094 -8.47 7.54 -9.675
4 16 -7.74 8.38 -10.1629 -8.47 7.54 -9.675 -8.97 9.44 -9.3409 -7.48 8.99 -10.3367
4 16 -7.48 8.99 -10.3367 -8.97 9.44 -9.3409 -7.45 10.09 -10.3567 -7.1 9.36 -10.5906
4 16 -5.9 8.32 -11.3926 -5.51 8.35 -11.6532 -5.71 8.05 -11.5196 -6.3 8.03 -11.1253
4 16 -6.69 7.69 -10.8646 -5.76 7.54 -11.4861 -5.56 7.12 -11.6198 -6.96 6.88 -10.6842
4 16 -6.02 6.52 -11.3124 -6.96 6.88 -10.6842 -5.56 7.12 -11.6198 -4.9751 6.23 -12.0107
4 16 -5.76 7.54 -11.4861 -6.69 7.69 -10.8646 -6.3 8.03 -11.1253 -5.71 8.05 -11.5196
4 0 -5.31 15.44 -11.7869 -4.9751 15.64 -12.0107 -4.9751 14.88 -12.0107 -5.31 14.87 -11.7869
4 0 -5.31 15.44 -11.7869 -5.31 14.87 -11.7869 -5.48 14.96 -11.6733 -5.53 15.21 -11.6399
4 16 -4.9751 17 -12.0107 -4.9751 15.64 -12.0107 -5.31 15.44 -11.7869 -9.1923 17 -9.1923
3 16 -5.53 15.21 -11.6399 -9.1923 17 -9.1923 -5.31 15.44 -11.7869
4 16 -6.81 13.53 -10.7844 -9.1923 17 -9.1923 -5.53 15.21 -11.6399 -5.48 14.96 -11.6733
4 16 -6.11 13.79 -11.2522 -6.81 13.53 -10.7844 -5.48 14.96 -11.6733 -5.31 14.87 -11.7869
4 16 -5.41 13.87 -11.7201 -6.11 13.79 -11.2522 -5.31 14.87 -11.7869 -4.9751 14.88 -12.0107
3 16 -4.9751 13.81 -12.0107 -5.41 13.87 -11.7201 -4.9751 14.88 -12.0107
4 16 -5.21 7.84 -11.8537 -4.9751 7.91 -12.0107 -4.9751 6.23 -12.0107 -5.41 7.57 -11.7201
3 16 -4.9751 6.23 -12.0107 -5.56 7.12 -11.6198 -5.41 7.57 -11.7201
4 16 -9.1923 9.57 -9.1923 -7.67 10.78 -10.2097 -7.45 10.09 -10.3567 -8.97 9.44 -9.3409
4 16 -7.76 11.79 -10.1495 -7.67 10.78 -10.2097 -9.1923 9.57 -9.1923 -9.1923 17 -9.1923
3 16 -7.76 11.79 -10.1495 -9.1923 17 -9.1923 -7.69 12.49 -10.1963
3 16 -7.69 12.49 -10.1963 -9.1923 17 -9.1923 -7.4 13.05 -10.3901
3 16 -7.4 13.05 -10.3901 -9.1923 17 -9.1923 -6.81 13.53 -10.7844
4 0 -1.58 4.54 -12.6858 -1.87 4.35 -12.6282 -2.24 4.37 -12.5546 -1.45 4.91 -12.7117
4 0 -1.53 5.36 -12.6958 -1.45 4.91 -12.7117 -2.24 4.37 -12.5546 -1.65 5.49 -12.6719
4 0 -2.2 5.66 -12.5625 -1.65 5.49 -12.6719 -2.24 4.37 -12.5546 -2.97 4.5 -12.4094
4 0 -3.23 5.85 -12.3577 -2.2 5.66 -12.5625 -2.97 4.5 -12.4094 -4.08 4.84 -12.1887
4 0 -4.12 6.02 -12.1807 -3.23 5.85 -12.3577 -4.08 4.84 -12.1887 -4.9752 5.15 -12.0107
3 0 -4.9752 5.15 -12.0107 -4.9751 6.23 -12.0107 -4.12 6.02 -12.1807
3 16 -4.9751 4 -12.0107 -4.9752 5.15 -12.0107 -4.08 4.84 -12.1887
3 16 -4.9751 4 -12.0107 -4.08 4.84 -12.1887 -2.97 4.5 -12.4094
3 16 -4.9751 4 -12.0107 -2.97 4.5 -12.4094 -2.24 4.37 -12.5546
4 16 -4.9751 4 -12.0107 -2.24 4.37 -12.5546 -1.87 4.35 -12.6282 0 4 -13
3 16 0 4 -13 -1.87 4.35 -12.6282 -1.58 4.54 -12.6858
3 16 0 4 -13 -1.58 4.54 -12.6858 -1.45 4.91 -12.7117
4 16 0 4 -13 -1.45 4.91 -12.7117 -1.53 5.36 -12.6958 -1.62 7.86 -12.6779
4 15 -3.68 9.53 -12.2682 -4.2343 9.3004 -12.158 -4.28 9.53 -12.1489 -4.2343 9.7596 -12.158
4 15 -3.68 9.53 -12.2682 -4.2343 9.7596 -12.158 -4.1043 9.9543 -12.1839 -3.9096 10.0843 -12.2226
4 15 -3.68 9.53 -12.2682 -3.9096 10.0843 -12.2226 -3.68 10.13 -12.2682 -3.4504 10.0843 -12.3139
4 15 -3.68 9.53 -12.2682 -3.4504 10.0843 -12.3139 -3.2557 9.9543 -12.3526 -3.1257 9.7596 -12.3785
4 15 -3.68 9.53 -12.2682 -3.1257 9.7596 -12.3785 -3.08 9.53 -12.3875 -3.1257 9.3004 -12.3785
4 15 -3.68 9.53 -12.2682 -3.1257 9.3004 -12.3785 -3.2557 9.1057 -12.3526 -3.4504 8.9757 -12.3139
4 15 -3.68 9.53 -12.2682 -3.4504 8.9757 -12.3139 -3.68 8.93 -12.2682 -3.9096 8.9757 -12.2226
4 15 -3.68 9.53 -12.2682 -3.9096 8.9757 -12.2226 -4.1043 9.1057 -12.1839 -4.2343 9.3004 -12.158
4 4 -4.9751 9.2642 -12.0107 -4.28 9.53 -12.1489 -4.2343 9.3004 -12.158 -4.68 8.7801 -12.0694
4 4 -4.1043 9.9543 -12.1839 -4.2343 9.7596 -12.158 -4.9751 10.3858 -12.0107 -4.68 10.84 -12.0694
4 4 -3.9096 10.0843 -12.2226 -4.1043 9.9543 -12.1839 -4.68 10.84 -12.0694 -4.2258 11.1734 -12.1597
4 4 -3.68 10.13 -12.2682 -3.9096 10.0843 -12.2226 -4.2258 11.1734 -12.1597 -3.69 11.28 -12.2662
4 4 -3.4504 10.0843 -12.3139 -3.68 10.13 -12.2682 -3.69 11.28 -12.2662 -3.1542 11.1734 -12.3728
4 4 -3.2557 9.9543 -12.3526 -3.4504 10.0843 -12.3139 -3.1542 11.1734 -12.3728 -2.7001 10.84 -12.4631
4 4 -3.1257 9.7596 -12.3785 -3.2557 9.9543 -12.3526 -2.7001 10.84 -12.4631 -2.3966 10.3858 -12.5234
4 4 -3.08 9.53 -12.3875 -3.1257 9.7596 -12.3785 -2.3966 10.3858 -12.5234 -2.29 9.83 -12.5446
4 4 -3.1257 9.3004 -12.3785 -3.08 9.53 -12.3875 -2.29 9.83 -12.5446 -2.3966 9.2642 -12.5234
4 4 -3.2557 9.1057 -12.3526 -3.1257 9.3004 -12.3785 -2.3966 9.2642 -12.5234 -2.7001 8.7801 -12.4631
4 4 -3.4504 8.9757 -12.3139 -3.2557 9.1057 -12.3526 -2.7001 8.7801 -12.4631 -3.1542 8.4266 -12.3728
4 4 -3.68 8.93 -12.2682 -3.4504 8.9757 -12.3139 -3.1542 8.4266 -12.3728 -3.69 8.32 -12.2662
4 4 -3.9096 8.9757 -12.2226 -3.68 8.93 -12.2682 -3.69 8.32 -12.2662 -4.2258 8.4266 -12.1597
4 4 -4.1043 9.1057 -12.1839 -3.9096 8.9757 -12.2226 -4.2258 8.4266 -12.1597 -4.68 8.7801 -12.0694
3 4 -4.68 8.7801 -12.0694 -4.2343 9.3004 -12.158 -4.1043 9.1057 -12.1839
4 4 -4.28 9.53 -12.1489 -4.9751 9.2642 -12.0107 -4.9751 10.3858 -12.0107 -4.2343 9.7596 -12.158
3 0 -4.9751 10.3858 -12.0107 -4.9751 11.6 -12.0107 -4.68 10.84 -12.0694
4 0 -4.2258 11.1734 -12.1597 -4.68 10.84 -12.0694 -4.9751 11.6 -12.0107 -4.53 11.95 -12.0992
4 0 -4.2258 11.1734 -12.1597 -4.53 11.95 -12.0992 -4.04 12.08 -12.1966 -3.69 11.28 -12.2662
4 0 -3.69 11.28 -12.2662 -4.04 12.08 -12.1966 -2.83 12.01 -12.4373 -3.1542 11.1734 -12.3728
4 0 -3.1542 11.1734 -12.3728 -2.83 12.01 -12.4373 -2.24 11.6 -12.5546 -2.7001 10.84 -12.4631
4 0 -2.7001 10.84 -12.4631 -2.24 11.6 -12.5546 -1.73 10.88 -12.656 -2.3966 10.3858 -12.5234
4 0 -2.3966 10.3858 -12.5234 -1.73 10.88 -12.656 -1.56 9.98 -12.6898 -2.29 9.83 -12.5446
4 0 -2.29 9.83 -12.5446 -1.56 9.98 -12.6898 -1.63 9.18 -12.6759 -2.3966 9.2642 -12.5234
4 0 -2.3966 9.2642 -12.5234 -1.63 9.18 -12.6759 -2.04 8.42 -12.5944 -2.7001 8.7801 -12.4631
4 0 -2.7001 8.7801 -12.4631 -2.04 8.42 -12.5944 -2.46 7.98 -12.5108 -3.1542 8.4266 -12.3728
4 0 -3.13 7.4 -12.3776 -3.1542 8.4266 -12.3728 -2.46 7.98 -12.5108 -2.33 7.45 -12.5367
4 0 -2.33 7.45 -12.5367 -2.46 7.98 -12.5108 -1.99 8.01 -12.6043 -1.83 7.62 -12.6361
3 0 -1.83 7.62 -12.6361 -1.99 8.01 -12.6043 -1.62 7.86 -12.6779
4 0 -3.69 8.32 -12.2662 -3.1542 8.4266 -12.3728 -3.13 7.4 -12.3776 -3.94 7.47 -12.2165
4 0 -4.2258 8.4266 -12.1597 -3.69 8.32 -12.2662 -3.94 7.47 -12.2165 -4.77 7.82 -12.0515
4 0 -4.68 8.7801 -12.0694 -4.2258 8.4266 -12.1597 -4.77 7.82 -12.0515 -4.9751 7.91 -12.0107
3 0 -4.9751 7.91 -12.0107 -4.9751 9.2642 -12.0107 -4.68 8.7801 -12.0694
4 0 -3.27 12.46 -12.3498 -2.83 12.01 -12.4373 -4.04 12.08 -12.1966 -3.79 12.69 -12.2464
4 0 -4.37 12.76 -12.131 -3.79 12.69 -12.2464 -4.04 12.08 -12.1966 -4.67 12.18 -12.0714
4 0 -4.9751 12.71 -12.0107 -4.37 12.76 -12.131 -4.67 12.18 -12.0714 -4.9752 12.15 -12.0107
4 72 -4.9751 11.6 -12.0107 -4.9752 12.15 -12.0107 -4.67 12.18 -12.0714 -4.53 11.95 -12.0992
3 72 -4.53 11.95 -12.0992 -4.67 12.18 -12.0714 -4.04 12.08 -12.1966
4 72 -4.37 12.76 -12.131 -4.9751 12.71 -12.0107 -4.9751 13.81 -12.0107 -4.12 13.55 -12.1807
4 72 -3.79 12.69 -12.2464 -4.37 12.76 -12.131 -4.12 13.55 -12.1807 -3.3 13.13 -12.3438
4 72 -3.27 12.46 -12.3498 -3.79 12.69 -12.2464 -3.3 13.13 -12.3438 -2.61 12.38 -12.481
4 72 -2.83 12.01 -12.4373 -3.27 12.46 -12.3498 -2.61 12.38 -12.481 -2.24 11.6 -12.5546
3 16 -2.46 7.98 -12.5108 -2.04 8.42 -12.5944 -1.99 8.01 -12.6043
4 16 -1.99 8.01 -12.6043 -2.04 8.42 -12.5944 -1.63 9.18 -12.6759 -1.62 7.86 -12.6779
4 15 -3.67 16.81 -12.2702 -2.4 16.85 -12.5228 -2.3 16.72 -12.5426 -2.34 16.08 -12.5347
4 15 -3.8 16.6 -12.2444 -3.67 16.81 -12.2702 -2.34 16.08 -12.5347 -3.93 16.17 -12.2185
4 15 -3.93 16.17 -12.2185 -2.34 16.08 -12.5347 -3.06 15.99 -12.3915 -3.93 15.98 -12.2185
3 15 -3.72 15.9 -12.2603 -3.93 15.98 -12.2185 -3.06 15.99 -12.3915
4 0 -2.3 16.72 -12.5426 -2.4 16.85 -12.5228 0 17 -13 0 15.27 -13
4 0 -2.34 16.08 -12.5347 -2.3 16.72 -12.5426 0 15.27 -13 -.98 15.28 -12.8051
4 0 -3.06 15.99 -12.3915 -2.34 16.08 -12.5347 -.98 15.28 -12.8051 -2.24 15.23 -12.5546
4 0 -3.06 15.99 -12.3915 -2.24 15.23 -12.5546 -3.42 15.13 -12.3199 -3.72 15.9 -12.2603
4 0 -3.93 15.98 -12.2185 -3.72 15.9 -12.2603 -3.42 15.13 -12.3199 -4.7 15.86 -12.0654
4 0 -4.83 15.72 -12.0396 -4.7 15.86 -12.0654 -4.56 14.97 -12.0932 -4.9751 14.88 -12.0107
3 0 -4.9751 14.88 -12.0107 -4.9751 15.64 -12.0107 -4.83 15.72 -12.0396
4 0 -4.7 15.86 -12.0654 -4.59 16.54 -12.0873 -3.93 16.17 -12.2185 -3.93 15.98 -12.2185
4 0 -4.59 16.54 -12.0873 -4.5 16.78 -12.1052 -3.8 16.6 -12.2444 -3.93 16.17 -12.2185
4 0 -4.5 16.78 -12.1052 -4.41 17 -12.1231 -3.67 16.81 -12.2702 -3.8 16.6 -12.2444
4 0 -2.4 16.85 -12.5228 -3.67 16.81 -12.2702 -4.41 17 -12.1231 0 17 -13
3 0 -4.235 15.03 -12.1579 -4.7 15.86 -12.0654 -3.42 15.13 -12.3199
3 0 -4.56 14.97 -12.0932 -4.7 15.86 -12.0654 -4.235 15.03 -12.1579
4 72 -4.04 14.81 -12.1966 -4.235 15.03 -12.1579 -3.42 15.13 -12.3199 -3.62 14.67 -12.2802
4 72 -3.62 14.67 -12.2802 -3.42 15.13 -12.3199 -2.24 15.23 -12.5546 -3 14.46 -12.4035
4 72 -3 14.46 -12.4035 -2.24 15.23 -12.5546 -.98 15.28 -12.8051 -2.49 14.21 -12.5049
4 72 -2.49 14.21 -12.5049 -.98 15.28 -12.8051 -1.06 14.38 -12.7892 -1.49 14.06 -12.7037
4 72 -2.25 14 -12.5526 -2.49 14.21 -12.5049 -1.49 14.06 -12.7037 -1.95 13.9 -12.6122
3 72 -1.06 14.38 -12.7892 -.98 15.28 -12.8051 -.64 14.68 -12.8727
4 72 -.39 14.79 -12.9225 -.64 14.68 -12.8727 -.98 15.28 -12.8051 0 15.27 -13
3 72 0 14.77 -13 -.39 14.79 -12.9225 0 15.27 -13
3 72 -4.5 16.78 -12.1052 -4.62 17 -12.0813 -4.41 17 -12.1231
4 16 -4.9751 17 -12.0107 -4.62 17 -12.0813 -4.5 16.78 -12.1052 -4.59 16.54 -12.0873
4 16 -4.9751 17 -12.0107 -4.59 16.54 -12.0873 -4.7 15.86 -12.0654 -4.83 15.72 -12.0396
3 16 -4.9751 15.64 -12.0107 -4.9751 17 -12.0107 -4.83 15.72 -12.0396
4 16 -4.9751 13.81 -12.0107 -4.9751 14.88 -12.0107 -4.56 14.97 -12.0932 -4.12 13.55 -12.1807
4 16 -4.04 14.81 -12.1966 -4.12 13.55 -12.1807 -4.56 14.97 -12.0932 -4.235 15.03 -12.1579
4 16 -4.12 13.55 -12.1807 -4.04 14.81 -12.1966 -3.62 14.67 -12.2802 -3.3 13.13 -12.3438
4 16 -3.3 13.13 -12.3438 -3.62 14.67 -12.2802 -3 14.46 -12.4035 -2.49 14.21 -12.5049
4 16 -3.3 13.13 -12.3438 -2.49 14.21 -12.5049 -2.25 14 -12.5526 -2.61 12.38 -12.481
4 16 -2.61 12.38 -12.481 -2.25 14 -12.5526 -1.95 13.9 -12.6122 -2.24 11.6 -12.5546
4 16 -2.24 11.6 -12.5546 -1.95 13.9 -12.6122 -1.49 14.06 -12.7037 -1.73 10.88 -12.656
4 16 -1.73 10.88 -12.656 -1.49 14.06 -12.7037 -1.06 14.38 -12.7892 -1.56 9.98 -12.6898
4 16 0 14.77 -13 -1.56 9.98 -12.6898 -1.06 14.38 -12.7892 -.64 14.68 -12.8727
3 16 -.64 14.68 -12.8727 -.39 14.79 -12.9225 0 14.77 -13
4 16 -1.63 9.18 -12.6759 -1.56 9.98 -12.6898 0 14.77 -13 -1.62 7.86 -12.6779
3 16 0 4 -13 -1.62 7.86 -12.6779 0 14.77 -13
4 16 -1.62 7.86 -12.6779 -1.53 5.36 -12.6958 -1.65 5.49 -12.6719 -1.83 7.62 -12.6361
4 16 -1.83 7.62 -12.6361 -1.65 5.49 -12.6719 -2.2 5.66 -12.5625 -2.33 7.45 -12.5367
4 16 -2.33 7.45 -12.5367 -2.2 5.66 -12.5625 -3.23 5.85 -12.3577 -3.13 7.4 -12.3776
4 16 -3.13 7.4 -12.3776 -3.23 5.85 -12.3577 -4.12 6.02 -12.1807 -3.94 7.47 -12.2165
4 16 -3.94 7.47 -12.2165 -4.12 6.02 -12.1807 -4.9751 6.23 -12.0107 -4.77 7.82 -12.0515
3 16 -4.9751 6.23 -12.0107 -4.9751 7.91 -12.0107 -4.77 7.82 -12.0515
4 0 4.44 4 -12.1171 1.59 4 -12.6838 2.39 4.44 -12.5248 3.41 4.89 -12.3219
4 0 4.9751 4.23 -12.0107 4.44 4 -12.1171 3.41 4.89 -12.3219 4.47 5.23 -12.1111
3 0 4.9751 4.23 -12.0107 4.47 5.23 -12.1111 4.9751 5.33 -12.0107
3 16 4.9751 4 -12.0107 4.44 4 -12.1171 4.9751 4.23 -12.0107
4 15 4.28 9.53 -12.1489 4.2343 9.3004 -12.158 3.68 9.53 -12.2682 4.2343 9.7596 -12.158
4 15 4.1043 9.9543 -12.1839 4.2343 9.7596 -12.158 3.68 9.53 -12.2682 3.9096 10.0843 -12.2226
4 15 3.68 10.13 -12.2682 3.9096 10.0843 -12.2226 3.68 9.53 -12.2682 3.4504 10.0843 -12.3139
4 15 3.2557 9.9543 -12.3526 3.4504 10.0843 -12.3139 3.68 9.53 -12.2682 3.1257 9.7596 -12.3785
4 15 3.08 9.53 -12.3875 3.1257 9.7596 -12.3785 3.68 9.53 -12.2682 3.1257 9.3004 -12.3785
4 15 3.2557 9.1057 -12.3526 3.1257 9.3004 -12.3785 3.68 9.53 -12.2682 3.4504 8.9757 -12.3139
4 15 3.68 8.93 -12.2682 3.4504 8.9757 -12.3139 3.68 9.53 -12.2682 3.9096 8.9757 -12.2226
4 15 4.1043 9.1057 -12.1839 3.9096 8.9757 -12.2226 3.68 9.53 -12.2682 4.2343 9.3004 -12.158
4 4 4.2343 9.3004 -12.158 4.28 9.53 -12.1489 4.9751 9.2642 -12.0107 4.68 8.7801 -12.0694
4 4 4.9751 10.3858 -12.0107 4.2343 9.7596 -12.158 4.1043 9.9543 -12.1839 4.68 10.84 -12.0694
4 4 4.68 10.84 -12.0694 4.1043 9.9543 -12.1839 3.9096 10.0843 -12.2226 4.2258 11.1734 -12.1597
4 4 4.2258 11.1734 -12.1597 3.9096 10.0843 -12.2226 3.68 10.13 -12.2682 3.69 11.28 -12.2662
4 4 3.69 11.28 -12.2662 3.68 10.13 -12.2682 3.4504 10.0843 -12.3139 3.1542 11.1734 -12.3728
4 4 3.1542 11.1734 -12.3728 3.4504 10.0843 -12.3139 3.2557 9.9543 -12.3526 2.7001 10.84 -12.4631
4 4 2.7001 10.84 -12.4631 3.2557 9.9543 -12.3526 3.1257 9.7596 -12.3785 2.3966 10.3858 -12.5234
4 4 2.3966 10.3858 -12.5234 3.1257 9.7596 -12.3785 3.08 9.53 -12.3875 2.29 9.83 -12.5446
4 4 2.29 9.83 -12.5446 3.08 9.53 -12.3875 3.1257 9.3004 -12.3785 2.3966 9.2642 -12.5234
4 4 2.3966 9.2642 -12.5234 3.1257 9.3004 -12.3785 3.2557 9.1057 -12.3526 2.7001 8.7801 -12.4631
4 4 2.7001 8.7801 -12.4631 3.2557 9.1057 -12.3526 3.4504 8.9757 -12.3139 3.1542 8.4266 -12.3728
4 4 3.1542 8.4266 -12.3728 3.4504 8.9757 -12.3139 3.68 8.93 -12.2682 3.69 8.32 -12.2662
4 4 3.69 8.32 -12.2662 3.68 8.93 -12.2682 3.9096 8.9757 -12.2226 4.2258 8.4266 -12.1597
4 4 4.2258 8.4266 -12.1597 3.9096 8.9757 -12.2226 4.1043 9.1057 -12.1839 4.68 8.7801 -12.0694
3 4 4.68 8.7801 -12.0694 4.1043 9.1057 -12.1839 4.2343 9.3004 -12.158
4 4 4.9751 10.3858 -12.0107 4.9751 9.2642 -12.0107 4.28 9.53 -12.1489 4.2343 9.7596 -12.158
3 0 4.9751 10.3858 -12.0107 4.68 10.84 -12.0694 4.9751 11.6 -12.0107
4 0 4.9751 11.6 -12.0107 4.68 10.84 -12.0694 4.2258 11.1734 -12.1597 4.53 11.95 -12.0992
4 0 3.89 12.1 -12.2265 4.53 11.95 -12.0992 4.2258 11.1734 -12.1597 3.69 11.28 -12.2662
4 0 2.74 11.95 -12.4552 3.89 12.1 -12.2265 3.69 11.28 -12.2662 3.1542 11.1734 -12.3728
4 0 2.24 11.6 -12.5546 2.74 11.95 -12.4552 3.1542 11.1734 -12.3728 2.7001 10.84 -12.4631
4 0 1.73 10.88 -12.656 2.24 11.6 -12.5546 2.7001 10.84 -12.4631 2.3966 10.3858 -12.5234
4 0 1.56 9.98 -12.6898 1.73 10.88 -12.656 2.3966 10.3858 -12.5234 2.29 9.83 -12.5446
4 0 1.63 9.18 -12.6759 1.56 9.98 -12.6898 2.29 9.83 -12.5446 2.3966 9.2642 -12.5234
4 0 2.04 8.42 -12.5944 1.63 9.18 -12.6759 2.3966 9.2642 -12.5234 2.7001 8.7801 -12.4631
4 0 2.04 8.42 -12.5944 2.7001 8.7801 -12.4631 3.1542 8.4266 -12.3728 3.26 7.39 -12.3518
4 0 1.67 8.53 -12.6679 2.04 8.42 -12.5944 2.07 7.74 -12.5884 1.54 8.17 -12.6938
3 0 1.54 8.17 -12.6938 1.36 8.5 -12.7296 1.67 8.53 -12.6679
4 0 3.26 7.39 -12.3518 3.1542 8.4266 -12.3728 3.69 8.32 -12.2662 3.91 7.36 -12.2225
4 0 3.91 7.36 -12.2225 3.69 8.32 -12.2662 4.2258 8.4266 -12.1597 4.56 7.47 -12.0932
3 0 4.56 7.47 -12.0932 4.2258 8.4266 -12.1597 4.68 8.7801 -12.0694
4 0 4.56 7.47 -12.0932 4.68 8.7801 -12.0694 4.9751 9.2642 -12.0107 4.79 7.4 -12.0475
4 0 3.89 12.1 -12.2265 3.18 12.67 -12.3677 3.7 12.9 -12.2643 4.28 12.97 -12.1489
4 0 4.58 12.39 -12.0893 4.28 12.97 -12.1489 4.9751 12.92 -12.0107 4.9751 12.36 -12.0107
4 72 4.58 12.39 -12.0893 4.9751 12.36 -12.0107 4.9751 11.6 -12.0107 4.53 11.95 -12.0992
4 72 2.74 11.95 -12.4552 2.24 11.6 -12.5546 2.46 12.57 -12.5108 2.87 12.34 -12.4293
4 0 2.04 8.42 -12.5944 3.26 7.39 -12.3518 2.57 7.51 -12.489 2.07 7.74 -12.5884
4 0 3.89 12.1 -12.2265 2.74 11.95 -12.4552 2.87 12.34 -12.4293 3.18 12.67 -12.3677
4 72 3.18 12.67 -12.3677 2.87 12.34 -12.4293 2.46 12.57 -12.5108 3.1 12.99 -12.3836
3 0 3.89 12.1 -12.2265 4.28 12.97 -12.1489 4.205 12.315 -12.1638
3 0 4.205 12.315 -12.1638 4.28 12.97 -12.1489 4.58 12.39 -12.0893
4 72 4.53 11.95 -12.0992 3.89 12.1 -12.2265 4.205 12.315 -12.1638 4.58 12.39 -12.0893
4 72 1.73 10.88 -12.656 1.56 9.98 -12.6898 1.43 10.22 -12.7156 1.45 10.86 -12.7117
4 72 1.73 10.88 -12.656 1.45 10.86 -12.7117 1.64 11.51 -12.6739 2.24 11.6 -12.5546
4 72 2.24 11.6 -12.5546 1.64 11.51 -12.6739 1.99 12.16 -12.6043 2.46 12.57 -12.5108
4 72 3.7 12.9 -12.2643 3.18 12.67 -12.3677 3.1 12.99 -12.3836 3.87 13.24 -12.2305
4 72 4.28 12.97 -12.1489 3.7 12.9 -12.2643 3.87 13.24 -12.2305 4.46 13.24 -12.1131
4 72 4.9751 12.92 -12.0107 4.28 12.97 -12.1489 4.46 13.24 -12.1131 4.9751 13.19 -12.0107
3 0 4.9751 7.18 -12.0107 4.79 7.4 -12.0475 4.9751 9.2642 -12.0107
4 16 4.79 7.4 -12.0475 4.9751 7.18 -12.0107 4.9751 5.33 -12.0107 4.56 7.47 -12.0932
4 16 3.91 7.36 -12.2225 4.56 7.47 -12.0932 4.9751 5.33 -12.0107 4.47 5.23 -12.1111
4 16 3.26 7.39 -12.3518 3.91 7.36 -12.2225 4.47 5.23 -12.1111 3.41 4.89 -12.3219
4 16 2.57 7.51 -12.489 3.26 7.39 -12.3518 3.41 4.89 -12.3219 2.39 4.44 -12.5248
4 16 2.07 7.74 -12.5884 2.57 7.51 -12.489 2.39 4.44 -12.5248 1.59 4 -12.6838
4 16 2.07 7.74 -12.5884 1.59 4 -12.6838 0 4 -13 1.54 8.17 -12.6938
3 16 0 4 -13 1.36 8.5 -12.7296 1.54 8.17 -12.6938
3 16 2.04 8.42 -12.5944 1.67 8.53 -12.6679 1.63 9.18 -12.6759
4 16 1.63 9.18 -12.6759 1.67 8.53 -12.6679 1.36 8.5 -12.7296 1.56 9.98 -12.6898
4 16 1.43 10.22 -12.7156 1.56 9.98 -12.6898 1.36 8.5 -12.7296 0 4 -13
4 16 1.43 10.22 -12.7156 0 4 -13 0 14.77 -13 1.45 10.86 -12.7117
4 15 .5 16.08 -12.9006 .27 16.18 -12.9463 .24 16.76 -12.9523 .38 16.79 -12.9244
4 15 .5 16.08 -12.9006 .38 16.79 -12.9244 1.59 16.76 -12.6838 1.94 16.69 -12.6142
4 15 1.54 16.02 -12.6938 .5 16.08 -12.9006 1.94 16.69 -12.6142 2.01 16.57 -12.6003
3 15 2.02 15.98 -12.5983 1.54 16.02 -12.6938 2.01 16.57 -12.6003
4 15 2.77 15.84 -12.4492 2.58 16.01 -12.487 2.6 16.58 -12.483 3.07 16.55 -12.3895
4 15 3.36 15.73 -12.3319 2.77 15.84 -12.4492 3.07 16.55 -12.3895 3.7 16.43 -12.2643
4 15 3.96 15.54 -12.2126 3.36 15.73 -12.3319 3.7 16.43 -12.2643 4.03 16.33 -12.1986
4 15 3.96 15.54 -12.2126 4.03 16.33 -12.1986 4.16 15.69 -12.1728 4.14 15.52 -12.1768
3 0 .24 16.76 -12.9523 0 17 -13 .38 16.79 -12.9244
4 0 0 17 -13 .24 16.76 -12.9523 .27 16.18 -12.9463 0 15.27 -13
4 0 0 15.27 -13 .27 16.18 -12.9463 .5 16.08 -12.9006 1.13 15.23 -12.7753
4 0 1.13 15.23 -12.7753 .5 16.08 -12.9006 1.54 16.02 -12.6938 2.1 15.1 -12.5824
3 0 2.1 15.1 -12.5824 1.54 16.02 -12.6938 2.02 15.98 -12.5983
4 0 2.1 15.1 -12.5824 2.02 15.98 -12.5983 2.58 16.01 -12.487 2.77 15.84 -12.4492
4 0 3.43 14.82 -12.3179 2.1 15.1 -12.5824 2.77 15.84 -12.4492 3.36 15.73 -12.3319
4 0 3.43 14.82 -12.3179 3.36 15.73 -12.3319 3.96 15.54 -12.2126 4.19 14.56 -12.1668
4 0 4.19 14.56 -12.1668 3.96 15.54 -12.2126 4.14 15.52 -12.1768 4.9751 15.12 -12.0107
3 0 4.66 14.28 -12.0734 4.19 14.56 -12.1668 4.9751 15.12 -12.0107
3 0 4.9752 14.0502 -12.0107 4.66 14.28 -12.0734 4.9751 15.12 -12.0107
4 0 2.6 16.58 -12.483 2.58 16.01 -12.487 2.02 15.98 -12.5983 2.01 16.57 -12.6003
4 0 2.6 16.58 -12.483 2.01 16.57 -12.6003 1.94 16.69 -12.6142 3.66 17 -12.2722
4 0 4.82 15.75 -12.0415 4.9751 15.12 -12.0107 4.14 15.52 -12.1768 4.16 15.69 -12.1728
4 0 4.75 16.39 -12.0555 4.82 15.75 -12.0415 4.16 15.69 -12.1728 4.03 16.33 -12.1986
4 0 4.74 17 -12.0575 4.75 16.39 -12.0555 4.03 16.33 -12.1986 3.7 16.43 -12.2643
4 0 3.66 17 -12.2722 4.74 17 -12.0575 3.7 16.43 -12.2643 3.07 16.55 -12.3895
3 0 3.07 16.55 -12.3895 2.6 16.58 -12.483 3.66 17 -12.2722
3 0 1.94 16.69 -12.6142 1.59 16.76 -12.6838 3.66 17 -12.2722
4 0 3.66 17 -12.2722 1.59 16.76 -12.6838 .38 16.79 -12.9244 0 17 -13
4 72 .41 14.68 -12.9185 0 14.77 -13 0 15.27 -13 1.13 15.23 -12.7753
4 72 1.01 14.37 -12.7992 .41 14.68 -12.9185 1.13 15.23 -12.7753 2.1 15.1 -12.5824
4 72 1.48 14.01 -12.7057 1.01 14.37 -12.7992 2.1 15.1 -12.5824 1.87 13.81 -12.6282
4 72 2.36 13.79 -12.5307 1.87 13.81 -12.6282 2.1 15.1 -12.5824 2.98 13.87 -12.4074
4 72 2.98 13.87 -12.4074 2.1 15.1 -12.5824 3.43 14.82 -12.3179 3.66 14.07 -12.2722
4 72 3.66 14.07 -12.2722 3.43 14.82 -12.3179 4.19 14.56 -12.1668 4.32 14.24 -12.141
3 72 4.32 14.24 -12.141 4.19 14.56 -12.1668 4.66 14.28 -12.0734
4 16 4.75 16.39 -12.0555 4.74 17 -12.0575 4.9751 17 -12.0107 4.82 15.75 -12.0415
3 16 4.9751 15.12 -12.0107 4.82 15.75 -12.0415 4.9751 17 -12.0107
4 16 4.9752 14.0502 -12.0107 4.9751 13.19 -12.0107 4.46 13.24 -12.1131 4.66 14.28 -12.0734
4 16 4.32 14.24 -12.141 4.66 14.28 -12.0734 4.46 13.24 -12.1131 3.87 13.24 -12.2305
4 16 3.66 14.07 -12.2722 4.32 14.24 -12.141 3.87 13.24 -12.2305 3.1 12.99 -12.3836
4 16 2.98 13.87 -12.4074 3.66 14.07 -12.2722 3.1 12.99 -12.3836 2.46 12.57 -12.5108
4 16 2.36 13.79 -12.5307 2.98 13.87 -12.4074 2.46 12.57 -12.5108 1.99 12.16 -12.6043
4 16 1.87 13.81 -12.6282 2.36 13.79 -12.5307 1.99 12.16 -12.6043 1.64 11.51 -12.6739
3 16 1.64 11.51 -12.6739 1.48 14.01 -12.7057 1.87 13.81 -12.6282
4 16 1.01 14.37 -12.7992 1.48 14.01 -12.7057 1.64 11.51 -12.6739 .41 14.68 -12.9185
4 16 0 14.77 -13 .41 14.68 -12.9185 1.64 11.51 -12.6739 1.45 10.86 -12.7117
4 0 6 4.57 -11.3258 4.9751 4.23 -12.0107 4.9751 5.33 -12.0107 5.99 5.5 -11.3324
4 0 7.24 4.96 -10.497 6 4.57 -11.3258 5.99 5.5 -11.3324 7.29 5.63 -10.4636
4 0 8.07 5.2 -9.9424 7.24 4.96 -10.497 7.29 5.63 -10.4636 8.06 5.63 -9.949
4 0 8.07 5.2 -9.9424 8.06 5.63 -9.949 8.23 5.53 -9.8354 8.33 5.37 -9.7686
4 16 4.9751 4 -12.0107 4.9751 4.23 -12.0107 6 4.57 -11.3258 9.1923 4 -9.1923
4 16 9.1923 4 -9.1923 6 4.57 -11.3258 7.24 4.96 -10.497 8.07 5.2 -9.9424
3 16 9.1923 4 -9.1923 8.07 5.2 -9.9424 8.33 5.37 -9.7686
4 72 9.1923 8.68 -9.1923 9.1923 7.2 -9.1923 9 7.87 -9.3208 8.64 9.14 -9.5614
4 72 8.64 9.14 -9.5614 9 7.87 -9.3208 8.45 8.56 -9.6884 8.25 9.28 -9.8221
4 72 8.25 9.28 -9.8221 8.45 8.56 -9.6884 8.03 8.88 -9.9691 7.89 9.32 -10.0626
4 72 7.72 9.21 -10.1763 7.89 9.32 -10.0626 8.03 8.88 -9.9691 7.77 9.03 -10.1428
3 16 9.1923 8.68 -9.1923 8.64 9.14 -9.5614 9.1923 17 -9.1923
3 16 8.64 9.14 -9.5614 8.25 9.28 -9.8221 9.1923 17 -9.1923
4 16 9.1923 17 -9.1923 8.25 9.28 -9.8221 7.89 9.32 -10.0626 7.12 10.83 -10.5772
4 16 7.12 10.83 -10.5772 7.89 9.32 -10.0626 7.72 9.21 -10.1763 7.05 9.88 -10.624
4 16 6.8 9.2 -10.7911 7.05 9.88 -10.624 7.72 9.21 -10.1763 7.77 9.03 -10.1428
4 16 6.37 8.65 -11.0785 6.8 9.2 -10.7911 7.77 9.03 -10.1428 6.85 8.42 -10.7577
4 16 6.85 8.42 -10.7577 7.77 9.03 -10.1428 8.03 8.88 -9.9691 7.35 7.83 -10.4235
4 16 7.35 7.83 -10.4235 8.03 8.88 -9.9691 8.45 8.56 -9.6884 7.57 7.27 -10.2765
4 16 7.57 7.27 -10.2765 8.45 8.56 -9.6884 9 7.87 -9.3208 9.1923 7.2 -9.1923
4 16 8.06 5.63 -9.949 7.57 7.27 -10.2765 9.1923 7.2 -9.1923 8.23 5.53 -9.8354
4 16 8.33 5.37 -9.7686 8.23 5.53 -9.8354 9.1923 7.2 -9.1923 9.1923 4 -9.1923
3 4 4.9751 9.2642 -12.0107 4.9751 10.3858 -12.0107 5.09 9.83 -11.9339
4 0 5.6 9.34 -11.5931 4.9751 9.2642 -12.0107 5.09 9.83 -11.9339 5.69 10.04 -11.5329
4 0 5.56 10.77 -11.6198 5.69 10.04 -11.5329 5.09 9.83 -11.9339 4.9751 10.3858 -12.0107
4 0 5.16 11.34 -11.8871 5.56 10.77 -11.6198 4.9751 10.3858 -12.0107 4.9751 11.6 -12.0107
4 0 4.9751 12.36 -12.0107 4.9751 12.92 -12.0107 5.49 12.65 -11.6666 5.43 12.16 -11.7067
4 0 5.43 12.16 -11.7067 5.49 12.65 -11.6666 5.7 12.31 -11.5262 5.69 12.13 -11.5329
4 72 5.43 12.16 -11.7067 5.16 11.34 -11.8871 4.9751 11.6 -12.0107 4.9751 12.36 -12.0107
4 72 5.16 11.34 -11.8871 5.43 12.16 -11.7067 5.69 12.13 -11.5329 5.56 10.77 -11.6198
4 72 5.56 10.77 -11.6198 5.69 12.13 -11.5329 7.12 10.83 -10.5772 5.69 10.04 -11.5329
4 72 6.95 11.7 -10.6909 7.12 10.83 -10.5772 5.69 12.13 -11.5329 6.61 12.27 -10.9181
4 72 6.61 12.27 -10.9181 5.69 12.13 -11.5329 5.7 12.31 -11.5262 6.16 12.67 -11.2188
3 0 5.46 8.63 -11.6866 4.9751 9.2642 -12.0107 5.6 9.34 -11.5931
4 72 5.49 12.65 -11.6666 4.9751 12.92 -12.0107 4.9751 13.19 -12.0107 5.5 12.98 -11.6599
4 72 5.7 12.31 -11.5262 5.49 12.65 -11.6666 5.5 12.98 -11.6599 6.16 12.67 -11.2188
4 72 5.69 10.04 -11.5329 7.12 10.83 -10.5772 7.05 9.88 -10.624 6.8 9.2 -10.7911
4 72 5.6 9.34 -11.5931 5.69 10.04 -11.5329 6.8 9.2 -10.7911 6.37 8.65 -11.0785
3 72 6.37 8.65 -11.0785 5.81 8.69 -11.4527 5.6 9.34 -11.5931
3 72 5.46 8.63 -11.6866 5.6 9.34 -11.5931 5.81 8.69 -11.4527
4 0 5.27 7.67 -11.8136 4.9751 7.18 -12.0107 4.9751 9.2642 -12.0107 5.46 8.63 -11.6866
4 0 5.27 7.67 -11.8136 5.46 8.63 -11.6866 6.3 7.8 -11.1253 5.79 7.52 -11.4661
4 0 5.79 7.52 -11.4661 6.3 7.8 -11.1253 6.45 7.37 -11.025 6.17 7.1 -11.2121
4 0 6.17 7.1 -11.2121 6.45 7.37 -11.025 6.6 6.92 -10.9248 6.45 6.68 -11.025
3 0 6.65 6.52 -10.8914 6.45 6.68 -11.025 6.6 6.92 -10.9248
4 0 6.3 7.8 -11.1253 5.46 8.63 -11.6866 5.81 8.69 -11.4527 6.37 8.65 -11.0785
4 0 6.3 7.8 -11.1253 6.37 8.65 -11.0785 6.85 8.42 -10.7577 6.79 7.68 -10.7978
4 0 6.79 7.68 -10.7978 6.85 8.42 -10.7577 7.35 7.83 -10.4235 7.27 7.38 -10.477
3 0 7.57 7.27 -10.2765 7.27 7.38 -10.477 7.35 7.83 -10.4235
4 0 5.16 6.79 -11.8871 4.9751 7.18 -12.0107 5.27 7.67 -11.8136 5.38 7.08 -11.7401
3 0 5.3 6.66 -11.7936 5.16 6.79 -11.8871 5.38 7.08 -11.7401
4 16 5.38 7.08 -11.7401 5.27 7.67 -11.8136 5.79 7.52 -11.4661 6.17 7.1 -11.2121
4 16 5.3 6.66 -11.7936 5.38 7.08 -11.7401 6.17 7.1 -11.2121 6.45 6.68 -11.025
4 16 5.99 5.5 -11.3324 5.3 6.66 -11.7936 6.45 6.68 -11.025 6.65 6.52 -10.8914
3 16 5.99 5.5 -11.3324 6.65 6.52 -10.8914 7.29 5.63 -10.4636
4 16 8.06 5.63 -9.949 7.29 5.63 -10.4636 6.65 6.52 -10.8914 7.57 7.27 -10.2765
4 16 7.27 7.38 -10.477 7.57 7.27 -10.2765 6.65 6.52 -10.8914 6.6 6.92 -10.9248
4 16 6.79 7.68 -10.7978 7.27 7.38 -10.477 6.6 6.92 -10.9248 6.45 7.37 -11.025
3 16 6.45 7.37 -11.025 6.3 7.8 -11.1253 6.79 7.68 -10.7978
4 16 5.3 6.66 -11.7936 5.99 5.5 -11.3324 4.9751 5.33 -12.0107 5.16 6.79 -11.8871
3 16 4.9751 5.33 -12.0107 4.9751 7.18 -12.0107 5.16 6.79 -11.8871
3 0 4.9752 14.0502 -12.0107 4.9751 15.12 -12.0107 5.19 14.7 -11.8671
4 0 4.9752 14.0502 -12.0107 5.19 14.7 -11.8671 5.46 14.41 -11.6866 5.28 13.82 -11.8069
4 0 5.28 13.82 -11.8069 5.46 14.41 -11.6866 5.6 14.11 -11.5931 5.53 13.86 -11.6399
4 16 5.19 14.7 -11.8671 4.9751 15.12 -12.0107 4.9751 17 -12.0107 5.46 14.41 -11.6866
4 16 5.46 14.41 -11.6866 4.9751 17 -12.0107 9.1923 17 -9.1923 5.6 14.11 -11.5931
4 16 6.61 12.27 -10.9181 5.6 14.11 -11.5931 9.1923 17 -9.1923 6.95 11.7 -10.6909
3 16 7.12 10.83 -10.5772 6.95 11.7 -10.6909 9.1923 17 -9.1923
4 16 5.6 14.11 -11.5931 6.61 12.27 -10.9181 6.16 12.67 -11.2188 5.53 13.86 -11.6399
4 16 5.53 13.86 -11.6399 6.16 12.67 -11.2188 5.5 12.98 -11.6599 5.28 13.82 -11.8069
4 16 5.28 13.82 -11.8069 5.5 12.98 -11.6599 4.9751 13.19 -12.0107 4.9752 14.0502 -12.0107
4 72 9.37 4.12 -8.9264 9.25 4.34 -9.106 9.29 4.66 -9.0461 9.5 4.31 -8.7319
4 72 9.65 4.93 -8.5074 9.5 4.31 -8.7319 9.29 4.66 -9.0461 9.38 5.31 -8.9114
4 72 9.76 5.76 -8.3428 9.65 4.93 -8.5074 9.38 5.31 -8.9114 9.34 6.3 -8.9713
4 72 9.79 6.52 -8.298 9.76 5.76 -8.3428 9.34 6.3 -8.9713 9.67 7.37 -8.4775
4 72 9.67 7.37 -8.4775 9.34 6.3 -8.9713 9.1923 7.2 -9.1923 9.4 8.33 -8.8815
3 72 9.1923 7.2 -9.1923 9.1923 8.68 -9.1923 9.4 8.33 -8.8815
3 16 9.1923 4 -9.1923 9.25 4.34 -9.106 9.37 4.12 -8.9264
3 16 12.0107 4 -4.9751 9.1923 4 -9.1923 9.37 4.12 -8.9264
3 16 12.0107 4 -4.9751 9.37 4.12 -8.9264 9.5 4.31 -8.7319
3 16 12.0107 4 -4.9751 9.5 4.31 -8.7319 9.65 4.93 -8.5074
3 16 12.0107 4 -4.9751 9.65 4.93 -8.5074 9.76 5.76 -8.3428
4 16 12.0107 4 -4.9751 9.76 5.76 -8.3428 9.79 6.52 -8.298 12.0107 17 -4.9751
3 16 9.79 6.52 -8.298 9.67 7.37 -8.4775 12.0107 17 -4.9751
3 16 9.67 7.37 -8.4775 9.4 8.33 -8.8815 12.0107 17 -4.9751
4 16 12.0107 17 -4.9751 9.4 8.33 -8.8815 9.1923 8.68 -9.1923 9.1923 17 -9.1923
4 16 9.34 6.3 -8.9713 9.29 4.66 -9.0461 9.1923 4 -9.1923 9.1923 7.2 -9.1923
3 16 9.29 4.66 -9.0461 9.34 6.3 -8.9713 9.38 5.31 -8.9114
4 16 0 .3046 -9.9136 0 1.1718 -11.5352 4.4144 1.1718 -10.6576 3.7936 .3046 -9.1592
4 0 2.64 2.94 -12.2116 1.98 2.4691 -12.2256 .7 2.4691 -12.4801 .68 2.95 -12.6037
4 0 2.64 2.94 -12.2116 .68 2.95 -12.6037 .81 3.27 -12.6574 1.21 3.74 -12.6948
4 0 3.61 3.54 -12.1677 2.64 2.94 -12.2116 1.21 3.74 -12.6948 1.59 4 -12.6838
3 0 3.61 3.54 -12.1677 1.59 4 -12.6838 4.44 4 -12.1171
4 16 4.8296 2.4691 -11.6592 1.98 2.4691 -12.2256 2.64 2.94 -12.2116 3.61 3.54 -12.1677
4 16 4.8296 2.4691 -11.6592 3.61 3.54 -12.1677 4.44 4 -12.1171 4.9751 4 -12.0107
4 16 .68 2.95 -12.6037 .7 2.4691 -12.4801 0 2.4691 -12.6192 0 4 -13
3 16 .68 2.95 -12.6037 0 4 -13 .81 3.27 -12.6574
3 16 .81 3.27 -12.6574 0 4 -13 1.21 3.74 -12.6948
3 16 1.21 3.74 -12.6948 0 4 -13 1.59 4 -12.6838
4 0 .81 2.16 -12.1999 .7 2.4691 -12.4801 1.98 2.4691 -12.2256 1.53 2.16 -12.0568
4 0 .97 2 -12.0344 .81 2.16 -12.1999 1.53 2.16 -12.0568 1.15 1.97 -11.9735
4 16 0 1.1718 -11.5352 0 2.4691 -12.6192 .7 2.4691 -12.4801 .81 2.16 -12.1999
3 16 0 1.1718 -11.5352 .81 2.16 -12.1999 .97 2 -12.0344
4 16 0 1.1718 -11.5352 .97 2 -12.0344 1.15 1.97 -11.9735 4.4144 1.1718 -10.6576
4 16 4.4144 1.1718 -10.6576 1.15 1.97 -11.9735 1.53 2.16 -12.0568 4.8296 2.4691 -11.6592
3 16 1.53 2.16 -12.0568 1.98 2.4691 -12.2256 4.8296 2.4691 -11.6592
4 15 0 17.45 -12.8881 0 18.36 -12.6617 .14 18.27 -12.6563 .15 17.58 -12.8259
4 15 .84 17.45 -12.721 .7 17.54 -12.7264 .73 18.32 -12.5265 .87 18.37 -12.4862
4 15 .84 17.45 -12.721 .87 18.37 -12.4862 1.4 18.42 -12.3685 1.4 17.4 -12.622
4 15 1.4 17.4 -12.622 1.4 18.42 -12.3685 2.03 18.38 -12.2532 2.19 17.35 -12.4773
3 15 2.19 17.35 -12.4773 2.03 18.38 -12.2532 2.25 18.31 -12.2268
4 15 2.82 17.28 -12.3694 2.82 18.1 -12.1657 3.14 18.14 -12.0921 3.57 17.75 -12.1035
4 15 3.22 17.16 -12.3197 2.82 17.28 -12.3694 3.57 17.75 -12.1035 3.79 17.33 -12.1641
4 15 3.22 17.16 -12.3197 3.79 17.33 -12.1641 3.86 17.13 -12.1999 3.66 17 -12.2722
4 0 0 17 -13 0 17.45 -12.8881 .15 17.58 -12.8259 .7 17.54 -12.7264
3 0 0 17 -13 .7 17.54 -12.7264 .84 17.45 -12.721
3 0 0 17 -13 .84 17.45 -12.721 1.4 17.4 -12.622
4 0 0 17 -13 1.4 17.4 -12.622 2.19 17.35 -12.4773 2.82 17.28 -12.3694
4 0 0 17 -13 2.82 17.28 -12.3694 3.22 17.16 -12.3197 3.66 17 -12.2722
4 0 4.74 17 -12.0575 3.66 17 -12.2722 3.86 17.13 -12.1999 4.63 17.51 -11.9524
4 0 4.63 17.51 -11.9524 3.86 17.13 -12.1999 3.79 17.33 -12.1641 4.35 17.99 -11.8888
4 0 4.35 17.99 -11.8888 3.79 17.33 -12.1641 3.57 17.75 -12.1035 3.91 18.5309 -11.842
3 0 3.57 17.75 -12.1035 3.14 18.14 -12.0921 3.91 18.5309 -11.842
4 0 2.25 18.31 -12.2268 3.91 18.5309 -11.842 3.14 18.14 -12.0921 2.82 18.1 -12.1657
4 0 2.19 17.35 -12.4773 2.25 18.31 -12.2268 2.82 18.1 -12.1657 2.82 17.28 -12.3694
4 0 .15 17.58 -12.8259 .14 18.27 -12.6563 .73 18.32 -12.5265 .7 17.54 -12.7264
4 0 .14 18.27 -12.6563 0 18.36 -12.6617 0 18.5309 -12.6192 .73 18.32 -12.5265
3 0 .73 18.32 -12.5265 0 18.5309 -12.6192 .87 18.37 -12.4862
3 0 .87 18.37 -12.4862 0 18.5309 -12.6192 1.4 18.42 -12.3685
4 0 1.4 18.42 -12.3685 0 18.5309 -12.6192 3.91 18.5309 -11.842 2.03 18.38 -12.2532
3 0 2.25 18.31 -12.2268 2.03 18.38 -12.2532 3.91 18.5309 -11.842
4 72 4.35 17.99 -11.8888 3.91 18.5309 -11.842 4.29 18.5309 -11.7665 4.5 18.04 -11.8466
3 72 4.63 17.51 -11.9524 4.35 17.99 -11.8888 4.5 18.04 -11.8466
3 16 4.5 18.04 -11.8466 4.29 18.5309 -11.7665 4.8296 18.5309 -11.6592
4 16 4.63 17.51 -11.9524 4.5 18.04 -11.8466 4.8296 18.5309 -11.6592 4.9751 17 -12.0107
3 16 4.9751 17 -12.0107 4.74 17 -12.0575 4.63 17.51 -11.9524
4 0 0 18.5309 -12.6192 0 19.23 -12.035 .89 19.23 -11.8581 2.17 19.14 -11.6789
4 0 0 18.5309 -12.6192 2.17 19.14 -11.6789 3.29 18.9 -11.6568 3.91 18.5309 -11.842
4 72 0 19.8282 -11.5352 .81 19.8282 -11.3742 1.09 19.7 -11.4256 .89 19.23 -11.8581
3 72 0 19.23 -12.035 0 19.8282 -11.5352 .89 19.23 -11.8581
4 72 .89 19.23 -11.8581 1.09 19.7 -11.4256 1.49 19.61 -11.4213 2.17 19.14 -11.6789
4 72 2.17 19.14 -11.6789 1.49 19.61 -11.4213 2.24 19.59 -11.2889 2.95 19.53 -11.1979
4 72 3.29 18.9 -11.6568 2.17 19.14 -11.6789 2.95 19.53 -11.1979 3.5 19.29 -11.2891
4 72 3.29 18.9 -11.6568 3.5 19.29 -11.2891 4.03 18.87 -11.5348 3.91 18.5309 -11.842
3 72 4.29 18.5309 -11.7665 3.91 18.5309 -11.842 4.03 18.87 -11.5348
4 16 .81 19.8282 -11.3742 4.4144 19.8282 -10.6576 1.49 19.61 -11.4213 1.09 19.7 -11.4256
3 16 2.24 19.59 -11.2889 1.49 19.61 -11.4213 4.4144 19.8282 -10.6576
3 16 2.95 19.53 -11.1979 2.24 19.59 -11.2889 4.4144 19.8282 -10.6576
3 16 3.5 19.29 -11.2891 2.95 19.53 -11.1979 4.4144 19.8282 -10.6576
3 16 4.03 18.87 -11.5348 3.5 19.29 -11.2891 4.4144 19.8282 -10.6576
4 16 4.29 18.5309 -11.7665 4.03 18.87 -11.5348 4.4144 19.8282 -10.6576 4.8296 18.5309 -11.6592
3 72 0 19.8282 -11.5352 .38 19.96 -11.2131 .81 19.8282 -11.3742
3 16 0 19.8282 -11.5352 0 20.6954 -9.9136 .38 19.96 -11.2131
4 16 .38 19.96 -11.2131 0 20.6954 -9.9136 3.7936 20.6954 -9.1592 .81 19.8282 -11.3742
3 16 4.4144 19.8282 -10.6576 .81 19.8282 -11.3742 3.7936 20.6954 -9.1592
4 15 -2.1 17.46 -12.4681 -3.27 17.51 -12.2229 -3.08 17.7 -12.2135 -2.63 17.94 -12.2434
3 15 -2.1 17.46 -12.4681 -2.63 17.94 -12.2434 -2.13 18.05 -12.3154
4 15 -1.37 17.46 -12.6133 -1.55 17.61 -12.5402 -1.55 18.04 -12.4332 -1.42 18.17 -12.4267
4 15 -1.37 17.46 -12.6133 -1.42 18.17 -12.4267 -.71 18.31 -12.533 -.68 17.48 -12.7454
4 15 0 17.45 -12.8881 -.68 17.48 -12.7454 -.71 18.31 -12.533 0 18.36 -12.6617
4 0 -2.1 17.46 -12.4681 -2.13 18.05 -12.3154 -1.55 18.04 -12.4332 -1.55 17.61 -12.5402
4 0 0 17 -13 -4.41 17 -12.1231 -2.1 17.46 -12.4681 -1.37 17.46 -12.6133
3 0 -1.37 17.46 -12.6133 -2.1 17.46 -12.4681 -1.55 17.61 -12.5402
4 0 0 17 -13 -1.37 17.46 -12.6133 -.68 17.48 -12.7454 0 17.45 -12.8881
3 0 -4.41 17 -12.1231 -3.27 17.51 -12.2229 -2.1 17.46 -12.4681
4 0 -3.27 17.51 -12.2229 -4.41 17 -12.1231 -4.1 17.62 -12.0305 -3.08 17.7 -12.2135
4 0 -3.08 17.7 -12.2135 -4.1 17.62 -12.0305 -3.66 18.2 -11.974 -2.63 17.94 -12.2434
4 0 -2.63 17.94 -12.2434 -3.66 18.2 -11.974 -3.18 18.5309 -11.9871 -2.13 18.05 -12.3154
4 0 -2.13 18.05 -12.3154 -3.18 18.5309 -11.9871 -1.42 18.17 -12.4267 -1.55 18.04 -12.4332
4 0 0 18.5309 -12.6192 0 18.36 -12.6617 -.71 18.31 -12.533 -3.18 18.5309 -11.9871
3 0 -1.42 18.17 -12.4267 -3.18 18.5309 -11.9871 -.71 18.31 -12.533
4 72 -4.41 17 -12.1231 -4.62 17 -12.0813 -4.6 17.53 -11.9534 -4.1 17.62 -12.0305
4 72 -4.1 17.62 -12.0305 -4.6 17.53 -11.9534 -4.47 18.19 -11.8154 -3.66 18.2 -11.974
4 72 -3.66 18.2 -11.974 -4.47 18.19 -11.8154 -4.37 18.5309 -11.7506 -3.18 18.5309 -11.9871
4 16 -4.6 17.53 -11.9534 -4.62 17 -12.0813 -4.9751 17 -12.0107 -4.8296 18.5309 -11.6592
3 16 -4.6 17.53 -11.9534 -4.8296 18.5309 -11.6592 -4.47 18.19 -11.8154
3 16 -4.47 18.19 -11.8154 -4.8296 18.5309 -11.6592 -4.37 18.5309 -11.7506
4 0 0 18.5309 -12.6192 -3.18 18.5309 -11.9871 -2.18 18.91 -11.869 -1 19.15 -11.9031
3 0 0 18.5309 -12.6192 -1 19.15 -11.9031 0 19.23 -12.035
4 72 -3.18 18.5309 -11.9871 -4.37 18.5309 -11.7506 -4.17 18.99 -11.4066 -3.17 19.06 -11.5469
3 72 -3.18 18.5309 -11.9871 -3.17 19.06 -11.5469 -2.97 19 -11.6368
4 72 -2.18 18.91 -11.869 -3.18 18.5309 -11.9871 -2.97 19 -11.6368 -2.7 19.11 -11.5985
4 72 -2.18 18.91 -11.869 -2.7 19.11 -11.5985 -2.5 19.42 -11.3793 -1.26 19.51 -11.5506
4 72 -1 19.15 -11.9031 -2.18 18.91 -11.869 -1.26 19.51 -11.5506 -.84 19.42 -11.7093
4 72 0 19.23 -12.035 -1 19.15 -11.9031 -.84 19.42 -11.7093 -.47 19.49 -11.7243
4 72 0 19.23 -12.035 -.47 19.49 -11.7243 -.2 19.71 -11.5942 0 19.8282 -11.5352
4 72 -1.26 19.51 -11.5506 -2.5 19.42 -11.3793 -2.26 19.8282 -11.0859 -1.58 19.8282 -11.2211
4 72 -3.17 19.06 -11.5469 -4.17 18.99 -11.4066 -3.92 19.24 -11.2474 -3.47 19.26 -11.3201
3 72 -3.92 19.24 -11.2474 -3.65 19.32 -11.2342 -3.47 19.26 -11.3201
4 16 -4.17 18.99 -11.4066 -4.37 18.5309 -11.7506 -4.8296 18.5309 -11.6592 -4.4144 19.8282 -10.6576
3 16 -4.17 18.99 -11.4066 -4.4144 19.8282 -10.6576 -3.92 19.24 -11.2474
4 16 -3.65 19.32 -11.2342 -3.92 19.24 -11.2474 -4.4144 19.8282 -10.6576 -2.26 19.8282 -11.0859
4 16 -3.47 19.26 -11.3201 -3.65 19.32 -11.2342 -2.26 19.8282 -11.0859 -2.5 19.42 -11.3793
4 16 -3.17 19.06 -11.5469 -3.47 19.26 -11.3201 -2.5 19.42 -11.3793 -2.7 19.11 -11.5985
3 16 -2.97 19 -11.6368 -3.17 19.06 -11.5469 -2.7 19.11 -11.5985
4 16 -.47 19.49 -11.7243 -.84 19.42 -11.7093 -1.26 19.51 -11.5506 -1.58 19.8282 -11.2211
3 16 -.47 19.49 -11.7243 -1.58 19.8282 -11.2211 -.2 19.71 -11.5942
3 16 -.2 19.71 -11.5942 -1.58 19.8282 -11.2211 0 19.8282 -11.5352
4 72 -1.88 19.98 -10.8775 -1.58 19.8282 -11.2211 -2.26 19.8282 -11.0859 -2.06 19.98 -10.8417
4 16 -2.06 19.98 -10.8417 -2.26 19.8282 -11.0859 -4.4144 19.8282 -10.6576 -3.7936 20.6954 -9.1592
4 16 -1.88 19.98 -10.8775 -2.06 19.98 -10.8417 -3.7936 20.6954 -9.1592 0 20.6954 -9.9136
4 16 -1.58 19.8282 -11.2211 -1.88 19.98 -10.8775 0 20.6954 -9.9136 0 19.8282 -11.5352

0 // FACE Front Lines 3-8
5 24 -12.0107 4 -4.9751 -12.0107 17 -4.9751 -9.1923 4 -9.1923 -13 4 0
5 24 -9.1923 4 -9.1923 -9.1923 17 -9.1923 -4.9751 4 -12.0107 -12.0107 4 -4.9751
5 24 -4.9751 4 -12.0107 -4.9751 17 -12.0107 0 4 -13 -9.1923 4 -9.1923
5 24 0 4 -13 0 17 -13 4.9751 4 -12.0107 -4.9751 4 -12.0107
5 24 4.9751 4 -12.0107 4.9751 17 -12.0107 9.1923 4 -9.1923 0 4 -13
5 24 9.1923 4 -9.1923 9.1923 17 -9.1923 12.0107 4 -4.9751 4.9751 4 -12.0107
5 24 12.0107 4 -4.9751 12.0107 17 -4.9751 13 4 0 9.1923 4 -9.1923
0 // CHIN Front Lines 1-4 Center
5 24 -5.6568 21 -5.6568 -3.0616 21 -7.3912 -7.0096 20.69536 -7.0096 -4.192 21 -4.192
5 24 -5.6568 21 -5.6568 -7.0096 20.69536 -7.0096 -3.0616 21 -7.3912 -7.3912 21 -3.0616
5 24 -7.0096 20.69536 -7.0096 -3.7936 20.69536 -9.1592 -8.1568 19.82816 -8.1568 -5.6568 21 -5.6568
5 24 -7.0096 20.69536 -7.0096 -8.1568 19.82816 -8.1568 -3.7936 20.69536 -9.1592 -9.1592 20.69536 -3.7936
5 24 -8.1568 19.82816 -8.1568 -4.4144 19.82816 -10.6576 -8.9232 18.53088 -8.9232 -7.0096 20.69536 -7.0096
5 24 -8.1568 19.82816 -8.1568 -8.9232 18.53088 -8.9232 -4.4144 19.82816 -10.6576 -10.6576 19.82816 -4.4144
5 24 -8.9232 18.53088 -8.9232 -4.8296 18.53088 -11.6592 -9.192 17 -9.192 -8.1568 19.82816 -8.1568
5 24 -8.9232 18.53088 -8.9232 -9.192 17 -9.192 -4.8296 18.53088 -11.6592 -11.6592 18.53088 -4.8296
5 24 -9.192 17 -9.192 -4.9752 17 -12.0104 -9.192 15.34304 -9.192 -8.9232 18.53088 -8.9232
5 24 -3.0616 21 -7.3912 0 21 -8 -3.7936 20.69536 -9.1592 -2.2688 21 -5.4776
5 24 -3.0616 21 -7.3912 -3.7936 20.69536 -9.1592 0 21 -8 -5.6568 21 -5.6568
5 24 -3.7936 20.69536 -9.1592 0 20.69536 -9.9136 -4.4144 19.82816 -10.6576 -3.0616 21 -7.3912
5 24 -3.7936 20.69536 -9.1592 -4.4144 19.82816 -10.6576 0 20.69536 -9.9136 -7.0096 20.69536 -7.0096
5 24 -4.4144 19.82816 -10.6576 0 19.82816 -11.5352 -4.8296 18.53088 -11.6592 -3.7936 20.69536 -9.1592
5 24 -4.4144 19.82816 -10.6576 -4.8296 18.53088 -11.6592 0 19.82816 -11.5352 -8.1568 19.82816 -8.1568
5 24 -4.8296 18.53088 -11.6592 0 18.53088 -12.6192 -4.9752 17 -12.0104 -4.4144 19.82816 -10.6576
5 24 -4.8296 18.53088 -11.6592 -4.9752 17 -12.0104 0 18.53088 -12.6192 -8.9232 18.53088 -8.9232
5 24 -4.9752 17 -12.0104 0 17 -13 -4.9752 15.34304 -12.0104 -4.8296 18.53088 -11.6592
5 24 0 21 -8 0 20.69536 -9.9136 3.0616 21 -7.3912 -3.0616 21 -7.3912
5 24 0 20.69536 -9.9136 0 19.82816 -11.5352 3.7936 20.69536 -9.1592 -3.7936 20.69536 -9.1592
5 24 0 19.82816 -11.5352 0 18.53088 -12.6192 4.4144 19.82816 -10.6576 -4.4144 19.82816 -10.6576
5 24 0 18.53088 -12.6192 0 17 -13 4.8296 18.53088 -11.6592 -4.8296 18.53088 -11.6592
5 24 5.6568 21 -5.6568 3.0616 21 -7.3912 7.0096 20.69536 -7.0096 4.192 21 -4.192
5 24 5.6568 21 -5.6568 7.0096 20.69536 -7.0096 3.0616 21 -7.3912 7.3912 21 -3.0616
5 24 7.0096 20.69536 -7.0096 3.7936 20.69536 -9.1592 8.1568 19.82816 -8.1568 5.6568 21 -5.6568
5 24 7.0096 20.69536 -7.0096 8.1568 19.82816 -8.1568 3.7936 20.69536 -9.1592 9.1592 20.69536 -3.7936
5 24 8.1568 19.82816 -8.1568 4.4144 19.82816 -10.6576 8.9232 18.53088 -8.9232 7.0096 20.69536 -7.0096
5 24 8.1568 19.82816 -8.1568 8.9232 18.53088 -8.9232 4.4144 19.82816 -10.6576 10.6576 19.82816 -4.4144
5 24 8.9232 18.53088 -8.9232 4.8296 18.53088 -11.6592 9.192 17 -9.192 8.1568 19.82816 -8.1568
5 24 8.9232 18.53088 -8.9232 9.192 17 -9.192 4.8296 18.53088 -11.6592 11.6592 18.53088 -4.8296
5 24 9.192 17 -9.192 4.9752 17 -12.0104 9.192 15.34304 -9.192 8.9232 18.53088 -8.9232
5 24 3.0616 21 -7.3912 0 21 -8 3.7936 20.69536 -9.1592 2.2688 21 -5.4776
5 24 3.0616 21 -7.3912 3.7936 20.69536 -9.1592 0 21 -8 5.6568 21 -5.6568
5 24 3.7936 20.69536 -9.1592 0 20.69536 -9.9136 4.4144 19.82816 -10.6576 3.0616 21 -7.3912
5 24 3.7936 20.69536 -9.1592 4.4144 19.82816 -10.6576 0 20.69536 -9.9136 7.0096 20.69536 -7.0096
5 24 4.4144 19.82816 -10.6576 0 19.82816 -11.5352 4.8296 18.53088 -11.6592 3.7936 20.69536 -9.1592
5 24 4.4144 19.82816 -10.6576 4.8296 18.53088 -11.6592 0 19.82816 -11.5352 8.1568 19.82816 -8.1568
5 24 4.8296 18.53088 -11.6592 0 18.53088 -12.6192 4.9752 17 -12.0104 4.4144 19.82816 -10.6576
5 24 4.8296 18.53088 -11.6592 4.9752 17 -12.0104 0 18.53088 -12.6192 8.9232 18.53088 -8.9232
5 24 4.9752 17 -12.0104 0 17 -13 4.9752 15.34304 -12.0104 4.8296 18.53088 -11.6592
0 // FOREHEAD Front Lines 1-8 Right
5 24 0 0 -8 0 .30464 -9.9136 3.0616 0 -7.3912 -3.0616 0 -7.3912
5 24 0 .30464 -9.9136 0 1.17184 -11.5352 3.7936 .30464 -9.1592 -3.7936 .30464 -9.1592
5 24 0 1.17184 -11.5352 0 2.46912 -12.6192 4.4144 1.17184 -10.6576 -4.4144 1.17184 -10.6576
5 24 0 2.46912 -12.6192 0 4 -13 4.8296 2.46912 -11.6592 -4.8296 2.46912 -11.6592
5 24 5.6568 0 -5.6568 3.0616 0 -7.3912 7.0096 .30464 -7.0096 4.192 0 -4.192
5 24 5.6568 0 -5.6568 7.0096 .30464 -7.0096 3.0616 0 -7.3912 7.3912 0 -3.0616
5 24 7.0096 .30464 -7.0096 3.7936 .30464 -9.1592 8.1568 1.17184 -8.1568 5.6568 0 -5.6568
5 24 7.0096 .30464 -7.0096 8.1568 1.17184 -8.1568 3.7936 .30464 -9.1592 9.1592 .30464 -3.7936
5 24 8.1568 1.17184 -8.1568 4.4144 1.17184 -10.6576 8.9232 2.46912 -8.9232 7.0096 .30464 -7.0096
5 24 8.1568 1.17184 -8.1568 8.9232 2.46912 -8.9232 4.4144 1.17184 -10.6576 10.6576 1.17184 -4.4144
5 24 8.9232 2.46912 -8.9232 4.8296 2.46912 -11.6592 9.192 4 -9.192 8.1568 1.17184 -8.1568
5 24 8.9232 2.46912 -8.9232 9.192 4 -9.192 4.8296 2.46912 -11.6592 11.6592 2.46912 -4.8296
5 24 9.192 4 -9.192 4.9752 4 -12.0104 9.192 5.65696 -9.192 8.9232 2.46912 -8.9232
5 24 3.0616 0 -7.3912 0 0 -8 3.7936 .30464 -9.1592 2.2688 0 -5.4776
5 24 3.0616 0 -7.3912 3.7936 .30464 -9.1592 0 0 -8 5.6568 0 -5.6568
5 24 3.7936 .30464 -9.1592 0 .30464 -9.9136 4.4144 1.17184 -10.6576 3.0616 0 -7.3912
5 24 3.7936 .30464 -9.1592 4.4144 1.17184 -10.6576 0 .30464 -9.9136 7.0096 .30464 -7.0096
5 24 4.4144 1.17184 -10.6576 0 1.17184 -11.5352 4.8296 2.46912 -11.6592 3.7936 .30464 -9.1592
5 24 4.4144 1.17184 -10.6576 4.8296 2.46912 -11.6592 0 1.17184 -11.5352 8.1568 1.17184 -8.1568
5 24 4.8296 2.46912 -11.6592 0 2.46912 -12.6192 4.9752 4 -12.0104 4.4144 1.17184 -10.6576
5 24 4.8296 2.46912 -11.6592 4.9752 4 -12.0104 0 2.46912 -12.6192 8.9232 2.46912 -8.9232
5 24 4.9752 4 -12.0104 0 4 -13 4.9752 5.65696 -12.0104 4.8296 2.46912 -11.6592
