0 Minifig Head Female Black Eyebrows, Pink Lips, Eyelashes / Sunglasses with Medium Lavender Frames 2-Sided Pattern
0 Name: 3626cp8x.dat
0 Author: Philippe Hurbain [Philo]
0 !LDRAW_ORG Part UPDATE 2019-01
0 !LICENSE Redistributable under CCAL version 2.0 : see CAreadme.txt

0 BFC CERTIFY CCW

0 !KEYWORDS Bricklink 3626cpb1277

0 !HISTORY 2019-06-28 [PTadmin] Official Update 2019-01

1 16 0 0 0 -1 0 0 0 1 0 0 0 -1 s\3626cs02.dat
1 16 0 4 0 8 0 0 0 -6.4 0 0 0 -8 t04o6250.dat
1 16 0 4 0 0 0 -8 0 -6.4 0 -8 0 0 t04o6250.dat
1 16 0 4 0 -8 0 0 0 -6.4 0 0 0 8 t04o6250.dat
1 16 0 4 0 0 0 8 0 -6.4 0 8 0 0 t04o6250.dat
1 16 0 4 0 -12.01044 0 -4.97489 0 13 0 4.97489 0 -12.01044 3-16cyli.dat
1 16 0 4 0 12.01044 0 4.97489 0 13 0 4.97489 0 -12.01044 3-16cyli.dat
1 16 0 17 0 -3.06147 0 -7.39104 0 6.4 0 -7.39104 0 3.06147 t04o6250.dat
1 16 0 17 0 -7.39104 0 3.06147 0 6.4 0 3.06147 0 7.39104 t08o6250.dat
1 16 0 17 0 3.06147 0 7.39104 0 6.4 0 -7.39104 0 3.06147 t04o6250.dat
1 16 0 17 0 7.39104 0 -3.06147 0 6.4 0 3.06147 0 7.39104 t08o6250.dat

4 0 4.25 4.27 12.1549 4.98 4.37 12.0097 4.9751 5 12.0107 4.2 5.02 12.1648
4 0 3.02 4.3 12.3995 4.25 4.27 12.1549 4.2 5.02 12.1648 3.09 5.14 12.3856
4 0 1.5 4.59 12.7017 3.02 4.3 12.3995 3.09 5.14 12.3856 1.74 5.5 12.654
4 0 1.5 4.59 12.7017 1.74 5.5 12.654 1.42 5.44 12.7176 1.24 4.8 12.7534
3 0 1.24 4.8 12.7534 1.42 5.44 12.7176 1.15 5.15 12.7713
4 0 5.69 5.22 11.5329 4.9751 5 12.0107 4.98 4.37 12.0097 5.64 4.69 11.5663
4 0 5.69 5.22 11.5329 5.64 4.69 11.5663 6.12 5.17 11.2456 6.42 5.7 11.0451
4 30 9.1923 6.45 9.1923 10.97 5.74 6.5323 10.97 6.94 6.5323 9.1923 8.08 9.1923
4 30 8.42 6.82 9.7084 9.1923 6.45 9.1923 9.1923 8.08 9.1923 8.59 8.54 9.5948
4 30 7.65 6.37 10.223 8.42 6.82 9.7084 8.59 8.54 9.5948 7.25 8.04 10.4904
4 30 7.65 6.37 10.223 7.25 8.04 10.4904 6.84 7.39 10.7644 6.62 6.12 10.9114
4 30 6.62 6.12 10.9114 6.84 7.39 10.7644 6 7 11.3258 4.9751 6.2 12.0107
3 30 4.9751 6.2 12.0107 6 7 11.3258 4.9751 6.98 12.0107
4 30 3.47 6.64 12.31 4.9751 6.2 12.0107 4.9751 6.98 12.0107 3.72 7.34 12.2603
4 30 1.95 7.25 12.6122 3.47 6.64 12.31 3.72 7.34 12.2603 2.6 7.92 12.483
4 30 .89 7.5 12.823 1.95 7.25 12.6122 2.6 7.92 12.483 1.99 8.49 12.6043
4 30 0 7.55 12.996 .89 7.5 12.823 1.99 8.49 12.6043 0 9.09 12.996
4 30 .55 9.22 12.8906 0 9.09 12.996 1.99 8.49 12.6043 1.65 9.29 12.6719
4 30 .89 9.84 12.823 .55 9.22 12.8906 1.65 9.29 12.6719 1.95 10.32 12.6122
4 30 1.6 11.2 12.6818 .89 9.84 12.823 1.95 10.32 12.6122 2.62 11.15 12.479
4 30 2.35 11.95 12.5327 1.6 11.2 12.6818 2.62 11.15 12.479 3.57 11.55 12.2901
4 30 3.47 12.45 12.31 2.35 11.95 12.5327 3.57 11.55 12.2901 4.39 11.72 12.1271
4 30 4.4 12.62 12.1251 3.47 12.45 12.31 4.39 11.72 12.1271 4.9751 11.64 12.0107
3 30 4.9751 11.64 12.0107 4.9751 12.59 12.0107 4.4 12.62 12.1251
4 30 4.9751 12.59 12.0107 4.9751 11.64 12.0107 5.89 11.34 11.3993 6.14 12.32 11.2322
4 30 6.14 12.32 11.2322 5.89 11.34 11.3993 6.77 10.4 10.8112 7.35 11.55 10.4235
4 30 7.35 11.55 10.4235 6.77 10.4 10.8112 7.19 9.39 10.5305 8.27 10.14 9.8087
4 30 8.27 10.14 9.8087 7.19 9.39 10.5305 7.34 8.74 10.4302 8.54 9.24 9.6282
4 30 8.59 8.54 9.5948 8.54 9.24 9.6282 7.34 8.74 10.4302 7.25 8.04 10.4904
4 0 0 14.89 13 0 14.19 13 1.18 14.2 12.7654 1.23 14.86 12.7554
4 0 1.23 14.86 12.7554 1.18 14.2 12.7654 1.99 14.14 12.6043 2.12 14.73 12.5784
4 0 2.12 14.73 12.5784 1.99 14.14 12.6043 2.8 14.03 12.4432 3.22 14.54 12.3597
4 0 3.22 14.54 12.3597 2.8 14.03 12.4432 4.12 13.77 12.1807 4.36 13.8 12.133
4 0 3.22 14.54 12.3597 4.36 13.8 12.133 4.43 14.03 12.1191 3.69 14.89 12.2662
4 0 3.22 14.54 12.3597 3.69 14.89 12.2662 3.05 15.47 12.3935 2.16 15.19 12.5705
4 0 2.16 15.19 12.5705 3.05 15.47 12.3935 1.72 16.13 12.658 1.06 15.57 12.7892
4 0 1.06 15.57 12.7892 1.72 16.13 12.658 0.73 16.4 12.8548 0 15.66 13
3 0 0 15.66 13 0.73 16.4 12.8548 0 16.46 13
4 15 1.06 15.57 12.7892 0 15.66 13 0 14.89 13 1.23 14.86 12.7554
4 15 2.16 15.19 12.5705 1.06 15.57 12.7892 1.23 14.86 12.7554 2.12 14.73 12.5784
3 15 3.22 14.54 12.3597 2.16 15.19 12.5705 2.12 14.73 12.5784
4 13 1.18 14.2 12.7654 0 14.19 13 0 13.61 13 0.42 13.57 12.9165
4 13 1.99 14.14 12.6043 1.18 14.2 12.7654 0.42 13.57 12.9165 0.83 13.36 12.835
4 13 1.99 14.14 12.6043 0.83 13.36 12.835 1.2 13.34 12.7614 1.9 13.71 12.6222
3 13 1.9 13.71 12.6222 2.8 14.03 12.4432 1.99 14.14 12.6043
4 13 0 17 13 0 16.46 13 0.73 16.4 12.8548 1.56 17 12.6898
4 13 1.56 17 12.6898 0.73 16.4 12.8548 1.72 16.13 12.658 2.3 16.49 12.5426
3 13 3.05 15.47 12.3935 2.3 16.49 12.5426 1.72 16.13 12.658
4 13 0 17 13 1.56 17 12.6898 0.72 17.29 12.7848 0 17.33 12.9179
3 16 4.9752 4 12.0107 4.98 4.37 12.0097 4.25 4.27 12.1549
4 16 4.9752 4 12.0107 4.25 4.27 12.1549 3.02 4.3 12.3995 0 4 13
3 16 0 4 13 3.02 4.3 12.3995 1.5 4.59 12.7017
3 16 0 4 13 1.5 4.59 12.7017 1.24 4.8 12.7534
4 16 0 4 13 1.24 4.8 12.7534 1.15 5.15 12.7713 0 7.55 12.996
4 16 0.89 7.5 12.823 0 7.55 12.996 1.15 5.15 12.7713 1.42 5.44 12.7176
4 16 1.95 7.25 12.6122 0.89 7.5 12.823 1.42 5.44 12.7176 1.74 5.5 12.654
4 16 3.47 6.64 12.31 1.95 7.25 12.6122 1.74 5.5 12.654 3.09 5.14 12.3856
4 16 4.9751 6.2 12.0107 3.47 6.64 12.31 3.09 5.14 12.3856 4.2 5.02 12.1648
3 16 4.9751 5 12.0107 4.9751 6.2 12.0107 4.2 5.02 12.1648
4 16 4.9751 6.2 12.0107 4.9751 5 12.0107 5.69 5.22 11.5329 6.42 5.7 11.0451
3 16 6.42 5.7 11.0451 6.62 6.12 10.9114 4.9751 6.2 12.0107
4 16 7.65 6.37 10.223 6.62 6.12 10.9114 6.42 5.7 11.0451 9.192 4 9.1925
3 16 9.192 4 9.1925 6.42 5.7 11.0451 6.12 5.17 11.2456
4 16 9.192 4 9.1925 6.12 5.17 11.2456 5.64 4.69 11.5663 4.9752 4 12.0107
3 16 4.9752 4 12.0107 5.64 4.69 11.5663 4.98 4.37 12.0097
4 16 7.65 6.37 10.223 9.192 4 9.1925 9.1923 6.45 9.1923 8.42 6.82 9.7084
4 16 8.54 9.24 9.6282 8.59 8.54 9.5948 9.1923 8.08 9.1923 9.192 17 9.1925
3 16 8.54 9.24 9.6282 9.192 17 9.1925 8.27 10.14 9.8087
3 16 8.27 10.14 9.8087 9.192 17 9.1925 7.35 11.55 10.4235
4 16 6.14 12.32 11.2322 7.35 11.55 10.4235 9.192 17 9.1925 4.9751 17 12.0107
3 16 6.14 12.32 11.2322 4.9751 17 12.0107 4.9751 12.59 12.0107
3 16 4.9751 12.59 12.0107 4.9751 17 12.0107 4.43 14.03 12.1191
4 16 4.9751 12.59 12.0107 4.43 14.03 12.1191 4.36 13.8 12.133 4.4 12.62 12.1251
3 16 4.4 12.62 12.1251 4.36 13.8 12.133 4.12 13.77 12.1807
4 16 4.4 12.62 12.1251 4.12 13.77 12.1807 2.8 14.03 12.4432 3.47 12.45 12.31
4 16 3.47 12.45 12.31 2.8 14.03 12.4432 1.9 13.71 12.6222 2.35 11.95 12.5327
4 16 2.35 11.95 12.5327 1.9 13.71 12.6222 1.2 13.34 12.7614 1.6 11.2 12.6818
4 16 1.6 11.2 12.6818 1.2 13.34 12.7614 0.83 13.36 12.835 0.89 9.84 12.823
4 16 0.89 9.84 12.823 0.83 13.36 12.835 0.42 13.57 12.9165 0.55 9.22 12.8906
4 16 0 9.09 12.996 0.55 9.22 12.8906 0.42 13.57 12.9165 0 13.61 13
3 16 0.72 17.29 12.7848 0 18.5309 12.6192 0 17.33 12.9179
4 16 0 18.5309 12.6192 0.72 17.29 12.7848 1.56 17 12.6898 4.8296 18.5309 11.6592
3 16 1.56 17 12.6898 4.9751 17 12.0107 4.8296 18.5309 11.6592
3 16 2.3 16.49 12.5426 4.9751 17 12.0107 1.56 17 12.6898
4 16 4.9751 17 12.0107 2.3 16.49 12.5426 3.05 15.47 12.3935 3.69 14.89 12.2662
3 16 4.43 14.03 12.1191 4.9751 17 12.0107 3.69 14.89 12.2662
4 16 0 18.5309 12.6192 4.8296 18.5309 11.6592 4.4144 19.8282 10.6576 0 19.8282 11.5352
4 16 0 19.8282 11.5352 4.4144 19.8282 10.6576 3.7936 20.6954 9.1592 0 20.6954 9.9136
4 16 0 20.6954 9.9136 3.7936 20.6954 9.1592 3.0616 21 7.3912 0 21 8
4 16 10.97 5.74 6.5323 9.1923 6.45 9.1923 9.192 4 9.1925 12.0104 4 4.9756
4 16 10.97 6.94 6.5323 10.97 5.74 6.5323 12.0104 4 4.9756 12.0104 17 4.9756
4 16 10.97 6.94 6.5323 12.0104 17 4.9756 9.192 17 9.1925 9.1923 8.08 9.1923
4 0 -4.9751 5 12.0107 -4.98 4.37 12.0097 -4.25 4.27 12.1549 -4.2 5.02 12.1648
4 0 -4.2 5.02 12.1648 -4.25 4.27 12.1549 -3.02 4.3 12.3995 -3.09 5.14 12.3856
4 0 -3.09 5.14 12.3856 -3.02 4.3 12.3995 -1.5 4.59 12.7017 -1.74 5.5 12.654
4 0 -1.42 5.44 12.7176 -1.74 5.5 12.654 -1.5 4.59 12.7017 -1.24 4.8 12.7534
3 0 -1.24 4.8 12.7534 -1.15 5.15 12.7713 -1.42 5.44 12.7176
4 0 -4.98 4.37 12.0097 -4.9751 5 12.0107 -5.69 5.22 11.5329 -5.64 4.69 11.5663
4 0 -6.12 5.17 11.2456 -5.64 4.69 11.5663 -5.69 5.22 11.5329 -6.42 5.7 11.0451
4 30 -10.97 6.94 6.5323 -10.97 5.74 6.5323 -9.1923 6.45 9.1923 -9.1923 8.08 9.1923
4 30 -9.1923 8.08 9.1923 -9.1923 6.45 9.1923 -8.42 6.82 9.7084 -8.59 8.54 9.5948
4 30 -8.59 8.54 9.5948 -8.42 6.82 9.7084 -7.65 6.37 10.223 -7.25 8.04 10.4904
4 30 -6.84 7.39 10.7644 -7.25 8.04 10.4904 -7.65 6.37 10.223 -6.62 6.12 10.9114
4 30 -6 7 11.3258 -6.84 7.39 10.7644 -6.62 6.12 10.9114 -4.9751 6.2 12.0107
3 30 -4.9751 6.2 12.0107 -4.9751 6.98 12.0107 -6 7 11.3258
4 30 -4.9751 6.98 12.0107 -4.9751 6.2 12.0107 -3.47 6.64 12.31 -3.72 7.34 12.2603
4 30 -3.72 7.34 12.2603 -3.47 6.64 12.31 -1.95 7.25 12.6122 -2.6 7.92 12.483
4 30 -2.6 7.92 12.483 -1.95 7.25 12.6122 -.89 7.5 12.823 -1.99 8.49 12.6043
4 30 -1.99 8.49 12.6043 -.89 7.5 12.823 0 7.55 12.996 0 9.09 12.996
4 30 -1.99 8.49 12.6043 0 9.09 12.996 -.55 9.22 12.8906 -1.65 9.29 12.6719
4 30 -1.65 9.29 12.6719 -.55 9.22 12.8906 -.89 9.84 12.823 -1.95 10.32 12.6122
4 30 -1.95 10.32 12.6122 -.89 9.84 12.823 -1.6 11.2 12.6818 -2.62 11.15 12.479
4 30 -2.62 11.15 12.479 -1.6 11.2 12.6818 -2.35 11.95 12.5327 -3.57 11.55 12.2901
4 30 -3.57 11.55 12.2901 -2.35 11.95 12.5327 -3.47 12.45 12.31 -4.39 11.72 12.1271
4 30 -4.39 11.72 12.1271 -3.47 12.45 12.31 -4.4 12.62 12.1251 -4.9751 11.64 12.0107
3 30 -4.9751 11.64 12.0107 -4.4 12.62 12.1251 -4.9751 12.59 12.0107
4 30 -5.94 11.3 11.3659 -4.9751 11.64 12.0107 -4.9751 12.59 12.0107 -6.14 12.32 11.2322
4 30 -6.77 10.4 10.8112 -5.94 11.3 11.3659 -6.14 12.32 11.2322 -7.35 11.55 10.4235
4 30 -7.22 9.48 10.5104 -6.77 10.4 10.8112 -7.35 11.55 10.4235 -8.27 10.14 9.8087
4 30 -7.34 8.74 10.4302 -7.22 9.48 10.5104 -8.27 10.14 9.8087 -8.54 9.24 9.6282
4 30 -7.34 8.74 10.4302 -8.54 9.24 9.6282 -8.59 8.54 9.5948 -7.25 8.04 10.4904
4 0 -1.18 14.2 12.7654 0 14.19 13 0 14.89 13 -1.23 14.86 12.7554
4 0 -1.99 14.14 12.6043 -1.18 14.2 12.7654 -1.23 14.86 12.7554 -2.12 14.73 12.5784
4 0 -2.8 14.03 12.4432 -1.99 14.14 12.6043 -2.12 14.73 12.5784 -3.22 14.54 12.3597
4 0 -4.12 13.77 12.1807 -2.8 14.03 12.4432 -3.22 14.54 12.3597 -4.36 13.8 12.133
4 0 -4.43 14.03 12.1191 -4.36 13.8 12.133 -3.22 14.54 12.3597 -3.69 14.89 12.2662
4 0 -3.05 15.47 12.3935 -3.69 14.89 12.2662 -3.22 14.54 12.3597 -2.16 15.19 12.5705
4 0 -1.72 16.13 12.658 -3.05 15.47 12.3935 -2.16 15.19 12.5705 -1.06 15.57 12.7892
4 0 -0.73 16.4 12.8548 -1.72 16.13 12.658 -1.06 15.57 12.7892 0 15.66 13
3 0 0 15.66 13 0 16.46 13 -0.73 16.4 12.8548
4 15 0 14.89 13 0 15.66 13 -1.06 15.57 12.7892 -1.23 14.86 12.7554
4 15 -1.23 14.86 12.7554 -1.06 15.57 12.7892 -2.16 15.19 12.5705 -2.12 14.73 12.5784
3 15 -3.22 14.54 12.3597 -2.12 14.73 12.5784 -2.16 15.19 12.5705
4 13 0 13.61 13 0 14.19 13 -1.18 14.2 12.7654 -0.42 13.57 12.9165
4 13 -0.42 13.57 12.9165 -1.18 14.2 12.7654 -1.99 14.14 12.6043 -0.83 13.36 12.835
4 13 -1.2 13.34 12.7614 -0.83 13.36 12.835 -1.99 14.14 12.6043 -1.9 13.71 12.6222
3 13 -1.9 13.71 12.6222 -1.99 14.14 12.6043 -2.8 14.03 12.4432
4 13 -0.73 16.4 12.8548 0 16.46 13 0 17 13 -1.56 17 12.6898
4 13 -1.72 16.13 12.658 -0.73 16.4 12.8548 -1.56 17 12.6898 -2.3 16.49 12.5426
3 13 -3.05 15.47 12.3935 -1.72 16.13 12.658 -2.3 16.49 12.5426
4 13 -0.72 17.29 12.7847 -1.56 17 12.6898 0 17 13 0 17.33 12.9179
3 16 -4.9752 4 12.0107 -4.25 4.27 12.1549 -4.98 4.37 12.0097
4 16 -3.02 4.3 12.3995 -4.25 4.27 12.1549 -4.9752 4 12.0107 0 4 13
3 16 0 4 13 -1.5 4.59 12.7017 -3.02 4.3 12.3995
3 16 0 4 13 -1.24 4.8 12.7534 -1.5 4.59 12.7017
4 16 -1.15 5.15 12.7713 -1.24 4.8 12.7534 0 4 13 0 7.55 12.996
4 16 -1.15 5.15 12.7713 0 7.55 12.996 -0.89 7.5 12.823 -1.42 5.44 12.7176
4 16 -1.42 5.44 12.7176 -0.89 7.5 12.823 -1.95 7.25 12.6122 -1.74 5.5 12.654
4 16 -1.74 5.5 12.654 -1.95 7.25 12.6122 -3.47 6.64 12.31 -3.09 5.14 12.3856
4 16 -3.09 5.14 12.3856 -3.47 6.64 12.31 -4.9751 6.2 12.0107 -4.2 5.02 12.1648
3 16 -4.9751 5 12.0107 -4.2 5.02 12.1648 -4.9751 6.2 12.0107
4 16 -5.69 5.22 11.5329 -4.9751 5 12.0107 -4.9751 6.2 12.0107 -6.42 5.7 11.0451
3 16 -6.42 5.7 11.0451 -4.9751 6.2 12.0107 -6.62 6.12 10.9114
4 16 -6.42 5.7 11.0451 -6.62 6.12 10.9114 -7.65 6.37 10.223 -9.192 4 9.1925
3 16 -9.192 4 9.1925 -6.12 5.17 11.2456 -6.42 5.7 11.0451
4 16 -5.64 4.69 11.5663 -6.12 5.17 11.2456 -9.192 4 9.1925 -4.9752 4 12.0107
3 16 -4.9752 4 12.0107 -4.98 4.37 12.0097 -5.64 4.69 11.5663
4 16 -9.1923 6.45 9.1923 -9.192 4 9.1925 -7.65 6.37 10.223 -8.42 6.82 9.7084
4 16 -9.1923 8.08 9.1923 -8.59 8.54 9.5948 -8.54 9.24 9.6282 -9.192 17 9.1925
3 16 -8.54 9.24 9.6282 -8.27 10.14 9.8087 -9.192 17 9.1925
3 16 -8.27 10.14 9.8087 -7.35 11.55 10.4235 -9.192 17 9.1925
4 16 -9.192 17 9.1925 -7.35 11.55 10.4235 -6.14 12.32 11.2322 -4.9751 17 12.0107
3 16 -6.14 12.32 11.2322 -4.9751 12.59 12.0107 -4.9751 17 12.0107
3 16 -4.9751 12.59 12.0107 -4.43 14.03 12.1191 -4.9751 17 12.0107
4 16 -4.36 13.8 12.133 -4.43 14.03 12.1191 -4.9751 12.59 12.0107 -4.4 12.62 12.1251
3 16 -4.4 12.62 12.1251 -4.12 13.77 12.1807 -4.36 13.8 12.133
4 16 -2.8 14.03 12.4432 -4.12 13.77 12.1807 -4.4 12.62 12.1251 -3.47 12.45 12.31
4 16 -1.9 13.71 12.6222 -2.8 14.03 12.4432 -3.47 12.45 12.31 -2.35 11.95 12.5327
4 16 -1.2 13.34 12.7614 -1.9 13.71 12.6222 -2.35 11.95 12.5327 -1.6 11.2 12.6818
4 16 -0.83 13.36 12.835 -1.2 13.34 12.7614 -1.6 11.2 12.6818 -0.89 9.84 12.823
4 16 -0.42 13.57 12.9165 -0.83 13.36 12.835 -0.89 9.84 12.823 -0.55 9.22 12.8906
4 16 -0.42 13.57 12.9165 -0.55 9.22 12.8906 0 9.09 12.996 0 13.61 13
3 16 -0.72 17.29 12.7847 0 17.33 12.9179 0 18.5309 12.6192
4 16 -1.56 17 12.6898 -0.72 17.29 12.7847 0 18.5309 12.6192 -4.8296 18.5309 11.6592
3 16 -4.9751 17 12.0107 -1.56 17 12.6898 -4.8296 18.5309 11.6592
3 16 -2.3 16.49 12.5426 -1.56 17 12.6898 -4.9751 17 12.0107
4 16 -3.05 15.47 12.3935 -2.3 16.49 12.5426 -4.9751 17 12.0107 -3.69 14.89 12.2662
3 16 -4.43 14.03 12.1191 -3.69 14.89 12.2662 -4.9751 17 12.0107
4 16 -4.4144 19.8282 10.6576 -4.8296 18.5309 11.6592 0 18.5309 12.6192 0 19.8282 11.5352
4 16 -3.7936 20.6954 9.1592 -4.4144 19.8282 10.6576 0 19.8282 11.5352 0 20.6954 9.9136
4 16 -3.0616 21 7.3912 -3.7936 20.6954 9.1592 0 20.6954 9.9136 0 21 8
4 16 -9.192 4 9.1925 -9.1923 6.45 9.1923 -10.97 5.74 6.5323 -12.0104 4 4.9756
4 16 -12.0104 4 4.9756 -10.97 5.74 6.5323 -10.97 6.94 6.5323 -12.0104 17 4.9756
4 16 -9.192 17 9.1925 -12.0104 17 4.9756 -10.97 6.94 6.5323 -9.1923 8.08 9.1923
4 272 4.42 7.83 12.1211 4.9751 7.7 12.0107 4.9751 9.48 12.0107 4.42 9.22 12.1211
4 272 4.42 7.83 12.1211 4.42 9.22 12.1211 3.98 8.85 12.2086 4.03 8.05 12.1986
4 272 3.86 8.31 12.2324 4.03 8.05 12.1986 3.98 8.85 12.2086 3.85 8.61 12.2344
4 272 4.9751 9.48 12.0107 4.9751 7.7 12.0107 5.66 7.69 11.553 5.68 9.66 11.5396
4 272 5.68 9.66 11.5396 5.66 7.69 11.553 6.32 7.88 11.1119 6.32 9.48 11.1119
4 272 6.68 9.02 10.8713 6.32 9.48 11.1119 6.32 7.88 11.1119 6.66 8.23 10.8847
3 272 6.66 8.23 10.8847 6.78 8.62 10.8045 6.68 9.02 10.8713
4 0 4.9751 6.98 12.0107 4.9751 7.7 12.0107 4.42 7.83 12.1211 3.72 7.34 12.2603
3 0 3.72 7.34 12.2603 4.42 7.83 12.1211 4.03 8.05 12.1986
4 0 3.72 7.34 12.2603 4.03 8.05 12.1986 3.86 8.31 12.2324 2.6 7.92 12.483
4 0 1.99 8.49 12.6043 2.6 7.92 12.483 3.86 8.31 12.2324 3.85 8.61 12.2344
4 0 1.65 9.29 12.6719 1.99 8.49 12.6043 3.85 8.61 12.2344 3.98 8.85 12.2086
4 0 1.95 10.32 12.6122 1.65 9.29 12.6719 3.98 8.85 12.2086 4.42 9.22 12.1211
4 0 2.62 11.15 12.479 1.95 10.32 12.6122 4.42 9.22 12.1211 3.57 11.55 12.2901
4 0 3.57 11.55 12.2901 4.42 9.22 12.1211 4.9751 9.48 12.0107 4.39 11.72 12.1271
3 0 4.9751 9.48 12.0107 4.9751 11.64 12.0107 4.39 11.72 12.1271
4 0 5.89 11.34 11.3993 4.9751 11.64 12.0107 4.9751 9.48 12.0107 5.68 9.66 11.5396
4 0 6.77 10.4 10.8112 5.89 11.34 11.3993 5.68 9.66 11.5396 6.32 9.48 11.1119
4 0 7.19 9.39 10.5305 6.77 10.4 10.8112 6.32 9.48 11.1119 6.68 9.02 10.8713
4 0 7.34 8.74 10.4302 7.19 9.39 10.5305 6.68 9.02 10.8713 6.78 8.62 10.8045
4 0 7.25 8.04 10.4904 7.34 8.74 10.4302 6.78 8.62 10.8045 6.66 8.23 10.8847
4 0 6.84 7.39 10.7644 7.25 8.04 10.4904 6.66 8.23 10.8847 6.32 7.88 11.1119
4 0 6 7 11.3258 6.84 7.39 10.7644 6.32 7.88 11.1119 5.66 7.69 11.553
4 0 4.9751 6.98 12.0107 6 7 11.3258 5.66 7.69 11.553 4.9751 7.7 12.0107
4 272 -5.25 8.11 11.827 -4.9751 7.88 12.0107 -4.9751 9.08 12.0107 -5.27 8.59 11.8136
4 272 -4.9751 9.08 12.0107 -4.9751 7.88 12.0107 -4.31 7.79 12.143 -4.31 9.53 12.143
4 272 -4.31 9.53 12.143 -4.31 7.79 12.143 -3.47 8.05 12.31 -3.49 9.85 12.306
4 272 -3.49 9.85 12.306 -3.47 8.05 12.31 -2.65 8.59 12.4731 -2.69 9.85 12.4651
4 272 -2.69 9.85 12.4651 -2.65 8.59 12.4731 -2.27 9.08 12.5486 -2.31 9.59 12.5407
4 0 -4.31 7.79 12.143 -4.9751 7.88 12.0107 -4.9751 6.98 12.0107 -3.72 7.34 12.2603
4 0 -3.47 8.05 12.31 -4.31 7.79 12.143 -3.72 7.34 12.2603 -2.6 7.92 12.483
4 0 -2.65 8.59 12.4731 -3.47 8.05 12.31 -2.6 7.92 12.483 -1.99 8.49 12.6043
4 0 -2.27 9.08 12.5486 -2.65 8.59 12.4731 -1.99 8.49 12.6043 -1.65 9.29 12.6719
4 0 -2.31 9.59 12.5407 -2.27 9.08 12.5486 -1.65 9.29 12.6719 -1.95 10.32 12.6122
4 0 -2.69 9.85 12.4651 -2.31 9.59 12.5407 -1.95 10.32 12.6122 -2.62 11.15 12.479
4 0 -3.49 9.85 12.306 -2.69 9.85 12.4651 -2.62 11.15 12.479 -3.57 11.55 12.2901
4 0 -4.31 9.53 12.143 -3.49 9.85 12.306 -3.57 11.55 12.2901 -4.39 11.72 12.1271
4 0 -4.31 9.53 12.143 -4.39 11.72 12.1271 -4.9751 11.64 12.0107 -4.9751 9.08 12.0107
4 0 -4.9751 9.08 12.0107 -4.9751 11.64 12.0107 -5.94 11.3 11.3659 -5.27 8.59 11.8136
4 0 -5.27 8.59 11.8136 -5.94 11.3 11.3659 -6.77 10.4 10.8112 -7.22 9.48 10.5104
4 0 -5.27 8.59 11.8136 -7.22 9.48 10.5104 -7.34 8.74 10.4302 -5.25 8.11 11.827
4 0 -5.25 8.11 11.827 -7.34 8.74 10.4302 -7.25 8.04 10.4904 -6.84 7.39 10.7644
4 0 -5.25 8.11 11.827 -6.84 7.39 10.7644 -6 7 11.3258 -4.9751 6.98 12.0107
3 0 -4.9751 6.98 12.0107 -4.9751 7.88 12.0107 -5.25 8.11 11.827
5 24 -12.0107 17 4.9751 -12.0107 4 4.9751 -13 17 0 -9.1923 17 9.1923
5 24 -9.1923 17 9.1923 -9.1923 4 9.1923 -12.0107 17 4.9751 -4.9751 17 12.0107
5 24 -4.9751 17 12.0107 -4.9751 4 12.0107 -9.1923 17 9.1923 0 17 13
5 24 0 17 13 0 4 13 -4.9751 17 12.0107 4.9751 17 12.0107
5 24 4.9751 17 12.0107 4.9751 4 12.0107 0 17 13 9.1923 17 9.1923
5 24 9.1923 17 9.1923 9.1923 4 9.1923 4.9751 17 12.0107 12.0107 17 4.9751
5 24 12.0107 17 4.9751 12.0107 4 4.9751 9.1923 17 9.1923 13 17 0
5 24 0 21 8 -3.0616 21 7.3912 0 20.6954 9.9136 0 21 5.9288
5 24 0 20.6954 9.9136 -3.7936 20.6954 9.1592 0 19.8282 11.5352 0 21 8
5 24 0 19.8282 11.5352 -4.4144 19.8282 10.6576 0 18.5309 12.6192 0 20.6954 9.9136
5 24 0 18.5309 12.6192 -4.8296 18.5309 11.6592 0 17 13 0 19.8282 11.5352
5 24 0 17 13 -4.9752 17 12.0104 0 15.343 13 0 18.5309 12.6192
5 24 -3.0616 21 7.3912 -3.7936 20.6954 9.1592 -5.6568 21 5.6568 0 21 8
5 24 -3.7936 20.6954 9.1592 -4.4144 19.8282 10.6576 -7.0096 20.6954 7.0096 0 20.6954 9.9136
5 24 -4.4144 19.8282 10.6576 -4.8296 18.5309 11.6592 -8.1568 19.8282 8.1568 0 19.8282 11.5352
5 24 -4.8296 18.5309 11.6592 -4.9752 17 12.0104 -8.9232 18.5309 8.9232 0 18.5309 12.6192
5 24 3.0616 21 7.3912 0 21 8 3.7936 20.6954 9.1592 2.2688 21 5.4776
5 24 3.0616 21 7.3912 3.7936 20.6954 9.1592 0 21 8 5.6568 21 5.6568
5 24 3.7936 20.6954 9.1592 0 20.6954 9.9136 4.4144 19.8282 10.6576 3.0616 21 7.3912
5 24 3.7936 20.6954 9.1592 4.4144 19.8282 10.6576 0 20.6954 9.9136 7.0096 20.6954 7.0096
5 24 4.4144 19.8282 10.6576 0 19.8282 11.5352 4.8296 18.5309 11.6592 3.7936 20.6954 9.1592
5 24 4.4144 19.8282 10.6576 4.8296 18.5309 11.6592 0 19.8282 11.5352 8.1568 19.8282 8.1568
5 24 4.8296 18.5309 11.6592 0 18.5309 12.6192 4.9752 17 12.0104 4.4144 19.8282 10.6576
5 24 4.8296 18.5309 11.6592 4.9752 17 12.0104 0 18.5309 12.6192 8.9232 18.5309 8.9232
5 24 4.9752 17 12.0104 0 17 13 4.9752 15.343 12.0104 4.8296 18.5309 11.6592
5 24 0 18.5309 12.6192 0 17 13 4.8296 18.5309 11.6592 -4.8296 18.5309 11.6592
5 24 0 18.5309 12.6192 0 19.8282 11.5352 -4.4144 19.8282 10.6576 4.4144 19.8282 10.6576
5 24 0 19.8282 11.5352 0 20.6954 9.9136 -3.7936 20.6954 9.1592 3.7936 20.6954 9.1592
5 24 0 20.6954 9.9136 0 21 8 -3.0616 21 7.3912 3.0616 21 7.3912
4 13 0 17 -13 -1.56 17 -12.6897 -0.72 17.29 -12.7848 0 17.33 -12.9179
3 16 -0.72 17.29 -12.7848 0 18.5309 -12.6192 0 17.33 -12.9179
4 16 0 18.5309 -12.6192 -0.72 17.29 -12.7848 -1.56 17 -12.6897 -4.8296 18.5309 -11.6592
3 16 -1.56 17 -12.6897 -4.9751 17 -12.0104 -4.8296 18.5309 -11.6592
4 16 0 18.5309 -12.6192 -4.8296 18.5309 -11.6592 -4.4144 19.8282 -10.6576 0 19.8282 -11.5352
4 16 0 19.8282 -11.5352 -4.4144 19.8282 -10.6576 -3.7936 20.6954 -9.1592 0 20.6954 -9.9136
4 16 0 20.6954 -9.9136 -3.7936 20.6954 -9.1592 -3.0616 21 -7.3912 0 21 -8
4 13 0.72 17.29 -12.7847 1.56 17 -12.6897 0 17 -13 0 17.33 -12.9179
3 16 0.72 17.29 -12.7847 0 17.33 -12.9179 0 18.5309 -12.6192
4 16 1.56 17 -12.6897 0.72 17.29 -12.7847 0 18.5309 -12.6192 4.8296 18.5309 -11.6592
3 16 4.9751 17 -12.0104 1.56 17 -12.6897 4.8296 18.5309 -11.6592
4 16 4.4144 19.8282 -10.6576 4.8296 18.5309 -11.6592 0 18.5309 -12.6192 0 19.8282 -11.5352
4 16 3.7936 20.6954 -9.1592 4.4144 19.8282 -10.6576 0 19.8282 -11.5352 0 20.6954 -9.9136
4 16 3.0616 21 -7.3912 3.7936 20.6954 -9.1592 0 20.6954 -9.9136 0 21 -8
4 0 -3.43 9.708 -12.3179 -4.886 9.73 -12.0284 -4.7737 10.3802 -12.0508 -4.4537 10.9314 -12.1144
4 0 -3.43 9.708 -12.3179 -4.4537 10.9314 -12.1144 -3.9748 11.2997 -12.2096 -3.41 11.429 -12.3219
4 0 -3.43 9.708 -12.3179 -3.41 11.429 -12.3219 -2.8452 11.2997 -12.4342 -2.3663 10.9314 -12.5295
4 0 -3.43 9.708 -12.3179 -2.3663 10.9314 -12.5295 -2.0464 10.3802 -12.5931 -1.934 9.73 -12.6154
4 15 -3.43 9.11 -12.3179 -3.9479 8.811 -12.215 -4.028 9.11 -12.199 -3.9479 9.409 -12.215
4 15 -3.43 9.11 -12.3179 -3.9479 9.409 -12.215 -3.729 9.6279 -12.2585 -3.43 9.708 -12.3179
4 15 -3.43 9.11 -12.3179 -3.43 9.708 -12.3179 -3.131 9.6279 -12.3774 -2.9121 9.409 -12.4209
4 15 -3.43 9.11 -12.3179 -2.9121 9.409 -12.4209 -2.832 9.11 -12.4369 -2.9121 8.811 -12.4209
4 15 -3.43 9.11 -12.3179 -2.9121 8.811 -12.4209 -3.131 8.5921 -12.3774 -3.43 8.512 -12.3179
4 15 -3.43 9.11 -12.3179 -3.43 8.512 -12.3179 -3.729 8.5921 -12.2585 -3.9479 8.811 -12.215
3 0 -3.729 9.6279 -12.2585 -4.886 9.73 -12.0284 -3.43 9.708 -12.3179
4 0 -4.886 9.73 -12.0284 -3.729 9.6279 -12.2585 -3.9479 9.409 -12.215 -4.7737 9.0798 -12.0508
4 0 -4.7737 9.0798 -12.0508 -3.9479 9.409 -12.215 -4.028 9.11 -12.199 -4.4537 8.5286 -12.1144
3 0 -4.4537 8.5286 -12.1144 -4.028 9.11 -12.199 -3.9479 8.811 -12.215
4 0 -4.4537 8.5286 -12.1144 -3.9479 8.811 -12.215 -3.729 8.5921 -12.2585 -4.0848 7.6503 -12.1877
4 0 -3.41 7.581 -12.3219 -4.0848 7.6503 -12.1877 -3.729 8.5921 -12.2585 -3.43 8.512 -12.3179
4 0 -3.41 7.581 -12.3219 -3.43 8.512 -12.3179 -3.131 8.5921 -12.3774 -2.7052 7.7103 -12.4621
4 0 -2.3663 8.5286 -12.5295 -2.7052 7.7103 -12.4621 -3.131 8.5921 -12.3774 -2.9121 8.811 -12.4209
4 0 -2.0464 9.0798 -12.5931 -2.3663 8.5286 -12.5295 -2.9121 8.811 -12.4209 -2.832 9.11 -12.4369
4 0 -1.934 9.73 -12.6154 -2.0464 9.0798 -12.5931 -2.832 9.11 -12.4369 -2.9121 9.409 -12.4209
3 0 -2.9121 9.409 -12.4209 -3.131 9.6279 -12.3774 -1.934 9.73 -12.6154
3 0 -3.131 9.6279 -12.3774 -3.43 9.708 -12.3179 -1.934 9.73 -12.6154
4 0 -2.03 8.03 -12.5963 -2.7052 7.7103 -12.4621 -2.3663 8.5286 -12.5295 -1.95 8.7 -12.6122
4 0 -1.68 8.42 -12.6659 -2.03 8.03 -12.5963 -1.95 8.7 -12.6122 -1.73 8.71 -12.656
3 0 -1.68 8.42 -12.6659 -1.73 8.71 -12.656 -1.63 8.58 -12.6759
4 0 -4.9751 8.65 -12.0107 -4.4537 8.5286 -12.1144 -4.0848 7.6503 -12.1877 -4.76 7.87 -12.0535
3 0 -4.76 7.87 -12.0535 -4.9751 7.88 -12.0107 -4.9751 8.65 -12.0107
4 0 -5.65 8.61 -11.5597 -4.9751 8.65 -12.0107 -4.9751 7.88 -12.0107 -5.33 7.73 -11.7735
4 0 -5.77 7.96 -11.4795 -5.65 8.61 -11.5597 -5.33 7.73 -11.7735 -5.89 7.17 -11.3993
3 0 -5.89 7.17 -11.3993 -5.94 7.27 -11.3659 -5.77 7.96 -11.4795
4 0 -5.65 8.61 -11.5597 -5.77 7.96 -11.4795 -6.06 7.88 -11.2857 -6.14 8.31 -11.2322
4 0 -6.5 7.82 -10.9916 -6.14 8.31 -11.2322 -6.06 7.88 -11.2857 -6.43 7.54 -11.0384
3 0 -6.71 7.29 -10.8513 -6.5 7.82 -10.9916 -6.43 7.54 -11.0384
4 0 -4.9751 5.23 -12.0107 -4.9751 4.53 -12.0107 -5.7 4.81 -11.5262 -5.67 5.37 -11.5463
4 0 -5.67 5.37 -11.5463 -5.7 4.81 -11.5262 -6.33 5.31 -11.1052 -6.25 5.62 -11.1587
3 0 -6.33 5.31 -11.1052 -6.66 5.84 -10.8847 -6.25 5.62 -11.1587
4 0 -4.9751 4.53 -12.0107 -4.9751 5.23 -12.0107 -4.03 5.16 -12.1986 -3.95 4.42 -12.2145
4 0 -3.95 4.42 -12.2145 -4.03 5.16 -12.1986 -2.9 5.3 -12.4233 -2.65 4.45 -12.4731
4 0 -2.65 4.45 -12.4731 -2.9 5.3 -12.4233 -2.07 5.59 -12.5884 -1.3 4.8 -12.7415
4 0 -1.3 4.8 -12.7415 -2.07 5.59 -12.5884 -1.33 5.67 -12.7355 -1.02 5.02 -12.7972
4 0 -1.02 5.02 -12.7972 -1.33 5.67 -12.7355 -1.06 5.57 -12.7892 -0.94 5.34 -12.8131
4 16 -5.7 4.81 -11.5262 -4.9751 4.53 -12.0107 -4.9752 4 -12.0106 -9.192 4 -9.1925
3 16 -9.192 4 -9.1925 -6.33 5.31 -11.1052 -5.7 4.81 -11.5262
3 16 -9.192 4 -9.1925 -6.66 5.84 -10.8847 -6.33 5.31 -11.1052
4 16 -6.71 7.29 -10.8513 -6.66 5.84 -10.8847 -9.192 4 -9.1925 -9.192 17 -9.1925
3 16 -6.71 7.29 -10.8513 -9.192 17 -9.1925 -6.5 7.82 -10.9916
4 16 -6.14 8.31 -11.2322 -6.5 7.82 -10.9916 -9.192 17 -9.1925 -4.9751 17 -12.0104
3 16 -6.14 8.31 -11.2322 -4.9751 17 -12.0104 -5.65 8.61 -11.5597
3 16 -5.65 8.61 -11.5597 -4.9751 17 -12.0104 -4.9751 8.65 -12.0107
3 16 -4.9751 8.65 -12.0107 -4.9751 17 -12.0104 -4.886 9.73 -12.0284
3 16 -4.9751 8.65 -12.0107 -4.886 9.73 -12.0284 -4.7737 9.0798 -12.0508
3 16 -4.4537 8.5286 -12.1144 -4.9751 8.65 -12.0107 -4.7737 9.0798 -12.0508
3 16 -4.7737 10.3802 -12.0508 -4.9751 17 -12.0104 -4.4537 10.9314 -12.1144
3 16 -4.886 9.73 -12.0284 -4.9751 17 -12.0104 -4.7737 10.3802 -12.0508
3 16 -4.4537 10.9314 -12.1144 -4.9751 17 -12.0104 -3.9748 11.2997 -12.2096
4 16 -5.94 7.27 -11.3659 -6.43 7.54 -11.0384 -6.06 7.88 -11.2857 -5.77 7.96 -11.4795
4 16 -6.71 7.29 -10.8513 -6.43 7.54 -11.0384 -5.94 7.27 -11.3659 -6.66 5.84 -10.8847
4 16 -6.66 5.84 -10.8847 -5.94 7.27 -11.3659 -5.89 7.17 -11.3993 -6.25 5.62 -11.1587
4 16 -5.67 5.37 -11.5463 -6.25 5.62 -11.1587 -5.89 7.17 -11.3993 -5.33 7.73 -11.7735
4 16 -4.9751 5.23 -12.0107 -5.67 5.37 -11.5463 -5.33 7.73 -11.7735 -4.9751 7.88 -12.0107
4 16 -4.9751 5.23 -12.0107 -4.9751 7.88 -12.0107 -4.76 7.87 -12.0535 -4.0848 7.6503 -12.1877
4 16 -4.03 5.16 -12.1986 -4.9751 5.23 -12.0107 -4.0848 7.6503 -12.1877 -3.41 7.581 -12.3219
4 16 -2.9 5.3 -12.4233 -4.03 5.16 -12.1986 -3.41 7.581 -12.3219 -2.7052 7.7103 -12.4621
4 16 -2.07 5.59 -12.5884 -2.9 5.3 -12.4233 -2.7052 7.7103 -12.4621 -2.03 8.03 -12.5963
4 16 -1.33 5.67 -12.7355 -2.07 5.59 -12.5884 -2.03 8.03 -12.5963 -1.68 8.42 -12.6659
4 16 -1.06 5.57 -12.7892 -1.33 5.67 -12.7355 -1.68 8.42 -12.6659 -1.63 8.58 -12.6759
3 16 -4.9752 4 -12.0106 -4.9751 4.53 -12.0107 -3.95 4.42 -12.2145
4 16 -4.9752 4 -12.0106 -3.95 4.42 -12.2145 -2.65 4.45 -12.4731 0 4 -13
3 16 0 4 -13 -2.65 4.45 -12.4731 -1.3 4.8 -12.7415
3 16 0 4 -13 -1.3 4.8 -12.7415 -1.02 5.02 -12.7972
3 16 0 4 -13 -1.02 5.02 -12.7972 -0.94 5.34 -12.8131
4 16 0 14.39 -13 0 4 -13 -0.94 5.34 -12.8131 -1.06 5.57 -12.7892
3 16 -1.06 5.57 -12.7892 -1.63 8.58 -12.6759 0 14.39 -13
4 16 0 14.39 -13 -1.63 8.58 -12.6759 -1.73 8.71 -12.656 -1.934 9.73 -12.6154
4 16 -2.0464 9.0798 -12.5931 -1.934 9.73 -12.6154 -1.73 8.71 -12.656 -1.95 8.7 -12.6122
3 16 -2.3663 8.5286 -12.5295 -2.0464 9.0798 -12.5931 -1.95 8.7 -12.6122
3 16 -1.934 9.73 -12.6154 -2.0464 10.3802 -12.5931 0 14.39 -13
3 16 -2.0464 10.3802 -12.5931 -2.3663 10.9314 -12.5295 0 14.39 -13
3 16 -2.3663 10.9314 -12.5295 -2.8452 11.2997 -12.4342 0 14.39 -13
4 16 0 14.39 -13 -2.8452 11.2997 -12.4342 -3.41 11.429 -12.3219 -0.8 14.2 -12.8409
4 16 -3.41 11.429 -12.3219 -3.9748 11.2997 -12.2096 -4.9751 17 -12.0104 -3.8 15.25 -12.2444
4 0 4.7737 10.3802 -12.0508 4.886 9.73 -12.0284 3.43 9.708 -12.3179 4.4537 10.9314 -12.1144
4 0 3.9748 11.2997 -12.2096 4.4537 10.9314 -12.1144 3.43 9.708 -12.3179 3.41 11.429 -12.3219
4 0 2.8452 11.2997 -12.4342 3.41 11.429 -12.3219 3.43 9.708 -12.3179 2.3663 10.9314 -12.5295
4 0 2.0464 10.3802 -12.5931 2.3663 10.9314 -12.5295 3.43 9.708 -12.3179 1.934 9.73 -12.6154
4 15 4.028 9.11 -12.199 3.9479 8.811 -12.215 3.43 9.11 -12.3179 3.9479 9.409 -12.215
4 15 3.729 9.6279 -12.2585 3.9479 9.409 -12.215 3.43 9.11 -12.3179 3.43 9.708 -12.3179
4 15 3.131 9.6279 -12.3774 3.43 9.708 -12.3179 3.43 9.11 -12.3179 2.9121 9.409 -12.4209
4 15 2.832 9.11 -12.4369 2.9121 9.409 -12.4209 3.43 9.11 -12.3179 2.9121 8.811 -12.4209
4 15 3.131 8.5921 -12.3774 2.9121 8.811 -12.4209 3.43 9.11 -12.3179 3.43 8.512 -12.3179
4 15 3.729 8.5921 -12.2585 3.43 8.512 -12.3179 3.43 9.11 -12.3179 3.9479 8.811 -12.215
3 0 3.729 9.6279 -12.2585 3.43 9.708 -12.3179 4.886 9.73 -12.0284
4 0 3.9479 9.409 -12.215 3.729 9.6279 -12.2585 4.886 9.73 -12.0284 4.7737 9.0798 -12.0508
4 0 4.028 9.11 -12.199 3.9479 9.409 -12.215 4.7737 9.0798 -12.0508 4.4537 8.5286 -12.1144
3 0 4.4537 8.5286 -12.1144 3.9479 8.811 -12.215 4.028 9.11 -12.199
4 0 3.729 8.5921 -12.2585 3.9479 8.811 -12.215 4.4537 8.5286 -12.1144 4.0848 7.6503 -12.1877
4 0 3.729 8.5921 -12.2585 4.0848 7.6503 -12.1877 3.41 7.581 -12.3219 3.43 8.512 -12.3179
4 0 3.131 8.5921 -12.3774 3.43 8.512 -12.3179 3.41 7.581 -12.3219 2.7052 7.7103 -12.4621
4 0 3.131 8.5921 -12.3774 2.7052 7.7103 -12.4621 2.3663 8.5286 -12.5295 2.9121 8.811 -12.4209
4 0 2.9121 8.811 -12.4209 2.3663 8.5286 -12.5295 2.0464 9.0798 -12.5931 2.832 9.11 -12.4369
4 0 2.832 9.11 -12.4369 2.0464 9.0798 -12.5931 1.934 9.73 -12.6154 2.9121 9.409 -12.4209
3 0 2.9121 9.409 -12.4209 1.934 9.73 -12.6154 3.131 9.6279 -12.3774
3 0 3.131 9.6279 -12.3774 1.934 9.73 -12.6154 3.43 9.708 -12.3179
4 0 2.3663 8.5286 -12.5295 2.7052 7.7103 -12.4621 2.03 8.03 -12.5963 1.95 8.7 -12.6122
4 0 1.95 8.7 -12.6122 2.03 8.03 -12.5963 1.68 8.42 -12.6659 1.73 8.71 -12.656
3 0 1.68 8.42 -12.6659 1.63 8.58 -12.6759 1.73 8.71 -12.656
4 0 4.0848 7.6503 -12.1877 4.4537 8.5286 -12.1144 4.9751 8.65 -12.0107 4.76 7.87 -12.0535
3 0 4.76 7.87 -12.0535 4.9751 8.65 -12.0107 4.9751 7.88 -12.0107
4 0 4.9751 7.88 -12.0107 4.9751 8.65 -12.0107 5.65 8.61 -11.5597 5.33 7.73 -11.7735
4 0 5.33 7.73 -11.7735 5.65 8.61 -11.5597 5.77 7.96 -11.4795 5.89 7.17 -11.3993
3 0 5.89 7.17 -11.3993 5.77 7.96 -11.4795 5.94 7.27 -11.3659
4 0 6.06 7.88 -11.2857 5.77 7.96 -11.4795 5.65 8.61 -11.5597 6.14 8.31 -11.2322
4 0 6.06 7.88 -11.2857 6.14 8.31 -11.2322 6.5 7.82 -10.9916 6.43 7.54 -11.0384
3 0 6.71 7.29 -10.8513 6.43 7.54 -11.0384 6.5 7.82 -10.9916
4 0 5.7 4.81 -11.5262 4.9751 4.53 -12.0107 4.9751 5.23 -12.0107 5.67 5.37 -11.5463
4 0 6.33 5.31 -11.1052 5.7 4.81 -11.5262 5.67 5.37 -11.5463 6.25 5.62 -11.1587
3 0 6.33 5.31 -11.1052 6.25 5.62 -11.1587 6.66 5.84 -10.8847
4 0 4.03 5.16 -12.1986 4.9751 5.23 -12.0107 4.9751 4.53 -12.0107 3.95 4.42 -12.2145
4 0 2.9 5.3 -12.4233 4.03 5.16 -12.1986 3.95 4.42 -12.2145 2.65 4.45 -12.4731
4 0 2.07 5.59 -12.5884 2.9 5.3 -12.4233 2.65 4.45 -12.4731 1.3 4.8 -12.7415
4 0 1.33 5.67 -12.7355 2.07 5.59 -12.5884 1.3 4.8 -12.7415 1.02 5.02 -12.7972
4 0 1.06 5.57 -12.7892 1.33 5.67 -12.7355 1.02 5.02 -12.7972 0.94 5.34 -12.8131
4 16 4.9752 4 -12.0106 4.9751 4.53 -12.0107 5.7 4.81 -11.5262 9.192 4 -9.1925
3 16 9.192 4 -9.1925 5.7 4.81 -11.5262 6.33 5.31 -11.1052
3 16 9.192 4 -9.1925 6.33 5.31 -11.1052 6.66 5.84 -10.8847
4 16 9.192 4 -9.1925 6.66 5.84 -10.8847 6.71 7.29 -10.8513 9.192 17 -9.1925
3 16 6.71 7.29 -10.8513 6.5 7.82 -10.9916 9.192 17 -9.1925
4 16 9.192 17 -9.1925 6.5 7.82 -10.9916 6.14 8.31 -11.2322 4.9751 17 -12.0104
3 16 6.14 8.31 -11.2322 5.65 8.61 -11.5597 4.9751 17 -12.0104
3 16 5.65 8.61 -11.5597 4.9751 8.65 -12.0107 4.9751 17 -12.0104
3 16 4.9751 8.65 -12.0107 4.886 9.73 -12.0284 4.9751 17 -12.0104
3 16 4.9751 8.65 -12.0107 4.7737 9.0798 -12.0508 4.886 9.73 -12.0284
3 16 4.4537 8.5286 -12.1144 4.7737 9.0798 -12.0508 4.9751 8.65 -12.0107
3 16 4.7737 10.3802 -12.0508 4.4537 10.9314 -12.1144 4.9751 17 -12.0104
3 16 4.886 9.73 -12.0284 4.7737 10.3802 -12.0508 4.9751 17 -12.0104
3 16 4.4537 10.9314 -12.1144 3.9748 11.2997 -12.2096 4.9751 17 -12.0104
4 16 6.06 7.88 -11.2857 6.43 7.54 -11.0384 5.94 7.27 -11.3659 5.77 7.96 -11.4795
4 16 5.94 7.27 -11.3659 6.43 7.54 -11.0384 6.71 7.29 -10.8513 6.66 5.84 -10.8847
4 16 5.89 7.17 -11.3993 5.94 7.27 -11.3659 6.66 5.84 -10.8847 6.25 5.62 -11.1587
4 16 5.89 7.17 -11.3993 6.25 5.62 -11.1587 5.67 5.37 -11.5463 5.33 7.73 -11.7735
4 16 5.33 7.73 -11.7735 5.67 5.37 -11.5463 4.9751 5.23 -12.0107 4.9751 7.88 -12.0107
4 16 4.76 7.87 -12.0535 4.9751 7.88 -12.0107 4.9751 5.23 -12.0107 4.0848 7.6503 -12.1877
4 16 4.0848 7.6503 -12.1877 4.9751 5.23 -12.0107 4.03 5.16 -12.1986 3.41 7.581 -12.3219
4 16 3.41 7.581 -12.3219 4.03 5.16 -12.1986 2.9 5.3 -12.4233 2.7052 7.7103 -12.4621
4 16 2.7052 7.7103 -12.4621 2.9 5.3 -12.4233 2.07 5.59 -12.5884 2.03 8.03 -12.5963
4 16 2.03 8.03 -12.5963 2.07 5.59 -12.5884 1.33 5.67 -12.7355 1.68 8.42 -12.6659
4 16 1.68 8.42 -12.6659 1.33 5.67 -12.7355 1.06 5.57 -12.7892 1.63 8.58 -12.6759
3 16 4.9752 4 -12.0106 3.95 4.42 -12.2145 4.9751 4.53 -12.0107
4 16 2.65 4.45 -12.4731 3.95 4.42 -12.2145 4.9752 4 -12.0106 0 4 -13
3 16 0 4 -13 1.3 4.8 -12.7415 2.65 4.45 -12.4731
3 16 0 4 -13 1.02 5.02 -12.7972 1.3 4.8 -12.7415
3 16 0 4 -13 0.94 5.34 -12.8131 1.02 5.02 -12.7972
4 16 0.94 5.34 -12.8131 0 4 -13 0 14.39 -13 1.06 5.57 -12.7892
3 16 1.06 5.57 -12.7892 0 14.39 -13 1.63 8.58 -12.6759
4 16 1.73 8.71 -12.656 1.63 8.58 -12.6759 0 14.39 -13 1.934 9.73 -12.6154
4 16 1.73 8.71 -12.656 1.934 9.73 -12.6154 2.0464 9.0798 -12.5931 1.95 8.7 -12.6122
3 16 2.3663 8.5286 -12.5295 1.95 8.7 -12.6122 2.0464 9.0798 -12.5931
3 16 1.934 9.73 -12.6154 0 14.39 -13 2.0464 10.3802 -12.5931
3 16 2.0464 10.3802 -12.5931 0 14.39 -13 2.3663 10.9314 -12.5295
3 16 2.3663 10.9314 -12.5295 0 14.39 -13 2.8452 11.2997 -12.4342
4 16 3.41 11.429 -12.3219 2.8452 11.2997 -12.4342 0 14.39 -13 0.5 14.1 -12.9006
4 16 4.9751 17 -12.0104 3.9748 11.2997 -12.2096 3.41 11.429 -12.3219 4.09 14.37 -12.1867
4 0 0 16.11 -13 0 15.48 -13 -0.94 15.58 -12.8131 -1.03 16.21 -12.7952
4 0 -1.97 16.13 -12.6083 -1.03 16.21 -12.7952 -0.94 15.58 -12.8131 -2.09 15.53 -12.5844
4 0 -2.71 15.96 -12.4611 -1.97 16.13 -12.6083 -2.09 15.53 -12.5844 -2.99 15.41 -12.4054
4 0 -3.48 15.66 -12.308 -2.71 15.96 -12.4611 -2.99 15.41 -12.4054 -3.42 15.31 -12.3199
4 0 -3.84 15.34 -12.2364 -3.48 15.66 -12.308 -3.42 15.31 -12.3199 -3.8 15.25 -12.2444
4 0 1.14 15.24 -12.7733 0 15.48 -13 0 16.11 -13 1.28 15.85 -12.7455
4 0 2.13 14.97 -12.5765 1.14 15.24 -12.7733 1.28 15.85 -12.7455 2.25 15.51 -12.5526
4 0 2.13 14.97 -12.5765 2.25 15.51 -12.5526 3.08 15.14 -12.3875 3.35 14.46 -12.3339
4 0 3.35 14.46 -12.3339 3.08 15.14 -12.3875 3.76 14.83 -12.2523 3.44 14.28 -12.316
4 0 3.44 14.28 -12.316 3.76 14.83 -12.2523 4.09 14.37 -12.1867 3.83 14 -12.2384
4 0 3.44 14.28 -12.316 3.83 14 -12.2384 3.49 13.87 -12.306 3.14 13.99 -12.3756
3 0 3.49 13.87 -12.306 3.28 13.89 -12.3478 3.14 13.99 -12.3756
4 0 4.15 14.81 -12.1748 4.09 14.37 -12.1867 3.76 14.83 -12.2523 3.97 15.22 -12.2106
3 0 4.15 14.81 -12.1748 3.97 15.22 -12.2106 4.11 15.07 -12.1827
4 13 0 17 -13 0 16.11 -13 -1.03 16.21 -12.7952 -1.56 17 -12.6897
4 13 -2.17 16.61 -12.5685 -1.56 17 -12.6897 -1.03 16.21 -12.7952 -1.97 16.13 -12.6083
3 13 -2.71 15.96 -12.4611 -2.17 16.61 -12.5685 -1.97 16.13 -12.6083
4 13 0 16.11 -13 0 17 -13 1.56 17 -12.6897 1.28 15.85 -12.7455
4 13 1.28 15.85 -12.7455 1.56 17 -12.6897 2.26 16.47 -12.5506 2.25 15.51 -12.5526
3 13 3.08 15.14 -12.3875 2.25 15.51 -12.5526 2.26 16.47 -12.5506
4 13 2.55 14.3 -12.4929 2.13 14.97 -12.5765 3.35 14.46 -12.3339 3.44 14.28 -12.316
4 13 2.13 14.97 -12.5765 2.55 14.3 -12.4929 1.47 14.08 -12.7077 1.14 15.24 -12.7733
4 13 1.14 15.24 -12.7733 1.47 14.08 -12.7077 0.95 14.01 -12.8111 0.5 14.1 -12.9006
4 13 0 15.48 -13 1.14 15.24 -12.7733 0.5 14.1 -12.9006 0 14.39 -13
4 13 -0.94 15.58 -12.8131 0 15.48 -13 0 14.39 -13 -0.45 14.4 -12.9105
4 13 -2.09 15.53 -12.5844 -0.94 15.58 -12.8131 -0.45 14.4 -12.9105 -0.8 14.2 -12.8409
4 13 -2.09 15.53 -12.5844 -0.8 14.2 -12.8409 -1.3 14.17 -12.7415 -2.05 14.51 -12.5924
4 13 -2.99 15.41 -12.4054 -2.09 15.53 -12.5844 -2.05 14.51 -12.5924 -3.42 15.31 -12.3199
3 16 -0.8 14.2 -12.8409 -0.45 14.4 -12.9105 0 14.39 -13
3 16 -3.41 11.429 -12.3219 -1.3 14.17 -12.7415 -0.8 14.2 -12.8409
3 16 -3.41 11.429 -12.3219 -2.05 14.51 -12.5924 -1.3 14.17 -12.7415
4 16 -3.42 15.31 -12.3199 -2.05 14.51 -12.5924 -3.41 11.429 -12.3219 -3.8 15.25 -12.2444
3 16 -3.8 15.25 -12.2444 -4.9751 17 -12.0104 -3.84 15.34 -12.2364
3 16 -3.84 15.34 -12.2364 -4.9751 17 -12.0104 -3.48 15.66 -12.308
4 16 -2.71 15.96 -12.4611 -3.48 15.66 -12.308 -4.9751 17 -12.0104 -2.17 16.61 -12.5685
3 16 -2.17 16.61 -12.5685 -4.9751 17 -12.0104 -1.56 17 -12.6897
4 16 2.26 16.47 -12.5506 1.56 17 -12.6897 4.9751 17 -12.0104 3.97 15.22 -12.2106
4 16 3.08 15.14 -12.3875 2.26 16.47 -12.5506 3.97 15.22 -12.2106 3.76 14.83 -12.2523
3 16 4.11 15.07 -12.1827 3.97 15.22 -12.2106 4.9751 17 -12.0104
3 16 4.15 14.81 -12.1748 4.11 15.07 -12.1827 4.9751 17 -12.0104
3 16 4.09 14.37 -12.1867 4.15 14.81 -12.1748 4.9751 17 -12.0104
3 16 3.41 11.429 -12.3219 3.83 14 -12.2384 4.09 14.37 -12.1867
3 16 3.41 11.429 -12.3219 3.49 13.87 -12.306 3.83 14 -12.2384
3 16 3.41 11.429 -12.3219 3.28 13.89 -12.3478 3.49 13.87 -12.306
4 16 3.14 13.99 -12.3756 3.28 13.89 -12.3478 3.41 11.429 -12.3219 2.55 14.3 -12.4929
3 16 3.14 13.99 -12.3756 2.55 14.3 -12.4929 3.44 14.28 -12.316
3 16 3.41 11.429 -12.3219 1.47 14.08 -12.7077 2.55 14.3 -12.4929
3 16 3.41 11.429 -12.3219 0.95 14.01 -12.8111 1.47 14.08 -12.7077
3 16 3.41 11.429 -12.3219 0.5 14.1 -12.9006 0.95 14.01 -12.8111
5 24 9.1923 17 -9.1923 9.1923 4 -9.1923 12.0107 17 -4.9751 4.9751 17 -12.0107
5 24 4.9751 17 -12.0107 4.9751 4 -12.0107 9.1923 17 -9.1923 0 17 -13
5 24 0 17 -13 0 4 -13 4.9751 17 -12.0107 -4.9751 17 -12.0107
5 24 -4.9751 17 -12.0107 -4.9751 4 -12.0107 0 17 -13 -9.1923 17 -9.1923
5 24 -9.1923 17 -9.1923 -9.1923 4 -9.1923 -4.9751 17 -12.0107 -12.0107 17 -4.9751
5 24 0 21 -8 3.0616 21 -7.3912 0 20.6954 -9.9136 0 21 -5.9288
5 24 0 20.6954 -9.9136 3.7936 20.6954 -9.1592 0 19.8282 -11.5352 0 21 -8
5 24 0 19.8282 -11.5352 4.4144 19.8282 -10.6576 0 18.5309 -12.6192 0 20.6954 -9.9136
5 24 0 18.5309 -12.6192 4.8296 18.5309 -11.6592 0 17 -13 0 19.8282 -11.5352
5 24 0 17 -13 4.9752 17 -12.0104 0 15.343 -13 0 18.5309 -12.6192
5 24 3.0616 21 -7.3912 3.7936 20.6954 -9.1592 5.6568 21 -5.6568 0 21 -8
5 24 3.7936 20.6954 -9.1592 4.4144 19.8282 -10.6576 7.0096 20.6954 -7.0096 0 20.6954 -9.9136
5 24 4.4144 19.8282 -10.6576 4.8296 18.5309 -11.6592 8.1568 19.8282 -8.1568 0 19.8282 -11.5352
5 24 4.8296 18.5309 -11.6592 4.9752 17 -12.0104 8.9232 18.5309 -8.9232 0 18.5309 -12.6192
5 24 -3.0616 21 -7.3912 0 21 -8 -3.7936 20.6954 -9.1592 -2.2688 21 -5.4776
5 24 -3.0616 21 -7.3912 -3.7936 20.6954 -9.1592 0 21 -8 -5.6568 21 -5.6568
5 24 -3.7936 20.6954 -9.1592 0 20.6954 -9.9136 -4.4144 19.8282 -10.6576 -3.0616 21 -7.3912
5 24 -3.7936 20.6954 -9.1592 -4.4144 19.8282 -10.6576 0 20.6954 -9.9136 -7.0096 20.6954 -7.0096
5 24 -4.4144 19.8282 -10.6576 0 19.8282 -11.5352 -4.8296 18.5309 -11.6592 -3.7936 20.6954 -9.1592
5 24 -4.4144 19.8282 -10.6576 -4.8296 18.5309 -11.6592 0 19.8282 -11.5352 -8.1568 19.8282 -8.1568
5 24 -4.8296 18.5309 -11.6592 0 18.5309 -12.6192 -4.9752 17 -12.0104 -4.4144 19.8282 -10.6576
5 24 -4.8296 18.5309 -11.6592 -4.9752 17 -12.0104 0 18.5309 -12.6192 -8.9232 18.5309 -8.9232
5 24 -4.9752 17 -12.0104 0 17 -13 -4.9752 15.343 -12.0104 -4.8296 18.5309 -11.6592
5 24 0 18.5309 -12.6192 0 17 -13 -4.8296 18.5309 -11.6592 4.8296 18.5309 -11.6592
5 24 0 18.5309 -12.6192 0 19.8282 -11.5352 4.4144 19.8282 -10.6576 -4.4144 19.8282 -10.6576
5 24 0 19.8282 -11.5352 0 20.6954 -9.9136 3.7936 20.6954 -9.1592 -3.7936 20.6954 -9.1592
5 24 0 20.6954 -9.9136 0 21 -8 3.0616 21 -7.3912 -3.0616 21 -7.3912
