0 Minifig Head Female with Glasses with Gold Frames, Peach Lips, Smiling / Smiling with Teeth 2-Sided Pattern 
0 Name: 3626cpx1.dat
0 Author: Gerald Lasser [GeraldLasser]
0 !LDRAW_ORG Part UPDATE 2018-02
0 !LICENSE Redistributable under CCAL version 2.0 : see CAreadme.txt

0 BFC CERTIFY CCW

0 !KEYWORDS Ideas, Set 21312, Margaret Hamilton, Bricklink 3626cpb2031

0 !HISTORY 2018-12-08 [PTadmin] Official Update 2018-02

1 16 0 0 0 1 0 0 0 1 0 0 0 1 s\3626cs02.dat
1 16 0 4 0 12.0104 0 4.9749 0 13 0 -4.9749 0 12.0104 1-8cyli.dat
1 16 0 4 0 -12.0104 0 -4.9749 0 13 0 4.9749 0 -12.0104 1-8cyli.dat
1 16 0 4 0 -8 0 0 0 -6.4 0 0 0 8 t04o6250.dat
1 16 0 4 0 0 0 8 0 -6.4 0 8 0 0 t04o6250.dat
1 16 0 4 0 8 0 0 0 -6.4 0 0 0 -8 t04o6250.dat
1 16 0 4 0 0 0 -8 0 -6.4 0 -8 0 0 t04o6250.dat
1 16 0 17 0 5.6569 0 5.6569 0 6.4 0 -5.6569 0 5.6569 t04o6250.dat
1 16 0 17 0 -5.6569 0 -5.6569 0 6.4 0 5.6569 0 -5.6569 t04o6250.dat

4 16 -3.794 20.695 -9.159 -7.01 20.695 -7.01 -5.657 21 -5.657 -3.062 21 -7.391
4 16 0 20.695 -9.914 -3.794 20.695 -9.159 -3.062 21 -7.391 0 21 -8
4 16 0 20.695 -9.914 0 21 -8 3.0616 21 -7.3912 3.794 20.695 -9.159
4 16 3.794 20.695 -9.159 3.0616 21 -7.3912 5.6568 21 -5.6568 7.01 20.695 -7.01
0 // Frace Front
4 16 0 19.828 -11.535 0 20.695 -9.914 3.794 20.695 -9.159 4.414 19.828 -10.658
4 16 4.83 18.531 -11.659 8.923 18.531 -8.923 9.192 17 -9.192 4.975 17 -12.011
4 16 4.414 19.828 -10.658 8.157 19.828 -8.157 8.923 18.531 -8.923 4.83 18.531 -11.659
4 16 4.414 19.828 -10.658 3.794 20.695 -9.159 7.01 20.695 -7.01 8.157 19.828 -8.157
4 16 -4.414 19.828 -10.658 -8.157 19.828 -8.157 -7.01 20.695 -7.01 -3.794 20.695 -9.159
4 16 0 19.828 -11.535 -4.414 19.828 -10.658 -3.794 20.695 -9.159 0 20.695 -9.914
4 16 -4.83 18.531 -11.659 -4.975 17 -12.011 -9.192 17 -9.192 -8.923 18.531 -8.923
4 16 -4.83 18.531 -11.659 -8.923 18.531 -8.923 -8.157 19.828 -8.157 -4.414 19.828 -10.658
4 16 0 18.531 -12.619 -4.83 18.531 -11.659 -4.414 19.828 -10.658 0 19.828 -11.535
4 16 0 18.531 -12.619 0 19.828 -11.535 4.414 19.828 -10.658 4.83 18.531 -11.659
4 82 -11.69 9.32 -5.455 -9.192 10.446 -9.193 -9.192 9.58 -9.193 -11.46 9.1 -5.799
4 16 -11.46 9.1 -5.799 -9.192 9.58 -9.193 -9.192 4 -9.192 -12.011 4 -4.975
3 16 -12.011 4 -4.975 -11.69 9.32 -5.455 -11.46 9.1 -5.799
3 16 -12.011 4 -4.975 -12.011 17 -4.975 -11.69 9.32 -5.455
4 16 -9.192 10.446 -9.193 -11.69 9.32 -5.455 -12.011 17 -4.975 -9.192 17 -9.192
4 82 -6.998 10.32 -10.659 -6.939 9.723 -10.698 -7.368 9.638 -10.412 -7.38 9.8 -10.403
4 82 -6.939 10.917 -10.698 -6.998 10.32 -10.659 -7.38 9.8 -10.403 -7.368 11.002 -10.412
4 82 -6.765 11.49 -10.814 -6.939 10.917 -10.698 -7.368 11.002 -10.412 -7.169 11.657 -10.545
4 82 -6.483 12.019 -11.003 -6.765 11.49 -10.814 -7.169 11.657 -10.545 -6.846 12.262 -10.76
4 82 -6.103 12.483 -11.257 -6.483 12.019 -11.003 -6.846 12.262 -10.76 -6.411 12.791 -11.051
4 82 -5.639 12.863 -11.567 -6.103 12.483 -11.257 -6.411 12.791 -11.051 -5.882 13.226 -11.405
4 82 -5.11 13.145 -11.92 -5.639 12.863 -11.567 -5.882 13.226 -11.405 -5.277 13.549 -11.809
4 82 -4.975 13.186 -12.011 -5.11 13.145 -11.92 -5.277 13.549 -11.809 -4.975 13.641 -12.011
4 82 -4.975 6.999 -12.011 -5.277 7.091 -11.809 -5.11 7.495 -11.92 -4.975 7.454 -12.011
4 82 -5.639 7.777 -11.567 -5.11 7.495 -11.92 -5.277 7.091 -11.809 -5.882 7.414 -11.405
4 82 -6.103 8.158 -11.257 -5.639 7.777 -11.567 -5.882 7.414 -11.405 -6.411 7.849 -11.051
4 82 -6.483 8.621 -11.003 -6.103 8.158 -11.257 -6.411 7.849 -11.051 -6.846 8.378 -10.76
4 82 -6.765 9.15 -10.814 -6.483 8.621 -11.003 -6.846 8.378 -10.76 -7.169 8.983 -10.545
4 82 -6.939 9.723 -10.698 -6.765 9.15 -10.814 -7.169 8.983 -10.545 -7.368 9.638 -10.412
4 82 -7.82 11 -10.109 -7.368 11.002 -10.412 -7.38 9.8 -10.403 -8.14 10.92 -9.896
4 82 -8.14 10.92 -9.896 -7.38 9.8 -10.403 -8.15 9.8 -9.889 -9.192 10.446 -9.193
3 82 -9.192 9.58 -9.193 -9.192 10.446 -9.193 -8.15 9.8 -9.889
4 308 -5.88 6.45 -11.406 -5.98 6.69 -11.339 -5.79 6.65 -11.466 -5.61 6.18 -11.586
4 308 -5.61 6.18 -11.586 -5.79 6.65 -11.466 -5.36 6.47 -11.753 -5.11 5.88 -11.921
4 308 -5.11 5.88 -11.921 -5.36 6.47 -11.753 -4.975 6.396 -12.011 -4.975 5.847 -12.011
4 0 -4.975 8.91 -12.011 -5.13 9.12 -11.907 -5.11 9.7 -11.921 -4.975 9.689 -12.011
4 0 -5.36 9.63 -11.753 -5.11 9.7 -11.921 -5.13 9.12 -11.907 -5.53 9.46 -11.64
4 0 -5.53 9.46 -11.64 -5.13 9.12 -11.907 -5.35 9.13 -11.76 -5.62 9.29 -11.58
4 0 -5.62 9.29 -11.58 -5.35 9.13 -11.76 -5.51 9.1 -11.653 -5.61 9.13 -11.586
3 16 -5.277 13.549 -11.809 -4.975 17 -12.011 -4.975 13.641 -12.011
4 16 -4.975 8.91 -12.011 -4.975 7.454 -12.011 -5.11 7.495 -11.92 -5.639 7.777 -11.567
4 16 -5.13 9.12 -11.907 -4.975 8.91 -12.011 -5.639 7.777 -11.567 -5.35 9.13 -11.76
4 16 -5.51 9.1 -11.653 -5.35 9.13 -11.76 -5.639 7.777 -11.567 -6.103 8.158 -11.257
4 16 -5.61 9.13 -11.586 -5.51 9.1 -11.653 -6.103 8.158 -11.257 -6.483 8.621 -11.003
4 16 -5.61 9.13 -11.586 -6.483 8.621 -11.003 -6.765 9.15 -10.814 -5.62 9.29 -11.58
4 16 -5.53 9.46 -11.64 -5.62 9.29 -11.58 -6.765 9.15 -10.814 -6.939 9.723 -10.698
4 16 -5.36 9.63 -11.753 -5.53 9.46 -11.64 -6.939 9.723 -10.698 -6.998 10.32 -10.659
4 16 -4.975 13.186 -12.011 -6.998 10.32 -10.659 -6.939 10.917 -10.698 -5.11 13.145 -11.92
4 16 -5.639 12.863 -11.567 -5.11 13.145 -11.92 -6.939 10.917 -10.698 -6.103 12.483 -11.257
4 16 -6.765 11.49 -10.814 -6.483 12.019 -11.003 -6.103 12.483 -11.257 -6.939 10.917 -10.698
3 16 -5.79 6.65 -11.466 -5.98 6.69 -11.339 -5.882 7.414 -11.405
4 16 -5.36 6.47 -11.753 -5.79 6.65 -11.466 -5.882 7.414 -11.405 -5.277 7.091 -11.809
4 16 -4.975 6.396 -12.011 -5.36 6.47 -11.753 -5.277 7.091 -11.809 -4.975 6.999 -12.011
3 16 -4.975 4 -12.011 -5.11 5.88 -11.921 -4.975 5.847 -12.011
4 16 -5.61 6.18 -11.586 -5.11 5.88 -11.921 -4.975 4 -12.011 -9.192 4 -9.192
3 16 -9.192 4 -9.192 -5.88 6.45 -11.406 -5.61 6.18 -11.586
3 16 -9.192 4 -9.192 -5.98 6.69 -11.339 -5.88 6.45 -11.406
4 16 -5.882 7.414 -11.405 -5.98 6.69 -11.339 -9.192 4 -9.192 -6.411 7.849 -11.051
3 16 -9.192 4 -9.192 -6.846 8.378 -10.76 -6.411 7.849 -11.051
3 16 -9.192 4 -9.192 -7.169 8.983 -10.545 -6.846 8.378 -10.76
4 16 -7.368 9.638 -10.412 -7.169 8.983 -10.545 -9.192 4 -9.192 -8.15 9.8 -9.889
3 16 -7.368 9.638 -10.412 -8.15 9.8 -9.889 -7.38 9.8 -10.403
3 16 -9.192 4 -9.192 -9.192 9.58 -9.193 -8.15 9.8 -9.889
3 16 -9.192 10.446 -9.193 -9.192 17 -9.192 -8.14 10.92 -9.896
3 16 -8.14 10.92 -9.896 -9.192 17 -9.192 -7.82 11 -10.109
4 16 -7.368 11.002 -10.412 -7.82 11 -10.109 -9.192 17 -9.192 -7.169 11.657 -10.545
3 16 -7.169 11.657 -10.545 -9.192 17 -9.192 -6.846 12.262 -10.76
4 16 -6.411 12.791 -11.051 -6.846 12.262 -10.76 -9.192 17 -9.192 -4.975 17 -12.011
3 16 -6.411 12.791 -11.051 -4.975 17 -12.011 -5.882 13.226 -11.405
3 16 -5.882 13.226 -11.405 -4.975 17 -12.011 -5.277 13.549 -11.809
3 16 -4.975 9.689 -12.011 -5.11 9.7 -11.921 -4.975 13.186 -12.011
4 16 -4.975 13.186 -12.011 -5.11 9.7 -11.921 -5.36 9.63 -11.753 -6.998 10.32 -10.659
4 0 -2.116 9.61 -12.579 -2.84 9.258 -12.435 -2.794 9.49 -12.444 -2.01 10.22 -12.6
4 0 -2.01 10.22 -12.6 -2.794 9.49 -12.444 -2.84 9.722 -12.435 -2.116 10.83 -12.579
4 0 -2.116 10.83 -12.579 -2.84 9.722 -12.435 -2.971 9.919 -12.409 -2.417 11.348 -12.519
4 0 -2.417 11.348 -12.519 -2.971 9.919 -12.409 -3.168 10.05 -12.37 -2.868 11.694 -12.43
4 0 -2.868 11.694 -12.43 -3.168 10.05 -12.37 -3.4 10.096 -12.324 -3.4 11.815 -12.324
4 0 -3.4 11.815 -12.324 -3.4 10.096 -12.324 -3.632 10.05 -12.278 -3.932 11.694 -12.218
4 0 -3.932 11.694 -12.218 -3.632 10.05 -12.278 -3.829 9.919 -12.239 -4.383 11.348 -12.128
4 0 -4.383 11.348 -12.128 -3.829 9.919 -12.239 -3.96 9.722 -12.213 -4.684 10.83 -12.069
4 0 -4.684 10.83 -12.069 -3.96 9.722 -12.213 -4.006 9.49 -12.203 -4.79 10.22 -12.048
4 0 -4.79 10.22 -12.048 -4.006 9.49 -12.203 -3.96 9.258 -12.213 -4.684 9.61 -12.069
4 0 -4.684 9.61 -12.069 -3.96 9.258 -12.213 -3.829 9.061 -12.239 -4.7 8.69 -12.065
4 0 -4.7 8.69 -12.065 -3.829 9.061 -12.239 -3.632 8.93 -12.278 -4.39 8.48 -12.127
4 0 -4.39 8.48 -12.127 -3.632 8.93 -12.278 -3.4 8.884 -12.324 -4.03 8.33 -12.199
4 0 -3.57 8.24 -12.29 -3.4 8.884 -12.324 -3.168 8.93 -12.37 -3.13 8.27 -12.378
4 0 -3.13 8.27 -12.378 -3.168 8.93 -12.37 -2.971 9.061 -12.409 -2.68 8.43 -12.467
4 0 -2.29 8.72 -12.545 -2.971 9.061 -12.409 -2.84 9.258 -12.435 -2.116 9.61 -12.579
4 15 -3.4 9.49 -12.324 -3.96 9.258 -12.213 -4.006 9.49 -12.203 -3.96 9.722 -12.213
4 15 -3.4 9.49 -12.324 -3.96 9.722 -12.213 -3.829 9.919 -12.239 -3.632 10.05 -12.278
4 15 -3.4 9.49 -12.324 -3.632 10.05 -12.278 -3.4 10.096 -12.324 -3.168 10.05 -12.37
4 15 -3.4 9.49 -12.324 -3.168 10.05 -12.37 -2.971 9.919 -12.409 -2.84 9.722 -12.435
4 15 -3.4 9.49 -12.324 -2.84 9.722 -12.435 -2.794 9.49 -12.444 -2.84 9.258 -12.435
4 15 -3.4 9.49 -12.324 -2.84 9.258 -12.435 -2.971 9.061 -12.409 -3.168 8.93 -12.37
4 15 -3.4 9.49 -12.324 -3.168 8.93 -12.37 -3.4 8.884 -12.324 -3.632 8.93 -12.278
4 15 -3.4 9.49 -12.324 -3.632 8.93 -12.278 -3.829 9.061 -12.239 -3.96 9.258 -12.213
4 82 -4.537 13.319 -12.098 -4.975 13.186 -12.011 -4.975 13.641 -12.011 -4.622 13.748 -12.081
4 82 -3.94 13.378 -12.217 -4.537 13.319 -12.098 -4.622 13.748 -12.081 -3.94 13.815 -12.217
4 82 -3.343 13.319 -12.335 -3.94 13.378 -12.217 -3.94 13.815 -12.217 -3.258 13.748 -12.352
4 82 -2.77 13.145 -12.449 -3.343 13.319 -12.335 -3.258 13.748 -12.352 -2.603 13.549 -12.482
4 82 -2.241 12.863 -12.554 -2.77 13.145 -12.449 -2.603 13.549 -12.482 -1.998 13.226 -12.603
4 82 -1.778 12.483 -12.647 -2.241 12.863 -12.554 -1.998 13.226 -12.603 -1.469 12.791 -12.708
4 82 -1.397 12.019 -12.722 -1.778 12.483 -12.647 -1.469 12.791 -12.708 -1.034 12.262 -12.794
4 82 -1.115 11.49 -12.778 -1.397 12.019 -12.722 -1.034 12.262 -12.794 -.711 11.657 -12.859
4 82 -.941 10.917 -12.813 -1.115 11.49 -12.778 -.711 11.657 -12.859 -.512 11.002 -12.898
4 82 -.941 10.917 -12.813 -.512 11.002 -12.898 -.882 10.32 -12.825 -1.48 10.57 -12.706
4 82 -.941 9.723 -12.813 -.46 10.2 -12.909 -.512 9.638 -12.898 -1.115 9.15 -12.778
4 82 -1.115 9.15 -12.778 -.512 9.638 -12.898 -.711 8.983 -12.859 -1.397 8.621 -12.722
4 82 -1.397 8.621 -12.722 -.711 8.983 -12.859 -1.034 8.378 -12.794 -1.778 8.158 -12.647
4 82 -1.778 8.158 -12.647 -1.034 8.378 -12.794 -1.469 7.849 -12.708 -2.241 7.777 -12.554
4 82 -2.241 7.777 -12.554 -1.469 7.849 -12.708 -1.998 7.414 -12.603 -2.77 7.495 -12.449
4 82 -2.77 7.495 -12.449 -1.998 7.414 -12.603 -2.603 7.091 -12.482 -3.343 7.321 -12.335
4 82 -3.343 7.321 -12.335 -2.603 7.091 -12.482 -3.258 6.892 -12.352 -3.94 7.262 -12.217
4 82 -3.94 7.262 -12.217 -3.258 6.892 -12.352 -3.94 6.825 -12.217 -4.537 7.321 -12.098
4 82 -4.537 7.321 -12.098 -3.94 6.825 -12.217 -4.622 6.892 -12.081 -4.975 7.454 -12.011
3 82 -4.622 6.892 -12.081 -4.975 6.999 -12.011 -4.975 7.454 -12.011
4 82 -1.38 11.33 -12.726 -1.115 11.49 -12.778 -.941 10.917 -12.813 -1.45 11.18 -12.712
4 82 -1.49 11.02 -12.704 -1.45 11.18 -12.712 -.941 10.917 -12.813 -1.48 10.57 -12.706
4 82 -1.41 10.38 -12.72 -1.48 10.57 -12.706 -.882 10.32 -12.825 -1.23 10.2 -12.755
4 82 -1.05 10.11 -12.791 -1.23 10.2 -12.755 -.882 10.32 -12.825 -.91 10.09 -12.819
3 82 -.941 9.723 -12.813 -.91 10.09 -12.819 -.882 10.32 -12.825
3 82 -.882 10.32 -12.825 -.46 10.2 -12.909 -.941 9.723 -12.813
5 24 -.882 10.32 -12.825 -.941 9.723 -12.813 -.46 10.2 -12.909 -.91 10.09 -12.819
4 82 0 10.71 -13 0 10.2 -13 -.46 10.2 -12.909 -.48 10.71 -12.905
4 82 -.48 10.71 -12.905 -.46 10.2 -12.909 -.882 10.32 -12.825 -.512 11.002 -12.898
4 308 -4.975 6.396 -12.011 -4.84 6.37 -12.038 -4.45 5.72 -12.115 -4.975 5.847 -12.011
4 308 -4.45 5.72 -12.115 -4.84 6.37 -12.038 -4.16 6.37 -12.173 -3.73 5.67 -12.258
4 308 -3.73 5.67 -12.258 -4.16 6.37 -12.173 -3.61 6.44 -12.282 -3.18 5.73 -12.368
4 308 -3.18 5.73 -12.368 -3.61 6.44 -12.282 -3.02 6.62 -12.399 -2.73 5.85 -12.457
4 308 -2.28 6.06 -12.547 -3.02 6.62 -12.399 -2.53 6.84 -12.497 -1.89 6.34 -12.624
4 308 -1.89 6.34 -12.624 -2.53 6.84 -12.497 -2.13 7.11 -12.576 -1.51 6.74 -12.7
4 308 -1.51 6.74 -12.7 -2.13 7.11 -12.576 -1.78 7.37 -12.646 -1.29 7.07 -12.743
4 308 -1.29 7.07 -12.743 -1.78 7.37 -12.646 -1.55 7.49 -12.692 -1.34 7.33 -12.734
3 308 -1.34 7.33 -12.734 -1.55 7.49 -12.692 -1.41 7.49 -12.72
3 308 -2.73 5.85 -12.457 -3.02 6.62 -12.399 -2.28 6.06 -12.547
4 0 -4.86 9.68 -12.034 -4.684 9.61 -12.069 -4.975 8.91 -12.011 -4.975 9.689 -12.011
3 0 -4.7 8.69 -12.065 -4.975 8.91 -12.011 -4.684 9.61 -12.069
4 0 -2.05 8.97 -12.592 -2.29 8.72 -12.545 -2.116 9.61 -12.579 -2.01 9.4 -12.6
4 0 -1.86 9.3 -12.63 -2.05 8.97 -12.592 -2.01 9.4 -12.6 -1.82 9.44 -12.638
3 0 -2.01 9.4 -12.6 -1.91 9.46 -12.62 -1.82 9.44 -12.638
4 92 -1.82 16.23 -12.638 -2.22 16.45 -12.559 -1.26 16.57 -12.749 -1.21 16.06 -12.759
4 92 -.63 16.08 -12.875 -1.21 16.06 -12.759 -1.26 16.57 -12.749 -.43 16.54 -12.914
4 92 0 16.2 -13 -.63 16.08 -12.875 -.43 16.54 -12.914 0 16.526 -13
3 92 -2.5 16.88 -12.503 -2.38 17 -12.527 -1.661 17 -12.67
4 0 -2.22 16.45 -12.559 -2.5 16.88 -12.503 -1.661 17 -12.67 -1.26 16.57 -12.749
3 0 -1.26 16.57 -12.749 -1.661 17 -12.67 -.954 17 -12.81
4 0 0 17 -13 -.43 16.54 -12.914 -1.26 16.57 -12.749 -.954 17 -12.81
3 0 0 16.526 -13 -.43 16.54 -12.914 0 17 -13
4 0 -2.5 16.88 -12.503 -2.22 16.45 -12.559 -2.76 16.42 -12.451 -3.02 16.66 -12.399
4 0 -3.02 16.66 -12.399 -2.76 16.42 -12.451 -3.09 16.28 -12.386 -3.32 16.56 -12.34
4 0 -3.85 16.67 -12.234 -3.67 16.89 -12.27 -3.32 16.56 -12.34 -3.83 16.48 -12.238
4 0 -3.58 16.05 -12.288 -3.83 16.48 -12.238 -3.32 16.56 -12.34 -3.09 16.28 -12.386
4 0 -3.23 15.77 -12.358 -3.58 16.05 -12.288 -3.09 16.28 -12.386 -2.97 15.72 -12.409
3 0 -2.97 15.72 -12.409 -3.09 16.28 -12.386 -2.85 15.81 -12.433
4 16 -2.85 15.81 -12.433 -3.09 16.28 -12.386 -2.76 16.42 -12.451 -2.22 16.45 -12.559
4 16 -2.85 15.81 -12.433 -2.22 16.45 -12.559 -1.82 16.23 -12.638 -2.603 13.549 -12.482
4 16 -3.02 16.66 -12.399 -3.32 16.56 -12.34 -3.67 16.89 -12.27 -2.5 16.88 -12.503
4 16 -2.38 17 -12.527 -2.5 16.88 -12.503 -3.67 16.89 -12.27 -4.975 17 -12.011
3 16 -3.85 16.67 -12.234 -4.975 17 -12.011 -3.67 16.89 -12.27
4 16 -4.975 17 -12.011 -3.85 16.67 -12.234 -3.83 16.48 -12.238 -4.975 13.641 -12.011
4 16 -4.622 13.748 -12.081 -4.975 13.641 -12.011 -3.83 16.48 -12.238 -3.58 16.05 -12.288
4 16 -3.94 13.815 -12.217 -4.622 13.748 -12.081 -3.58 16.05 -12.288 -3.23 15.77 -12.358
4 16 -3.258 13.748 -12.352 -3.94 13.815 -12.217 -3.23 15.77 -12.358 -2.97 15.72 -12.409
4 16 -2.603 13.549 -12.482 -3.258 13.748 -12.352 -2.97 15.72 -12.409 -2.85 15.81 -12.433
4 16 -2.603 13.549 -12.482 -1.82 16.23 -12.638 -1.21 16.06 -12.759 -1.998 13.226 -12.603
4 16 -1.469 12.791 -12.708 -1.998 13.226 -12.603 -1.21 16.06 -12.759 -.63 16.08 -12.875
4 16 -1.469 12.791 -12.708 -.63 16.08 -12.875 0 16.2 -13 -1.034 12.262 -12.794
3 16 -.711 11.657 -12.859 -1.034 12.262 -12.794 0 16.2 -13
4 16 -.512 11.002 -12.898 -.711 11.657 -12.859 0 16.2 -13 0 10.71 -13
3 16 0 10.71 -13 -.48 10.71 -12.905 -.512 11.002 -12.898
4 16 -1.91 9.46 -12.62 -2.01 9.4 -12.6 -2.116 9.61 -12.579 -2.01 10.22 -12.6
4 16 -1.82 9.44 -12.638 -1.91 9.46 -12.62 -2.01 10.22 -12.6 -1.41 10.38 -12.72
3 16 -1.82 9.44 -12.638 -1.41 10.38 -12.72 -1.23 10.2 -12.755
3 16 -1.82 9.44 -12.638 -1.23 10.2 -12.755 -1.05 10.11 -12.791
4 16 -1.82 9.44 -12.638 -1.05 10.11 -12.791 -.91 10.09 -12.819 -.941 9.723 -12.813
4 16 -1.82 9.44 -12.638 -.941 9.723 -12.813 -1.115 9.15 -12.778 -1.86 9.3 -12.63
4 16 -1.86 9.3 -12.63 -1.115 9.15 -12.778 -1.397 8.621 -12.722 -2.05 8.97 -12.592
4 16 -2.05 8.97 -12.592 -1.397 8.621 -12.722 -1.778 8.158 -12.647 -2.29 8.72 -12.545
4 16 -2.29 8.72 -12.545 -1.778 8.158 -12.647 -2.241 7.777 -12.554 -2.68 8.43 -12.467
4 16 -2.68 8.43 -12.467 -2.241 7.777 -12.554 -2.77 7.495 -12.449 -3.13 8.27 -12.378
4 16 -3.13 8.27 -12.378 -2.77 7.495 -12.449 -3.343 7.321 -12.335 -3.57 8.24 -12.29
4 16 -3.57 8.24 -12.29 -3.343 7.321 -12.335 -3.94 7.262 -12.217 -4.03 8.33 -12.199
4 16 -4.03 8.33 -12.199 -3.94 7.262 -12.217 -4.537 7.321 -12.098 -4.39 8.48 -12.127
4 16 -4.39 8.48 -12.127 -4.537 7.321 -12.098 -4.975 7.454 -12.011 -4.7 8.69 -12.065
3 16 -4.975 7.454 -12.011 -4.975 8.91 -12.011 -4.7 8.69 -12.065
4 16 -4.79 10.22 -12.048 -4.86 9.68 -12.034 -4.975 9.689 -12.011 -4.975 13.186 -12.011
3 16 -4.684 9.61 -12.069 -4.86 9.68 -12.034 -4.79 10.22 -12.048
4 16 -4.684 10.83 -12.069 -4.79 10.22 -12.048 -4.975 13.186 -12.011 -4.537 13.319 -12.098
3 16 -4.684 10.83 -12.069 -4.537 13.319 -12.098 -4.383 11.348 -12.128
4 16 -3.932 11.694 -12.218 -4.383 11.348 -12.128 -4.537 13.319 -12.098 -3.94 13.378 -12.217
4 16 -3.4 11.815 -12.324 -3.932 11.694 -12.218 -3.94 13.378 -12.217 -3.343 13.319 -12.335
4 16 -3.4 11.815 -12.324 -3.343 13.319 -12.335 -2.77 13.145 -12.449 -2.868 11.694 -12.43
4 16 -2.868 11.694 -12.43 -2.77 13.145 -12.449 -2.241 12.863 -12.554 -2.417 11.348 -12.519
4 16 -2.417 11.348 -12.519 -2.241 12.863 -12.554 -1.778 12.483 -12.647 -1.397 12.019 -12.722
4 16 -1.38 11.33 -12.726 -2.417 11.348 -12.519 -1.397 12.019 -12.722 -1.115 11.49 -12.778
3 16 -1.45 11.18 -12.712 -2.417 11.348 -12.519 -1.38 11.33 -12.726
4 16 -2.417 11.348 -12.519 -1.45 11.18 -12.712 -1.49 11.02 -12.704 -2.116 10.83 -12.579
4 16 -2.116 10.83 -12.579 -1.49 11.02 -12.704 -1.48 10.57 -12.706 -2.01 10.22 -12.6
3 16 -2.01 10.22 -12.6 -1.48 10.57 -12.706 -1.41 10.38 -12.72
4 16 -4.975 6.999 -12.011 -4.622 6.892 -12.081 -4.84 6.37 -12.038 -4.975 6.396 -12.011
4 16 -4.16 6.37 -12.173 -4.84 6.37 -12.038 -4.622 6.892 -12.081 -3.94 6.825 -12.217
4 16 -3.61 6.44 -12.282 -4.16 6.37 -12.173 -3.94 6.825 -12.217 -3.258 6.892 -12.352
4 16 -3.02 6.62 -12.399 -3.61 6.44 -12.282 -3.258 6.892 -12.352 -2.603 7.091 -12.482
4 16 -2.53 6.84 -12.497 -3.02 6.62 -12.399 -2.603 7.091 -12.482 -2.13 7.11 -12.576
4 16 -2.13 7.11 -12.576 -2.603 7.091 -12.482 -1.998 7.414 -12.603 -1.78 7.37 -12.646
4 16 -1.55 7.49 -12.692 -1.78 7.37 -12.646 -1.998 7.414 -12.603 -1.469 7.849 -12.708
4 16 -1.41 7.49 -12.72 -1.55 7.49 -12.692 -1.469 7.849 -12.708 -1.034 8.378 -12.794
4 16 -.512 9.638 -12.898 -.46 10.2 -12.909 0 10.2 -13 0 4 -13
3 16 0 4 -13 -.711 8.983 -12.859 -.512 9.638 -12.898
4 16 -1.034 8.378 -12.794 -.711 8.983 -12.859 0 4 -13 -1.29 7.07 -12.743
3 16 -1.29 7.07 -12.743 -1.34 7.33 -12.734 -1.034 8.378 -12.794
3 16 -1.34 7.33 -12.734 -1.41 7.49 -12.72 -1.034 8.378 -12.794
3 16 0 4 -13 -1.51 6.74 -12.7 -1.29 7.07 -12.743
3 16 0 4 -13 -1.89 6.34 -12.624 -1.51 6.74 -12.7
3 16 0 4 -13 -2.28 6.06 -12.547 -1.89 6.34 -12.624
3 16 0 4 -13 -2.73 5.85 -12.457 -2.28 6.06 -12.547
3 16 0 4 -13 -3.18 5.73 -12.368 -2.73 5.85 -12.457
4 16 -3.73 5.67 -12.258 -3.18 5.73 -12.368 0 4 -13 -4.975 4 -12.011
3 16 -4.975 4 -12.011 -4.45 5.72 -12.115 -3.73 5.67 -12.258
3 16 -4.975 4 -12.011 -4.975 5.847 -12.011 -4.45 5.72 -12.115
3 0 -3.57 8.24 -12.29 -4.03 8.33 -12.199 -3.4 8.884 -12.324
3 0 -2.68 8.43 -12.467 -2.971 9.061 -12.409 -2.29 8.72 -12.545
4 92 0 16.2 -13 0 16.526 -13 .79 16.49 -12.843 .86 16.07 -12.829
4 92 .86 16.07 -12.829 .79 16.49 -12.843 1.47 16.39 -12.708 1.91 15.96 -12.62
4 92 1.91 15.96 -12.62 1.47 16.39 -12.708 2.19 16.28 -12.565 2.65 15.89 -12.473
4 92 2.65 15.89 -12.473 2.19 16.28 -12.565 2.89 16.17 -12.425 3.45 15.92 -12.314
3 92 3.45 15.92 -12.314 2.89 16.17 -12.425 3.58 16.03 -12.288
4 92 2.57 16.75 -12.489 2.08 16.91 -12.586 2.926 17 -12.418 3.4 16.5 -12.324
3 92 2.08 16.91 -12.586 1.597 17 -12.682 2.926 17 -12.418
4 0 .79 16.49 -12.843 0 16.526 -13 0 17 -13 1.597 17 -12.682
4 0 1.47 16.39 -12.708 .79 16.49 -12.843 1.597 17 -12.682 2.08 16.91 -12.586
4 0 2.19 16.28 -12.565 1.47 16.39 -12.708 2.08 16.91 -12.586 2.57 16.75 -12.489
4 0 2.89 16.17 -12.425 2.19 16.28 -12.565 2.57 16.75 -12.489 3.4 16.5 -12.324
4 0 3.58 16.03 -12.288 2.89 16.17 -12.425 3.4 16.5 -12.324 3.89 16.27 -12.226
4 0 4.09 15.9 -12.187 3.58 16.03 -12.288 3.89 16.27 -12.226 4.25 16.07 -12.155
3 0 4.35 15.75 -12.135 4.09 15.9 -12.187 4.25 16.07 -12.155
4 0 4.35 15.75 -12.135 4.25 16.07 -12.155 4.41 16.3 -12.123 4.76 15.91 -12.053
4 0 4.74 16.52 -12.057 4.76 15.91 -12.053 4.41 16.3 -12.123 4.45 16.61 -12.115
3 0 4.74 16.52 -12.057 4.45 16.61 -12.115 4.55 16.73 -12.095
4 0 4.58 15.44 -12.089 4.18 15.61 -12.169 4.35 15.75 -12.135 4.76 15.91 -12.053
4 0 4.18 15.61 -12.169 4.58 15.44 -12.089 4.26 15.18 -12.153 3.91 15.2 -12.223
3 0 3.91 15.2 -12.223 3.84 15.4 -12.236 4.18 15.61 -12.169
4 16 4.41 16.3 -12.123 4.25 16.07 -12.155 3.89 16.27 -12.226 4.45 16.61 -12.115
3 16 4.74 16.52 -12.057 4.55 16.73 -12.095 4.975 17 -12.011
3 16 4.55 16.73 -12.095 2.926 17 -12.418 4.975 17 -12.011
4 16 4.45 16.61 -12.115 3.4 16.5 -12.324 2.926 17 -12.418 4.55 16.73 -12.095
3 16 3.89 16.27 -12.226 3.4 16.5 -12.324 4.45 16.61 -12.115
4 16 4.09 15.9 -12.187 4.35 15.75 -12.135 4.18 15.61 -12.169 3.58 16.03 -12.288
4 16 3.45 15.92 -12.314 3.58 16.03 -12.288 4.18 15.61 -12.169 3.84 15.4 -12.236
4 16 2.65 15.89 -12.473 3.45 15.92 -12.314 3.84 15.4 -12.236 3.258 13.748 -12.352
4 16 .512 11.002 -12.898 0 10.71 -13 0 16.2 -13 .711 11.657 -12.859
3 16 .711 11.657 -12.859 0 16.2 -13 1.034 12.262 -12.794
4 16 1.469 12.791 -12.708 1.034 12.262 -12.794 0 16.2 -13 .86 16.07 -12.829
4 16 1.998 13.226 -12.603 1.469 12.791 -12.708 .86 16.07 -12.829 1.91 15.96 -12.62
4 16 2.603 13.549 -12.482 1.998 13.226 -12.603 1.91 15.96 -12.62 2.65 15.89 -12.473
3 16 2.603 13.549 -12.482 2.65 15.89 -12.473 3.258 13.748 -12.352
4 16 3.258 13.748 -12.352 3.84 15.4 -12.236 3.91 15.2 -12.223 3.94 13.815 -12.217
4 16 3.94 13.815 -12.217 3.91 15.2 -12.223 4.26 15.18 -12.153 4.622 13.748 -12.081
4 16 4.622 13.748 -12.081 4.26 15.18 -12.153 4.58 15.44 -12.089 4.975 13.641 -12.011
3 16 4.975 13.641 -12.011 4.58 15.44 -12.089 4.76 15.91 -12.053
4 16 4.76 15.91 -12.053 4.74 16.52 -12.057 4.975 17 -12.011 4.975 13.641 -12.011
4 0 2.794 9.49 -12.444 2.84 9.258 -12.435 2.116 9.61 -12.579 2.01 10.22 -12.6
4 0 2.84 9.722 -12.435 2.794 9.49 -12.444 2.01 10.22 -12.6 2.116 10.83 -12.579
4 0 2.971 9.919 -12.409 2.84 9.722 -12.435 2.116 10.83 -12.579 2.417 11.348 -12.519
4 0 3.168 10.05 -12.37 2.971 9.919 -12.409 2.417 11.348 -12.519 2.868 11.694 -12.43
4 0 3.4 10.096 -12.324 3.168 10.05 -12.37 2.868 11.694 -12.43 3.4 11.815 -12.324
4 0 3.632 10.05 -12.278 3.4 10.096 -12.324 3.4 11.815 -12.324 3.932 11.694 -12.218
4 0 3.829 9.919 -12.239 3.632 10.05 -12.278 3.932 11.694 -12.218 4.383 11.348 -12.128
4 0 3.96 9.722 -12.213 3.829 9.919 -12.239 4.383 11.348 -12.128 4.684 10.83 -12.069
4 0 4.006 9.49 -12.203 3.96 9.722 -12.213 4.684 10.83 -12.069 4.79 10.22 -12.048
4 0 3.96 9.258 -12.213 4.006 9.49 -12.203 4.79 10.22 -12.048 4.684 9.61 -12.069
4 0 3.829 9.061 -12.239 3.96 9.258 -12.213 4.684 9.61 -12.069 4.7 8.69 -12.065
4 0 3.632 8.93 -12.278 3.829 9.061 -12.239 4.7 8.69 -12.065 4.39 8.48 -12.127
4 0 3.4 8.884 -12.324 3.632 8.93 -12.278 4.39 8.48 -12.127 4.03 8.33 -12.199
4 0 3.168 8.93 -12.37 3.4 8.884 -12.324 3.57 8.24 -12.29 3.13 8.27 -12.378
4 0 2.971 9.061 -12.409 3.168 8.93 -12.37 3.13 8.27 -12.378 2.68 8.43 -12.467
4 0 2.84 9.258 -12.435 2.971 9.061 -12.409 2.29 8.72 -12.545 2.116 9.61 -12.579
4 15 4.006 9.49 -12.203 3.96 9.258 -12.213 3.4 9.49 -12.324 3.96 9.722 -12.213
4 15 3.829 9.919 -12.239 3.96 9.722 -12.213 3.4 9.49 -12.324 3.632 10.05 -12.278
4 15 3.4 10.096 -12.324 3.632 10.05 -12.278 3.4 9.49 -12.324 3.168 10.05 -12.37
4 15 2.971 9.919 -12.409 3.168 10.05 -12.37 3.4 9.49 -12.324 2.84 9.722 -12.435
4 15 2.794 9.49 -12.444 2.84 9.722 -12.435 3.4 9.49 -12.324 2.84 9.258 -12.435
4 15 2.971 9.061 -12.409 2.84 9.258 -12.435 3.4 9.49 -12.324 3.168 8.93 -12.37
4 15 3.4 8.884 -12.324 3.168 8.93 -12.37 3.4 9.49 -12.324 3.632 8.93 -12.278
4 15 3.829 9.061 -12.239 3.632 8.93 -12.278 3.4 9.49 -12.324 3.96 9.258 -12.213
4 82 4.975 13.641 -12.011 4.975 13.186 -12.011 4.537 13.319 -12.098 4.622 13.748 -12.081
4 82 4.622 13.748 -12.081 4.537 13.319 -12.098 3.94 13.378 -12.217 3.94 13.815 -12.217
4 82 3.94 13.815 -12.217 3.94 13.378 -12.217 3.343 13.319 -12.335 3.258 13.748 -12.352
4 82 3.258 13.748 -12.352 3.343 13.319 -12.335 2.77 13.145 -12.449 2.603 13.549 -12.482
4 82 2.603 13.549 -12.482 2.77 13.145 -12.449 2.241 12.863 -12.554 1.998 13.226 -12.603
4 82 1.998 13.226 -12.603 2.241 12.863 -12.554 1.778 12.483 -12.647 1.469 12.791 -12.708
4 82 1.469 12.791 -12.708 1.778 12.483 -12.647 1.397 12.019 -12.722 1.034 12.262 -12.794
4 82 1.034 12.262 -12.794 1.397 12.019 -12.722 1.115 11.49 -12.778 .711 11.657 -12.859
4 82 .711 11.657 -12.859 1.115 11.49 -12.778 .941 10.917 -12.813 .512 11.002 -12.898
4 82 .882 10.32 -12.825 .512 11.002 -12.898 .941 10.917 -12.813 1.48 10.57 -12.706
4 82 .512 9.638 -12.898 .46 10.2 -12.909 .941 9.723 -12.813 1.115 9.15 -12.778
4 82 .711 8.983 -12.859 .512 9.638 -12.898 1.115 9.15 -12.778 1.397 8.621 -12.722
4 82 1.034 8.378 -12.794 .711 8.983 -12.859 1.397 8.621 -12.722 1.778 8.158 -12.647
4 82 1.469 7.849 -12.708 1.034 8.378 -12.794 1.778 8.158 -12.647 2.241 7.777 -12.554
4 82 1.998 7.414 -12.603 1.469 7.849 -12.708 2.241 7.777 -12.554 2.77 7.495 -12.449
4 82 2.603 7.091 -12.482 1.998 7.414 -12.603 2.77 7.495 -12.449 3.343 7.321 -12.335
4 82 3.258 6.892 -12.352 2.603 7.091 -12.482 3.343 7.321 -12.335 3.94 7.262 -12.217
4 82 3.94 6.825 -12.217 3.258 6.892 -12.352 3.94 7.262 -12.217 4.537 7.321 -12.098
4 82 4.622 6.892 -12.081 3.94 6.825 -12.217 4.537 7.321 -12.098 4.975 7.454 -12.011
3 82 4.622 6.892 -12.081 4.975 7.454 -12.011 4.975 6.999 -12.011
4 82 .941 10.917 -12.813 1.115 11.49 -12.778 1.38 11.33 -12.726 1.45 11.18 -12.712
4 82 .941 10.917 -12.813 1.45 11.18 -12.712 1.49 11.02 -12.704 1.48 10.57 -12.706
4 82 .882 10.32 -12.825 1.48 10.57 -12.706 1.41 10.38 -12.72 1.23 10.2 -12.755
4 82 .882 10.32 -12.825 1.23 10.2 -12.755 1.05 10.11 -12.791 .91 10.09 -12.819
3 82 .941 9.723 -12.813 .46 10.2 -12.909 .882 10.32 -12.825
3 82 .882 10.32 -12.825 .91 10.09 -12.819 .941 9.723 -12.813
5 24 .882 10.32 -12.825 .941 9.723 -12.813 .91 10.09 -12.819 .46 10.2 -12.909
4 82 .46 10.2 -12.909 0 10.2 -13 0 10.71 -13 .48 10.71 -12.905
4 82 .882 10.32 -12.825 .46 10.2 -12.909 .48 10.71 -12.905 .512 11.002 -12.898
4 308 4.45 5.72 -12.115 4.84 6.37 -12.038 4.975 6.396 -12.011 4.975 5.847 -12.011
4 308 4.16 6.37 -12.173 4.84 6.37 -12.038 4.45 5.72 -12.115 3.73 5.67 -12.258
4 308 3.61 6.44 -12.282 4.16 6.37 -12.173 3.73 5.67 -12.258 3.18 5.73 -12.368
4 308 3.02 6.62 -12.399 3.61 6.44 -12.282 3.18 5.73 -12.368 2.73 5.85 -12.457
4 308 2.53 6.84 -12.497 3.02 6.62 -12.399 2.28 6.06 -12.547 1.89 6.34 -12.624
4 308 2.13 7.11 -12.576 2.53 6.84 -12.497 1.89 6.34 -12.624 1.51 6.74 -12.7
4 308 1.78 7.37 -12.646 2.13 7.11 -12.576 1.51 6.74 -12.7 1.29 7.07 -12.743
4 308 1.55 7.49 -12.692 1.78 7.37 -12.646 1.29 7.07 -12.743 1.34 7.33 -12.734
3 308 1.34 7.33 -12.734 1.41 7.49 -12.72 1.55 7.49 -12.692
3 308 2.73 5.85 -12.457 2.28 6.06 -12.547 3.02 6.62 -12.399
4 0 4.975 8.91 -12.011 4.684 9.61 -12.069 4.86 9.68 -12.034 4.975 9.689 -12.011
3 0 4.7 8.69 -12.065 4.684 9.61 -12.069 4.975 8.91 -12.011
4 0 2.116 9.61 -12.579 2.29 8.72 -12.545 2.05 8.97 -12.592 2.01 9.4 -12.6
4 0 2.01 9.4 -12.6 2.05 8.97 -12.592 1.86 9.3 -12.63 1.82 9.44 -12.638
3 0 2.01 9.4 -12.6 1.82 9.44 -12.638 1.91 9.46 -12.62
3 16 .48 10.71 -12.905 0 10.71 -13 .512 11.002 -12.898
4 16 2.116 9.61 -12.579 2.01 9.4 -12.6 1.91 9.46 -12.62 2.01 10.22 -12.6
4 16 2.01 10.22 -12.6 1.91 9.46 -12.62 1.82 9.44 -12.638 1.41 10.38 -12.72
3 16 1.82 9.44 -12.638 1.23 10.2 -12.755 1.41 10.38 -12.72
3 16 1.82 9.44 -12.638 1.05 10.11 -12.791 1.23 10.2 -12.755
4 16 .91 10.09 -12.819 1.05 10.11 -12.791 1.82 9.44 -12.638 .941 9.723 -12.813
4 16 1.115 9.15 -12.778 .941 9.723 -12.813 1.82 9.44 -12.638 1.86 9.3 -12.63
4 16 1.397 8.621 -12.722 1.115 9.15 -12.778 1.86 9.3 -12.63 2.05 8.97 -12.592
4 16 1.778 8.158 -12.647 1.397 8.621 -12.722 2.05 8.97 -12.592 2.29 8.72 -12.545
4 16 2.241 7.777 -12.554 1.778 8.158 -12.647 2.29 8.72 -12.545 2.68 8.43 -12.467
4 16 2.77 7.495 -12.449 2.241 7.777 -12.554 2.68 8.43 -12.467 3.13 8.27 -12.378
4 16 3.343 7.321 -12.335 2.77 7.495 -12.449 3.13 8.27 -12.378 3.57 8.24 -12.29
4 16 3.94 7.262 -12.217 3.343 7.321 -12.335 3.57 8.24 -12.29 4.03 8.33 -12.199
4 16 4.537 7.321 -12.098 3.94 7.262 -12.217 4.03 8.33 -12.199 4.39 8.48 -12.127
4 16 4.975 7.454 -12.011 4.537 7.321 -12.098 4.39 8.48 -12.127 4.7 8.69 -12.065
3 16 4.975 7.454 -12.011 4.7 8.69 -12.065 4.975 8.91 -12.011
4 16 4.975 9.689 -12.011 4.86 9.68 -12.034 4.79 10.22 -12.048 4.975 13.186 -12.011
3 16 4.684 9.61 -12.069 4.79 10.22 -12.048 4.86 9.68 -12.034
4 16 4.975 13.186 -12.011 4.79 10.22 -12.048 4.684 10.83 -12.069 4.537 13.319 -12.098
3 16 4.684 10.83 -12.069 4.383 11.348 -12.128 4.537 13.319 -12.098
4 16 4.537 13.319 -12.098 4.383 11.348 -12.128 3.932 11.694 -12.218 3.94 13.378 -12.217
4 16 3.94 13.378 -12.217 3.932 11.694 -12.218 3.4 11.815 -12.324 3.343 13.319 -12.335
4 16 2.77 13.145 -12.449 3.343 13.319 -12.335 3.4 11.815 -12.324 2.868 11.694 -12.43
4 16 2.241 12.863 -12.554 2.77 13.145 -12.449 2.868 11.694 -12.43 2.417 11.348 -12.519
4 16 1.778 12.483 -12.647 2.241 12.863 -12.554 2.417 11.348 -12.519 1.397 12.019 -12.722
4 16 1.397 12.019 -12.722 2.417 11.348 -12.519 1.38 11.33 -12.726 1.115 11.49 -12.778
3 16 1.45 11.18 -12.712 1.38 11.33 -12.726 2.417 11.348 -12.519
4 16 1.49 11.02 -12.704 1.45 11.18 -12.712 2.417 11.348 -12.519 2.116 10.83 -12.579
4 16 1.48 10.57 -12.706 1.49 11.02 -12.704 2.116 10.83 -12.579 2.01 10.22 -12.6
3 16 2.01 10.22 -12.6 1.41 10.38 -12.72 1.48 10.57 -12.706
4 16 4.84 6.37 -12.038 4.622 6.892 -12.081 4.975 6.999 -12.011 4.975 6.396 -12.011
4 16 4.622 6.892 -12.081 4.84 6.37 -12.038 4.16 6.37 -12.173 3.94 6.825 -12.217
4 16 3.94 6.825 -12.217 4.16 6.37 -12.173 3.61 6.44 -12.282 3.258 6.892 -12.352
4 16 3.258 6.892 -12.352 3.61 6.44 -12.282 3.02 6.62 -12.399 2.603 7.091 -12.482
4 16 2.603 7.091 -12.482 3.02 6.62 -12.399 2.53 6.84 -12.497 2.13 7.11 -12.576
4 16 1.998 7.414 -12.603 2.603 7.091 -12.482 2.13 7.11 -12.576 1.78 7.37 -12.646
4 16 1.998 7.414 -12.603 1.78 7.37 -12.646 1.55 7.49 -12.692 1.469 7.849 -12.708
4 16 1.469 7.849 -12.708 1.55 7.49 -12.692 1.41 7.49 -12.72 1.034 8.378 -12.794
4 16 0 10.2 -13 .46 10.2 -12.909 .512 9.638 -12.898 0 4 -13
3 16 0 4 -13 .512 9.638 -12.898 .711 8.983 -12.859
4 16 0 4 -13 .711 8.983 -12.859 1.034 8.378 -12.794 1.29 7.07 -12.743
3 16 1.29 7.07 -12.743 1.034 8.378 -12.794 1.34 7.33 -12.734
3 16 1.34 7.33 -12.734 1.034 8.378 -12.794 1.41 7.49 -12.72
3 16 0 4 -13 1.29 7.07 -12.743 1.51 6.74 -12.7
3 16 0 4 -13 1.51 6.74 -12.7 1.89 6.34 -12.624
3 16 0 4 -13 1.89 6.34 -12.624 2.28 6.06 -12.547
3 16 0 4 -13 2.28 6.06 -12.547 2.73 5.85 -12.457
3 16 0 4 -13 2.73 5.85 -12.457 3.18 5.73 -12.368
4 16 0 4 -13 3.18 5.73 -12.368 3.73 5.67 -12.258 4.975 4 -12.011
3 16 4.975 4 -12.011 3.73 5.67 -12.258 4.45 5.72 -12.115
3 16 4.975 4 -12.011 4.45 5.72 -12.115 4.975 5.847 -12.011
3 0 3.57 8.24 -12.29 3.4 8.884 -12.324 4.03 8.33 -12.199
3 0 2.68 8.43 -12.467 2.29 8.72 -12.545 2.971 9.061 -12.409
3 16 9.192 10.446 -9.192 8.14 10.92 -9.896 9.192 17 -9.192
3 16 8.14 10.92 -9.896 7.82 11 -10.109 9.192 17 -9.192
4 16 9.192 17 -9.192 7.82 11 -10.109 7.368 11.002 -10.412 7.169 11.657 -10.545
3 16 7.169 11.657 -10.545 6.846 12.262 -10.76 9.192 17 -9.192
4 16 4.975 17 -12.011 9.192 17 -9.192 6.411 12.791 -11.051 5.882 13.226 -11.405
3 16 5.882 13.226 -11.405 5.277 13.549 -11.809 4.975 17 -12.011
3 16 5.277 13.549 -11.809 4.975 13.641 -12.011 4.975 17 -12.011
3 16 6.846 12.262 -10.76 6.411 12.791 -11.051 9.192 17 -9.192
4 82 7.368 9.638 -10.412 6.939 9.723 -10.698 6.998 10.32 -10.659 7.38 9.8 -10.403
4 82 7.38 9.8 -10.403 6.998 10.32 -10.659 6.939 10.917 -10.698 7.368 11.002 -10.412
4 82 7.368 11.002 -10.412 6.939 10.917 -10.698 6.765 11.49 -10.814 7.169 11.657 -10.545
4 82 7.169 11.657 -10.545 6.765 11.49 -10.814 6.483 12.019 -11.003 6.846 12.262 -10.76
4 82 6.846 12.262 -10.76 6.483 12.019 -11.003 6.103 12.483 -11.257 6.411 12.791 -11.051
4 82 6.411 12.791 -11.051 6.103 12.483 -11.257 5.639 12.863 -11.567 5.882 13.226 -11.405
4 82 5.882 13.226 -11.405 5.639 12.863 -11.567 5.11 13.145 -11.92 5.277 13.549 -11.809
4 82 5.277 13.549 -11.809 5.11 13.145 -11.92 4.975 13.186 -12.011 4.975 13.641 -12.011
4 82 5.11 7.495 -11.92 5.277 7.091 -11.809 4.975 6.999 -12.011 4.975 7.454 -12.011
4 82 5.277 7.091 -11.809 5.11 7.495 -11.92 5.639 7.777 -11.567 5.882 7.414 -11.405
4 82 5.882 7.414 -11.405 5.639 7.777 -11.567 6.103 8.158 -11.257 6.411 7.849 -11.051
4 82 6.411 7.849 -11.051 6.103 8.158 -11.257 6.483 8.621 -11.003 6.846 8.378 -10.76
4 82 6.846 8.378 -10.76 6.483 8.621 -11.003 6.765 9.15 -10.814 7.169 8.983 -10.545
4 82 7.169 8.983 -10.545 6.765 9.15 -10.814 6.939 9.723 -10.698 7.368 9.638 -10.412
4 82 7.38 9.8 -10.403 7.368 11.002 -10.412 7.82 11 -10.109 8.14 10.92 -9.896
4 82 8.15 9.8 -9.889 7.38 9.8 -10.403 8.14 10.92 -9.896 9.192 10.446 -9.192
3 82 9.192 9.58 -9.192 8.15 9.8 -9.889 9.192 10.446 -9.192
4 308 5.79 6.65 -11.466 5.98 6.69 -11.339 5.88 6.45 -11.406 5.61 6.18 -11.586
4 308 5.36 6.47 -11.753 5.79 6.65 -11.466 5.61 6.18 -11.586 5.11 5.88 -11.921
4 308 4.975 6.396 -12.011 5.36 6.47 -11.753 5.11 5.88 -11.921 4.975 5.847 -12.011
4 0 5.11 9.7 -11.921 5.13 9.12 -11.907 4.975 8.91 -12.011 4.975 9.689 -12.011
4 0 5.13 9.12 -11.907 5.11 9.7 -11.921 5.36 9.63 -11.753 5.53 9.46 -11.64
4 0 5.35 9.13 -11.76 5.13 9.12 -11.907 5.53 9.46 -11.64 5.62 9.29 -11.58
4 0 5.51 9.1 -11.653 5.35 9.13 -11.76 5.62 9.29 -11.58 5.61 9.13 -11.586
4 16 5.11 7.495 -11.92 4.975 7.454 -12.011 4.975 8.91 -12.011 5.639 7.777 -11.567
4 16 5.639 7.777 -11.567 4.975 8.91 -12.011 5.13 9.12 -11.907 5.35 9.13 -11.76
4 16 5.639 7.777 -11.567 5.35 9.13 -11.76 5.51 9.1 -11.653 6.103 8.158 -11.257
4 16 6.103 8.158 -11.257 5.51 9.1 -11.653 5.61 9.13 -11.586 6.483 8.621 -11.003
4 16 6.765 9.15 -10.814 6.483 8.621 -11.003 5.61 9.13 -11.586 5.62 9.29 -11.58
4 16 6.765 9.15 -10.814 5.62 9.29 -11.58 5.53 9.46 -11.64 6.939 9.723 -10.698
4 16 6.939 9.723 -10.698 5.53 9.46 -11.64 5.36 9.63 -11.753 6.998 10.32 -10.659
4 16 6.939 10.917 -10.698 6.998 10.32 -10.659 4.975 13.186 -12.011 5.11 13.145 -11.92
4 16 6.939 10.917 -10.698 5.11 13.145 -11.92 5.639 12.863 -11.567 6.103 12.483 -11.257
4 16 6.103 12.483 -11.257 6.483 12.019 -11.003 6.765 11.49 -10.814 6.939 10.917 -10.698
3 16 5.79 6.65 -11.466 5.882 7.414 -11.405 5.98 6.69 -11.339
4 16 5.882 7.414 -11.405 5.79 6.65 -11.466 5.36 6.47 -11.753 5.277 7.091 -11.809
4 16 5.277 7.091 -11.809 5.36 6.47 -11.753 4.975 6.396 -12.011 4.975 6.999 -12.011
3 16 4.975 4 -12.011 4.975 5.847 -12.011 5.11 5.88 -11.921
4 16 4.975 4 -12.011 5.11 5.88 -11.921 5.61 6.18 -11.586 9.192 4 -9.192
3 16 9.192 4 -9.192 5.61 6.18 -11.586 5.88 6.45 -11.406
3 16 9.192 4 -9.192 5.88 6.45 -11.406 5.98 6.69 -11.339
4 16 9.192 4 -9.192 5.98 6.69 -11.339 5.882 7.414 -11.405 6.411 7.849 -11.051
3 16 9.192 4 -9.192 6.411 7.849 -11.051 6.846 8.378 -10.76
3 16 9.192 4 -9.192 6.846 8.378 -10.76 7.169 8.983 -10.545
4 16 9.192 4 -9.192 7.169 8.983 -10.545 7.368 9.638 -10.412 8.15 9.8 -9.889
3 16 7.368 9.638 -10.412 7.38 9.8 -10.403 8.15 9.8 -9.889
3 16 9.192 4 -9.192 8.15 9.8 -9.889 9.192 9.58 -9.192
3 16 4.975 9.689 -12.011 4.975 13.186 -12.011 5.11 9.7 -11.921
4 16 5.36 9.63 -11.753 5.11 9.7 -11.921 4.975 13.186 -12.011 6.998 10.32 -10.659
4 16 12.011 17 -4.975 11.69 9.32 -5.455 9.192 10.446 -9.192 9.192 17 -9.192
3 16 12.011 4 -4.975 11.69 9.32 -5.455 12.011 17 -4.975
4 82 9.192 9.58 -9.192 9.192 10.446 -9.192 11.69 9.32 -5.455 11.46 9.1 -5.799
4 16 9.192 4 -9.192 9.192 9.58 -9.192 11.46 9.1 -5.799 12.011 4 -4.975
3 16 12.011 4 -4.975 11.46 9.1 -5.799 11.69 9.32 -5.455
4 92 .65 17.11 -12.843 0 17.133 -12.967 0 18.129 -12.719 .87 18.12 -12.548
4 92 1.597 17 -12.682 .65 17.11 -12.843 .87 18.12 -12.548 1.67 17.86 -12.454
4 92 1.597 17 -12.682 1.67 17.86 -12.454 2.32 17.47 -12.422 2.926 17 -12.418
4 0 0 17 -13 0 17.133 -12.967 .65 17.11 -12.843 1.597 17 -12.682
4 16 4.83 18.531 -11.659 4.975 17 -12.011 2.926 17 -12.418 2.32 17.47 -12.422
4 16 .87 18.12 -12.548 0 18.129 -12.719 0 18.531 -12.619 4.83 18.531 -11.659
3 16 1.67 17.86 -12.454 .87 18.12 -12.548 4.83 18.531 -11.659
3 16 2.32 17.47 -12.422 1.67 17.86 -12.454 4.83 18.531 -11.659
4 92 -1.661 17 -12.67 -2.38 17 -12.527 -2.05 17.33 -12.51 -.89 17.09 -12.801
4 92 -.89 17.09 -12.801 -2.05 17.33 -12.51 -1.41 17.72 -12.541 -.69 18.03 -12.607
4 92 -.2 17.13 -12.928 -.89 17.09 -12.801 -.69 18.03 -12.607 0 18.129 -12.719
3 92 -.2 17.13 -12.928 0 18.129 -12.719 0 17.133 -12.967
3 0 -.954 17 -12.81 -1.661 17 -12.67 -.89 17.09 -12.801
4 0 0 17 -13 -.954 17 -12.81 -.89 17.09 -12.801 -.2 17.13 -12.928
3 0 0 17 -13 -.2 17.13 -12.928 0 17.133 -12.967
4 16 -2.05 17.33 -12.51 -2.38 17 -12.527 -4.975 17 -12.011 -4.83 18.531 -11.659
3 16 -2.05 17.33 -12.51 -4.83 18.531 -11.659 -1.41 17.72 -12.541
4 16 -.69 18.03 -12.607 -1.41 17.72 -12.541 -4.83 18.531 -11.659 0 18.531 -12.619
3 16 -.69 18.03 -12.607 0 18.531 -12.619 0 18.129 -12.719

0 // FACE Front Lines 3-8
5 24 -12.0107 4 -4.9751 -12.0107 17 -4.9751 -9.1923 4 -9.1923 -13 4 0
5 24 -9.1923 4 -9.1923 -9.1923 17 -9.1923 -4.9751 4 -12.0107 -12.0107 4 -4.9751
5 24 -4.9751 4 -12.0107 -4.9751 17 -12.0107 0 4 -13 -9.1923 4 -9.1923
5 24 0 4 -13 0 17 -13 4.9751 4 -12.0107 -4.9751 4 -12.0107
5 24 4.9751 4 -12.0107 4.9751 17 -12.0107 9.1923 4 -9.1923 0 4 -13
5 24 9.1923 4 -9.1923 9.1923 17 -9.1923 12.0107 4 -4.9751 4.9751 4 -12.0107
5 24 12.0107 4 -4.9751 12.0107 17 -4.9751 13 4 0 9.1923 4 -9.1923

0 // CHIN Front Lines 1-4 Center
5 24 -5.6568 21 -5.6568 -3.0616 21 -7.3912 -7.0096 20.69536 -7.0096 -4.192 21 -4.192
5 24 -5.6568 21 -5.6568 -7.0096 20.69536 -7.0096 -3.0616 21 -7.3912 -7.3912 21 -3.0616
5 24 -7.0096 20.69536 -7.0096 -3.7936 20.69536 -9.1592 -8.1568 19.82816 -8.1568 -5.6568 21 -5.6568
5 24 -7.0096 20.69536 -7.0096 -8.1568 19.82816 -8.1568 -3.7936 20.69536 -9.1592 -9.1592 20.69536 -3.7936
5 24 -8.1568 19.82816 -8.1568 -4.4144 19.82816 -10.6576 -8.9232 18.53088 -8.9232 -7.0096 20.69536 -7.0096
5 24 -8.1568 19.82816 -8.1568 -8.9232 18.53088 -8.9232 -4.4144 19.82816 -10.6576 -10.6576 19.82816 -4.4144
5 24 -8.9232 18.53088 -8.9232 -4.8296 18.53088 -11.6592 -9.192 17 -9.192 -8.1568 19.82816 -8.1568
5 24 -8.9232 18.53088 -8.9232 -9.192 17 -9.192 -4.8296 18.53088 -11.6592 -11.6592 18.53088 -4.8296
5 24 -9.192 17 -9.192 -4.9752 17 -12.0104 -9.192 15.34304 -9.192 -8.9232 18.53088 -8.9232
5 24 -3.0616 21 -7.3912 0 21 -8 -3.7936 20.69536 -9.1592 -2.2688 21 -5.4776
5 24 -3.0616 21 -7.3912 -3.7936 20.69536 -9.1592 0 21 -8 -5.6568 21 -5.6568
5 24 -3.7936 20.69536 -9.1592 0 20.69536 -9.9136 -4.4144 19.82816 -10.6576 -3.0616 21 -7.3912
5 24 -3.7936 20.69536 -9.1592 -4.4144 19.82816 -10.6576 0 20.69536 -9.9136 -7.0096 20.69536 -7.0096
5 24 -4.4144 19.82816 -10.6576 0 19.82816 -11.5352 -4.8296 18.53088 -11.6592 -3.7936 20.69536 -9.1592
5 24 -4.4144 19.82816 -10.6576 -4.8296 18.53088 -11.6592 0 19.82816 -11.5352 -8.1568 19.82816 -8.1568
5 24 -4.8296 18.53088 -11.6592 0 18.53088 -12.6192 -4.9752 17 -12.0104 -4.4144 19.82816 -10.6576
5 24 -4.8296 18.53088 -11.6592 -4.9752 17 -12.0104 0 18.53088 -12.6192 -8.9232 18.53088 -8.9232
5 24 -4.9752 17 -12.0104 0 17 -13 -4.9752 15.34304 -12.0104 -4.8296 18.53088 -11.6592
5 24 0 21 -8 0 20.69536 -9.9136 3.0616 21 -7.3912 -3.0616 21 -7.3912
5 24 0 20.69536 -9.9136 0 19.82816 -11.5352 3.7936 20.69536 -9.1592 -3.7936 20.69536 -9.1592
5 24 0 19.82816 -11.5352 0 18.53088 -12.6192 4.4144 19.82816 -10.6576 -4.4144 19.82816 -10.6576
5 24 0 18.53088 -12.6192 0 17 -13 4.8296 18.53088 -11.6592 -4.8296 18.53088 -11.6592
5 24 5.6568 21 -5.6568 3.0616 21 -7.3912 7.0096 20.69536 -7.0096 4.192 21 -4.192
5 24 5.6568 21 -5.6568 7.0096 20.69536 -7.0096 3.0616 21 -7.3912 7.3912 21 -3.0616
5 24 7.0096 20.69536 -7.0096 3.7936 20.69536 -9.1592 8.1568 19.82816 -8.1568 5.6568 21 -5.6568
5 24 7.0096 20.69536 -7.0096 8.1568 19.82816 -8.1568 3.7936 20.69536 -9.1592 9.1592 20.69536 -3.7936
5 24 8.1568 19.82816 -8.1568 4.4144 19.82816 -10.6576 8.9232 18.53088 -8.9232 7.0096 20.69536 -7.0096
5 24 8.1568 19.82816 -8.1568 8.9232 18.53088 -8.9232 4.4144 19.82816 -10.6576 10.6576 19.82816 -4.4144
5 24 8.9232 18.53088 -8.9232 4.8296 18.53088 -11.6592 9.192 17 -9.192 8.1568 19.82816 -8.1568
5 24 8.9232 18.53088 -8.9232 9.192 17 -9.192 4.8296 18.53088 -11.6592 11.6592 18.53088 -4.8296
5 24 9.192 17 -9.192 4.9752 17 -12.0104 9.192 15.34304 -9.192 8.9232 18.53088 -8.9232
5 24 3.0616 21 -7.3912 0 21 -8 3.7936 20.69536 -9.1592 2.2688 21 -5.4776
5 24 3.0616 21 -7.3912 3.7936 20.69536 -9.1592 0 21 -8 5.6568 21 -5.6568
5 24 3.7936 20.69536 -9.1592 0 20.69536 -9.9136 4.4144 19.82816 -10.6576 3.0616 21 -7.3912
5 24 3.7936 20.69536 -9.1592 4.4144 19.82816 -10.6576 0 20.69536 -9.9136 7.0096 20.69536 -7.0096
5 24 4.4144 19.82816 -10.6576 0 19.82816 -11.5352 4.8296 18.53088 -11.6592 3.7936 20.69536 -9.1592
5 24 4.4144 19.82816 -10.6576 4.8296 18.53088 -11.6592 0 19.82816 -11.5352 8.1568 19.82816 -8.1568
5 24 4.8296 18.53088 -11.6592 0 18.53088 -12.6192 4.9752 17 -12.0104 4.4144 19.82816 -10.6576
5 24 4.8296 18.53088 -11.6592 4.9752 17 -12.0104 0 18.53088 -12.6192 8.9232 18.53088 -8.9232
5 24 4.9752 17 -12.0104 0 17 -13 4.9752 15.34304 -12.0104 4.8296 18.53088 -11.6592

0 // Face Back
4 16 -5.657 21 5.657 -7.01 20.695 7.01 -3.794 20.695 9.159 -3.062 21 7.391
4 16 -3.062 21 7.391 -3.794 20.695 9.159 0 20.695 9.914 0 21 8
4 16 3.0616 21 7.3912 0 21 8 0 20.695 9.914 3.794 20.695 9.159
4 16 5.6568 21 5.6568 3.0616 21 7.3912 3.794 20.695 9.159 7.01 20.695 7.01
4 82 11.69 9.32 5.455 9.192 10.446 9.193 9.192 9.58 9.193 11.46 9.1 5.799
4 16 11.46 9.1 5.799 9.192 9.58 9.193 9.192 4 9.192 12.011 4 4.975
3 16 12.011 4 4.975 11.69 9.32 5.455 11.46 9.1 5.799
3 16 12.011 4 4.975 12.011 17 4.975 11.69 9.32 5.455
4 16 9.192 10.446 9.193 11.69 9.32 5.455 12.011 17 4.975 9.192 17 9.192
4 82 6.998 10.32 10.659 6.939 9.723 10.698 7.368 9.638 10.412 7.38 9.8 10.403
4 82 6.939 10.917 10.698 6.998 10.32 10.659 7.38 9.8 10.403 7.368 11.002 10.412
4 82 6.765 11.49 10.814 6.939 10.917 10.698 7.368 11.002 10.412 7.169 11.657 10.545
4 82 6.483 12.019 11.003 6.765 11.49 10.814 7.169 11.657 10.545 6.846 12.262 10.76
4 82 6.103 12.483 11.257 6.483 12.019 11.003 6.846 12.262 10.76 6.411 12.791 11.051
4 82 5.639 12.863 11.567 6.103 12.483 11.257 6.411 12.791 11.051 5.882 13.226 11.405
4 82 5.11 13.145 11.92 5.639 12.863 11.567 5.882 13.226 11.405 5.277 13.549 11.809
4 82 4.975 13.186 12.011 5.11 13.145 11.92 5.277 13.549 11.809 4.975 13.641 12.011
4 82 4.975 6.999 12.011 5.277 7.091 11.809 5.11 7.495 11.92 4.975 7.454 12.011
4 82 5.639 7.777 11.567 5.11 7.495 11.92 5.277 7.091 11.809 5.882 7.414 11.405
4 82 6.103 8.158 11.257 5.639 7.777 11.567 5.882 7.414 11.405 6.411 7.849 11.051
4 82 6.483 8.621 11.003 6.103 8.158 11.257 6.411 7.849 11.051 6.846 8.378 10.76
4 82 6.765 9.15 10.814 6.483 8.621 11.003 6.846 8.378 10.76 7.169 8.983 10.545
4 82 6.939 9.723 10.698 6.765 9.15 10.814 7.169 8.983 10.545 7.368 9.638 10.412
4 82 7.82 11 10.109 7.368 11.002 10.412 7.38 9.8 10.403 8.14 10.92 9.896
4 82 8.14 10.92 9.896 7.38 9.8 10.403 8.15 9.8 9.889 9.192 10.446 9.193
3 82 9.192 9.58 9.193 9.192 10.446 9.193 8.15 9.8 9.889
4 308 5.868 6.681 11.414 5.949 6.913 11.36 5.767 6.844 11.481 5.623 6.372 11.578
4 308 5.623 6.372 11.578 5.767 6.844 11.481 5.371 6.599 11.746 5.206 5.977 11.856
4 308 4.975 6.283 12.011 5.206 5.977 11.856 5.371 6.599 11.746 4.975 6.456 12.011
4 0 4.975 8.69 12.011 5.13 8.9 11.907 5.11 9.48 11.921 4.975 9.469 12.011
4 0 5.36 9.41 11.753 5.11 9.48 11.921 5.13 8.9 11.907 5.53 9.24 11.64
4 0 5.53 9.24 11.64 5.13 8.9 11.907 5.35 8.91 11.76 5.62 9.07 11.58
4 0 5.62 9.07 11.58 5.35 8.91 11.76 5.51 8.88 11.653 5.61 8.91 11.586
3 16 4.975 8.69 12.011 4.975 7.454 12.011 5.11 7.495 11.92
3 16 5.11 7.495 11.92 5.639 7.777 11.567 4.975 8.69 12.011
4 16 5.13 8.9 11.907 4.975 8.69 12.011 5.639 7.777 11.567 5.35 8.91 11.76
4 16 5.51 8.88 11.653 5.35 8.91 11.76 5.639 7.777 11.567 6.103 8.158 11.257
4 16 5.61 8.91 11.586 5.51 8.88 11.653 6.103 8.158 11.257 6.483 8.621 11.003
4 16 5.61 8.91 11.586 6.483 8.621 11.003 6.765 9.15 10.814 5.62 9.07 11.58
4 16 5.53 9.24 11.64 5.62 9.07 11.58 6.765 9.15 10.814 6.939 9.723 10.698
4 16 5.36 9.41 11.753 5.53 9.24 11.64 6.939 9.723 10.698 6.998 10.32 10.659
4 16 4.975 13.186 12.011 6.998 10.32 10.659 6.939 10.917 10.698 5.11 13.145 11.92
4 16 5.639 12.863 11.567 5.11 13.145 11.92 6.939 10.917 10.698 6.103 12.483 11.257
4 16 6.765 11.49 10.814 6.483 12.019 11.003 6.103 12.483 11.257 6.939 10.917 10.698
3 16 5.767 6.844 11.481 5.949 6.913 11.36 5.882 7.414 11.405
4 16 5.371 6.599 11.746 5.767 6.844 11.481 5.882 7.414 11.405 5.277 7.091 11.809
4 16 4.975 6.456 12.011 5.371 6.599 11.746 5.277 7.091 11.809 4.975 6.589 12.011
3 16 4.975 6.589 12.011 5.277 7.091 11.809 4.975 6.999 12.011
4 16 5.623 6.372 11.578 5.206 5.977 11.856 4.975 4 12.011 9.192 4 9.192
3 16 9.192 4 9.192 5.868 6.681 11.414 5.623 6.372 11.578
3 16 9.192 4 9.192 5.949 6.913 11.36 5.868 6.681 11.414
4 16 5.882 7.414 11.405 5.949 6.913 11.36 9.192 4 9.192 6.411 7.849 11.051
3 16 9.192 4 9.192 6.846 8.378 10.76 6.411 7.849 11.051
3 16 9.192 4 9.192 7.169 8.983 10.545 6.846 8.378 10.76
4 16 7.368 9.638 10.412 7.169 8.983 10.545 9.192 4 9.192 8.15 9.8 9.889
3 16 7.368 9.638 10.412 8.15 9.8 9.889 7.38 9.8 10.403
3 16 9.192 4 9.192 9.192 9.58 9.193 8.15 9.8 9.889
3 16 9.192 10.446 9.193 9.192 17 9.192 8.14 10.92 9.896
3 16 8.14 10.92 9.896 9.192 17 9.192 7.82 11 10.109
4 16 7.368 11.002 10.412 7.82 11 10.109 9.192 17 9.192 7.169 11.657 10.545
3 16 7.169 11.657 10.545 9.192 17 9.192 6.846 12.262 10.76
3 16 6.846 12.262 10.76 9.192 17 9.192 6.411 12.791 11.051
3 16 4.975 9.469 12.011 5.11 9.48 11.921 4.975 13.186 12.011
4 16 4.975 13.186 12.011 5.11 9.48 11.921 5.36 9.41 11.753 6.998 10.32 10.659
3 308 4.975 5.879 12.011 5.206 5.977 11.856 4.975 6.283 12.011
3 16 4.975 4 12.011 5.206 5.977 11.856 4.975 5.879 12.011
3 0 4.975 15.68 12.011 5.07 16.22 11.947 4.975 16.31 12.011
4 16 5.07 16.22 11.947 9.192 17 9.192 4.975 17 12.011 4.975 16.655 12.011
3 16 5.07 16.22 11.947 4.975 16.655 12.011 4.975 16.31 12.011
4 16 9.192 17 9.192 5.07 16.22 11.947 4.975 15.68 12.011 5.882 13.226 11.405
3 16 6.411 12.791 11.051 9.192 17 9.192 5.882 13.226 11.405
3 16 5.882 13.226 11.405 4.975 15.68 12.011 5.277 13.549 11.809
3 16 5.277 13.549 11.809 4.975 15.68 12.011 4.975 13.641 12.011
4 308 4.975 6.283 12.011 4.975 6.456 12.011 4.873 6.419 12.031 4.589 5.716 12.087
3 16 4.873 6.419 12.031 4.975 6.456 12.011 4.975 6.589 12.011
4 16 4.873 6.419 12.031 4.975 6.589 12.011 4.975 6.999 12.011 4.622 6.892 12.081
4 0 2.116 9.39 12.579 2.84 9.038 12.435 2.794 9.27 12.444 2.01 10 12.6
4 0 2.01 10 12.6 2.794 9.27 12.444 2.84 9.502 12.435 2.116 10.61 12.579
4 0 2.116 10.61 12.579 2.84 9.502 12.435 2.971 9.699 12.409 2.417 11.128 12.519
4 0 2.417 11.128 12.519 2.971 9.699 12.409 3.168 9.83 12.37 2.868 11.474 12.43
4 0 2.868 11.474 12.43 3.168 9.83 12.37 3.4 9.876 12.324 3.4 11.595 12.324
4 0 3.4 11.595 12.324 3.4 9.876 12.324 3.632 9.83 12.278 3.932 11.474 12.218
4 0 3.932 11.474 12.218 3.632 9.83 12.278 3.829 9.699 12.239 4.383 11.128 12.128
4 0 4.383 11.128 12.128 3.829 9.699 12.239 3.96 9.502 12.213 4.684 10.61 12.069
4 0 4.684 10.61 12.069 3.96 9.502 12.213 4.006 9.27 12.203 4.79 10 12.048
4 0 4.79 10 12.048 4.006 9.27 12.203 3.96 9.038 12.213 4.684 9.39 12.069
4 0 4.684 9.39 12.069 3.96 9.038 12.213 3.829 8.841 12.239 4.7 8.47 12.065
4 0 4.7 8.47 12.065 3.829 8.841 12.239 3.632 8.71 12.278 4.39 8.26 12.127
4 0 4.39 8.26 12.127 3.632 8.71 12.278 3.4 8.664 12.324 4.03 8.11 12.199
4 0 3.57 8.02 12.29 3.4 8.664 12.324 3.168 8.71 12.37 3.13 8.05 12.378
4 0 3.13 8.05 12.378 3.168 8.71 12.37 2.971 8.841 12.409 2.68 8.21 12.467
4 0 2.29 8.5 12.545 2.971 8.841 12.409 2.84 9.038 12.435 2.116 9.39 12.579
4 15 3.4 9.27 12.324 3.96 9.038 12.213 4.006 9.27 12.203 3.96 9.502 12.213
4 15 3.4 9.27 12.324 3.96 9.502 12.213 3.829 9.699 12.239 3.632 9.83 12.278
4 15 3.4 9.27 12.324 3.632 9.83 12.278 3.4 9.876 12.324 3.168 9.83 12.37
4 15 3.4 9.27 12.324 3.168 9.83 12.37 2.971 9.699 12.409 2.84 9.502 12.435
4 15 3.4 9.27 12.324 2.84 9.502 12.435 2.794 9.27 12.444 2.84 9.038 12.435
4 15 3.4 9.27 12.324 2.84 9.038 12.435 2.971 8.841 12.409 3.168 8.71 12.37
4 15 3.4 9.27 12.324 3.168 8.71 12.37 3.4 8.664 12.324 3.632 8.71 12.278
4 15 3.4 9.27 12.324 3.632 8.71 12.278 3.829 8.841 12.239 3.96 9.038 12.213
4 82 4.537 13.319 12.098 4.975 13.186 12.011 4.975 13.641 12.011 4.622 13.748 12.081
4 82 3.94 13.378 12.217 4.537 13.319 12.098 4.622 13.748 12.081 3.94 13.815 12.217
4 82 3.343 13.319 12.335 3.94 13.378 12.217 3.94 13.815 12.217 3.258 13.748 12.352
4 82 2.77 13.145 12.449 3.343 13.319 12.335 3.258 13.748 12.352 2.603 13.549 12.482
4 82 2.241 12.863 12.554 2.77 13.145 12.449 2.603 13.549 12.482 1.998 13.226 12.603
4 82 1.778 12.483 12.647 2.241 12.863 12.554 1.998 13.226 12.603 1.469 12.791 12.708
4 82 1.397 12.019 12.722 1.778 12.483 12.647 1.469 12.791 12.708 1.034 12.262 12.794
4 82 1.115 11.49 12.778 1.397 12.019 12.722 1.034 12.262 12.794 .711 11.657 12.859
4 82 .941 10.917 12.813 1.115 11.49 12.778 .711 11.657 12.859 .512 11.002 12.898
4 82 .941 10.917 12.813 .512 11.002 12.898 .882 10.32 12.825 1.48 10.57 12.706
4 82 .941 9.723 12.813 .46 10.2 12.909 .512 9.638 12.898 1.115 9.15 12.778
4 82 1.115 9.15 12.778 .512 9.638 12.898 .711 8.983 12.859 1.397 8.621 12.722
4 82 1.397 8.621 12.722 .711 8.983 12.859 1.034 8.378 12.794 1.778 8.158 12.647
4 82 1.778 8.158 12.647 1.034 8.378 12.794 1.469 7.849 12.708 2.241 7.777 12.554
4 82 2.241 7.777 12.554 1.469 7.849 12.708 1.998 7.414 12.603 2.77 7.495 12.449
4 82 2.77 7.495 12.449 1.998 7.414 12.603 2.603 7.091 12.482 3.343 7.321 12.335
4 82 3.343 7.321 12.335 2.603 7.091 12.482 3.258 6.892 12.352 3.94 7.262 12.217
4 82 3.94 7.262 12.217 3.258 6.892 12.352 3.94 6.825 12.217 4.537 7.321 12.098
4 82 4.537 7.321 12.098 3.94 6.825 12.217 4.622 6.892 12.081 4.975 7.454 12.011
3 82 4.622 6.892 12.081 4.975 6.999 12.011 4.975 7.454 12.011
4 82 1.38 11.33 12.726 1.115 11.49 12.778 .941 10.917 12.813 1.45 11.18 12.712
4 82 1.49 11.02 12.704 1.45 11.18 12.712 .941 10.917 12.813 1.48 10.57 12.706
4 82 1.41 10.38 12.72 1.48 10.57 12.706 .882 10.32 12.825 1.23 10.2 12.755
4 82 1.05 10.11 12.791 1.23 10.2 12.755 .882 10.32 12.825 .91 10.09 12.819
3 82 .941 9.723 12.813 .91 10.09 12.819 .882 10.32 12.825
3 82 .882 10.32 12.825 .46 10.2 12.909 .941 9.723 12.813
5 24 .882 10.32 12.825 .941 9.723 12.813 .46 10.2 12.909 .91 10.09 12.819
4 82 0 10.71 13 0 10.2 13 .46 10.2 12.909 .48 10.71 12.905
4 82 .48 10.71 12.905 .46 10.2 12.909 .882 10.32 12.825 .512 11.002 12.898
3 308 4.589 5.716 12.087 4.975 5.879 12.011 4.975 6.283 12.011
4 308 4.589 5.716 12.087 4.873 6.419 12.031 4.201 6.313 12.165 3.906 5.564 12.223
4 308 3.906 5.564 12.223 4.201 6.313 12.165 3.667 6.306 12.271 3.277 5.536 12.348
4 308 3.277 5.536 12.348 3.667 6.306 12.271 3.01 6.4 12.402 2.816 5.581 12.44
4 308 2.344 5.704 12.534 3.01 6.4 12.402 2.487 6.529 12.506 1.922 5.935 12.618
4 308 1.922 5.935 12.618 2.487 6.529 12.506 2.067 6.728 12.589 1.496 6.285 12.702
4 308 1.496 6.285 12.702 2.067 6.728 12.589 1.688 6.943 12.664 1.238 6.586 12.754
4 308 1.238 6.586 12.754 1.688 6.943 12.664 1.445 7.035 12.713 1.256 6.85 12.75
3 308 1.256 6.85 12.75 1.445 7.035 12.713 1.306 7.017 12.74
3 308 2.816 5.581 12.44 3.01 6.4 12.402 2.344 5.704 12.534
4 0 4.86 9.46 12.034 4.684 9.39 12.069 4.975 8.69 12.011 4.975 9.469 12.011
3 0 4.7 8.47 12.065 4.975 8.69 12.011 4.684 9.39 12.069
4 0 2.05 8.75 12.592 2.29 8.5 12.545 2.116 9.39 12.579 2.01 9.18 12.6
4 0 1.86 9.08 12.63 2.05 8.75 12.592 2.01 9.18 12.6 1.82 9.22 12.638
3 0 2.01 9.18 12.6 1.91 9.24 12.62 1.82 9.22 12.638
4 16 0 10.71 13 .48 10.71 12.905 .512 11.002 12.898 0 15.07 13
4 16 1.91 9.24 12.62 2.01 9.18 12.6 2.116 9.39 12.579 2.01 10 12.6
4 16 1.82 9.22 12.638 1.91 9.24 12.62 2.01 10 12.6 1.41 10.38 12.72
3 16 1.82 9.22 12.638 1.41 10.38 12.72 1.23 10.2 12.755
3 16 1.82 9.22 12.638 1.23 10.2 12.755 1.05 10.11 12.791
4 16 1.82 9.22 12.638 1.05 10.11 12.791 .91 10.09 12.819 .941 9.723 12.813
4 16 1.82 9.22 12.638 .941 9.723 12.813 1.115 9.15 12.778 1.86 9.08 12.63
4 16 1.86 9.08 12.63 1.115 9.15 12.778 1.397 8.621 12.722 2.05 8.75 12.592
4 16 2.05 8.75 12.592 1.397 8.621 12.722 1.778 8.158 12.647 2.29 8.5 12.545
4 16 2.29 8.5 12.545 1.778 8.158 12.647 2.241 7.777 12.554 2.68 8.21 12.467
4 16 2.68 8.21 12.467 2.241 7.777 12.554 2.77 7.495 12.449 3.13 8.05 12.378
4 16 3.13 8.05 12.378 2.77 7.495 12.449 3.343 7.321 12.335 3.57 8.02 12.29
4 16 3.57 8.02 12.29 3.343 7.321 12.335 3.94 7.262 12.217 4.03 8.11 12.199
4 16 4.03 8.11 12.199 3.94 7.262 12.217 4.537 7.321 12.098 4.39 8.26 12.127
4 16 4.39 8.26 12.127 4.537 7.321 12.098 4.975 7.454 12.011 4.7 8.47 12.065
3 16 4.975 7.454 12.011 4.975 8.69 12.011 4.7 8.47 12.065
4 16 4.79 10 12.048 4.86 9.46 12.034 4.975 9.469 12.011 4.975 13.186 12.011
3 16 4.684 9.39 12.069 4.86 9.46 12.034 4.79 10 12.048
4 16 4.684 10.61 12.069 4.79 10 12.048 4.975 13.186 12.011 4.537 13.319 12.098
3 16 4.684 10.61 12.069 4.537 13.319 12.098 4.383 11.128 12.128
4 16 3.932 11.474 12.218 4.383 11.128 12.128 4.537 13.319 12.098 3.94 13.378 12.217
4 16 3.4 11.595 12.324 3.932 11.474 12.218 3.94 13.378 12.217 3.343 13.319 12.335
4 16 3.4 11.595 12.324 3.343 13.319 12.335 2.77 13.145 12.449 2.868 11.474 12.43
4 16 2.868 11.474 12.43 2.77 13.145 12.449 2.241 12.863 12.554 2.417 11.128 12.519
4 16 2.417 11.128 12.519 2.241 12.863 12.554 1.778 12.483 12.647 1.397 12.019 12.722
4 16 1.38 11.33 12.726 2.417 11.128 12.519 1.397 12.019 12.722 1.115 11.49 12.778
3 16 2.417 11.128 12.519 1.38 11.33 12.726 1.45 11.18 12.712
4 16 2.417 11.128 12.519 1.45 11.18 12.712 1.49 11.02 12.704 2.116 10.61 12.579
4 16 2.116 10.61 12.579 1.49 11.02 12.704 1.48 10.57 12.706 2.01 10 12.6
3 16 2.01 10 12.6 1.48 10.57 12.706 1.41 10.38 12.72
4 16 4.201 6.313 12.165 4.873 6.419 12.031 4.622 6.892 12.081 3.94 6.825 12.217
4 16 3.667 6.306 12.271 4.201 6.313 12.165 3.94 6.825 12.217 3.258 6.892 12.352
4 16 3.01 6.4 12.402 3.667 6.306 12.271 3.258 6.892 12.352 2.603 7.091 12.482
4 16 2.487 6.529 12.506 3.01 6.4 12.402 2.603 7.091 12.482 2.067 6.728 12.589
4 16 2.067 6.728 12.589 2.603 7.091 12.482 1.998 7.414 12.603 1.688 6.943 12.664
4 16 1.445 7.035 12.713 1.688 6.943 12.664 1.998 7.414 12.603 1.469 7.849 12.708
4 16 1.306 7.017 12.74 1.445 7.035 12.713 1.469 7.849 12.708 1.034 8.378 12.794
4 16 .512 9.638 12.898 .46 10.2 12.909 0 10.2 13 0 4 13
3 16 0 4 13 .711 8.983 12.859 .512 9.638 12.898
4 16 1.034 8.378 12.794 .711 8.983 12.859 0 4 13 1.238 6.586 12.754
3 16 1.238 6.586 12.754 1.256 6.85 12.75 1.034 8.378 12.794
3 16 1.256 6.85 12.75 1.306 7.017 12.74 1.034 8.378 12.794
3 16 0 4 13 1.496 6.285 12.702 1.238 6.586 12.754
3 16 0 4 13 1.922 5.935 12.618 1.496 6.285 12.702
3 16 0 4 13 2.344 5.704 12.534 1.922 5.935 12.618
3 16 0 4 13 2.816 5.581 12.44 2.344 5.704 12.534
3 16 0 4 13 3.277 5.536 12.348 2.816 5.581 12.44
4 16 3.906 5.564 12.223 3.277 5.536 12.348 0 4 13 4.975 4 12.011
3 16 4.975 4 12.011 4.589 5.716 12.087 3.906 5.564 12.223
3 16 4.975 4 12.011 4.975 5.879 12.011 4.589 5.716 12.087
3 0 3.57 8.02 12.29 4.03 8.11 12.199 3.4 8.664 12.324
3 0 2.68 8.21 12.467 2.971 8.841 12.409 2.29 8.5 12.545
4 0 4.975 15.68 12.011 4.74 16.05 12.057 4.58 15.78 12.089 4.75 15.17 12.055
4 0 4.33 14.68 12.139 4.75 15.17 12.055 4.58 15.78 12.089 4.16 15.07 12.173
4 0 4.33 14.68 12.139 4.16 15.07 12.173 4.09 14.83 12.187 4.15 14.69 12.175
4 0 3.99 15.21 12.207 4.16 15.07 12.173 4.58 15.78 12.089 3.8 16.45 12.244
4 0 3.07 15.95 12.39 3.99 15.21 12.207 3.8 16.45 12.244 2.73 16.34 12.457
4 0 3.19 15.3 12.366 3.07 15.95 12.39 1.61 16 12.68 .89 15.35 12.823
4 0 .89 15.35 12.823 1.61 16 12.68 0 16.02 13 0 15.35 13
4 0 3.23 17 12.358 2.154 17 12.572 2.45 16.75 12.513 3.8 16.45 12.244
4 0 3.8 16.45 12.244 2.45 16.75 12.513 1.86 16.73 12.63 2.2 16.54 12.563
3 0 2.73 16.34 12.457 3.8 16.45 12.244 2.2 16.54 12.563
4 92 2.89 14.96 12.425 3.59 15.255 12.286 3.19 15.3 12.366 .89 15.35 12.823
4 92 2.15 14.84 12.572 2.89 14.96 12.425 .89 15.35 12.823 1.3 14.83 12.741
4 92 0 15.07 13 .58 14.93 12.885 .89 15.35 12.823 0 15.35 13
3 0 4.975 15.68 12.011 4.975 16.31 12.011 4.74 16.05 12.057
3 0 3.99 15.21 12.207 3.07 15.95 12.39 3.59 15.255 12.286
3 0 3.59 15.255 12.286 3.07 15.95 12.39 3.19 15.3 12.366
3 92 1.3 14.83 12.741 .89 15.35 12.823 .58 14.93 12.885
4 16 4.975 13.641 12.011 4.975 15.68 12.011 4.75 15.17 12.055 4.622 13.748 12.081
4 16 4.622 13.748 12.081 4.75 15.17 12.055 4.33 14.68 12.139 3.94 13.815 12.217
4 16 3.94 13.815 12.217 4.33 14.68 12.139 4.15 14.69 12.175 3.258 13.748 12.352
4 16 2.89 14.96 12.425 3.258 13.748 12.352 4.15 14.69 12.175 4.09 14.83 12.187
4 16 2.89 14.96 12.425 4.09 14.83 12.187 4.16 15.07 12.173 3.99 15.21 12.207
3 16 2.89 14.96 12.425 3.99 15.21 12.207 3.59 15.255 12.286
4 16 2.15 14.84 12.572 2.603 13.549 12.482 3.258 13.748 12.352 2.89 14.96 12.425
4 16 1.998 13.226 12.603 2.603 13.549 12.482 2.15 14.84 12.572 1.3 14.83 12.741
4 16 1.469 12.791 12.708 1.998 13.226 12.603 1.3 14.83 12.741 .58 14.93 12.885
4 16 1.034 12.262 12.794 1.469 12.791 12.708 .58 14.93 12.885 0 15.07 13
3 16 .711 11.657 12.859 1.034 12.262 12.794 0 15.07 13
3 16 .512 11.002 12.898 .711 11.657 12.859 0 15.07 13
4 15 3.07 15.95 12.39 2.73 16.34 12.457 2.2 16.54 12.563 1.61 16 12.68
4 15 1.86 16.73 12.63 2.45 16.75 12.513 2.154 17 12.572 0 17 13
4 15 0 17 13 0 16.02 13 1.61 16 12.68 1.86 16.73 12.63
4 16 4.975 17 12.011 3.23 17 12.358 3.8 16.45 12.244 4.975 16.655 12.011
4 16 4.975 16.31 12.011 4.975 16.655 12.011 3.8 16.45 12.244 4.74 16.05 12.057
3 16 4.58 15.78 12.089 4.74 16.05 12.057 3.8 16.45 12.244
3 15 1.61 16 12.68 2.2 16.54 12.563 1.86 16.73 12.63
4 0 -2.794 9.27 12.444 -2.84 9.038 12.435 -2.116 9.39 12.579 -2.01 10 12.6
4 0 -2.84 9.502 12.435 -2.794 9.27 12.444 -2.01 10 12.6 -2.116 10.61 12.579
4 0 -2.971 9.699 12.409 -2.84 9.502 12.435 -2.116 10.61 12.579 -2.417 11.128 12.519
4 0 -3.168 9.83 12.37 -2.971 9.699 12.409 -2.417 11.128 12.519 -2.868 11.474 12.43
4 0 -3.4 9.876 12.324 -3.168 9.83 12.37 -2.868 11.474 12.43 -3.4 11.595 12.324
4 0 -3.632 9.83 12.278 -3.4 9.876 12.324 -3.4 11.595 12.324 -3.932 11.474 12.218
4 0 -3.829 9.699 12.239 -3.632 9.83 12.278 -3.932 11.474 12.218 -4.383 11.128 12.128
4 0 -3.96 9.502 12.213 -3.829 9.699 12.239 -4.383 11.128 12.128 -4.684 10.61 12.069
4 0 -4.006 9.27 12.203 -3.96 9.502 12.213 -4.684 10.61 12.069 -4.79 10 12.048
4 0 -3.96 9.038 12.213 -4.006 9.27 12.203 -4.79 10 12.048 -4.684 9.39 12.069
4 0 -3.829 8.841 12.239 -3.96 9.038 12.213 -4.684 9.39 12.069 -4.7 8.47 12.065
4 0 -3.632 8.71 12.278 -3.829 8.841 12.239 -4.7 8.47 12.065 -4.39 8.26 12.127
4 0 -3.4 8.664 12.324 -3.632 8.71 12.278 -4.39 8.26 12.127 -4.03 8.11 12.199
4 0 -3.168 8.71 12.37 -3.4 8.664 12.324 -3.57 8.02 12.29 -3.13 8.05 12.378
4 0 -2.971 8.841 12.409 -3.168 8.71 12.37 -3.13 8.05 12.378 -2.68 8.21 12.467
4 0 -2.84 9.038 12.435 -2.971 8.841 12.409 -2.29 8.5 12.545 -2.116 9.39 12.579
4 15 -4.006 9.27 12.203 -3.96 9.038 12.213 -3.4 9.27 12.324 -3.96 9.502 12.213
4 15 -3.829 9.699 12.239 -3.96 9.502 12.213 -3.4 9.27 12.324 -3.632 9.83 12.278
4 15 -3.4 9.876 12.324 -3.632 9.83 12.278 -3.4 9.27 12.324 -3.168 9.83 12.37
4 15 -2.971 9.699 12.409 -3.168 9.83 12.37 -3.4 9.27 12.324 -2.84 9.502 12.435
4 15 -2.794 9.27 12.444 -2.84 9.502 12.435 -3.4 9.27 12.324 -2.84 9.038 12.435
4 15 -2.971 8.841 12.409 -2.84 9.038 12.435 -3.4 9.27 12.324 -3.168 8.71 12.37
4 15 -3.4 8.664 12.324 -3.168 8.71 12.37 -3.4 9.27 12.324 -3.632 8.71 12.278
4 15 -3.829 8.841 12.239 -3.632 8.71 12.278 -3.4 9.27 12.324 -3.96 9.038 12.213
4 82 -4.975 13.641 12.011 -4.975 13.186 12.011 -4.537 13.319 12.098 -4.622 13.748 12.081
4 82 -4.622 13.748 12.081 -4.537 13.319 12.098 -3.94 13.378 12.217 -3.94 13.815 12.217
4 82 -3.94 13.815 12.217 -3.94 13.378 12.217 -3.343 13.319 12.335 -3.258 13.748 12.352
4 82 -3.258 13.748 12.352 -3.343 13.319 12.335 -2.77 13.145 12.449 -2.603 13.549 12.482
4 82 -2.603 13.549 12.482 -2.77 13.145 12.449 -2.241 12.863 12.554 -1.998 13.226 12.603
4 82 -1.998 13.226 12.603 -2.241 12.863 12.554 -1.778 12.483 12.647 -1.469 12.791 12.708
4 82 -1.469 12.791 12.708 -1.778 12.483 12.647 -1.397 12.019 12.722 -1.034 12.262 12.794
4 82 -1.034 12.262 12.794 -1.397 12.019 12.722 -1.115 11.49 12.778 -.711 11.657 12.859
4 82 -.711 11.657 12.859 -1.115 11.49 12.778 -.941 10.917 12.813 -.512 11.002 12.898
4 82 -.882 10.32 12.825 -.512 11.002 12.898 -.941 10.917 12.813 -1.48 10.57 12.706
4 82 -.512 9.638 12.898 -.46 10.2 12.909 -.941 9.723 12.813 -1.115 9.15 12.778
4 82 -.711 8.983 12.859 -.512 9.638 12.898 -1.115 9.15 12.778 -1.397 8.621 12.722
4 82 -1.034 8.378 12.794 -.711 8.983 12.859 -1.397 8.621 12.722 -1.778 8.158 12.647
4 82 -1.469 7.849 12.708 -1.034 8.378 12.794 -1.778 8.158 12.647 -2.241 7.777 12.554
4 82 -1.998 7.414 12.603 -1.469 7.849 12.708 -2.241 7.777 12.554 -2.77 7.495 12.449
4 82 -2.603 7.091 12.482 -1.998 7.414 12.603 -2.77 7.495 12.449 -3.343 7.321 12.335
4 82 -3.258 6.892 12.352 -2.603 7.091 12.482 -3.343 7.321 12.335 -3.94 7.262 12.217
4 82 -3.94 6.825 12.217 -3.258 6.892 12.352 -3.94 7.262 12.217 -4.537 7.321 12.098
4 82 -4.622 6.892 12.081 -3.94 6.825 12.217 -4.537 7.321 12.098 -4.975 7.454 12.011
3 82 -4.622 6.892 12.081 -4.975 7.454 12.011 -4.975 6.999 12.011
4 82 -.941 10.917 12.813 -1.115 11.49 12.778 -1.38 11.33 12.726 -1.45 11.18 12.712
4 82 -.941 10.917 12.813 -1.45 11.18 12.712 -1.49 11.02 12.704 -1.48 10.57 12.706
4 82 -.882 10.32 12.825 -1.48 10.57 12.706 -1.41 10.38 12.72 -1.23 10.2 12.755
4 82 -.882 10.32 12.825 -1.23 10.2 12.755 -1.05 10.11 12.791 -.91 10.09 12.819
3 82 -.941 9.723 12.813 -.46 10.2 12.909 -.882 10.32 12.825
3 82 -.882 10.32 12.825 -.91 10.09 12.819 -.941 9.723 12.813
5 24 -.882 10.32 12.825 -.941 9.723 12.813 -.91 10.09 12.819 -.46 10.2 12.909
4 82 -.46 10.2 12.909 0 10.2 13 0 10.71 13 -.48 10.71 12.905
4 82 -.882 10.32 12.825 -.46 10.2 12.909 -.48 10.71 12.905 -.512 11.002 12.898
4 308 -4.623 6.443 12.081 -4.981 6.013 12.01 -4.36 5.699 12.133 -3.983 6.303 12.208
4 308 -3.983 6.303 12.208 -4.36 5.699 12.133 -3.714 5.55 12.261 -3.428 6.295 12.318
4 308 -3.428 6.295 12.318 -3.714 5.55 12.261 -3.101 5.532 12.383 -2.819 6.392 12.439
4 308 -2.273 6.501 12.548 -2.819 6.392 12.439 -2.164 5.664 12.57 -1.729 5.857 12.656
4 308 -1.859 6.653 12.63 -2.273 6.501 12.548 -1.729 5.857 12.656 -1.297 6.2 12.742
4 308 -1.477 6.862 12.706 -1.859 6.653 12.63 -1.297 6.2 12.742 -1.033 6.496 12.795
4 308 -1.232 6.948 12.755 -1.477 6.862 12.706 -1.033 6.496 12.795 -1.046 6.761 12.792
3 308 -1.046 6.761 12.792 -1.094 6.929 12.783 -1.232 6.948 12.755
4 308 -2.819 6.392 12.439 -3.101 5.532 12.383 -2.639 5.569 12.475 -2.164 5.664 12.57
4 0 -4.975 8.69 12.011 -4.684 9.39 12.069 -4.86 9.46 12.034 -4.975 9.469 12.011
3 0 -4.7 8.47 12.065 -4.684 9.39 12.069 -4.975 8.69 12.011
4 0 -2.116 9.39 12.579 -2.29 8.5 12.545 -2.05 8.75 12.592 -2.01 9.18 12.6
4 0 -2.01 9.18 12.6 -2.05 8.75 12.592 -1.86 9.08 12.63 -1.82 9.22 12.638
3 0 -2.01 9.18 12.6 -1.82 9.22 12.638 -1.91 9.24 12.62
4 16 -.512 11.002 12.898 -.48 10.71 12.905 0 10.71 13 0 15.07 13
4 16 -2.116 9.39 12.579 -2.01 9.18 12.6 -1.91 9.24 12.62 -2.01 10 12.6
4 16 -2.01 10 12.6 -1.91 9.24 12.62 -1.82 9.22 12.638 -1.41 10.38 12.72
3 16 -1.82 9.22 12.638 -1.23 10.2 12.755 -1.41 10.38 12.72
3 16 -1.82 9.22 12.638 -1.05 10.11 12.791 -1.23 10.2 12.755
4 16 -.91 10.09 12.819 -1.05 10.11 12.791 -1.82 9.22 12.638 -.941 9.723 12.813
4 16 -1.115 9.15 12.778 -.941 9.723 12.813 -1.82 9.22 12.638 -1.86 9.08 12.63
4 16 -1.397 8.621 12.722 -1.115 9.15 12.778 -1.86 9.08 12.63 -2.05 8.75 12.592
4 16 -1.778 8.158 12.647 -1.397 8.621 12.722 -2.05 8.75 12.592 -2.29 8.5 12.545
4 16 -2.241 7.777 12.554 -1.778 8.158 12.647 -2.29 8.5 12.545 -2.68 8.21 12.467
4 16 -2.77 7.495 12.449 -2.241 7.777 12.554 -2.68 8.21 12.467 -3.13 8.05 12.378
4 16 -3.343 7.321 12.335 -2.77 7.495 12.449 -3.13 8.05 12.378 -3.57 8.02 12.29
4 16 -3.94 7.262 12.217 -3.343 7.321 12.335 -3.57 8.02 12.29 -4.03 8.11 12.199
4 16 -4.537 7.321 12.098 -3.94 7.262 12.217 -4.03 8.11 12.199 -4.39 8.26 12.127
4 16 -4.975 7.454 12.011 -4.537 7.321 12.098 -4.39 8.26 12.127 -4.7 8.47 12.065
3 16 -4.975 7.454 12.011 -4.7 8.47 12.065 -4.975 8.69 12.011
4 16 -4.975 9.469 12.011 -4.86 9.46 12.034 -4.79 10 12.048 -4.975 13.186 12.011
3 16 -4.684 9.39 12.069 -4.79 10 12.048 -4.86 9.46 12.034
4 16 -4.975 13.186 12.011 -4.79 10 12.048 -4.684 10.61 12.069 -4.537 13.319 12.098
3 16 -4.684 10.61 12.069 -4.383 11.128 12.128 -4.537 13.319 12.098
4 16 -4.537 13.319 12.098 -4.383 11.128 12.128 -3.932 11.474 12.218 -3.94 13.378 12.217
4 16 -3.94 13.378 12.217 -3.932 11.474 12.218 -3.4 11.595 12.324 -3.343 13.319 12.335
4 16 -2.77 13.145 12.449 -3.343 13.319 12.335 -3.4 11.595 12.324 -2.868 11.474 12.43
4 16 -2.241 12.863 12.554 -2.77 13.145 12.449 -2.868 11.474 12.43 -2.417 11.128 12.519
4 16 -1.778 12.483 12.647 -2.241 12.863 12.554 -2.417 11.128 12.519 -1.397 12.019 12.722
4 16 -1.397 12.019 12.722 -2.417 11.128 12.519 -1.38 11.33 12.726 -1.115 11.49 12.778
3 16 -2.417 11.128 12.519 -1.45 11.18 12.712 -1.38 11.33 12.726
4 16 -1.49 11.02 12.704 -1.45 11.18 12.712 -2.417 11.128 12.519 -2.116 10.61 12.579
4 16 -1.48 10.57 12.706 -1.49 11.02 12.704 -2.116 10.61 12.579 -2.01 10 12.6
3 16 -2.01 10 12.6 -1.41 10.38 12.72 -1.48 10.57 12.706
4 16 -4.622 6.892 12.081 -4.975 6.999 12.011 -4.623 6.443 12.081 -3.983 6.303 12.208
4 16 -3.94 6.825 12.217 -4.622 6.892 12.081 -3.983 6.303 12.208 -3.428 6.295 12.318
4 16 -3.258 6.892 12.352 -3.94 6.825 12.217 -3.428 6.295 12.318 -2.819 6.392 12.439
4 16 -2.603 7.091 12.482 -3.258 6.892 12.352 -2.819 6.392 12.439 -2.273 6.501 12.548
4 16 -2.603 7.091 12.482 -2.273 6.501 12.548 -1.859 6.653 12.63 -1.998 7.414 12.603
3 16 -1.859 6.653 12.63 -1.477 6.862 12.706 -1.998 7.414 12.603
4 16 -1.998 7.414 12.603 -1.477 6.862 12.706 -1.232 6.948 12.755 -1.469 7.849 12.708
4 16 -1.469 7.849 12.708 -1.232 6.948 12.755 -1.094 6.929 12.783 -1.034 8.378 12.794
4 16 0 10.2 13 -.46 10.2 12.909 -.512 9.638 12.898 0 4 13
3 16 0 4 13 -.512 9.638 12.898 -.711 8.983 12.859
3 16 0 4 13 -.711 8.983 12.859 -1.034 8.378 12.794
3 16 0 4 13 -1.033 6.496 12.795 -1.297 6.2 12.742
3 16 0 4 13 -1.297 6.2 12.742 -1.729 5.857 12.656
3 16 -1.033 6.496 12.795 0 4 13 -1.046 6.761 12.792
3 16 -1.094 6.929 12.783 -1.046 6.761 12.792 -1.034 8.378 12.794
3 16 -1.034 8.378 12.794 -1.046 6.761 12.792 0 4 13
3 16 0 4 13 -1.729 5.857 12.656 -2.164 5.664 12.57
3 16 0 4 13 -2.164 5.664 12.57 -2.639 5.569 12.475
3 16 0 4 13 -2.639 5.569 12.475 -3.101 5.532 12.383
4 16 0 4 13 -3.101 5.532 12.383 -3.714 5.55 12.261 -4.975 4 12.011
3 16 -4.975 4 12.011 -3.714 5.55 12.261 -4.36 5.699 12.133
3 16 -4.975 4 12.011 -4.36 5.699 12.133 -4.981 6.013 12.01
3 0 -3.57 8.02 12.29 -3.4 8.664 12.324 -4.03 8.11 12.199
3 0 -2.68 8.21 12.467 -2.29 8.5 12.545 -2.971 8.841 12.409
3 308 -4.981 6.013 12.01 -4.623 6.443 12.081 -4.975 6.584 12.011
3 16 -4.623 6.443 12.081 -4.975 6.792 12.011 -4.975 6.584 12.011
3 16 -4.623 6.443 12.081 -4.975 6.999 12.011 -4.975 6.792 12.011
4 0 0 15.35 13 0 16.02 13 -1.08 16.02 12.785 -1.96 15.36 12.61
4 0 -1.96 15.36 12.61 -1.08 16.02 12.785 -2.71 16 12.461 -3.39 15.36 12.326
4 0 -3.82 15.31 12.24 -3.39 15.36 12.326 -2.71 16 12.461 -4.01 16.21 12.203
3 0 -2.71 16 12.461 -2.78 16.12 12.447 -4.01 16.21 12.203
4 0 -4.4 15.86 12.125 -3.82 15.1 12.24 -3.82 15.31 12.24 -4.01 16.21 12.203
4 0 -4.12 14.95 12.181 -3.89 14.9 12.226 -3.82 15.1 12.24 -4.69 15.3 12.067
4 0 -4.69 15.3 12.067 -3.82 15.1 12.24 -4.4 15.86 12.125 -4.85 16.27 12.036
4 0 -4.975 15.82 12.011 -4.69 15.3 12.067 -4.85 16.27 12.036 -4.975 16.255 12.011
4 0 -4.01 16.21 12.203 -2.78 16.12 12.447 -2.55 16.38 12.493 -3.244 17 12.355
4 0 -2.43 16.87 12.517 -3.244 17 12.355 -2.55 16.38 12.493 -2.26 16.77 12.551
3 0 -2.55 16.38 12.493 -1.78 16.77 12.646 -2.26 16.77 12.551
3 0 -2.43 16.87 12.517 -2.3 17 12.543 -3.244 17 12.355
4 92 -.6 14.95 12.881 0 15.07 13 0 15.35 13 -1.96 15.36 12.61
4 92 -1.38 14.86 12.726 -.6 14.95 12.881 -1.96 15.36 12.61 -2.05 14.905 12.592
4 92 -3.09 15.19 12.386 -2.63 15.01 12.477 -1.96 15.36 12.61 -3.39 15.36 12.326
3 92 -2.05 14.905 12.592 -1.96 15.36 12.61 -2.63 15.01 12.477
3 16 -.512 11.002 12.898 0 15.07 13 -.711 11.657 12.859
3 16 -.711 11.657 12.859 0 15.07 13 -1.034 12.262 12.794
4 16 -1.469 12.791 12.708 -1.034 12.262 12.794 0 15.07 13 -.6 14.95 12.881
4 16 -1.469 12.791 12.708 -.6 14.95 12.881 -1.38 14.86 12.726 -1.998 13.226 12.603
4 16 -1.998 13.226 12.603 -1.38 14.86 12.726 -2.05 14.905 12.592 -2.603 13.549 12.482
4 16 -2.603 13.549 12.482 -2.05 14.905 12.592 -2.63 15.01 12.477 -3.258 13.748 12.352
3 16 -3.258 13.748 12.352 -2.63 15.01 12.477 -3.09 15.19 12.386
4 16 -3.258 13.748 12.352 -3.09 15.19 12.386 -3.39 15.36 12.326 -3.82 15.1 12.24
4 16 -3.258 13.748 12.352 -3.82 15.1 12.24 -3.89 14.9 12.226 -3.94 13.815 12.217
4 16 -3.94 13.815 12.217 -3.89 14.9 12.226 -4.12 14.95 12.181 -4.622 13.748 12.081
4 16 -4.622 13.748 12.081 -4.12 14.95 12.181 -4.69 15.3 12.067 -4.975 13.641 12.011
3 16 -4.975 13.641 12.011 -4.69 15.3 12.067 -4.975 15.82 12.011
3 16 -3.82 15.1 12.24 -3.39 15.36 12.326 -3.82 15.31 12.24
4 15 -1.08 16.02 12.785 0 16.02 13 0 17 13 -1.78 16.77 12.646
4 15 -1.78 16.77 12.646 0 17 13 -2.3 17 12.543 -2.26 16.77 12.551
3 15 -2.26 16.77 12.551 -2.3 17 12.543 -2.43 16.87 12.517
4 15 -1.08 16.02 12.785 -1.78 16.77 12.646 -2.55 16.38 12.493 -2.71 16 12.461
3 15 -2.71 16 12.461 -2.55 16.38 12.493 -2.78 16.12 12.447
3 16 -4.975 16.255 12.011 -4.85 16.27 12.036 -4.975 17 12.011

4 16 -4.975 17 12.011 -4.85 16.27 12.036 -4.4 15.86 12.125 -4.01 16.21 12.203
3 16 -4.01 16.21 12.203 -3.244 17 12.355 -4.975 17 12.011
3 16 -9.192 10.446 9.192 -8.14 10.92 9.896 -9.192 17 9.192
3 16 -8.14 10.92 9.896 -7.82 11 10.109 -9.192 17 9.192
4 16 -9.192 17 9.192 -7.82 11 10.109 -7.368 11.002 10.412 -7.169 11.657 10.545
3 16 -7.169 11.657 10.545 -6.846 12.262 10.76 -9.192 17 9.192
3 16 -6.846 12.262 10.76 -6.411 12.791 11.051 -9.192 17 9.192
4 82 -7.368 9.638 10.412 -6.939 9.723 10.698 -6.998 10.32 10.659 -7.38 9.8 10.403
4 82 -7.38 9.8 10.403 -6.998 10.32 10.659 -6.939 10.917 10.698 -7.368 11.002 10.412
4 82 -7.368 11.002 10.412 -6.939 10.917 10.698 -6.765 11.49 10.814 -7.169 11.657 10.545
4 82 -7.169 11.657 10.545 -6.765 11.49 10.814 -6.483 12.019 11.003 -6.846 12.262 10.76
4 82 -6.846 12.262 10.76 -6.483 12.019 11.003 -6.103 12.483 11.257 -6.411 12.791 11.051
4 82 -6.411 12.791 11.051 -6.103 12.483 11.257 -5.639 12.863 11.567 -5.882 13.226 11.405
4 82 -5.882 13.226 11.405 -5.639 12.863 11.567 -5.11 13.145 11.92 -5.277 13.549 11.809
4 82 -5.277 13.549 11.809 -5.11 13.145 11.92 -4.975 13.186 12.011 -4.975 13.641 12.011
4 82 -5.11 7.495 11.92 -5.277 7.091 11.809 -4.975 6.999 12.011 -4.975 7.454 12.011
4 82 -5.277 7.091 11.809 -5.11 7.495 11.92 -5.639 7.777 11.567 -5.882 7.414 11.405
4 82 -5.882 7.414 11.405 -5.639 7.777 11.567 -6.103 8.158 11.257 -6.411 7.849 11.051
4 82 -6.411 7.849 11.051 -6.103 8.158 11.257 -6.483 8.621 11.003 -6.846 8.378 10.76
4 82 -6.846 8.378 10.76 -6.483 8.621 11.003 -6.765 9.15 10.814 -7.169 8.983 10.545
4 82 -7.169 8.983 10.545 -6.765 9.15 10.814 -6.939 9.723 10.698 -7.368 9.638 10.412
4 82 -7.38 9.8 10.403 -7.368 11.002 10.412 -7.82 11 10.109 -8.14 10.92 9.896
4 82 -8.15 9.8 9.889 -7.38 9.8 10.403 -8.14 10.92 9.896 -9.192 10.446 9.192
3 82 -9.192 9.58 9.192 -8.15 9.8 9.889 -9.192 10.446 9.192
4 308 -5.502 6.899 11.659 -5.681 6.974 11.539 -5.628 6.72 11.574 -5.415 6.403 11.717
4 308 -5.114 6.64 11.918 -5.502 6.899 11.659 -5.415 6.403 11.717 -4.981 6.013 12.01
3 308 -4.981 6.013 12.01 -4.975 6.584 12.011 -5.114 6.64 11.918
4 0 -5.11 9.48 11.921 -5.13 8.9 11.907 -4.975 8.69 12.011 -4.975 9.469 12.011
4 0 -5.13 8.9 11.907 -5.11 9.48 11.921 -5.36 9.41 11.753 -5.53 9.24 11.64
4 0 -5.35 8.91 11.76 -5.13 8.9 11.907 -5.53 9.24 11.64 -5.62 9.07 11.58
4 0 -5.51 8.88 11.653 -5.35 8.91 11.76 -5.62 9.07 11.58 -5.61 8.91 11.586
3 16 -5.11 7.495 11.92 -4.975 7.454 12.011 -4.975 8.69 12.011
3 16 -4.975 8.69 12.011 -5.639 7.777 11.567 -5.11 7.495 11.92
4 16 -5.639 7.777 11.567 -4.975 8.69 12.011 -5.13 8.9 11.907 -5.35 8.91 11.76
4 16 -5.639 7.777 11.567 -5.35 8.91 11.76 -5.51 8.88 11.653 -6.103 8.158 11.257
4 16 -6.103 8.158 11.257 -5.51 8.88 11.653 -5.61 8.91 11.586 -6.483 8.621 11.003
4 16 -6.765 9.15 10.814 -6.483 8.621 11.003 -5.61 8.91 11.586 -5.62 9.07 11.58
4 16 -6.765 9.15 10.814 -5.62 9.07 11.58 -5.53 9.24 11.64 -6.939 9.723 10.698
4 16 -6.939 9.723 10.698 -5.53 9.24 11.64 -5.36 9.41 11.753 -6.998 10.32 10.659
4 16 -6.939 10.917 10.698 -6.998 10.32 10.659 -4.975 13.186 12.011 -5.11 13.145 11.92
4 16 -6.939 10.917 10.698 -5.11 13.145 11.92 -5.639 12.863 11.567 -6.103 12.483 11.257
4 16 -6.103 12.483 11.257 -6.483 12.019 11.003 -6.765 11.49 10.814 -6.939 10.917 10.698
3 16 -5.502 6.899 11.659 -5.882 7.414 11.405 -5.681 6.974 11.539
4 16 -5.882 7.414 11.405 -5.502 6.899 11.659 -5.114 6.64 11.918 -5.277 7.091 11.809
4 16 -4.975 6.792 12.011 -5.277 7.091 11.809 -5.114 6.64 11.918 -4.975 6.584 12.011
3 16 -4.975 6.792 12.011 -4.975 6.999 12.011 -5.277 7.091 11.809
4 16 -4.975 4 12.011 -4.981 6.013 12.01 -5.415 6.403 11.717 -9.192 4 9.192
3 16 -9.192 4 9.192 -5.415 6.403 11.717 -5.628 6.72 11.574
4 16 -9.192 4 9.192 -5.628 6.72 11.574 -5.681 6.974 11.539 -5.882 7.414 11.405
3 16 -9.192 4 9.192 -5.882 7.414 11.405 -6.411 7.849 11.051
3 16 -9.192 4 9.192 -6.411 7.849 11.051 -6.846 8.378 10.76
3 16 -9.192 4 9.192 -6.846 8.378 10.76 -7.169 8.983 10.545
4 16 -9.192 4 9.192 -7.169 8.983 10.545 -7.368 9.638 10.412 -8.15 9.8 9.889
3 16 -7.368 9.638 10.412 -7.38 9.8 10.403 -8.15 9.8 9.889
3 16 -9.192 4 9.192 -8.15 9.8 9.889 -9.192 9.58 9.192
3 16 -4.975 9.469 12.011 -4.975 13.186 12.011 -5.11 9.48 11.921
4 16 -5.36 9.41 11.753 -5.11 9.48 11.921 -4.975 13.186 12.011 -6.998 10.32 10.659
3 0 -4.975 15.82 12.011 -4.975 16.255 12.011 -5.03 16.1 11.974
4 16 -5.03 16.1 11.974 -4.975 16.255 12.011 -4.975 17 12.011 -9.192 17 9.192
4 16 -4.975 15.82 12.011 -5.03 16.1 11.974 -9.192 17 9.192 -5.277 13.549 11.809
3 16 -5.882 13.226 11.405 -5.277 13.549 11.809 -9.192 17 9.192
3 16 -6.411 12.791 11.051 -5.882 13.226 11.405 -9.192 17 9.192
3 16 -5.277 13.549 11.809 -4.975 13.641 12.011 -4.975 15.82 12.011
4 16 -12.011 17 4.975 -11.69 9.32 5.455 -9.192 10.446 9.192 -9.192 17 9.192
3 16 -12.011 4 4.975 -11.69 9.32 5.455 -12.011 17 4.975
4 82 -9.192 9.58 9.192 -9.192 10.446 9.192 -11.69 9.32 5.455 -11.46 9.1 5.799
4 16 -9.192 4 9.192 -9.192 9.58 9.192 -11.46 9.1 5.799 -12.011 4 4.975
3 16 -12.011 4 4.975 -11.46 9.1 5.799 -11.69 9.32 5.455
4 0 -2.3 17 12.543 -1.92 17.38 12.524 -3.07 17.18 12.345 -3.244 17 12.355
4 0 -2.22 17.87 12.342 -3.07 17.18 12.345 -1.92 17.38 12.524 -1.12 17.82 12.573
4 0 -1.29 18.33 12.413 -2.22 17.87 12.342 -1.12 17.82 12.573 -.41 17.94 12.685
4 0 -.687 18.531 12.483 -1.29 18.33 12.413 -.41 17.94 12.685 0 17.929 12.769
3 0 0 17.929 12.769 0 18.531 12.619 -.687 18.531 12.483
4 92 -1.872 18.531 12.247 -2.32 18.2 12.24 -1.29 18.33 12.413 -.687 18.531 12.483
3 92 -2.22 17.87 12.342 -1.29 18.33 12.413 -2.32 18.2 12.24
3 92 -3.07 17.18 12.345 -2.22 17.87 12.342 -2.32 18.2 12.24
4 15 0 17 13 0 17.929 12.769 -.41 17.94 12.685 -1.12 17.82 12.573
4 15 0 17 13 -1.12 17.82 12.573 -1.92 17.38 12.524 -2.3 17 12.543
4 16 -4.975 17 12.011 -3.244 17 12.355 -3.07 17.18 12.345 -2.32 18.2 12.24
4 16 -4.83 18.531 11.659 -4.975 17 12.011 -2.32 18.2 12.24 -1.872 18.531 12.247
3 0 -.687 18.531 12.483 0 18.531 12.619 0 18.572 12.585
4 92 -.687 18.531 12.483 0 18.572 12.585 0 19.24 12.027 -.65 19.22 11.914
4 92 -.687 18.531 12.483 -.65 19.22 11.914 -1.08 19.04 11.979 -1.63 18.71 12.146
3 92 -1.872 18.531 12.247 -.687 18.531 12.483 -1.63 18.71 12.146
4 16 -4.83 18.531 11.659 -1.872 18.531 12.247 -1.63 18.71 12.146 -4.414 19.828 10.658
3 16 -1.63 18.71 12.146 -1.08 19.04 11.979 -4.414 19.828 10.658
4 16 -4.414 19.828 10.658 -1.08 19.04 11.979 -.65 19.22 11.914 0 19.828 11.535
3 16 -.65 19.22 11.914 0 19.24 12.027 0 19.828 11.535
4 16 0 19.828 11.535 0 20.695 9.914 -3.794 20.695 9.159 -4.414 19.828 10.658
4 16 -4.83 18.531 11.659 -8.923 18.531 8.923 -9.192 17 9.192 -4.975 17 12.011
4 16 -4.414 19.828 10.658 -8.157 19.828 8.157 -8.923 18.531 8.923 -4.83 18.531 11.659
4 16 -4.414 19.828 10.658 -3.794 20.695 9.159 -7.01 20.695 7.01 -8.157 19.828 8.157
4 0 0 17.929 12.769 .34 17.92 12.704 .442 18.531 12.531 0 18.531 12.619
4 0 1.29 18.29 12.423 .442 18.531 12.531 .34 17.92 12.704 1.14 17.71 12.597
4 0 1.29 18.29 12.423 1.14 17.71 12.597 1.74 17.38 12.56 2.05 17.91 12.366
4 0 2.05 17.91 12.366 1.74 17.38 12.56 2.154 17 12.572 3.23 17 12.358
3 0 3.23 17 12.358 2.93 17.29 12.345 2.05 17.91 12.366
4 92 2.05 17.91 12.366 2.93 17.29 12.345 2.27 18.06 12.285 1.666 18.531 12.288
3 92 2.05 17.91 12.366 1.666 18.531 12.288 1.29 18.29 12.423
3 92 1.29 18.29 12.423 1.666 18.531 12.288 .442 18.531 12.531
4 15 2.154 17 12.572 1.74 17.38 12.56 1.14 17.71 12.597 0 17 13
4 15 0 17 13 1.14 17.71 12.597 .34 17.92 12.704 0 17.929 12.769
3 16 2.27 18.06 12.285 4.83 18.531 11.659 1.666 18.531 12.288
4 16 4.83 18.531 11.659 2.27 18.06 12.285 2.93 17.29 12.345 4.975 17 12.011
3 16 3.23 17 12.358 4.975 17 12.011 2.93 17.29 12.345
3 0 0 18.531 12.619 .442 18.531 12.531 0 18.572 12.585
4 92 .442 18.531 12.531 .63 19.09 12.027 0 19.24 12.027 0 18.572 12.585
4 16 0 19.828 11.535 0 19.24 12.027 .63 19.09 12.027 4.414 19.828 10.658
3 16 1.5 18.66 12.213 4.414 19.828 10.658 .63 19.09 12.027
4 16 4.414 19.828 10.658 1.5 18.66 12.213 1.666 18.531 12.288 4.83 18.531 11.659
4 92 .442 18.531 12.531 1.666 18.531 12.288 1.5 18.66 12.213 .63 19.09 12.027
4 16 4.414 19.828 10.658 8.157 19.828 8.157 7.01 20.695 7.01 3.794 20.695 9.159
4 16 0 19.828 11.535 4.414 19.828 10.658 3.794 20.695 9.159 0 20.695 9.914
4 16 4.83 18.531 11.659 4.975 17 12.011 9.192 17 9.192 8.923 18.531 8.923
4 16 4.83 18.531 11.659 8.923 18.531 8.923 8.157 19.828 8.157 4.414 19.828 10.658

0 // FACE Back Lines 3-8
5 24 12.0107 4 4.9751 12.0107 17 4.9751 9.1923 4 9.1923 13 4 0
5 24 9.1923 4 9.1923 9.1923 17 9.1923 4.9751 4 12.0107 12.0107 4 4.9751
5 24 4.9751 4 12.0107 4.9751 17 12.0107 0 4 13 9.1923 4 9.1923
5 24 0 4 13 0 17 13 -4.9751 4 12.0107 4.9751 4 12.0107
5 24 -4.9751 4 12.0107 -4.9751 17 12.0107 -9.1923 4 9.1923 0 4 13
5 24 -9.1923 4 9.1923 -9.1923 17 9.1923 -12.0107 4 4.9751 -4.9751 4 12.0107
5 24 -12.0107 4 4.9751 -12.0107 17 4.9751 -13 4 0 -9.1923 4 9.1923

0 // CHIN Back Lines 1-4 Center
5 24 5.6568 21 5.6568 3.0616 21 7.3912 7.0096 20.69536 7.0096 4.192 21 4.192
5 24 5.6568 21 5.6568 7.0096 20.69536 7.0096 3.0616 21 7.3912 7.3912 21 3.0616
5 24 7.0096 20.69536 7.0096 3.7936 20.69536 9.1592 8.1568 19.82816 8.1568 5.6568 21 5.6568
5 24 7.0096 20.69536 7.0096 8.1568 19.82816 8.1568 3.7936 20.69536 9.1592 9.1592 20.69536 3.7936
5 24 8.1568 19.82816 8.1568 4.4144 19.82816 10.6576 8.9232 18.53088 8.9232 7.0096 20.69536 7.0096
5 24 8.1568 19.82816 8.1568 8.9232 18.53088 8.9232 4.4144 19.82816 10.6576 10.6576 19.82816 4.4144
5 24 8.9232 18.53088 8.9232 4.8296 18.53088 11.6592 9.192 17 9.192 8.1568 19.82816 8.1568
5 24 8.9232 18.53088 8.9232 9.192 17 9.192 4.8296 18.53088 11.6592 11.6592 18.53088 4.8296
5 24 9.192 17 9.192 4.9752 17 12.0104 9.192 15.34304 9.192 8.9232 18.53088 8.9232
5 24 3.0616 21 7.3912 0 21 8 3.7936 20.69536 9.1592 2.2688 21 5.4776
5 24 3.0616 21 7.3912 3.7936 20.69536 9.1592 0 21 8 5.6568 21 5.6568
5 24 3.7936 20.69536 9.1592 0 20.69536 9.9136 4.4144 19.82816 10.6576 3.0616 21 7.3912
5 24 3.7936 20.69536 9.1592 4.4144 19.82816 10.6576 0 20.69536 9.9136 7.0096 20.69536 7.0096
5 24 4.4144 19.82816 10.6576 0 19.82816 11.5352 4.8296 18.53088 11.6592 3.7936 20.69536 9.1592
5 24 4.4144 19.82816 10.6576 4.8296 18.53088 11.6592 0 19.82816 11.5352 8.1568 19.82816 8.1568
5 24 4.8296 18.53088 11.6592 0 18.53088 12.6192 4.9752 17 12.0104 4.4144 19.82816 10.6576
5 24 4.8296 18.53088 11.6592 4.9752 17 12.0104 0 18.53088 12.6192 8.9232 18.53088 8.9232
5 24 4.9752 17 12.0104 0 17 13 4.9752 15.34304 12.0104 4.8296 18.53088 11.6592
5 24 0 21 8 0 20.69536 9.9136 -3.0616 21 7.3912 3.0616 21 7.3912
5 24 0 20.69536 9.9136 0 19.82816 11.5352 -3.7936 20.69536 9.1592 3.7936 20.69536 9.1592
5 24 0 19.82816 11.5352 0 18.53088 12.6192 -4.4144 19.82816 10.6576 4.4144 19.82816 10.6576
5 24 0 18.53088 12.6192 0 17 13 -4.8296 18.53088 11.6592 4.8296 18.53088 11.6592
5 24 -5.6568 21 5.6568 -3.0616 21 7.3912 -7.0096 20.69536 7.0096 -4.192 21 4.192
5 24 -5.6568 21 5.6568 -7.0096 20.69536 7.0096 -3.0616 21 7.3912 -7.3912 21 3.0616
5 24 -7.0096 20.69536 7.0096 -3.7936 20.69536 9.1592 -8.1568 19.82816 8.1568 -5.6568 21 5.6568
5 24 -7.0096 20.69536 7.0096 -8.1568 19.82816 8.1568 -3.7936 20.69536 9.1592 -9.1592 20.69536 3.7936
5 24 -8.1568 19.82816 8.1568 -4.4144 19.82816 10.6576 -8.9232 18.53088 8.9232 -7.0096 20.69536 7.0096
5 24 -8.1568 19.82816 8.1568 -8.9232 18.53088 8.9232 -4.4144 19.82816 10.6576 -10.6576 19.82816 4.4144
5 24 -8.9232 18.53088 8.9232 -4.8296 18.53088 11.6592 -9.192 17 9.192 -8.1568 19.82816 8.1568
5 24 -8.9232 18.53088 8.9232 -9.192 17 9.192 -4.8296 18.53088 11.6592 -11.6592 18.53088 4.8296
5 24 -9.192 17 9.192 -4.9752 17 12.0104 -9.192 15.34304 9.192 -8.9232 18.53088 8.9232
5 24 -3.0616 21 7.3912 0 21 8 -3.7936 20.69536 9.1592 -2.2688 21 5.4776
5 24 -3.0616 21 7.3912 -3.7936 20.69536 9.1592 0 21 8 -5.6568 21 5.6568
5 24 -3.7936 20.69536 9.1592 0 20.69536 9.9136 -4.4144 19.82816 10.6576 -3.0616 21 7.3912
5 24 -3.7936 20.69536 9.1592 -4.4144 19.82816 10.6576 0 20.69536 9.9136 -7.0096 20.69536 7.0096
5 24 -4.4144 19.82816 10.6576 0 19.82816 11.5352 -4.8296 18.53088 11.6592 -3.7936 20.69536 9.1592
5 24 -4.4144 19.82816 10.6576 -4.8296 18.53088 11.6592 0 19.82816 11.5352 -8.1568 19.82816 8.1568
5 24 -4.8296 18.53088 11.6592 0 18.53088 12.6192 -4.9752 17 12.0104 -4.4144 19.82816 10.6576
5 24 -4.8296 18.53088 11.6592 -4.9752 17 12.0104 0 18.53088 12.6192 -8.9232 18.53088 8.9232
5 24 -4.9752 17 12.0104 0 17 13 -4.9752 15.34304 12.0104 -4.8296 18.53088 11.6592
