0 Minifig Head with Thick Black Eyebrows, Red Eyes with White Pupils, Light Bluish Grey Eye Shadow and Fangs Pattern
0 Name: 3626bpc25.dat
0 Author: Gerald Lasser [GeraldLasser]
0 !LDRAW_ORG Part UPDATE 2019-01
0 !LICENSE Redistributable under CCAL version 2.0 : see CAreadme.txt

0 BFC CERTIFY CCW

0 !KEYWORDS Series 2, Vampire, Bricklink 3626bpb0459

0 !CMDLINE -c15

0 !HISTORY 2019-06-28 [PTadmin] Official Update 2019-01

1 16 0 0 0 1 0 0 0 1 0 0 0 1 s\3626bs02.dat
1 16 0 4 0 -8 0 0 0 -6.4 0 0 0 8 t04o6250.dat
1 16 0 4 0 8 0 0 0 -6.4 0 0 0 8 t04o6250.dat
1 16 0 4 0 -8 0 0 0 -6.4 0 0 0 -8 t08o6250.dat
1 16 0 4 0 8 0 0 0 -6.4 0 0 0 -8 t08o6250.dat
1 16 0 4 0 13 0 0 0 13 0 0 0 13 2-4cyli.dat
1 16 0 4 0 13 0 0 0 13 0 0 0 -13 1-16cyli.dat
1 16 0 4 0 -13 0 0 0 13 0 0 0 -13 1-16cyli.dat
1 16 0 17 0 -8 0 0 0 6.4 0 0 0 8 t04o6250.dat
1 16 0 17 0 8 0 0 0 6.4 0 0 0 8 t04o6250.dat
1 16 0 17 0 -8 0 0 0 6.4 0 0 0 -8 t08o6250.dat
1 16 0 17 0 8 0 0 0 6.4 0 0 0 -8 t08o6250.dat

4 0 -9.192 7.7 -9.192 -9.52 7.97 -8.702 -9.415 7.995 -8.859 -9.31 7.92 -9.016
4 0 -9.53 7.8 -8.687 -9.52 7.97 -8.702 -9.192 7.7 -9.192 -9.381 7.19 -8.91
3 0 -9.192 6.64 -9.192 -9.381 7.19 -8.91 -9.192 7.7 -9.192
4 16 -9.381 7.19 -8.91 -9.192 6.64 -9.192 -9.192 4 -9.192 -12.011 4 -4.975
4 16 -9.53 7.8 -8.687 -9.381 7.19 -8.91 -12.011 4 -4.975 -12.011 17 -4.975
3 16 -9.192 7.7 -9.192 -9.31 7.92 -9.016 -9.192 17 -9.192
3 16 -9.31 7.92 -9.016 -9.415 7.995 -8.859 -9.192 17 -9.192
4 16 -9.192 17 -9.192 -9.415 7.995 -8.859 -9.52 7.97 -8.702 -12.011 17 -4.975
3 16 -9.53 7.8 -8.687 -12.011 17 -4.975 -9.52 7.97 -8.702
4 0 -4.975 10.864 -12.011 -5.034 10.764 -11.971 -5.23 11.911 -11.841 -4.975 12.1 -12.011
4 0 -5.714 11.085 -11.517 -5.23 11.911 -11.841 -5.034 10.764 -11.971 -5.148 10.11 -11.895
4 0 -5.884 10.11 -11.403 -5.714 11.085 -11.517 -5.148 10.11 -11.895 -5.034 9.456 -11.971
4 0 -5.714 9.135 -11.517 -5.884 10.11 -11.403 -5.034 9.456 -11.971 -4.975 9.356 -12.011
4 0 -5.23 8.309 -11.841 -5.714 9.135 -11.517 -4.975 9.356 -12.011 -4.975 8.115 -12.011
4 4 -4.975 10.864 -12.011 -5.034 9.456 -11.971 -5.148 10.11 -11.895 -5.034 10.764 -11.971
4 378 -4.975 7.675 -12.011 -5.72 7.545 -11.513 -5.23 8.309 -11.841 -4.975 8.115 -12.011
4 378 -5.23 8.309 -11.841 -5.72 7.545 -11.513 -6.855 7.771 -10.755 -5.714 9.135 -11.517
4 378 -5.714 9.135 -11.517 -6.855 7.771 -10.755 -7.817 8.413 -10.112 -7.04 9.02 -10.631
4 378 -7.817 8.413 -10.112 -8.459 9.375 -9.682 -8.18 9.33 -9.869 -7.87 9.13 -10.076
3 378 -7.817 8.413 -10.112 -7.87 9.13 -10.076 -7.47 9 -10.343
3 378 -7.817 8.413 -10.112 -7.47 9 -10.343 -7.04 9.02 -10.631
3 378 -7.04 9.02 -10.631 -6.54 9.18 -10.965 -5.714 9.135 -11.517
3 378 -5.714 9.135 -11.517 -6.54 9.18 -10.965 -6.33 9.46 -11.105
4 378 -5.884 10.11 -11.403 -5.714 9.135 -11.517 -6.33 9.46 -11.105 -6.28 9.71 -11.139
3 378 -8.18 9.33 -9.869 -8.459 9.375 -9.682 -8.33 9.55 -9.769
4 378 -8.33 9.55 -9.769 -8.459 9.375 -9.682 -8.685 10.51 -9.531 -8.32 9.82 -9.775
4 378 -8.21 9.93 -9.849 -8.32 9.82 -9.775 -8.685 10.51 -9.531 -8.02 10.84 -9.976
3 378 -8.685 10.51 -9.531 -8.17 11.14 -9.876 -8.02 10.84 -9.976
4 378 -8.21 11.41 -9.849 -8.17 11.14 -9.876 -8.685 10.51 -9.531 -8.459 11.645 -9.682
4 378 -8.09 11.61 -9.929 -8.21 11.41 -9.849 -8.459 11.645 -9.682 -7.857 12.387 -10.085
4 378 -7.87 11.65 -10.076 -8.09 11.61 -9.929 -7.857 12.387 -10.085 -6.99 12.3 -10.664
3 378 -7.69 11.48 -10.196 -7.87 11.65 -10.076 -6.99 12.3 -10.664
4 378 -7.99 9.92 -9.996 -8.21 9.93 -9.849 -8.02 10.84 -9.976 -7.73 10.54 -10.17
4 378 -7.69 9.8 -10.196 -7.99 9.92 -9.996 -7.73 10.54 -10.17 -7.26 10.26 -10.484
4 378 -7.29 9.7 -10.464 -7.69 9.8 -10.196 -7.26 10.26 -10.484 -6.84 10.14 -10.764
4 378 -6.87 9.72 -10.744 -7.29 9.7 -10.464 -6.84 10.14 -10.764 -6.59 10.15 -10.931
4 378 -6.48 9.8 -11.005 -6.87 9.72 -10.744 -6.59 10.15 -10.931 -6.39 10.27 -11.065
4 378 -6.28 9.71 -11.139 -6.48 9.8 -11.005 -6.39 10.27 -11.065 -5.884 10.11 -11.403
4 378 -5.884 10.11 -11.403 -6.39 10.27 -11.065 -6.32 10.44 -11.112 -5.714 11.085 -11.517
3 378 -6.32 10.44 -11.112 -6.37 10.61 -11.078 -5.714 11.085 -11.517
4 378 -5.714 11.085 -11.517 -6.37 10.61 -11.078 -6.71 10.72 -10.851 -7.15 10.9 -10.557
4 378 -5.99 12.23 -11.332 -5.714 11.085 -11.517 -7.15 10.9 -10.557 -7.47 11.18 -10.343
3 378 -7.47 11.18 -10.343 -6.56 12.27 -10.951 -5.99 12.23 -11.332
4 378 -6.99 12.3 -10.664 -6.56 12.27 -10.951 -7.47 11.18 -10.343 -7.69 11.48 -10.196
4 378 -5.714 11.085 -11.517 -5.99 12.23 -11.332 -5.44 12.17 -11.7 -5.23 11.911 -11.841
3 378 -5.23 11.911 -11.841 -5.44 12.17 -11.7 -4.975 12.1 -12.011
4 0 -6.56 12.27 -10.951 -6.99 12.3 -10.664 -6.78 12.66 -10.804 -6.51 12.91 -10.985
4 0 -5.99 12.23 -11.332 -6.56 12.27 -10.951 -6.51 12.91 -10.985 -5.97 12.94 -11.346
4 0 -5.44 12.17 -11.7 -5.99 12.23 -11.332 -5.97 12.94 -11.346 -5.32 12.94 -11.78
4 0 -4.975 12.1 -12.011 -5.44 12.17 -11.7 -5.32 12.94 -11.78 -4.975 12.9 -12.011
4 378 -6.99 12.3 -10.664 -7.857 12.387 -10.085 -7.278 12.608 -10.471 -6.78 12.66 -10.804
3 0 -9.192 6.64 -9.192 -9.192 7.7 -9.192 -8.75 7.22 -9.488
4 0 -9.192 6.64 -9.192 -8.75 7.22 -9.488 -7.91 6.77 -10.049 -8.84 5.72 -9.428
4 0 -8.84 5.72 -9.428 -7.91 6.77 -10.049 -7.26 6.61 -10.484 -8.44 4.82 -9.695
4 0 -7.92 4 -10.043 -8.44 4.82 -9.695 -7.26 6.61 -10.484 -6.07 4 -11.279
4 0 -6.07 4 -11.279 -7.26 6.61 -10.484 -6.64 6.69 -10.898 -5.49 4.44 -11.667
4 0 -5.49 4.44 -11.667 -6.64 6.69 -10.898 -6.04 6.86 -11.299 -4.975 4.81 -12.011
4 0 -4.975 4.81 -12.011 -6.04 6.86 -11.299 -5.46 7.05 -11.687 -4.975 7.16 -12.011
3 16 -7.92 4 -10.043 -9.192 4 -9.192 -8.44 4.82 -9.695
3 16 -9.192 4 -9.192 -8.84 5.72 -9.428 -8.44 4.82 -9.695
3 16 -9.192 4 -9.192 -9.192 6.64 -9.192 -8.84 5.72 -9.428
4 16 -4.975 7.16 -12.011 -5.46 7.05 -11.687 -5.72 7.545 -11.513 -4.975 7.675 -12.011
4 16 -5.72 7.545 -11.513 -5.46 7.05 -11.687 -6.04 6.86 -11.299 -6.855 7.771 -10.755
4 16 -6.855 7.771 -10.755 -6.04 6.86 -11.299 -6.64 6.69 -10.898 -7.26 6.61 -10.484
4 16 -7.91 6.77 -10.049 -7.817 8.413 -10.112 -6.855 7.771 -10.755 -7.26 6.61 -10.484
4 16 -7.817 8.413 -10.112 -7.91 6.77 -10.049 -8.75 7.22 -9.488 -9.192 7.7 -9.192
3 16 -9.192 7.7 -9.192 -8.459 9.375 -9.682 -7.817 8.413 -10.112
3 16 -9.192 7.7 -9.192 -8.685 10.51 -9.531 -8.459 9.375 -9.682
3 16 -9.192 7.7 -9.192 -9.192 17 -9.192 -8.685 10.51 -9.531
4 16 -4.975 4 -12.011 -6.07 4 -11.279 -5.49 4.44 -11.667 -4.975 4.81 -12.011
4 0 -5.68 15.91 -11.54 -4.975 15.95 -12.011 -4.975 15.04 -12.011 -5.86 14.92 -11.419
4 0 -5.88 15.98 -11.406 -5.68 15.91 -11.54 -5.86 14.92 -11.419 -6.76 15.91 -10.818
4 0 -5.93 16.15 -11.373 -5.88 15.98 -11.406 -6.76 15.91 -10.818 -6.62 16.5 -10.911
4 0 -5.77 16.64 -11.479 -5.93 16.15 -11.373 -6.62 16.5 -10.911 -6.39 17 -11.065
3 0 -5.77 16.64 -11.479 -6.39 17 -11.065 -5.58 17 -11.606
4 0 -6.76 15.91 -10.818 -5.86 14.92 -11.419 -5.96 14.79 -11.352 -6.86 15.88 -10.751
4 0 -6.86 15.88 -10.751 -5.96 14.79 -11.352 -6.1 14.71 -11.259 -6.39 14.73 -11.065
4 0 -6.86 15.88 -10.751 -6.39 14.73 -11.065 -6.8 14.89 -10.791 -7.25 15.3 -10.49
4 0 -7.09 15.99 -10.597 -6.86 15.88 -10.751 -7.25 15.3 -10.49 -7.54 15.79 -10.297
4 0 -7.4 16.29 -10.39 -7.09 15.99 -10.597 -7.54 15.79 -10.297 -7.71 16.2 -10.183
4 0 -7.57 16.52 -10.277 -7.4 16.29 -10.39 -7.71 16.2 -10.183 -7.76 16.53 -10.15
4 0 -7.57 16.52 -10.277 -7.76 16.53 -10.15 -7.73 16.62 -10.17 -7.61 16.61 -10.25
4 16 -5.88 15.98 -11.406 -5.93 16.15 -11.373 -5.77 16.64 -11.479 -5.68 15.91 -11.54
4 16 -5.77 16.64 -11.479 -5.58 17 -11.606 -4.975 17 -12.011 -5.68 15.91 -11.54
3 16 -5.68 15.91 -11.54 -4.975 17 -12.011 -4.975 15.95 -12.011
4 16 -6.86 15.88 -10.751 -7.09 15.99 -10.597 -6.62 16.5 -10.911 -6.76 15.91 -10.818
4 16 -7.57 16.52 -10.277 -7.61 16.61 -10.25 -6.39 17 -11.065 -6.62 16.5 -10.911
4 16 -7.4 16.29 -10.39 -7.57 16.52 -10.277 -6.62 16.5 -10.911 -7.09 15.99 -10.597
3 16 -7.76 16.53 -10.15 -9.192 17 -9.192 -7.73 16.62 -10.17
4 16 -6.39 17 -11.065 -7.61 16.61 -10.25 -7.73 16.62 -10.17 -9.192 17 -9.192
3 16 -7.71 16.2 -10.183 -9.192 17 -9.192 -7.76 16.53 -10.15
4 16 -9.192 17 -9.192 -7.71 16.2 -10.183 -7.54 15.79 -10.297 -7.857 12.387 -10.085
4 16 -5.96 14.79 -11.352 -5.86 14.92 -11.419 -4.975 15.04 -12.011 -5.32 12.94 -11.78
3 16 -4.975 12.9 -12.011 -5.32 12.94 -11.78 -4.975 15.04 -12.011
4 16 -6.1 14.71 -11.259 -5.96 14.79 -11.352 -5.32 12.94 -11.78 -5.97 12.94 -11.346
4 16 -6.51 12.91 -10.985 -6.39 14.73 -11.065 -6.1 14.71 -11.259 -5.97 12.94 -11.346
4 16 -6.78 12.66 -10.804 -6.8 14.89 -10.791 -6.39 14.73 -11.065 -6.51 12.91 -10.985
4 16 -7.278 12.608 -10.471 -7.25 15.3 -10.49 -6.8 14.89 -10.791 -6.78 12.66 -10.804
4 16 -7.25 15.3 -10.49 -7.278 12.608 -10.471 -7.857 12.387 -10.085 -7.54 15.79 -10.297
3 16 -8.459 11.645 -9.682 -9.192 17 -9.192 -7.857 12.387 -10.085
3 16 -8.685 10.51 -9.531 -9.192 17 -9.192 -8.459 11.645 -9.682
3 4 -4.975 9.356 -12.011 -5.034 9.456 -11.971 -4.975 10.864 -12.011
4 0 -6.54 9.18 -10.965 -6.48 9.8 -11.005 -6.28 9.71 -11.139 -6.33 9.46 -11.105
4 0 -6.54 9.18 -10.965 -7.04 9.02 -10.631 -6.87 9.72 -10.744 -6.48 9.8 -11.005
4 0 -7.04 9.02 -10.631 -7.47 9 -10.343 -7.29 9.7 -10.464 -6.87 9.72 -10.744
4 0 -7.87 9.13 -10.076 -7.69 9.8 -10.196 -7.29 9.7 -10.464 -7.47 9 -10.343
4 0 -8.18 9.33 -9.869 -7.99 9.92 -9.996 -7.69 9.8 -10.196 -7.87 9.13 -10.076
4 0 -8.32 9.82 -9.775 -8.21 9.93 -9.849 -7.99 9.92 -9.996 -8.33 9.55 -9.769
3 0 -8.18 9.33 -9.869 -8.33 9.55 -9.769 -7.99 9.92 -9.996
4 0 -6.59 10.15 -10.931 -6.37 10.61 -11.078 -6.32 10.44 -11.112 -6.39 10.27 -11.065
4 0 -6.59 10.15 -10.931 -6.84 10.14 -10.764 -6.71 10.72 -10.851 -6.37 10.61 -11.078
4 0 -7.26 10.26 -10.484 -7.15 10.9 -10.557 -6.71 10.72 -10.851 -6.84 10.14 -10.764
4 0 -7.73 10.54 -10.17 -7.47 11.18 -10.343 -7.15 10.9 -10.557 -7.26 10.26 -10.484
4 0 -8.02 10.84 -9.976 -8.17 11.14 -9.876 -7.47 11.18 -10.343 -7.73 10.54 -10.17
4 0 -8.21 11.41 -9.849 -8.09 11.61 -9.929 -7.87 11.65 -10.076 -7.69 11.48 -10.196
4 0 -8.17 11.14 -9.876 -8.21 11.41 -9.849 -7.69 11.48 -10.196 -7.47 11.18 -10.343
4 0 -1.586 9.135 -12.685 -2.266 9.456 -12.549 -2.152 10.11 -12.572 -1.416 10.11 -12.718
4 0 -1.416 10.11 -12.718 -2.152 10.11 -12.572 -2.266 10.764 -12.549 -1.586 11.085 -12.685
4 0 -1.586 11.085 -12.685 -2.266 10.764 -12.549 -2.591 11.318 -12.485 -2.07 11.911 -12.588
4 0 -2.07 11.911 -12.588 -2.591 11.318 -12.485 -3.077 11.688 -12.388 -2.795 12.463 -12.444
4 0 -2.795 12.463 -12.444 -3.077 11.688 -12.388 -3.65 11.818 -12.274 -3.6 12.687 -12.284
4 0 -3.6 12.687 -12.284 -3.65 11.818 -12.274 -4.223 11.688 -12.16 -4.36 12.82 -12.133
4 0 -4.36 12.82 -12.133 -4.223 11.688 -12.16 -4.709 11.318 -12.064 -4.975 12.1 -12.011
3 0 -4.975 10.864 -12.011 -4.975 12.1 -12.011 -4.709 11.318 -12.064
3 0 -4.975 8.115 -12.011 -4.223 8.532 -12.16 -4.505 7.757 -12.104
4 0 -4.505 7.757 -12.104 -4.223 8.532 -12.16 -3.65 8.402 -12.274 -3.65 7.563 -12.274
4 0 -3.65 7.563 -12.274 -3.65 8.402 -12.274 -3.077 8.532 -12.388 -2.795 7.757 -12.444
4 0 -2.795 7.757 -12.444 -3.077 8.532 -12.388 -2.591 8.902 -12.485 -2.07 8.309 -12.588
4 0 -2.07 8.309 -12.588 -2.591 8.902 -12.485 -2.266 9.456 -12.549 -1.586 9.135 -12.685
4 16 -3.72 9.83 -12.26 -4.369 9.561 -12.131 -4.423 9.83 -12.121 -4.369 10.099 -12.131
4 16 -3.72 9.83 -12.26 -4.369 10.099 -12.131 -4.217 10.327 -12.161 -3.989 10.479 -12.207
4 16 -3.72 9.83 -12.26 -3.989 10.479 -12.207 -3.72 10.533 -12.26 -3.451 10.479 -12.314
4 16 -3.72 9.83 -12.26 -3.451 10.479 -12.314 -3.223 10.327 -12.359 -3.071 10.099 -12.389
4 16 -3.72 9.83 -12.26 -3.071 10.099 -12.389 -3.017 9.83 -12.4 -3.071 9.561 -12.389
4 16 -3.72 9.83 -12.26 -3.071 9.561 -12.389 -3.223 9.333 -12.359 -3.451 9.181 -12.314
4 16 -3.72 9.83 -12.26 -3.451 9.181 -12.314 -3.72 9.127 -12.26 -3.989 9.181 -12.207
4 16 -3.72 9.83 -12.26 -3.989 9.181 -12.207 -4.217 9.333 -12.161 -4.369 9.561 -12.131
4 4 -3.65 8.402 -12.274 -3.72 9.127 -12.26 -3.451 9.181 -12.314 -3.077 8.532 -12.388
4 4 -3.077 8.532 -12.388 -3.451 9.181 -12.314 -3.223 9.333 -12.359 -2.591 8.902 -12.485
4 4 -3.223 9.333 -12.359 -3.071 9.561 -12.389 -2.266 9.456 -12.549 -2.591 8.902 -12.485
4 4 -4.223 8.532 -12.16 -3.989 9.181 -12.207 -3.72 9.127 -12.26 -3.65 8.402 -12.274
4 4 -4.709 8.902 -12.064 -4.217 9.333 -12.161 -3.989 9.181 -12.207 -4.223 8.532 -12.16
4 4 -4.217 9.333 -12.161 -4.709 8.902 -12.064 -4.975 9.356 -12.011 -4.369 9.561 -12.131
4 4 -4.975 10.864 -12.011 -4.369 10.099 -12.131 -4.423 9.83 -12.121 -4.975 9.356 -12.011
4 4 -4.217 10.327 -12.161 -4.369 10.099 -12.131 -4.975 10.864 -12.011 -4.709 11.318 -12.064
4 4 -3.989 10.479 -12.207 -4.217 10.327 -12.161 -4.709 11.318 -12.064 -4.223 11.688 -12.16
4 4 -3.65 11.818 -12.274 -3.72 10.533 -12.26 -3.989 10.479 -12.207 -4.223 11.688 -12.16
4 4 -3.72 10.533 -12.26 -3.65 11.818 -12.274 -3.077 11.688 -12.388 -3.451 10.479 -12.314
4 4 -3.451 10.479 -12.314 -3.077 11.688 -12.388 -2.591 11.318 -12.485 -3.223 10.327 -12.359
4 4 -3.223 10.327 -12.359 -2.591 11.318 -12.485 -2.266 10.764 -12.549 -3.071 10.099 -12.389
4 4 -2.152 10.11 -12.572 -3.017 9.83 -12.4 -3.071 10.099 -12.389 -2.266 10.764 -12.549
4 4 -2.266 9.456 -12.549 -3.071 9.561 -12.389 -3.017 9.83 -12.4 -2.152 10.11 -12.572
3 378 -4.975 7.675 -12.011 -4.975 8.115 -12.011 -4.505 7.757 -12.104
3 0 -4.975 12.1 -12.011 -4.975 12.9 -12.011 -4.36 12.82 -12.133
4 0 -4.975 4.81 -12.011 -4.975 7.16 -12.011 -4.37 7.24 -12.131 -4.21 5.27 -12.163
4 0 -4.21 5.27 -12.163 -4.37 7.24 -12.131 -3.53 7.32 -12.298 -3.16 5.77 -12.372
4 0 -3.16 5.77 -12.372 -3.53 7.32 -12.298 -2.66 7.34 -12.471 -2.28 6.07 -12.547
4 0 -1.75 6.24 -12.652 -2.28 6.07 -12.547 -2.66 7.34 -12.471 -2.09 7.31 -12.584
4 0 -1.75 6.24 -12.652 -2.09 7.31 -12.584 -1.81 7.22 -12.64 -1.58 6.92 -12.686
4 0 -1.56 6.39 -12.69 -1.75 6.24 -12.652 -1.58 6.92 -12.686 -1.49 6.61 -12.704
4 16 -4.975 4 -12.011 -4.975 4.81 -12.011 -4.21 5.27 -12.163 -3.16 5.77 -12.372
4 16 -4.975 4 -12.011 -3.16 5.77 -12.372 -2.28 6.07 -12.547 0 4 -13
3 16 0 4 -13 -2.28 6.07 -12.547 -1.75 6.24 -12.652
3 16 0 4 -13 -1.75 6.24 -12.652 -1.56 6.39 -12.69
4 16 0 4 -13 -1.56 6.39 -12.69 -1.49 6.61 -12.704 0 7.11 -13
4 16 -4.37 7.24 -12.131 -4.975 7.16 -12.011 -4.505 7.757 -12.104 -3.65 7.563 -12.274
4 16 -3.53 7.32 -12.298 -4.37 7.24 -12.131 -3.65 7.563 -12.274 -2.795 7.757 -12.444
3 16 -3.53 7.32 -12.298 -2.795 7.757 -12.444 -2.66 7.34 -12.471
4 16 -2.66 7.34 -12.471 -2.795 7.757 -12.444 -2.07 8.309 -12.588 -2.09 7.31 -12.584
4 16 -2.09 7.31 -12.584 -2.07 8.309 -12.588 -1.586 9.135 -12.685 -1.81 7.22 -12.64
4 16 -1.58 6.92 -12.686 -1.81 7.22 -12.64 -1.586 9.135 -12.685 -.08 7.66 -12.984
4 0 0 16.39 -13 0 15.51 -13 -1.48 15.48 -12.706 -1.55 16.32 -12.692
4 0 -1.55 16.32 -12.692 -1.48 15.48 -12.706 -2.76 15.35 -12.451 -2.77 16.23 -12.449
4 0 -3.98 16.09 -12.209 -2.77 16.23 -12.449 -2.76 15.35 -12.451 -3.97 15.19 -12.211
4 0 -4.975 15.95 -12.011 -3.98 16.09 -12.209 -3.97 15.19 -12.211 -4.975 15.04 -12.011
4 0 -4.25 17 -12.155 -2 17 -12.602 -2.82 16.88 -12.439 -3.62 16.83 -12.28
3 0 -3.62 16.83 -12.28 -3.99 16.85 -12.207 -4.25 17 -12.155
4 16 -4.975 15.95 -12.011 -4.975 17 -12.011 -4.25 17 -12.155 -3.99 16.85 -12.207
4 16 -3.98 16.09 -12.209 -4.975 15.95 -12.011 -3.99 16.85 -12.207 -3.62 16.83 -12.28
4 16 -2.77 16.23 -12.449 -3.98 16.09 -12.209 -3.62 16.83 -12.28 -2.82 16.88 -12.439
4 16 -1.55 16.32 -12.692 -2.77 16.23 -12.449 -2.82 16.88 -12.439 -2 17 -12.602
4 16 -1.55 16.32 -12.692 -2 17 -12.602 0 17 -13 0 16.39 -13
4 16 -4.975 12.9 -12.011 -4.975 15.04 -12.011 -3.97 15.19 -12.211 -4.36 12.82 -12.133
4 16 -4.36 12.82 -12.133 -3.97 15.19 -12.211 -2.76 15.35 -12.451 -3.6 12.687 -12.284
4 16 -2.795 12.463 -12.444 -3.6 12.687 -12.284 -2.76 15.35 -12.451 -1.48 15.48 -12.706
3 16 -2.07 11.911 -12.588 -2.795 12.463 -12.444 -1.48 15.48 -12.706
4 16 -1.586 11.085 -12.685 -2.07 11.911 -12.588 -1.48 15.48 -12.706 0 15.51 -13
3 16 -4.975 7.16 -12.011 -4.975 7.675 -12.011 -4.505 7.757 -12.104
4 16 -1.416 10.11 -12.718 -1.586 11.085 -12.685 0 15.51 -13 0 8.17 -13
3 0 0 7.11 -13 -.08 7.66 -12.984 0 8.17 -13
4 16 -1.586 9.135 -12.685 -1.416 10.11 -12.718 0 8.17 -13 -.08 7.66 -12.984
4 16 -1.58 6.92 -12.686 -.08 7.66 -12.984 0 7.11 -13 -1.49 6.61 -12.704
3 0 -4.975 8.115 -12.011 -4.975 9.356 -12.011 -4.709 8.902 -12.064
3 0 -4.975 8.115 -12.011 -4.709 8.902 -12.064 -4.223 8.532 -12.16
3 4 -4.975 9.356 -12.011 -4.423 9.83 -12.121 -4.369 9.561 -12.131
4 0 2.152 10.11 -12.572 2.266 9.456 -12.549 1.586 9.135 -12.685 1.416 10.11 -12.718
4 0 2.266 10.764 -12.549 2.152 10.11 -12.572 1.416 10.11 -12.718 1.586 11.085 -12.685
4 0 2.591 11.318 -12.485 2.266 10.764 -12.549 1.586 11.085 -12.685 2.07 11.911 -12.588
4 0 3.077 11.688 -12.388 2.591 11.318 -12.485 2.07 11.911 -12.588 2.795 12.463 -12.444
4 0 3.65 11.818 -12.274 3.077 11.688 -12.388 2.795 12.463 -12.444 3.6 12.687 -12.284
4 0 4.223 11.688 -12.16 3.65 11.818 -12.274 3.6 12.687 -12.284 4.36 12.82 -12.133
4 0 4.709 11.318 -12.064 4.223 11.688 -12.16 4.36 12.82 -12.133 4.975 12.1 -12.011
3 0 4.975 10.864 -12.011 4.709 11.318 -12.064 4.975 12.1 -12.011
3 0 4.975 8.115 -12.011 4.709 8.902 -12.064 4.975 9.356 -12.011
4 0 4.223 8.532 -12.16 4.709 8.902 -12.064 4.975 8.115 -12.011 4.505 7.757 -12.104
4 0 3.65 8.402 -12.274 4.223 8.532 -12.16 4.505 7.757 -12.104 3.65 7.563 -12.274
4 0 3.077 8.532 -12.388 3.65 8.402 -12.274 3.65 7.563 -12.274 2.795 7.757 -12.444
4 0 2.591 8.902 -12.485 3.077 8.532 -12.388 2.795 7.757 -12.444 2.07 8.309 -12.588
4 0 2.266 9.456 -12.549 2.591 8.902 -12.485 2.07 8.309 -12.588 1.586 9.135 -12.685
4 16 4.423 9.83 -12.121 4.369 9.561 -12.131 3.72 9.83 -12.26 4.369 10.099 -12.131
4 16 4.217 10.327 -12.161 4.369 10.099 -12.131 3.72 9.83 -12.26 3.989 10.479 -12.207
4 16 3.72 10.533 -12.26 3.989 10.479 -12.207 3.72 9.83 -12.26 3.451 10.479 -12.314
4 16 3.223 10.327 -12.359 3.451 10.479 -12.314 3.72 9.83 -12.26 3.071 10.099 -12.389
4 16 3.017 9.83 -12.4 3.071 10.099 -12.389 3.72 9.83 -12.26 3.071 9.561 -12.389
4 16 3.223 9.333 -12.359 3.071 9.561 -12.389 3.72 9.83 -12.26 3.451 9.181 -12.314
4 16 3.72 9.127 -12.26 3.451 9.181 -12.314 3.72 9.83 -12.26 3.989 9.181 -12.207
4 16 4.217 9.333 -12.161 3.989 9.181 -12.207 3.72 9.83 -12.26 4.369 9.561 -12.131
4 4 3.451 9.181 -12.314 3.72 9.127 -12.26 3.65 8.402 -12.274 3.077 8.532 -12.388
4 4 3.223 9.333 -12.359 3.451 9.181 -12.314 3.077 8.532 -12.388 2.591 8.902 -12.485
4 4 2.266 9.456 -12.549 3.071 9.561 -12.389 3.223 9.333 -12.359 2.591 8.902 -12.485
4 4 3.72 9.127 -12.26 3.989 9.181 -12.207 4.223 8.532 -12.16 3.65 8.402 -12.274
4 4 3.989 9.181 -12.207 4.217 9.333 -12.161 4.709 8.902 -12.064 4.223 8.532 -12.16
4 4 4.217 9.333 -12.161 4.369 9.561 -12.131 4.975 9.356 -12.011 4.709 8.902 -12.064
4 4 4.975 9.356 -12.011 4.423 9.83 -12.121 4.369 10.099 -12.131 4.975 10.864 -12.011
4 4 4.975 10.864 -12.011 4.369 10.099 -12.131 4.217 10.327 -12.161 4.709 11.318 -12.064
4 4 4.709 11.318 -12.064 4.217 10.327 -12.161 3.989 10.479 -12.207 4.223 11.688 -12.16
4 4 3.989 10.479 -12.207 3.72 10.533 -12.26 3.65 11.818 -12.274 4.223 11.688 -12.16
4 4 3.077 11.688 -12.388 3.65 11.818 -12.274 3.72 10.533 -12.26 3.451 10.479 -12.314
4 4 2.591 11.318 -12.485 3.077 11.688 -12.388 3.451 10.479 -12.314 3.223 10.327 -12.359
4 4 2.266 10.764 -12.549 2.591 11.318 -12.485 3.223 10.327 -12.359 3.071 10.099 -12.389
4 4 3.071 10.099 -12.389 3.017 9.83 -12.4 2.152 10.11 -12.572 2.266 10.764 -12.549
4 4 3.017 9.83 -12.4 3.071 9.561 -12.389 2.266 9.456 -12.549 2.152 10.11 -12.572
3 378 4.975 7.675 -12.011 4.505 7.757 -12.104 4.975 8.115 -12.011
3 0 4.975 12.1 -12.011 4.36 12.82 -12.133 4.975 12.9 -12.011
4 0 4.37 7.24 -12.131 4.975 7.16 -12.011 4.975 4.81 -12.011 4.21 5.27 -12.163
4 0 3.53 7.32 -12.298 4.37 7.24 -12.131 4.21 5.27 -12.163 3.16 5.77 -12.372
4 0 2.66 7.34 -12.471 3.53 7.32 -12.298 3.16 5.77 -12.372 2.28 6.07 -12.547
4 0 2.66 7.34 -12.471 2.28 6.07 -12.547 1.75 6.24 -12.652 2.09 7.31 -12.584
4 0 1.81 7.22 -12.64 2.09 7.31 -12.584 1.75 6.24 -12.652 1.58 6.92 -12.686
4 0 1.58 6.92 -12.686 1.75 6.24 -12.652 1.56 6.39 -12.69 1.49 6.61 -12.704
4 16 4.21 5.27 -12.163 4.975 4.81 -12.011 4.975 4 -12.011 3.16 5.77 -12.372
4 16 2.28 6.07 -12.547 3.16 5.77 -12.372 4.975 4 -12.011 0 4 -13
4 16 4.505 7.757 -12.104 4.975 7.16 -12.011 4.37 7.24 -12.131 3.65 7.563 -12.274
4 16 3.65 7.563 -12.274 4.37 7.24 -12.131 3.53 7.32 -12.298 2.795 7.757 -12.444
3 16 3.53 7.32 -12.298 2.66 7.34 -12.471 2.795 7.757 -12.444
4 16 2.07 8.309 -12.588 2.795 7.757 -12.444 2.66 7.34 -12.471 2.09 7.31 -12.584
4 16 1.586 9.135 -12.685 2.07 8.309 -12.588 2.09 7.31 -12.584 1.81 7.22 -12.64
4 16 1.586 9.135 -12.685 1.81 7.22 -12.64 1.58 6.92 -12.686 1.416 10.11 -12.718
4 0 1.48 15.48 -12.706 0 15.51 -13 0 16.39 -13 1.55 16.32 -12.692
4 0 2.76 15.35 -12.451 1.48 15.48 -12.706 1.55 16.32 -12.692 2.77 16.23 -12.449
4 0 2.76 15.35 -12.451 2.77 16.23 -12.449 3.98 16.09 -12.209 3.97 15.19 -12.211
4 0 3.97 15.19 -12.211 3.98 16.09 -12.209 4.975 15.95 -12.011 4.975 15.04 -12.011
4 0 2.82 16.88 -12.439 2 17 -12.602 4.25 17 -12.155 3.62 16.83 -12.28
3 0 3.62 16.83 -12.28 4.25 17 -12.155 3.99 16.85 -12.207
4 16 4.25 17 -12.155 4.9752 17 -12.0104 4.975 15.95 -12.011 3.99 16.85 -12.207
4 16 3.99 16.85 -12.207 4.975 15.95 -12.011 3.98 16.09 -12.209 3.62 16.83 -12.28
4 16 3.62 16.83 -12.28 3.98 16.09 -12.209 2.77 16.23 -12.449 2.82 16.88 -12.439
4 16 2.82 16.88 -12.439 2.77 16.23 -12.449 1.55 16.32 -12.692 2 17 -12.602
4 16 0 17 -13 2 17 -12.602 1.55 16.32 -12.692 0 16.39 -13
4 16 3.97 15.19 -12.211 4.975 15.04 -12.011 4.975 12.9 -12.011 4.36 12.82 -12.133
4 16 2.76 15.35 -12.451 3.97 15.19 -12.211 4.36 12.82 -12.133 3.6 12.687 -12.284
4 16 2.76 15.35 -12.451 3.6 12.687 -12.284 2.795 12.463 -12.444 1.48 15.48 -12.706
3 16 2.07 11.911 -12.588 1.48 15.48 -12.706 2.795 12.463 -12.444
4 16 1.48 15.48 -12.706 2.07 11.911 -12.588 1.586 11.085 -12.685 0 15.51 -13
3 16 4.975 7.16 -12.011 4.505 7.757 -12.104 4.975 7.675 -12.011
4 16 0 15.51 -13 1.586 11.085 -12.685 1.416 10.11 -12.718 .17 8.43 -12.966
4 0 .42 7.62 -12.916 0 7.11 -13 0 8.17 -13 .46 7.84 -12.909
4 0 .46 7.84 -12.909 0 8.17 -13 .17 8.43 -12.966 .43 8.48 -12.914
4 0 .63 7.98 -12.875 .46 7.84 -12.909 .43 8.48 -12.914 .72 8.39 -12.857
4 0 0 7.11 -13 .42 7.62 -12.916 .46 6.92 -12.909 .16 6.39 -12.968
4 0 .16 6.39 -12.968 .46 6.92 -12.909 .52 6.15 -12.897 .38 5.63 -12.924
4 0 .38 5.63 -12.924 .52 6.15 -12.897 .56 5.62 -12.889 .45 5.53 -12.911
4 0 .785 8.055 -12.844 .63 7.98 -12.875 .72 8.39 -12.857 .82 8.27 -12.837
3 16 0 4 -13 0 7.11 -13 .16 6.39 -12.968
3 16 0 4 -13 .16 6.39 -12.968 .38 5.63 -12.924
3 16 0 4 -13 .38 5.63 -12.924 .45 5.53 -12.911
4 16 .52 6.15 -12.897 .46 6.92 -12.909 1.49 6.61 -12.704 1.56 6.39 -12.69
4 16 .45 5.53 -12.911 .56 5.62 -12.889 2.28 6.07 -12.547 0 4 -13
4 16 .52 6.15 -12.897 1.75 6.24 -12.652 2.28 6.07 -12.547 .56 5.62 -12.889
3 16 .52 6.15 -12.897 1.56 6.39 -12.69 1.75 6.24 -12.652
4 16 1.49 6.61 -12.704 .46 6.92 -12.909 .42 7.62 -12.916 1.58 6.92 -12.686
4 16 1.58 6.92 -12.686 .42 7.62 -12.916 .46 7.84 -12.909 .63 7.98 -12.875
3 16 1.58 6.92 -12.686 .63 7.98 -12.875 .785 8.055 -12.844
4 16 1.58 6.92 -12.686 .785 8.055 -12.844 .82 8.27 -12.837 1.416 10.11 -12.718
3 16 .82 8.27 -12.837 .72 8.39 -12.857 1.416 10.11 -12.718
3 16 .72 8.39 -12.857 .43 8.48 -12.914 1.416 10.11 -12.718
3 16 .17 8.43 -12.966 1.416 10.11 -12.718 .43 8.48 -12.914
3 16 0 8.17 -13 0 15.51 -13 .17 8.43 -12.966
3 4 4.975 9.356 -12.011 4.369 9.561 -12.131 4.423 9.83 -12.121
4 0 4.975 12.1 -12.011 5.23 11.911 -11.841 5.034 10.764 -11.971 4.975 10.864 -12.011
4 0 5.034 10.764 -11.971 5.23 11.911 -11.841 5.714 11.085 -11.517 5.148 10.11 -11.895
4 0 5.148 10.11 -11.895 5.714 11.085 -11.517 5.884 10.11 -11.403 5.034 9.456 -11.971
4 0 5.034 9.456 -11.971 5.884 10.11 -11.403 5.714 9.135 -11.517 4.975 9.356 -12.011
4 0 4.975 9.356 -12.011 5.714 9.135 -11.517 5.23 8.309 -11.841 4.975 8.115 -12.011
4 4 5.148 10.11 -11.895 5.034 9.456 -11.971 4.975 9.356 -12.011 4.975 10.864 -12.011
3 4 5.148 10.11 -11.895 4.975 10.864 -12.011 5.034 10.764 -11.971
4 378 4.975 8.115 -12.011 5.23 8.309 -11.841 5.72 7.545 -11.513 4.975 7.675 -12.011
4 378 6.855 7.771 -10.755 5.72 7.545 -11.513 5.23 8.309 -11.841 5.714 9.135 -11.517
4 378 7.817 8.413 -10.112 6.855 7.771 -10.755 5.714 9.135 -11.517 7.04 9.02 -10.631
4 378 8.18 9.33 -9.869 8.459 9.375 -9.682 7.817 8.413 -10.112 7.87 9.13 -10.076
3 378 7.817 8.413 -10.112 7.47 9 -10.343 7.87 9.13 -10.076
3 378 7.817 8.413 -10.112 7.04 9.02 -10.631 7.47 9 -10.343
3 378 7.04 9.02 -10.631 5.714 9.135 -11.517 6.54 9.18 -10.965
3 378 5.714 9.135 -11.517 6.33 9.46 -11.105 6.54 9.18 -10.965
4 378 6.33 9.46 -11.105 5.714 9.135 -11.517 5.884 10.11 -11.403 6.28 9.71 -11.139
3 378 8.18 9.33 -9.869 8.33 9.55 -9.769 8.459 9.375 -9.682
4 378 8.685 10.51 -9.531 8.459 9.375 -9.682 8.33 9.55 -9.769 8.32 9.82 -9.775
4 378 8.685 10.51 -9.531 8.32 9.82 -9.775 8.21 9.93 -9.849 8.02 10.84 -9.976
3 378 8.685 10.51 -9.531 8.02 10.84 -9.976 8.17 11.14 -9.876
4 378 8.685 10.51 -9.531 8.17 11.14 -9.876 8.21 11.41 -9.849 8.459 11.645 -9.682
4 378 8.459 11.645 -9.682 8.21 11.41 -9.849 8.09 11.61 -9.929 7.857 12.387 -10.085
4 378 7.857 12.387 -10.085 8.09 11.61 -9.929 7.87 11.65 -10.076 6.99 12.3 -10.664
3 378 7.69 11.48 -10.196 6.99 12.3 -10.664 7.87 11.65 -10.076
4 378 8.02 10.84 -9.976 8.21 9.93 -9.849 7.99 9.92 -9.996 7.73 10.54 -10.17
4 378 7.73 10.54 -10.17 7.99 9.92 -9.996 7.69 9.8 -10.196 7.26 10.26 -10.484
4 378 7.26 10.26 -10.484 7.69 9.8 -10.196 7.29 9.7 -10.464 6.84 10.14 -10.764
4 378 6.84 10.14 -10.764 7.29 9.7 -10.464 6.87 9.72 -10.744 6.59 10.15 -10.931
4 378 6.59 10.15 -10.931 6.87 9.72 -10.744 6.48 9.8 -11.005 6.39 10.27 -11.065
4 378 6.39 10.27 -11.065 6.48 9.8 -11.005 6.28 9.71 -11.139 5.884 10.11 -11.403
4 378 6.32 10.44 -11.112 6.39 10.27 -11.065 5.884 10.11 -11.403 5.714 11.085 -11.517
3 378 6.32 10.44 -11.112 5.714 11.085 -11.517 6.37 10.61 -11.078
4 378 6.71 10.72 -10.851 6.37 10.61 -11.078 5.714 11.085 -11.517 7.15 10.9 -10.557
4 378 7.15 10.9 -10.557 5.714 11.085 -11.517 5.99 12.23 -11.332 7.47 11.18 -10.343
3 378 7.47 11.18 -10.343 5.99 12.23 -11.332 6.56 12.27 -10.951
4 378 7.47 11.18 -10.343 6.56 12.27 -10.951 6.99 12.3 -10.664 7.69 11.48 -10.196
4 378 5.44 12.17 -11.7 5.99 12.23 -11.332 5.714 11.085 -11.517 5.23 11.911 -11.841
3 378 5.23 11.911 -11.841 4.975 12.1 -12.011 5.44 12.17 -11.7
4 0 6.78 12.66 -10.804 6.99 12.3 -10.664 6.56 12.27 -10.951 6.51 12.91 -10.985
4 0 6.51 12.91 -10.985 6.56 12.27 -10.951 5.99 12.23 -11.332 5.97 12.94 -11.346
4 0 5.97 12.94 -11.346 5.99 12.23 -11.332 5.44 12.17 -11.7 5.32 12.94 -11.78
4 0 5.32 12.94 -11.78 5.44 12.17 -11.7 4.975 12.1 -12.011 4.975 12.9 -12.011
4 378 7.278 12.608 -10.471 7.857 12.387 -10.085 6.99 12.3 -10.664 6.78 12.66 -10.804
3 0 9.192 6.64 -9.192 8.75 7.22 -9.488 9.192 7.7 -9.192
4 0 7.91 6.77 -10.049 8.75 7.22 -9.488 9.192 6.64 -9.192 8.84 5.72 -9.428
4 0 7.26 6.61 -10.484 7.91 6.77 -10.049 8.84 5.72 -9.428 8.44 4.82 -9.695
4 0 7.26 6.61 -10.484 8.44 4.82 -9.695 7.92 4 -10.043 6.07 4 -11.279
4 0 6.64 6.69 -10.898 7.26 6.61 -10.484 6.07 4 -11.279 5.49 4.44 -11.667
4 0 6.04 6.86 -11.299 6.64 6.69 -10.898 5.49 4.44 -11.667 4.975 4.81 -12.011
4 0 5.46 7.05 -11.687 6.04 6.86 -11.299 4.975 4.81 -12.011 4.975 7.16 -12.011
3 16 9.192 4 -9.192 7.92 4 -10.043 8.44 4.82 -9.695
3 16 9.192 4 -9.192 8.44 4.82 -9.695 8.84 5.72 -9.428
3 16 9.192 4 -9.192 8.84 5.72 -9.428 9.192 6.64 -9.192
4 16 5.72 7.545 -11.513 5.46 7.05 -11.687 4.975 7.16 -12.011 4.975 7.675 -12.011
4 16 6.04 6.86 -11.299 5.46 7.05 -11.687 5.72 7.545 -11.513 6.855 7.771 -10.755
4 16 6.64 6.69 -10.898 6.04 6.86 -11.299 6.855 7.771 -10.755 7.26 6.61 -10.484
4 16 6.855 7.771 -10.755 7.817 8.413 -10.112 7.91 6.77 -10.049 7.26 6.61 -10.484
4 16 8.75 7.22 -9.488 7.91 6.77 -10.049 7.817 8.413 -10.112 9.192 7.7 -9.192
3 16 9.192 7.7 -9.192 7.817 8.413 -10.112 8.459 9.375 -9.682
3 16 9.192 7.7 -9.192 8.459 9.375 -9.682 8.685 10.51 -9.531
3 16 9.192 7.7 -9.192 8.685 10.51 -9.531 9.192 17 -9.192
4 16 5.49 4.44 -11.667 6.07 4 -11.279 4.975 4 -12.011 4.975 4.81 -12.011
4 0 4.975 15.04 -12.011 4.975 15.95 -12.011 5.68 15.91 -11.54 5.86 14.92 -11.419
4 0 5.86 14.92 -11.419 5.68 15.91 -11.54 5.88 15.98 -11.406 6.76 15.91 -10.818
4 0 6.76 15.91 -10.818 5.88 15.98 -11.406 5.93 16.15 -11.373 6.62 16.5 -10.911
4 0 6.62 16.5 -10.911 5.93 16.15 -11.373 5.77 16.64 -11.479 6.39 17 -11.065
3 0 5.77 16.64 -11.479 5.58 17 -11.606 6.39 17 -11.065
4 0 5.96 14.79 -11.352 5.86 14.92 -11.419 6.76 15.91 -10.818 6.86 15.88 -10.751
4 0 6.1 14.71 -11.259 5.96 14.79 -11.352 6.86 15.88 -10.751 6.39 14.73 -11.065
4 0 6.8 14.89 -10.791 6.39 14.73 -11.065 6.86 15.88 -10.751 7.25 15.3 -10.49
4 0 7.25 15.3 -10.49 6.86 15.88 -10.751 7.09 15.99 -10.597 7.54 15.79 -10.297
4 0 7.54 15.79 -10.297 7.09 15.99 -10.597 7.4 16.29 -10.39 7.71 16.2 -10.183
4 0 7.71 16.2 -10.183 7.4 16.29 -10.39 7.57 16.52 -10.277 7.76 16.53 -10.15
4 0 7.73 16.62 -10.17 7.76 16.53 -10.15 7.57 16.52 -10.277 7.61 16.61 -10.25
4 16 5.77 16.64 -11.479 5.93 16.15 -11.373 5.88 15.98 -11.406 5.68 15.91 -11.54
4 16 4.9752 17 -12.0104 5.58 17 -11.606 5.77 16.64 -11.479 5.68 15.91 -11.54
3 16 5.68 15.91 -11.54 4.975 15.95 -12.011 4.9752 17 -12.0104
4 16 6.62 16.5 -10.911 7.09 15.99 -10.597 6.86 15.88 -10.751 6.76 15.91 -10.818
4 16 6.39 17 -11.065 7.61 16.61 -10.25 7.57 16.52 -10.277 6.62 16.5 -10.911
4 16 6.62 16.5 -10.911 7.57 16.52 -10.277 7.4 16.29 -10.39 7.09 15.99 -10.597
3 16 7.76 16.53 -10.15 7.73 16.62 -10.17 9.192 17 -9.192
4 16 7.73 16.62 -10.17 7.61 16.61 -10.25 6.39 17 -11.065 9.192 17 -9.192
3 16 7.71 16.2 -10.183 7.76 16.53 -10.15 9.192 17 -9.192
4 16 7.54 15.79 -10.297 7.71 16.2 -10.183 9.192 17 -9.192 7.857 12.387 -10.085
4 16 4.975 15.04 -12.011 5.86 14.92 -11.419 5.96 14.79 -11.352 5.32 12.94 -11.78
3 16 4.975 12.9 -12.011 4.975 15.04 -12.011 5.32 12.94 -11.78
4 16 5.32 12.94 -11.78 5.96 14.79 -11.352 6.1 14.71 -11.259 5.97 12.94 -11.346
4 16 6.1 14.71 -11.259 6.39 14.73 -11.065 6.51 12.91 -10.985 5.97 12.94 -11.346
4 16 6.39 14.73 -11.065 6.8 14.89 -10.791 6.78 12.66 -10.804 6.51 12.91 -10.985
4 16 6.8 14.89 -10.791 7.25 15.3 -10.49 7.278 12.608 -10.471 6.78 12.66 -10.804
4 16 7.857 12.387 -10.085 7.278 12.608 -10.471 7.25 15.3 -10.49 7.54 15.79 -10.297
3 16 8.459 11.645 -9.682 7.857 12.387 -10.085 9.192 17 -9.192
3 16 8.685 10.51 -9.531 8.459 11.645 -9.682 9.192 17 -9.192
4 0 6.39 10.27 -11.065 6.32 10.44 -11.112 6.37 10.61 -11.078 6.59 10.15 -10.931
4 0 6.71 10.72 -10.851 6.84 10.14 -10.764 6.59 10.15 -10.931 6.37 10.61 -11.078
4 0 7.26 10.26 -10.484 6.84 10.14 -10.764 6.71 10.72 -10.851 7.15 10.9 -10.557
4 0 7.73 10.54 -10.17 7.26 10.26 -10.484 7.15 10.9 -10.557 7.47 11.18 -10.343
4 0 8.02 10.84 -9.976 7.73 10.54 -10.17 7.47 11.18 -10.343 7.69 11.48 -10.196
4 0 7.69 11.48 -10.196 7.87 11.65 -10.076 8.09 11.61 -9.929 8.21 11.41 -9.849
4 0 7.69 11.48 -10.196 8.21 11.41 -9.849 8.17 11.14 -9.876 8.02 10.84 -9.976
4 0 7.99 9.92 -9.996 8.21 9.93 -9.849 8.32 9.82 -9.775 8.33 9.55 -9.769
4 0 6.33 9.46 -11.105 6.28 9.71 -11.139 6.48 9.8 -11.005 6.54 9.18 -10.965
4 0 6.54 9.18 -10.965 6.48 9.8 -11.005 6.87 9.72 -10.744 7.04 9.02 -10.631
4 0 7.04 9.02 -10.631 6.87 9.72 -10.744 7.29 9.7 -10.464 7.47 9 -10.343
4 0 7.47 9 -10.343 7.29 9.7 -10.464 7.69 9.8 -10.196 7.87 9.13 -10.076
4 0 8.18 9.33 -9.869 7.87 9.13 -10.076 7.69 9.8 -10.196 7.99 9.92 -9.996
3 0 8.18 9.33 -9.869 7.99 9.92 -9.996 8.33 9.55 -9.769
4 0 9.415 7.995 -8.859 9.52 7.97 -8.702 9.192 7.7 -9.192 9.31 7.92 -9.016
4 0 9.192 7.7 -9.192 9.52 7.97 -8.702 9.53 7.8 -8.687 9.381 7.19 -8.91
3 0 9.192 6.64 -9.192 9.192 7.7 -9.192 9.381 7.19 -8.91
4 16 9.192 4 -9.192 9.192 6.64 -9.192 9.381 7.19 -8.91 12.011 4 -4.975
4 16 12.011 4 -4.975 9.381 7.19 -8.91 9.53 7.8 -8.687 12.011 17 -4.975
3 16 9.192 7.7 -9.192 9.192 17 -9.192 9.31 7.92 -9.016
3 16 9.31 7.92 -9.016 9.192 17 -9.192 9.415 7.995 -8.859
4 16 9.52 7.97 -8.702 9.415 7.995 -8.859 9.192 17 -9.192 12.011 17 -4.975
3 16 9.53 7.8 -8.687 9.52 7.97 -8.702 12.011 17 -4.975
4 16 -4.83 2.469 -11.659 -4.975 4 -12.011 0 4 -13 0 2.469 -12.619
4 16 -4.414 1.172 -10.658 -4.83 2.469 -11.659 0 2.469 -12.619 0 1.172 -11.535
4 16 -3.794 .305 -9.159 -4.414 1.172 -10.658 0 1.172 -11.535 0 .305 -9.914
4 0 -7.61 3.67 -10.153 -7.92 4 -10.043 -6.07 4 -11.279 -6.43 3.68 -10.944
4 0 -7.61 3.67 -10.153 -6.43 3.68 -10.944 -6.73 3.49 -10.688 -7.24 3.47 -10.341
3 0 -7.02 3.42 -10.474 -7.24 3.47 -10.341 -6.73 3.49 -10.688
4 16 -6.43 3.68 -10.944 -6.07 4 -11.279 -4.975 4 -12.011 -4.83 2.469 -11.659
3 16 -4.83 2.469 -11.659 -6.73 3.49 -10.688 -6.43 3.68 -10.944
4 16 -7.02 3.42 -10.474 -6.73 3.49 -10.688 -4.83 2.469 -11.659 -8.923 2.469 -8.923
3 16 -8.923 2.469 -8.923 -7.24 3.47 -10.341 -7.02 3.42 -10.474
3 16 -8.923 2.469 -8.923 -7.61 3.67 -10.153 -7.24 3.47 -10.341
4 16 -8.923 2.469 -8.923 -9.192 4 -9.192 -7.92 4 -10.043 -7.61 3.67 -10.153
4 16 -8.157 1.172 -8.157 -8.923 2.469 -8.923 -4.83 2.469 -11.659 -4.414 1.172 -10.658
4 16 -7.01 .305 -7.01 -8.157 1.172 -8.157 -4.414 1.172 -10.658 -3.794 .305 -9.159
4 16 0 1.172 -11.535 4.414 1.172 -10.658 3.794 .305 -9.159 0 .305 -9.914
4 0 6.07 4 -11.279 7.92 4 -10.043 7.61 3.67 -10.153 6.43 3.68 -10.944
4 0 6.73 3.49 -10.688 6.43 3.68 -10.944 7.61 3.67 -10.153 7.24 3.47 -10.341
3 0 7.02 3.42 -10.474 6.73 3.49 -10.688 7.24 3.47 -10.341
4 16 4.975 4 -12.011 6.07 4 -11.279 6.43 3.68 -10.944 4.83 2.469 -11.659
3 16 4.83 2.469 -11.659 6.43 3.68 -10.944 6.73 3.49 -10.688
4 16 4.83 2.469 -11.659 6.73 3.49 -10.688 7.02 3.42 -10.474 8.923 2.469 -8.923
3 16 8.923 2.469 -8.923 7.02 3.42 -10.474 7.24 3.47 -10.341
3 16 8.923 2.469 -8.923 7.24 3.47 -10.341 7.61 3.67 -10.153
4 16 7.92 4 -10.043 9.192 4 -9.192 8.923 2.469 -8.923 7.61 3.67 -10.153
4 16 4.83 2.469 -11.659 8.923 2.469 -8.923 8.157 1.172 -8.157 4.414 1.172 -10.658
4 16 0 4 -13 4.975 4 -12.011 4.83 2.469 -11.659 0 2.469 -12.619
4 16 0 2.469 -12.619 4.83 2.469 -11.659 4.414 1.172 -10.658 0 1.172 -11.535
4 16 4.414 1.172 -10.658 8.157 1.172 -8.157 7.01 .305 -7.01 3.794 .305 -9.159
3 0 4.883 17.971 -11.788 4.7 18.05 -11.804 4.83 18.531 -11.659
4 0 3.53 18.12 -12.02 4.83 18.531 -11.659 4.7 18.05 -11.804 3.63 18.01 -12.027
4 0 3.63 18.01 -12.027 4.7 18.05 -11.804 4.56 17.95 -11.857 3.61 17.84 -12.073
4 0 3.61 17.84 -12.073 4.56 17.95 -11.857 4.47 17.64 -11.952 3.45 17.71 -12.137
4 0 3.45 17.71 -12.137 4.47 17.64 -11.952 4.37 17.23 -12.074 4.25 17 -12.155
3 0 4.25 17 -12.155 3.03 17.66 -12.233 3.45 17.71 -12.137
4 0 1.82 17.52 -12.509 3.03 17.66 -12.233 4.25 17 -12.155 1.66 17.42 -12.565
4 0 1.61 17.27 -12.613 1.66 17.42 -12.565 4.25 17 -12.155 1.7 17.14 -12.627
3 0 4.25 17 -12.155 2 17 -12.602 1.7 17.14 -12.627
3 0 3.53 18.12 -12.02 3.12 18.2 -12.081 4.83 18.531 -11.659
4 0 4.83 18.531 -11.659 3.12 18.2 -12.081 2.38 18.24 -12.218 0 18.531 -12.619
4 0 0 18.531 -12.619 2.38 18.24 -12.218 1.29 18.1 -12.47 .44 18.03 -12.656
3 0 0 18.02 -12.746 0 18.531 -12.619 .44 18.03 -12.656
4 16 4.56 17.95 -11.857 4.7 18.05 -11.804 4.883 17.971 -11.788 4.9752 17 -12.0104
3 16 4.56 17.95 -11.857 4.9752 17 -12.0104 4.47 17.64 -11.952
3 16 4.9752 17 -12.0104 4.37 17.23 -12.074 4.47 17.64 -11.952
3 16 4.9752 17 -12.0104 4.25 17 -12.155 4.37 17.23 -12.074
4 16 3.53 18.12 -12.02 3.63 18.01 -12.027 3.61 17.84 -12.073 3.45 17.71 -12.137
4 16 3.12 18.2 -12.081 3.53 18.12 -12.02 3.45 17.71 -12.137 3.03 17.66 -12.233
4 16 2.38 18.24 -12.218 3.12 18.2 -12.081 3.03 17.66 -12.233 1.82 17.52 -12.509
4 16 1.29 18.1 -12.47 2.38 18.24 -12.218 1.82 17.52 -12.509 1.66 17.42 -12.565
4 16 1.29 18.1 -12.47 1.66 17.42 -12.565 1.61 17.27 -12.613 .44 18.03 -12.656
4 16 0 17 -13 0 18.02 -12.746 .44 18.03 -12.656 1.61 17.27 -12.613
3 16 2 17 -12.602 0 17 -13 1.7 17.14 -12.627
3 16 0 17 -13 1.61 17.27 -12.613 1.7 17.14 -12.627
4 0 4.31 19.6 -10.869 4.54 19.43 -10.965 4.83 18.531 -11.659 4.11 19.64 -10.875
4 0 3.96 19.57 -10.964 4.11 19.64 -10.875 4.83 18.531 -11.659 3.88 19.41 -11.113
3 0 4.83 18.531 -11.659 3.91 19.19 -11.291 3.88 19.41 -11.113
3 0 4.83 18.531 -11.659 3.84 19.04 -11.43 3.91 19.19 -11.291
3 0 4.83 18.531 -11.659 3.66 18.97 -11.525 3.84 19.04 -11.43
3 0 0 18.531 -12.619 0 18.9 -12.311 .41 18.9 -12.229
3 0 0 18.531 -12.619 .41 18.9 -12.229 .95 18.93 -12.097
4 0 0 18.531 -12.619 .95 18.93 -12.097 1.45 18.98 -11.956 3.41 19.01 -11.541
4 0 1.93 19.09 -11.768 2.53 19.16 -11.591 3.05 19.1 -11.537 1.45 18.98 -11.956
3 0 1.45 18.98 -11.956 3.05 19.1 -11.537 3.41 19.01 -11.541
4 0 0 18.531 -12.619 3.41 19.01 -11.541 3.66 18.97 -11.525 4.83 18.531 -11.659
3 16 4.54 19.43 -10.965 4.31 19.6 -10.869 4.414 19.828 -10.658
3 16 4.31 19.6 -10.869 4.11 19.64 -10.875 4.414 19.828 -10.658
4 16 3.91 19.19 -11.291 3.84 19.04 -11.43 3.66 18.97 -11.525 3.41 19.01 -11.541
4 16 3.88 19.41 -11.113 3.91 19.19 -11.291 3.41 19.01 -11.541 3.05 19.1 -11.537
4 16 3.96 19.57 -10.964 3.88 19.41 -11.113 3.05 19.1 -11.537 2.53 19.16 -11.591
4 16 .41 18.9 -12.229 0 18.9 -12.311 0 19.828 -11.535 .95 18.93 -12.097
4 16 1.45 18.98 -11.956 .95 18.93 -12.097 0 19.828 -11.535 1.93 19.09 -11.768
4 16 2.53 19.16 -11.591 1.93 19.09 -11.768 0 19.828 -11.535 3.96 19.57 -10.964
4 16 4.11 19.64 -10.875 3.96 19.57 -10.964 0 19.828 -11.535 4.414 19.828 -10.658
4 0 5.95 17.82 -11.119 6.39 17 -11.065 5.58 17 -11.606 5.22 17.58 -11.677
4 0 5.95 17.82 -11.119 5.22 17.58 -11.677 4.883 17.971 -11.788 5.36 18.531 -11.305
3 0 4.883 17.971 -11.788 4.83 18.531 -11.659 5.36 18.531 -11.305
3 16 5.22 17.58 -11.677 5.58 17 -11.606 4.9752 17 -12.0104
3 16 5.22 17.58 -11.677 4.9752 17 -12.0104 4.883 17.971 -11.788
4 16 9.192 17 -9.192 6.39 17 -11.065 5.95 17.82 -11.119 8.923 18.531 -8.923
3 16 5.95 17.82 -11.119 5.36 18.531 -11.305 8.923 18.531 -8.923
3 0 4.83 18.531 -11.659 4.54 19.43 -10.965 5.36 18.531 -11.305
4 16 8.157 19.828 -8.157 8.923 18.531 -8.923 5.36 18.531 -11.305 4.54 19.43 -10.965
3 16 4.54 19.43 -10.965 4.414 19.828 -10.658 8.157 19.828 -8.157
3 0 -4.883 17.971 -11.788 -4.83 18.531 -11.659 -4.7 18.05 -11.804
4 0 -4.7 18.05 -11.804 -4.83 18.531 -11.659 -3.53 18.12 -12.02 -3.63 18.01 -12.027
4 0 -4.56 17.95 -11.857 -4.7 18.05 -11.804 -3.63 18.01 -12.027 -3.61 17.84 -12.073
4 0 -4.47 17.64 -11.952 -4.56 17.95 -11.857 -3.61 17.84 -12.073 -3.45 17.71 -12.137
4 0 -4.37 17.23 -12.074 -4.47 17.64 -11.952 -3.45 17.71 -12.137 -4.25 17 -12.155
3 0 -4.25 17 -12.155 -3.45 17.71 -12.137 -3.03 17.66 -12.233
4 0 -4.25 17 -12.155 -3.03 17.66 -12.233 -1.82 17.52 -12.509 -1.66 17.42 -12.566
4 0 -4.25 17 -12.155 -1.66 17.42 -12.566 -1.61 17.27 -12.613 -1.7 17.14 -12.627
3 0 -2 17 -12.602 -4.25 17 -12.155 -1.7 17.14 -12.627
3 0 -3.53 18.12 -12.02 -4.83 18.531 -11.659 -3.12 18.2 -12.081
4 0 -2.38 18.24 -12.218 -3.12 18.2 -12.081 -4.83 18.531 -11.659 0 18.531 -12.619
4 0 -1.29 18.1 -12.47 -2.38 18.24 -12.218 0 18.531 -12.619 -.44 18.03 -12.656
3 0 0 18.02 -12.746 -.44 18.03 -12.656 0 18.531 -12.619
4 16 -4.883 17.971 -11.788 -4.7 18.05 -11.804 -4.56 17.95 -11.857 -4.975 17 -12.011
4 16 -4.975 17 -12.011 -4.56 17.95 -11.857 -4.47 17.64 -11.952 -4.37 17.23 -12.074
3 16 -4.25 17 -12.155 -4.975 17 -12.011 -4.37 17.23 -12.074
4 16 -3.61 17.84 -12.073 -3.63 18.01 -12.027 -3.53 18.12 -12.02 -3.45 17.71 -12.137
4 16 -3.45 17.71 -12.137 -3.53 18.12 -12.02 -3.12 18.2 -12.081 -3.03 17.66 -12.233
4 16 -3.03 17.66 -12.233 -3.12 18.2 -12.081 -2.38 18.24 -12.218 -1.82 17.52 -12.509
4 16 -1.82 17.52 -12.509 -2.38 18.24 -12.218 -1.29 18.1 -12.47 -1.66 17.42 -12.566
4 16 -1.61 17.27 -12.613 -1.66 17.42 -12.566 -1.29 18.1 -12.47 -.44 18.03 -12.656
4 16 -.44 18.03 -12.656 0 18.02 -12.746 0 17 -13 -1.61 17.27 -12.613
3 16 0 17 -13 -2 17 -12.602 -1.7 17.14 -12.627
3 16 0 17 -13 -1.7 17.14 -12.627 -1.61 17.27 -12.613
4 0 -4.83 18.531 -11.659 -4.54 19.43 -10.965 -4.31 19.6 -10.869 -4.11 19.64 -10.875
4 0 -4.83 18.531 -11.659 -4.11 19.64 -10.875 -3.96 19.57 -10.964 -3.88 19.41 -11.113
3 0 -4.83 18.531 -11.659 -3.88 19.41 -11.113 -3.91 19.19 -11.291
3 0 -4.83 18.531 -11.659 -3.91 19.19 -11.291 -3.84 19.04 -11.43
3 0 -4.83 18.531 -11.659 -3.84 19.04 -11.43 -3.66 18.97 -11.525
3 0 0 18.531 -12.619 -.41 18.9 -12.229 0 18.9 -12.311
3 0 0 18.531 -12.619 -.95 18.93 -12.097 -.41 18.9 -12.229
4 0 -1.45 18.98 -11.956 -.95 18.93 -12.097 0 18.531 -12.619 -3.41 19.01 -11.541
4 0 -3.05 19.1 -11.537 -2.53 19.16 -11.591 -1.93 19.09 -11.768 -1.45 18.98 -11.956
3 0 -1.45 18.98 -11.956 -3.41 19.01 -11.541 -3.05 19.1 -11.537
4 0 -3.66 18.97 -11.525 -3.41 19.01 -11.541 0 18.531 -12.619 -4.83 18.531 -11.659
3 16 -4.54 19.43 -10.965 -4.414 19.828 -10.658 -4.31 19.6 -10.869
3 16 -4.31 19.6 -10.869 -4.414 19.828 -10.658 -4.11 19.64 -10.875
4 16 -3.66 18.97 -11.525 -3.84 19.04 -11.43 -3.91 19.19 -11.291 -3.41 19.01 -11.541
4 16 -3.41 19.01 -11.541 -3.91 19.19 -11.291 -3.88 19.41 -11.113 -3.05 19.1 -11.537
4 16 -3.05 19.1 -11.537 -3.88 19.41 -11.113 -3.96 19.57 -10.964 -2.53 19.16 -11.591
4 16 0 19.828 -11.535 0 18.9 -12.311 -.41 18.9 -12.229 -.95 18.93 -12.097
4 16 0 19.828 -11.535 -.95 18.93 -12.097 -1.45 18.98 -11.956 -1.93 19.09 -11.768
4 16 0 19.828 -11.535 -1.93 19.09 -11.768 -2.53 19.16 -11.591 -3.96 19.57 -10.964
4 16 0 19.828 -11.535 -3.96 19.57 -10.964 -4.11 19.64 -10.875 -4.414 19.828 -10.658
4 0 -5.58 17 -11.606 -6.39 17 -11.065 -5.95 17.82 -11.119 -5.22 17.58 -11.677
4 0 -4.883 17.971 -11.788 -5.22 17.58 -11.677 -5.95 17.82 -11.119 -5.36 18.531 -11.305
3 0 -4.883 17.971 -11.788 -5.36 18.531 -11.305 -4.83 18.531 -11.659
4 16 -4.975 17 -12.011 -5.58 17 -11.606 -5.22 17.58 -11.677 -4.883 17.971 -11.788
4 16 -5.95 17.82 -11.119 -6.39 17 -11.065 -9.192 17 -9.192 -8.923 18.531 -8.923
3 16 -5.95 17.82 -11.119 -8.923 18.531 -8.923 -5.36 18.531 -11.305
3 0 -4.83 18.531 -11.659 -5.36 18.531 -11.305 -4.54 19.43 -10.965
4 16 -5.36 18.531 -11.305 -8.923 18.531 -8.923 -8.157 19.828 -8.157 -4.54 19.43 -10.965
3 16 -4.54 19.43 -10.965 -8.157 19.828 -8.157 -4.414 19.828 -10.658
4 16 -4.414 19.828 -10.658 -8.157 19.828 -8.157 -7.01 20.695 -7.01 -3.794 20.695 -9.159
4 16 0 19.828 -11.535 -4.414 19.828 -10.658 -3.794 20.695 -9.159 0 20.695 -9.914
4 16 4.414 19.828 -10.658 0 19.828 -11.535 0 20.695 -9.914 3.794 20.695 -9.159
4 16 4.414 19.828 -10.658 3.794 20.695 -9.159 7.0096 20.69536 -7.0096 8.1568 19.82816 -8.1568

4 16 -3.794 20.695 -9.159 -7.01 20.695 -7.01 -5.657 21 -5.657 -3.062 21 -7.391
4 16 0 20.695 -9.914 -3.794 20.695 -9.159 -3.062 21 -7.391 0 21 -8
4 16 0 20.695 -9.914 0 21 -8 3.0616 21 -7.3912 3.794 20.695 -9.159
4 16 3.794 20.695 -9.159 3.0616 21 -7.3912 5.6568 21 -5.6568 7.01 20.695 -7.01
4 16 -5.657 0 -5.657 -7.01 .305 -7.01 -3.794 .305 -9.159 -3.062 0 -7.391
4 16 -3.062 0 -7.391 -3.794 .305 -9.159 0 .305 -9.914 0 0 -8
4 16 3.0616 0 -7.3912 0 0 -8 0 .305 -9.914 3.794 .305 -9.159
4 16 5.6568 0 -5.6568 3.0616 0 -7.3912 3.794 .305 -9.159 7.01 .305 -7.01

0 // FACE Front Lines 3-8
5 24 -12.0107 4 -4.9751 -12.0107 17 -4.9751 -9.1923 4 -9.1923 -13 4 0
5 24 -9.1923 4 -9.1923 -9.1923 17 -9.1923 -4.9751 4 -12.0107 -12.0107 4 -4.9751
5 24 -4.9751 4 -12.0107 -4.9751 17 -12.0107 0 4 -13 -9.1923 4 -9.1923
5 24 0 4 -13 0 17 -13 4.9751 4 -12.0107 -4.9751 4 -12.0107
5 24 4.9751 4 -12.0107 4.9752 17 -12.0104 9.1923 4 -9.1923 0 4 -13
5 24 9.1923 4 -9.1923 9.1923 17 -9.1923 12.0107 4 -4.9751 4.9751 4 -12.0107
5 24 12.0107 4 -4.9751 12.0107 17 -4.9751 13 4 0 9.1923 4 -9.1923

0 // CHIN Front Lines 1-4 Center
0 // CHIN Front Lines 1-16 Left
5 24 -5.6568 21 -5.6568 -3.0616 21 -7.3912 -7.0096 20.69536 -7.0096 -4.192 21 -4.192
5 24 -5.6568 21 -5.6568 -7.0096 20.69536 -7.0096 -3.0616 21 -7.3912 -7.3912 21 -3.0616
5 24 -7.0096 20.69536 -7.0096 -3.7936 20.69536 -9.1592 -8.1568 19.82816 -8.1568 -5.6568 21 -5.6568
5 24 -7.0096 20.69536 -7.0096 -8.1568 19.82816 -8.1568 -3.7936 20.69536 -9.1592 -9.1592 20.69536 -3.7936
5 24 -8.1568 19.82816 -8.1568 -4.4144 19.82816 -10.6576 -8.9232 18.53088 -8.9232 -7.0096 20.69536 -7.0096
5 24 -8.1568 19.82816 -8.1568 -8.9232 18.53088 -8.9232 -4.4144 19.82816 -10.6576 -10.6576 19.82816 -4.4144
5 24 -8.9232 18.53088 -8.9232 -4.8296 18.53088 -11.6592 -9.192 17 -9.192 -8.1568 19.82816 -8.1568
5 24 -8.9232 18.53088 -8.9232 -9.192 17 -9.192 -4.8296 18.53088 -11.6592 -11.6592 18.53088 -4.8296
5 24 -9.192 17 -9.192 -4.9752 17 -12.0104 -9.192 15.34304 -9.192 -8.9232 18.53088 -8.9232
0 // CHIN Front Lines 1-8 Center
5 24 -3.0616 21 -7.3912 0 21 -8 -3.7936 20.69536 -9.1592 -2.2688 21 -5.4776
5 24 -3.0616 21 -7.3912 -3.7936 20.69536 -9.1592 0 21 -8 -5.6568 21 -5.6568
5 24 -3.7936 20.69536 -9.1592 0 20.69536 -9.9136 -4.4144 19.82816 -10.6576 -3.0616 21 -7.3912
5 24 -3.7936 20.69536 -9.1592 -4.4144 19.82816 -10.6576 0 20.69536 -9.9136 -7.0096 20.69536 -7.0096
5 24 -4.4144 19.82816 -10.6576 0 19.82816 -11.5352 -4.8296 18.53088 -11.6592 -3.7936 20.69536 -9.1592
5 24 -4.4144 19.82816 -10.6576 -4.8296 18.53088 -11.6592 0 19.82816 -11.5352 -8.1568 19.82816 -8.1568
5 24 -4.8296 18.53088 -11.6592 0 18.53088 -12.6192 -4.9752 17 -12.0104 -4.4144 19.82816 -10.6576
5 24 -4.8296 18.53088 -11.6592 -4.9752 17 -12.0104 0 18.53088 -12.6192 -8.9232 18.53088 -8.9232
5 24 -4.9752 17 -12.0104 0 17 -13 -4.9752 15.34304 -12.0104 -4.8296 18.53088 -11.6592

5 24 0 21 -8 0 20.69536 -9.9136 3.0616 21 -7.3912 -3.0616 21 -7.3912
5 24 0 20.69536 -9.9136 0 19.82816 -11.5352 3.7936 20.69536 -9.1592 -3.7936 20.69536 -9.1592
5 24 0 19.82816 -11.5352 0 18.53088 -12.6192 4.4144 19.82816 -10.6576 -4.4144 19.82816 -10.6576
5 24 0 18.53088 -12.6192 0 17 -13 4.8296 18.53088 -11.6592 -4.8296 18.53088 -11.6592

5 24 3.0616 21 -7.3912 0 21 -8 3.7936 20.69536 -9.1592 2.2688 21 -5.4776
5 24 3.0616 21 -7.3912 3.7936 20.69536 -9.1592 0 21 -8 5.6568 21 -5.6568
5 24 3.7936 20.69536 -9.1592 0 20.69536 -9.9136 4.4144 19.82816 -10.6576 3.0616 21 -7.3912
5 24 3.7936 20.69536 -9.1592 4.4144 19.82816 -10.6576 0 20.69536 -9.9136 7.0096 20.69536 -7.0096
5 24 4.4144 19.82816 -10.6576 0 19.82816 -11.5352 4.8296 18.53088 -11.6592 3.7936 20.69536 -9.1592
5 24 4.4144 19.82816 -10.6576 4.8296 18.53088 -11.6592 0 19.82816 -11.5352 8.1568 19.82816 -8.1568
5 24 4.8296 18.53088 -11.6592 0 18.53088 -12.6192 4.9752 17 -12.0104 4.4144 19.82816 -10.6576
5 24 4.8296 18.53088 -11.6592 4.9752 17 -12.0104 0 18.53088 -12.6192 8.9232 18.53088 -8.9232
5 24 4.9752 17 -12.0104 0 17 -13 4.9752 15.34304 -12.0104 4.8296 18.53088 -11.6592

0 // CHIN Front Lines 1-16 Right
5 24 5.6568 21 -5.6568 3.0616 21 -7.3912 7.0096 20.69536 -7.0096 4.192 21 -4.192
5 24 5.6568 21 -5.6568 7.0096 20.69536 -7.0096 3.0616 21 -7.3912 7.3912 21 -3.0616
5 24 7.0096 20.69536 -7.0096 3.7936 20.69536 -9.1592 8.1568 19.82816 -8.1568 5.6568 21 -5.6568
5 24 7.0096 20.69536 -7.0096 8.1568 19.82816 -8.1568 3.7936 20.69536 -9.1592 9.1592 20.69536 -3.7936
5 24 8.1568 19.82816 -8.1568 4.4144 19.82816 -10.6576 8.9232 18.53088 -8.9232 7.0096 20.69536 -7.0096
5 24 8.1568 19.82816 -8.1568 8.9232 18.53088 -8.9232 4.4144 19.82816 -10.6576 10.6576 19.82816 -4.4144
5 24 8.9232 18.53088 -8.9232 4.8296 18.53088 -11.6592 9.192 17 -9.192 8.1568 19.82816 -8.1568
5 24 8.9232 18.53088 -8.9232 9.192 17 -9.192 4.8296 18.53088 -11.6592 11.6592 18.53088 -4.8296
5 24 9.192 17 -9.192 4.9752 17 -12.0104 9.192 15.34304 -9.192 8.9232 18.53088 -8.9232
0 // CHIN Front Lines 1-4 Center END

0 // FOREHEAD Front Lines 1-4 Center
5 24 -5.6568 0 -5.6568 -3.0616 0 -7.3912 -7.0096 .30464 -7.0096 -4.192 0 -4.192
5 24 -5.6568 0 -5.6568 -7.0096 .30464 -7.0096 -3.0616 0 -7.3912 -7.3912 0 -3.0616
5 24 -7.0096 .30464 -7.0096 -3.7936 .30464 -9.1592 -8.1568 1.17184 -8.1568 -5.6568 0 -5.6568
5 24 -7.0096 .30464 -7.0096 -8.1568 1.17184 -8.1568 -3.7936 .30464 -9.1592 -9.1592 .30464 -3.7936
5 24 -8.1568 1.17184 -8.1568 -4.4144 1.17184 -10.6576 -8.9232 2.46912 -8.9232 -7.0096 .30464 -7.0096
5 24 -8.1568 1.17184 -8.1568 -8.9232 2.46912 -8.9232 -4.4144 1.17184 -10.6576 -10.6576 1.17184 -4.4144
5 24 -8.9232 2.46912 -8.9232 -4.8296 2.46912 -11.6592 -9.192 4 -9.192 -8.1568 1.17184 -8.1568
5 24 -8.9232 2.46912 -8.9232 -9.192 4 -9.192 -4.8296 2.46912 -11.6592 -11.6592 2.46912 -4.8296
5 24 -9.192 4 -9.192 -4.9752 4 -12.0104 -9.192 5.65696 -9.192 -8.9232 2.46912 -8.9232
5 24 -3.0616 0 -7.3912 0 0 -8 -3.7936 .30464 -9.1592 -2.2688 0 -5.4776
5 24 -3.0616 0 -7.3912 -3.7936 .30464 -9.1592 0 0 -8 -5.6568 0 -5.6568
5 24 -3.7936 .30464 -9.1592 0 .30464 -9.9136 -4.4144 1.17184 -10.6576 -3.0616 0 -7.3912
5 24 -3.7936 .30464 -9.1592 -4.4144 1.17184 -10.6576 0 .30464 -9.9136 -7.0096 .30464 -7.0096
5 24 -4.4144 1.17184 -10.6576 0 1.17184 -11.5352 -4.8296 2.46912 -11.6592 -3.7936 .30464 -9.1592
5 24 -4.4144 1.17184 -10.6576 -4.8296 2.46912 -11.6592 0 1.17184 -11.5352 -8.1568 1.17184 -8.1568
5 24 -4.8296 2.46912 -11.6592 0 2.46912 -12.6192 -4.9752 4 -12.0104 -4.4144 1.17184 -10.6576
5 24 -4.8296 2.46912 -11.6592 -4.9752 4 -12.0104 0 2.46912 -12.6192 -8.9232 2.46912 -8.9232
5 24 -4.9752 4 -12.0104 0 4 -13 -4.9752 5.65696 -12.0104 -4.8296 2.46912 -11.6592
5 24 0 0 -8 0 .30464 -9.9136 3.0616 0 -7.3912 -3.0616 0 -7.3912
5 24 0 .30464 -9.9136 0 1.17184 -11.5352 3.7936 .30464 -9.1592 -3.7936 .30464 -9.1592
5 24 0 1.17184 -11.5352 0 2.46912 -12.6192 4.4144 1.17184 -10.6576 -4.4144 1.17184 -10.6576
5 24 0 2.46912 -12.6192 0 4 -13 4.8296 2.46912 -11.6592 -4.8296 2.46912 -11.6592

5 24 5.6568 0 -5.6568 3.0616 0 -7.3912 7.0096 .30464 -7.0096 4.192 0 -4.192
5 24 5.6568 0 -5.6568 7.0096 .30464 -7.0096 3.0616 0 -7.3912 7.3912 0 -3.0616
5 24 7.0096 .30464 -7.0096 3.7936 .30464 -9.1592 8.1568 1.17184 -8.1568 5.6568 0 -5.6568
5 24 7.0096 .30464 -7.0096 8.1568 1.17184 -8.1568 3.7936 .30464 -9.1592 9.1592 .30464 -3.7936
5 24 8.1568 1.17184 -8.1568 4.4144 1.17184 -10.6576 8.9232 2.46912 -8.9232 7.0096 .30464 -7.0096
5 24 8.1568 1.17184 -8.1568 8.9232 2.46912 -8.9232 4.4144 1.17184 -10.6576 10.6576 1.17184 -4.4144
5 24 8.9232 2.46912 -8.9232 4.8296 2.46912 -11.6592 9.192 4 -9.192 8.1568 1.17184 -8.1568
5 24 8.9232 2.46912 -8.9232 9.192 4 -9.192 4.8296 2.46912 -11.6592 11.6592 2.46912 -4.8296
5 24 9.192 4 -9.192 4.9752 4 -12.0104 9.192 5.65696 -9.192 8.9232 2.46912 -8.9232

5 24 3.0616 0 -7.3912 0 0 -8 3.7936 .30464 -9.1592 2.2688 0 -5.4776
5 24 3.0616 0 -7.3912 3.7936 .30464 -9.1592 0 0 -8 5.6568 0 -5.6568
5 24 3.7936 .30464 -9.1592 0 .30464 -9.9136 4.4144 1.17184 -10.6576 3.0616 0 -7.3912
5 24 3.7936 .30464 -9.1592 4.4144 1.17184 -10.6576 0 .30464 -9.9136 7.0096 .30464 -7.0096
5 24 4.4144 1.17184 -10.6576 0 1.17184 -11.5352 4.8296 2.46912 -11.6592 3.7936 .30464 -9.1592
5 24 4.4144 1.17184 -10.6576 4.8296 2.46912 -11.6592 0 1.17184 -11.5352 8.1568 1.17184 -8.1568
5 24 4.8296 2.46912 -11.6592 0 2.46912 -12.6192 4.9752 4 -12.0104 4.4144 1.17184 -10.6576
5 24 4.8296 2.46912 -11.6592 4.9752 4 -12.0104 0 2.46912 -12.6192 8.9232 2.46912 -8.9232
5 24 4.9752 4 -12.0104 0 4 -13 4.9752 5.65696 -12.0104 4.8296 2.46912 -11.6592
