0 Minifig Head with Black Eyebrows, Black and White Goatee, Wrinkles and Cheek Lines, Neutral / Angry 2-Sided Pattern
0 Name: 3626cpbm.dat
0 Author: Gerald Lasser [GeraldLasser]
0 !LDRAW_ORG Part UPDATE 2019-01
0 !LICENSE Redistributable under CCAL version 2.0 : see CAreadme.txt

0 BFC CERTIFY CCW

0 !KEYWORDS Doctor Strange, Dr. Strange, Marvel, Superheros, Bricklink 3626cpb1642 

0 !CMDLINE -c78

0 !HISTORY 2019-06-28 [PTadmin] Official Update 2019-01

1 16 0 0 0 1 0 0 0 1 0 0 0 1 s\3626cs02.dat
1 16 0 4 0 -7.391 0 3.0615 0 -6.4 0 3.0615 0 7.391 t08o6250.dat
1 16 0 4 0 7.391 0 3.0615 0 -6.4 0 -3.0615 0 7.391 t04o6250.dat
1 16 0 4 0 -7.391 0 -3.0615 0 -6.4 0 3.0615 0 -7.391 t04o6250.dat
1 16 0 4 0 7.391 0 -3.0615 0 -6.4 0 -3.0615 0 -7.391 t04o6250.dat
1 16 0 4 0 12.0104 0 4.9749 0 13 0 4.9749 0 -12.0104 1-8cyli.dat
1 16 0 4 0 -12.0104 0 -4.9749 0 13 0 -4.9749 0 12.0104 1-8cyli.dat
1 16 0 17 0 -5.6569 0 -5.6569 0 6.4 0 -5.6569 0 5.6569 t04o6250.dat
1 16 0 17 0 5.6569 0 5.6569 0 6.4 0 5.6569 0 -5.6569 t04o6250.dat

0 // Front Face
4 92 -9.192 11.771 -9.192 -9.62 11.35 -8.552 -9.56 11.9 -8.642 -9.192 12.63 -9.192
4 16 -9.62 11.35 -8.552 -9.192 11.771 -9.192 -9.192 4 -9.192 -12.011 4 -4.975
4 16 -12.011 17 -4.975 -9.192 17 -9.192 -9.192 12.63 -9.192 -9.56 11.9 -8.642
4 16 -12.011 17 -4.975 -9.56 11.9 -8.642 -9.62 11.35 -8.552 -12.011 4 -4.975
4 0 -5.256 9.31 -11.823 -5.138 9.974 -11.902 -4.975 8.374 -12.011 -5.138 8.646 -11.902
4 0 -5.48 7.39 -11.673 -4.975 7.48 -12.011 -4.975 5.93 -12.011 -5.72 6.01 -11.513
4 0 -5.48 7.39 -11.673 -5.72 6.01 -11.513 -6.38 6.18 -11.072 -6.13 7.42 -11.239
4 0 -6.13 7.42 -11.239 -6.38 6.18 -11.072 -6.93 6.62 -10.704 -6.64 7.64 -10.898
4 0 -6.64 7.64 -10.898 -6.93 6.62 -10.704 -7.33 7.32 -10.437 -7.07 7.9 -10.611
3 0 -7.33 7.32 -10.437 -7.54 7.96 -10.297 -7.07 7.9 -10.611
3 0 -4.975 8.374 -12.011 -5.138 9.974 -11.902 -4.975 10.246 -12.011
4 92 -4.975 10.873 -12.011 -4.975 10.246 -12.011 -5.32 10.23 -11.78 -5.34 10.71 -11.767
4 92 -5.72 10.43 -11.513 -5.34 10.71 -11.767 -5.32 10.23 -11.78 -5.84 10.21 -11.433
3 92 -5.66 10.14 -11.553 -5.84 10.21 -11.433 -5.32 10.23 -11.78
4 92 -9.03 11.93 -9.301 -9.192 11.771 -9.192 -9.192 12.63 -9.192 -8.77 13.01 -9.475
4 92 -8.37 12.38 -9.742 -9.03 11.93 -9.301 -8.77 13.01 -9.475 -8.22 13.22 -9.842
4 92 -7.82 12.62 -10.109 -8.37 12.38 -9.742 -8.22 13.22 -9.842 -7.87 13.31 -10.076
4 92 -7.42 12.9 -10.377 -7.82 12.62 -10.109 -7.87 13.31 -10.076 -7.25 13.3 -10.49
4 92 -7.25 13.3 -10.49 -7.87 13.31 -10.076 -7.76 13.52 -10.15 -7.11 13.84 -10.584
4 92 -7.11 13.84 -10.584 -7.76 13.52 -10.15 -7.62 14.23 -10.243 -7.08 14.63 -10.604
4 92 -7.08 14.63 -10.604 -7.62 14.23 -10.243 -7.51 14.82 -10.317 -7.06 15.19 -10.617
3 92 -7.51 14.82 -10.317 -7.36 15.28 -10.417 -7.06 15.19 -10.617
4 0 -4.975 13.851 -12.011 -5.64 14.95 -11.566 -6.01 15.89 -11.319 -5.88 16.3 -11.406
3 0 -6.01 15.89 -11.319 -6.05 16.3 -11.292 -5.88 16.3 -11.406
3 0 -6.01 15.89 -11.319 -6.24 16.38 -11.165 -6.05 16.3 -11.292
4 0 -4.975 13.851 -12.011 -5.88 16.3 -11.406 -5.76 16.51 -11.486 -4.975 17 -12.011
3 0 -5.76 16.51 -11.486 -5.79 16.77 -11.466 -4.975 17 -12.011
3 0 -5.79 16.77 -11.466 -5.876 17 -11.409 -4.975 17 -12.011
4 15 -6.24 16.38 -11.165 -6.01 15.89 -11.319 -6.38 16.34 -11.072 -6.53 16.84 -10.972
4 15 -6.24 16.38 -11.165 -6.53 16.84 -10.972 -5.79 16.77 -11.466 -5.76 16.51 -11.486
4 15 -6.05 16.3 -11.292 -6.24 16.38 -11.165 -5.76 16.51 -11.486 -5.88 16.3 -11.406
4 15 -5.876 17 -11.409 -5.79 16.77 -11.466 -6.53 16.84 -10.972 -6.553 17 -10.956
3 16 -6.53 16.84 -10.972 -9.192 17 -9.192 -6.553 17 -10.956
4 16 -9.192 17 -9.192 -6.53 16.84 -10.972 -6.38 16.34 -11.072 -7.36 15.28 -10.417
4 16 -7.06 15.19 -10.617 -7.36 15.28 -10.417 -6.38 16.34 -11.072 -6.01 15.89 -11.319
4 16 -7.06 15.19 -10.617 -6.01 15.89 -11.319 -5.64 14.95 -11.566 -7.08 14.63 -10.604
4 16 -7.08 14.63 -10.604 -5.64 14.95 -11.566 -4.975 13.851 -12.011 -7.11 13.84 -10.584
3 16 -7.25 13.3 -10.49 -7.11 13.84 -10.584 -4.975 13.851 -12.011
4 16 -7.42 12.9 -10.377 -7.25 13.3 -10.49 -4.975 13.851 -12.011 -4.975 10.873 -12.011
4 16 -4.975 7.48 -12.011 -5.48 7.39 -11.673 -5.138 8.646 -11.902 -4.975 8.374 -12.011
4 16 -5.138 8.646 -11.902 -5.48 7.39 -11.673 -6.13 7.42 -11.239 -6.64 7.64 -10.898
4 16 -5.256 9.31 -11.823 -5.138 8.646 -11.902 -6.64 7.64 -10.898 -5.66 10.14 -11.553
4 16 -5.138 9.974 -11.902 -5.256 9.31 -11.823 -5.66 10.14 -11.553 -5.32 10.23 -11.78
3 16 -5.138 9.974 -11.902 -5.32 10.23 -11.78 -4.975 10.246 -12.011
4 16 -5.84 10.21 -11.433 -5.66 10.14 -11.553 -6.64 7.64 -10.898 -7.07 7.9 -10.611
4 16 -5.84 10.21 -11.433 -7.07 7.9 -10.611 -7.54 7.96 -10.297 -9.192 11.771 -9.192
4 16 -5.84 10.21 -11.433 -9.192 11.771 -9.192 -9.03 11.93 -9.301 -8.37 12.38 -9.742
3 16 -5.84 10.21 -11.433 -8.37 12.38 -9.742 -5.72 10.43 -11.513
4 16 -5.34 10.71 -11.767 -5.72 10.43 -11.513 -8.37 12.38 -9.742 -7.82 12.62 -10.109
4 16 -5.34 10.71 -11.767 -7.82 12.62 -10.109 -7.42 12.9 -10.377 -4.975 10.873 -12.011
4 16 -9.192 4 -9.192 -9.192 11.771 -9.192 -7.54 7.96 -10.297 -7.33 7.32 -10.437
3 16 -9.192 4 -9.192 -7.33 7.32 -10.437 -6.93 6.62 -10.704
3 16 -9.192 4 -9.192 -6.93 6.62 -10.704 -6.38 6.18 -11.072
3 16 -9.192 4 -9.192 -6.38 6.18 -11.072 -5.72 6.01 -11.513
4 16 -9.192 4 -9.192 -5.72 6.01 -11.513 -4.975 5.93 -12.011 -5.28 4.29 -11.807
3 16 -7.51 14.82 -10.317 -9.192 17 -9.192 -7.36 15.28 -10.417
3 16 -9.192 17 -9.192 -7.51 14.82 -10.317 -7.62 14.23 -10.243
3 16 -7.62 14.23 -10.243 -7.76 13.52 -10.15 -9.192 17 -9.192
4 16 -9.192 17 -9.192 -7.76 13.52 -10.15 -7.87 13.31 -10.076 -8.22 13.22 -9.842
3 16 -8.77 13.01 -9.475 -9.192 17 -9.192 -8.22 13.22 -9.842
3 16 -9.192 12.63 -9.192 -9.192 17 -9.192 -8.77 13.01 -9.475
3 92 -4.975 4.238 -12.011 -5.28 4.29 -11.807 -4.975 4.392 -12.011
4 16 -4.975 4 -12.011 -9.192 4 -9.192 -5.28 4.29 -11.807 -4.975 4.238 -12.011
3 16 -5.28 4.29 -11.807 -4.975 5.93 -12.011 -4.975 4.392 -12.011
4 0 -2.262 8.646 -12.55 -3.125 8.412 -12.379 -3.078 8.65 -12.388 -2.144 9.31 -12.574
4 0 -2.144 9.31 -12.574 -3.078 8.65 -12.388 -3.125 8.888 -12.379 -2.262 9.974 -12.55
4 0 -2.262 9.974 -12.55 -3.125 8.888 -12.379 -3.26 9.09 -12.352 -2.6 10.538 -12.483
4 0 -2.6 10.538 -12.483 -3.26 9.09 -12.352 -3.462 9.225 -12.312 -3.105 10.914 -12.383
4 0 -3.105 10.914 -12.383 -3.462 9.225 -12.312 -3.7 9.272 -12.264 -3.7 11.046 -12.264
4 0 -3.7 11.046 -12.264 -3.7 9.272 -12.264 -3.938 9.225 -12.217 -3.998 10.98 -12.205
4 0 -4.295 10.914 -12.146 -3.938 9.225 -12.217 -4.14 9.09 -12.177 -4.8 10.538 -12.045
4 0 -4.8 10.538 -12.045 -4.14 9.09 -12.177 -4.275 8.888 -12.15 -4.975 10.246 -12.011
4 0 -4.275 8.888 -12.15 -4.322 8.65 -12.141 -4.975 8.374 -12.011 -4.975 10.246 -12.011
3 0 -4.975 8.374 -12.011 -4.322 8.65 -12.141 -4.275 8.412 -12.15
4 0 -4.975 8.374 -12.011 -4.275 8.412 -12.15 -4.14 8.21 -12.177 -4.8 8.082 -12.045
4 0 -4.8 8.082 -12.045 -4.14 8.21 -12.177 -3.938 8.075 -12.217 -4.295 7.706 -12.146
4 0 -4.295 7.706 -12.146 -3.938 8.075 -12.217 -3.7 8.028 -12.264 -3.41 6.04 -12.322
4 0 -3.41 6.04 -12.322 -3.7 8.028 -12.264 -3.462 8.075 -12.312 -2.67 6.2 -12.469
4 0 -2.67 6.2 -12.469 -3.462 8.075 -12.312 -3.26 8.21 -12.352 -2.6 8.082 -12.483
4 0 -2.6 8.082 -12.483 -3.26 8.21 -12.352 -3.125 8.412 -12.379 -2.262 8.646 -12.55
4 15 -3.7 8.65 -12.264 -4.275 8.412 -12.15 -4.322 8.65 -12.141 -4.275 8.888 -12.15
4 15 -3.7 8.65 -12.264 -4.275 8.888 -12.15 -4.14 9.09 -12.177 -3.938 9.225 -12.217
4 15 -3.7 8.65 -12.264 -3.938 9.225 -12.217 -3.7 9.272 -12.264 -3.462 9.225 -12.312
4 15 -3.7 8.65 -12.264 -3.462 9.225 -12.312 -3.26 9.09 -12.352 -3.125 8.888 -12.379
4 15 -3.7 8.65 -12.264 -3.125 8.888 -12.379 -3.078 8.65 -12.388 -3.125 8.412 -12.379
4 15 -3.7 8.65 -12.264 -3.125 8.412 -12.379 -3.26 8.21 -12.352 -3.462 8.075 -12.312
4 15 -3.7 8.65 -12.264 -3.462 8.075 -12.312 -3.7 8.028 -12.264 -3.938 8.075 -12.217
4 15 -3.7 8.65 -12.264 -3.938 8.075 -12.217 -4.14 8.21 -12.177 -4.275 8.412 -12.15
4 0 -4.23 5.95 -12.159 -4.86 7.5 -12.034 -4.295 7.706 -12.146 -3.41 6.04 -12.322
4 0 -4.975 7.48 -12.011 -4.86 7.5 -12.034 -4.23 5.95 -12.159 -4.975 5.93 -12.011
4 0 -2.67 6.2 -12.469 -2.6 8.082 -12.483 -2.5 7.84 -12.503 -2.15 6.45 -12.572
4 0 -2.15 6.45 -12.572 -2.5 7.84 -12.503 -2.12 7.83 -12.578 -1.74 6.9 -12.654
4 0 -1.74 6.9 -12.654 -2.12 7.83 -12.578 -1.71 7.67 -12.66 -1.64 7.36 -12.674
3 0 -3.938 9.225 -12.217 -4.295 10.914 -12.146 -3.998 10.98 -12.205
4 92 -4.8 10.538 -12.045 -4.975 10.246 -12.011 -4.975 10.873 -12.011 -4.78 10.96 -12.05
3 92 -4.8 10.538 -12.045 -4.78 10.96 -12.05 -4.295 10.914 -12.146
4 92 -3.998 10.98 -12.205 -4.295 10.914 -12.146 -4.78 10.96 -12.05 -4.33 11.02 -12.139
4 92 -1.11 6.85 -12.779 -1.22 7.5 -12.757 -.82 6.91 -12.837 -.91 6.79 -12.819
4 92 -.73 7.43 -12.855 -.82 6.91 -12.837 -1.22 7.5 -12.757 -.75 7.64 -12.851
4 92 -.91 7.88 -12.819 -.75 7.64 -12.851 -1.22 7.5 -12.757 -1.36 7.73 -12.73
4 92 -1.43 8.31 -12.716 -.91 7.88 -12.819 -1.36 7.73 -12.73 -1.62 8.17 -12.678
3 92 -1.62 8.17 -12.678 -1.6 8.29 -12.682 -1.43 8.31 -12.716
4 92 0 16.54 -13 0 16.1 -13 -.7 16.06 -12.861 -.75 16.5 -12.851
4 92 -1.46 16.32 -12.71 -.75 16.5 -12.851 -.7 16.06 -12.861 -1.4 15.99 -12.722
4 92 -1.46 16.32 -12.71 -1.4 15.99 -12.722 -1.83 15.9 -12.636 -1.98 16.05 -12.606
4 0 0 13.96 -13 0 12.38 -13 -1.51 12.51 -12.7 -1.09 13.98 -12.783
4 0 -1.09 13.98 -12.783 -1.51 12.51 -12.7 -2.79 12.75 -12.445 -2.31 14.18 -12.541
4 0 -2.31 14.18 -12.541 -2.79 12.75 -12.445 -3.83 13.05 -12.238 -3.14 14.42 -12.376
4 0 -3.14 14.42 -12.376 -3.83 13.05 -12.238 -4.6 13.43 -12.085 -3.59 14.72 -12.286
4 0 -3.59 14.72 -12.286 -4.6 13.43 -12.085 -4.975 13.851 -12.011 -3.99 15.25 -12.207
4 0 -4.24 16.08 -12.157 -3.99 15.25 -12.207 -4.975 13.851 -12.011 -4.975 17 -12.011
3 0 -4.24 16.08 -12.157 -4.975 17 -12.011 -4.26 16.66 -12.153
3 0 -4.26 16.66 -12.153 -4.975 17 -12.011 -4.211 17 -12.163
4 0 -2.98 14.95 -12.407 -3.32 15.21 -12.34 -2.97 15.24 -12.409 -2.56 14.76 -12.491
4 0 -2.56 14.76 -12.491 -2.97 15.24 -12.409 -2.47 15.18 -12.509 -2.04 14.66 -12.594
4 0 -2.04 14.66 -12.594 -2.47 15.18 -12.509 -1.94 15.08 -12.614 -1.53 14.64 -12.696
4 0 -1.53 14.64 -12.696 -1.94 15.08 -12.614 -1.7 15.09 -12.662 -.97 14.73 -12.807
4 0 -.97 14.73 -12.807 -1.7 15.09 -12.662 -1.1 15.22 -12.781 -.36 14.91 -12.928
4 0 -.36 14.91 -12.928 -1.1 15.22 -12.781 -.62 15.45 -12.877 -.22 15.54 -12.956
4 0 0 14.96 -13 -.36 14.91 -12.928 -.22 15.54 -12.956 0 15.55 -13
4 16 -.36 14.91 -12.928 0 14.96 -13 0 13.96 -13 -1.09 13.98 -12.783
3 16 -1.09 13.98 -12.783 -.97 14.73 -12.807 -.36 14.91 -12.928
4 16 -1.53 14.64 -12.696 -.97 14.73 -12.807 -1.09 13.98 -12.783 -2.31 14.18 -12.541
3 16 -2.31 14.18 -12.541 -2.04 14.66 -12.594 -1.53 14.64 -12.696
4 16 -2.56 14.76 -12.491 -2.04 14.66 -12.594 -2.31 14.18 -12.541 -3.14 14.42 -12.376
4 16 -2.98 14.95 -12.407 -2.56 14.76 -12.491 -3.14 14.42 -12.376 -3.59 14.72 -12.286
4 16 -3.32 15.21 -12.34 -2.98 14.95 -12.407 -3.59 14.72 -12.286 -3.99 15.25 -12.207
4 16 -3.32 15.21 -12.34 -3.99 15.25 -12.207 -4.24 16.08 -12.157 -2.97 15.24 -12.409
4 16 -2.97 15.24 -12.409 -4.24 16.08 -12.157 -4.26 16.66 -12.153 -1.98 16.05 -12.606
4 16 -2.97 15.24 -12.409 -1.98 16.05 -12.606 -1.83 15.9 -12.636 -2.47 15.18 -12.509
4 16 -1.94 15.08 -12.614 -2.47 15.18 -12.509 -1.83 15.9 -12.636 -1.7 15.09 -12.662
4 16 -1.7 15.09 -12.662 -1.83 15.9 -12.636 -1.4 15.99 -12.722 -1.1 15.22 -12.781
4 16 -1.1 15.22 -12.781 -1.4 15.99 -12.722 -.7 16.06 -12.861 -.62 15.45 -12.877
4 16 -.22 15.54 -12.956 -.62 15.45 -12.877 -.7 16.06 -12.861 0 16.1 -13
3 16 -.22 15.54 -12.956 0 16.1 -13 0 15.55 -13
4 16 -.328 17 -12.935 0 17 -13 0 16.54 -13 -.75 16.5 -12.851
4 16 -.742 17 -12.852 -.328 17 -12.935 -.75 16.5 -12.851 -1.46 16.32 -12.71
4 16 -4.211 17 -12.163 -.742 17 -12.852 -1.46 16.32 -12.71 -1.98 16.05 -12.606
3 16 -1.98 16.05 -12.606 -4.26 16.66 -12.153 -4.211 17 -12.163
4 16 -4.975 13.851 -12.011 -4.6 13.43 -12.085 -4.78 10.96 -12.05 -4.975 10.873 -12.011
4 16 -4.33 11.02 -12.139 -4.78 10.96 -12.05 -4.6 13.43 -12.085 -3.83 13.05 -12.238
4 16 -3.998 10.98 -12.205 -4.33 11.02 -12.139 -3.83 13.05 -12.238 -3.7 11.046 -12.264
4 16 -3.7 11.046 -12.264 -3.83 13.05 -12.238 -2.79 12.75 -12.445 -3.105 10.914 -12.383
4 16 -3.105 10.914 -12.383 -2.79 12.75 -12.445 -1.51 12.51 -12.7 -2.6 10.538 -12.483
4 16 -2.262 9.974 -12.55 -2.6 10.538 -12.483 -1.51 12.51 -12.7 0 12.38 -13
4 16 -2.144 9.31 -12.574 -2.262 9.974 -12.55 0 12.38 -13 -1.43 8.31 -12.716
3 16 -.91 7.88 -12.819 -1.43 8.31 -12.716 0 12.38 -13
3 16 -.75 7.64 -12.851 -.91 7.88 -12.819 0 12.38 -13
4 16 -.73 7.43 -12.855 -.75 7.64 -12.851 0 12.38 -13 0 5.11 -13
4 16 -1.6 8.29 -12.682 -2.262 8.646 -12.55 -2.144 9.31 -12.574 -1.43 8.31 -12.716
4 16 -2.262 8.646 -12.55 -1.6 8.29 -12.682 -1.62 8.17 -12.678 -2.12 7.83 -12.578
4 16 -2.6 8.082 -12.483 -2.262 8.646 -12.55 -2.12 7.83 -12.578 -2.5 7.84 -12.503
4 16 -1.71 7.67 -12.66 -2.12 7.83 -12.578 -1.62 8.17 -12.678 -1.36 7.73 -12.73
4 16 -1.71 7.67 -12.66 -1.36 7.73 -12.73 -1.22 7.5 -12.757 -1.64 7.36 -12.674
4 16 -1.64 7.36 -12.674 -1.22 7.5 -12.757 -1.11 6.85 -12.779 -1.74 6.9 -12.654
4 16 -2.15 6.45 -12.572 -1.74 6.9 -12.654 -1.11 6.85 -12.779 -.91 6.79 -12.819
4 16 -4.8 8.082 -12.045 -4.295 7.706 -12.146 -4.86 7.5 -12.034 -4.975 7.48 -12.011
3 16 -4.975 7.48 -12.011 -4.975 8.374 -12.011 -4.8 8.082 -12.045
4 92 0 5.11 -13 0 4.59 -13 -1.29 4.54 -12.743 -1.34 5.03 -12.734
4 92 -2.59 4.85 -12.485 -1.34 5.03 -12.734 -1.29 4.54 -12.743 -2.55 4.39 -12.493
4 92 -2.59 4.85 -12.485 -2.55 4.39 -12.493 -3.38 4.27 -12.328 -3.45 4.68 -12.314
4 92 -4.33 4.52 -12.139 -3.45 4.68 -12.314 -3.38 4.27 -12.328 -4.28 4.17 -12.149
4 92 -4.33 4.52 -12.139 -4.28 4.17 -12.149 -4.975 4.238 -12.011 -4.975 4.392 -12.011
3 16 -4.975 4 -12.011 -4.975 4.238 -12.011 -4.28 4.17 -12.149
4 16 -4.975 4 -12.011 -4.28 4.17 -12.149 -3.38 4.27 -12.328 0 4 -13
4 16 0 4 -13 -3.38 4.27 -12.328 -2.55 4.39 -12.493 -1.29 4.54 -12.743
3 16 0 4 -13 -1.29 4.54 -12.743 0 4.59 -13
3 16 0 5.11 -13 -.82 6.91 -12.837 -.73 7.43 -12.855
4 16 -.91 6.79 -12.819 -.82 6.91 -12.837 0 5.11 -13 -1.34 5.03 -12.734
4 16 -2.15 6.45 -12.572 -.91 6.79 -12.819 -1.34 5.03 -12.734 -2.67 6.2 -12.469
4 16 -2.67 6.2 -12.469 -1.34 5.03 -12.734 -2.59 4.85 -12.485 -3.41 6.04 -12.322
4 16 -3.41 6.04 -12.322 -2.59 4.85 -12.485 -3.45 4.68 -12.314 -4.23 5.95 -12.159
4 16 -4.23 5.95 -12.159 -3.45 4.68 -12.314 -4.33 4.52 -12.139 -4.975 5.93 -12.011
3 16 -4.975 4.392 -12.011 -4.975 5.93 -12.011 -4.33 4.52 -12.139
4 0 3.078 8.65 -12.388 3.125 8.412 -12.379 2.262 8.646 -12.55 2.144 9.31 -12.574
4 0 3.125 8.888 -12.379 3.078 8.65 -12.388 2.144 9.31 -12.574 2.262 9.974 -12.55
4 0 3.26 9.09 -12.352 3.125 8.888 -12.379 2.262 9.974 -12.55 2.6 10.538 -12.483
4 0 3.462 9.225 -12.312 3.26 9.09 -12.352 2.6 10.538 -12.483 3.105 10.914 -12.383
4 0 3.7 9.272 -12.264 3.462 9.225 -12.312 3.105 10.914 -12.383 3.7 11.046 -12.264
4 0 3.938 9.225 -12.217 3.7 9.272 -12.264 3.7 11.046 -12.264 3.998 10.98 -12.205
4 0 4.14 9.09 -12.177 3.938 9.225 -12.217 4.295 10.914 -12.146 4.8 10.538 -12.045
4 0 4.275 8.888 -12.15 4.14 9.09 -12.177 4.8 10.538 -12.045 4.975 10.246 -12.011
4 0 4.322 8.65 -12.141 4.275 8.888 -12.15 4.975 10.246 -12.011 4.975 8.374 -12.011
3 0 4.975 8.374 -12.011 4.275 8.412 -12.15 4.322 8.65 -12.141
4 0 4.14 8.21 -12.177 4.275 8.412 -12.15 4.975 8.374 -12.011 4.8 8.082 -12.045
4 0 3.938 8.075 -12.217 4.14 8.21 -12.177 4.8 8.082 -12.045 4.295 7.706 -12.146
4 0 3.7 8.028 -12.264 3.938 8.075 -12.217 4.295 7.706 -12.146 3.41 6.04 -12.322
4 0 3.462 8.075 -12.312 3.7 8.028 -12.264 3.41 6.04 -12.322 2.67 6.2 -12.469
4 0 3.26 8.21 -12.352 3.462 8.075 -12.312 2.67 6.2 -12.469 2.6 8.082 -12.483
4 0 3.125 8.412 -12.379 3.26 8.21 -12.352 2.6 8.082 -12.483 2.262 8.646 -12.55
4 15 4.322 8.65 -12.141 4.275 8.412 -12.15 3.7 8.65 -12.264 4.275 8.888 -12.15
4 15 4.14 9.09 -12.177 4.275 8.888 -12.15 3.7 8.65 -12.264 3.938 9.225 -12.217
4 15 3.7 9.272 -12.264 3.938 9.225 -12.217 3.7 8.65 -12.264 3.462 9.225 -12.312
4 15 3.26 9.09 -12.352 3.462 9.225 -12.312 3.7 8.65 -12.264 3.125 8.888 -12.379
4 15 3.078 8.65 -12.388 3.125 8.888 -12.379 3.7 8.65 -12.264 3.125 8.412 -12.379
4 15 3.26 8.21 -12.352 3.125 8.412 -12.379 3.7 8.65 -12.264 3.462 8.075 -12.312
4 15 3.7 8.028 -12.264 3.462 8.075 -12.312 3.7 8.65 -12.264 3.938 8.075 -12.217
4 15 4.14 8.21 -12.177 3.938 8.075 -12.217 3.7 8.65 -12.264 4.275 8.412 -12.15
4 0 4.23 5.95 -12.159 4.295 7.706 -12.146 4.86 7.5 -12.034 4.975 5.93 -12.011
3 0 4.975 5.93 -12.011 4.86 7.5 -12.034 4.975 7.48 -12.011
3 0 4.23 5.95 -12.159 3.41 6.04 -12.322 4.295 7.706 -12.146
4 0 2.5 7.84 -12.503 2.6 8.082 -12.483 2.67 6.2 -12.469 2.15 6.45 -12.572
4 0 2.12 7.83 -12.578 2.5 7.84 -12.503 2.15 6.45 -12.572 1.74 6.9 -12.654
4 0 1.71 7.67 -12.66 2.12 7.83 -12.578 1.74 6.9 -12.654 1.64 7.36 -12.674
3 0 3.938 9.225 -12.217 3.998 10.98 -12.205 4.295 10.914 -12.146
4 92 4.975 10.873 -12.011 4.975 10.246 -12.011 4.8 10.538 -12.045 4.78 10.96 -12.05
3 92 4.8 10.538 -12.045 4.295 10.914 -12.146 4.78 10.96 -12.05
4 92 4.78 10.96 -12.05 4.295 10.914 -12.146 3.998 10.98 -12.205 4.33 11.02 -12.139
4 92 .82 6.91 -12.837 1.22 7.5 -12.757 1.11 6.85 -12.779 .91 6.79 -12.819
4 92 1.22 7.5 -12.757 .82 6.91 -12.837 .73 7.43 -12.855 .75 7.64 -12.851
4 92 1.22 7.5 -12.757 .75 7.64 -12.851 .91 7.88 -12.819 1.36 7.73 -12.73
4 92 1.36 7.73 -12.73 .91 7.88 -12.819 1.43 8.31 -12.716 1.62 8.17 -12.678
3 92 1.62 8.17 -12.678 1.43 8.31 -12.716 1.6 8.29 -12.682
4 92 .7 16.06 -12.861 0 16.1 -13 0 16.54 -13 .75 16.5 -12.851
4 92 .7 16.06 -12.861 .75 16.5 -12.851 1.46 16.32 -12.71 1.4 15.99 -12.722
4 92 1.83 15.9 -12.636 1.4 15.99 -12.722 1.46 16.32 -12.71 1.98 16.05 -12.606
4 0 1.51 12.51 -12.7 0 12.38 -13 0 13.96 -13 1.09 13.98 -12.783
4 0 2.79 12.75 -12.445 1.51 12.51 -12.7 1.09 13.98 -12.783 2.31 14.18 -12.541
4 0 3.83 13.05 -12.238 2.79 12.75 -12.445 2.31 14.18 -12.541 3.14 14.42 -12.376
4 0 4.6 13.43 -12.085 3.83 13.05 -12.238 3.14 14.42 -12.376 3.59 14.72 -12.286
4 0 4.975 13.851 -12.011 4.6 13.43 -12.085 3.59 14.72 -12.286 3.99 15.25 -12.207
3 0 4.975 13.851 -12.011 3.99 15.25 -12.207 4.24 16.08 -12.157
4 0 4.975 13.851 -12.011 4.24 16.08 -12.157 4.26 16.66 -12.153 4.975 17 -12.011
3 0 4.26 16.66 -12.153 4.211 17 -12.163 4.975 17 -12.011
4 0 2.97 15.24 -12.409 3.32 15.21 -12.34 2.98 14.95 -12.407 2.56 14.76 -12.491
4 0 2.47 15.18 -12.509 2.97 15.24 -12.409 2.56 14.76 -12.491 2.04 14.66 -12.594
4 0 1.94 15.08 -12.614 2.47 15.18 -12.509 2.04 14.66 -12.594 1.53 14.64 -12.696
4 0 1.7 15.09 -12.662 1.94 15.08 -12.614 1.53 14.64 -12.696 .97 14.73 -12.807
4 0 1.1 15.22 -12.781 1.7 15.09 -12.662 .97 14.73 -12.807 .36 14.91 -12.928
4 0 .62 15.45 -12.877 1.1 15.22 -12.781 .36 14.91 -12.928 .22 15.54 -12.956
4 0 .22 15.54 -12.956 .36 14.91 -12.928 0 14.96 -13 0 15.55 -13
4 16 0 13.96 -13 0 14.96 -13 .36 14.91 -12.928 1.09 13.98 -12.783
3 16 1.09 13.98 -12.783 .36 14.91 -12.928 .97 14.73 -12.807
4 16 1.09 13.98 -12.783 .97 14.73 -12.807 1.53 14.64 -12.696 2.31 14.18 -12.541
3 16 2.31 14.18 -12.541 1.53 14.64 -12.696 2.04 14.66 -12.594
4 16 2.31 14.18 -12.541 2.04 14.66 -12.594 2.56 14.76 -12.491 3.14 14.42 -12.376
4 16 3.14 14.42 -12.376 2.56 14.76 -12.491 2.98 14.95 -12.407 3.59 14.72 -12.286
4 16 3.59 14.72 -12.286 2.98 14.95 -12.407 3.32 15.21 -12.34 3.99 15.25 -12.207
4 16 4.24 16.08 -12.157 3.99 15.25 -12.207 3.32 15.21 -12.34 2.97 15.24 -12.409
4 16 4.26 16.66 -12.153 4.24 16.08 -12.157 2.97 15.24 -12.409 1.98 16.05 -12.606
4 16 1.83 15.9 -12.636 1.98 16.05 -12.606 2.97 15.24 -12.409 2.47 15.18 -12.509
4 16 1.83 15.9 -12.636 2.47 15.18 -12.509 1.94 15.08 -12.614 1.7 15.09 -12.662
4 16 1.4 15.99 -12.722 1.83 15.9 -12.636 1.7 15.09 -12.662 1.1 15.22 -12.781
4 16 .7 16.06 -12.861 1.4 15.99 -12.722 1.1 15.22 -12.781 .62 15.45 -12.877
4 16 .7 16.06 -12.861 .62 15.45 -12.877 .22 15.54 -12.956 0 16.1 -13
3 16 .22 15.54 -12.956 0 15.55 -13 0 16.1 -13
3 16 0 16.54 -13 0 17 -13 .221 17 -12.956
4 16 .328 17 -12.935 .75 16.5 -12.851 0 16.54 -13 .221 17 -12.956
3 16 .75 16.5 -12.851 .328 17 -12.935 .742 17 -12.852
4 16 4.211 17 -12.163 1.46 16.32 -12.71 .75 16.5 -12.851 .742 17 -12.852
4 16 1.98 16.05 -12.606 1.46 16.32 -12.71 4.211 17 -12.163 4.26 16.66 -12.153
4 16 4.975 10.873 -12.011 4.78 10.96 -12.05 4.6 13.43 -12.085 4.975 13.851 -12.011
4 16 4.6 13.43 -12.085 4.78 10.96 -12.05 4.33 11.02 -12.139 3.83 13.05 -12.238
4 16 3.83 13.05 -12.238 4.33 11.02 -12.139 3.998 10.98 -12.205 3.7 11.046 -12.264
4 16 2.79 12.75 -12.445 3.83 13.05 -12.238 3.7 11.046 -12.264 3.105 10.914 -12.383
4 16 1.51 12.51 -12.7 2.79 12.75 -12.445 3.105 10.914 -12.383 2.6 10.538 -12.483
4 16 1.51 12.51 -12.7 2.6 10.538 -12.483 2.262 9.974 -12.55 0 12.38 -13
4 16 0 12.38 -13 2.262 9.974 -12.55 2.144 9.31 -12.574 1.43 8.31 -12.716
3 16 .91 7.88 -12.819 0 12.38 -13 1.43 8.31 -12.716
3 16 .75 7.64 -12.851 0 12.38 -13 .91 7.88 -12.819
4 16 0 12.38 -13 .75 7.64 -12.851 .73 7.43 -12.855 0 5.11 -13
4 16 2.144 9.31 -12.574 2.262 8.646 -12.55 1.6 8.29 -12.682 1.43 8.31 -12.716
4 16 1.62 8.17 -12.678 1.6 8.29 -12.682 2.262 8.646 -12.55 2.12 7.83 -12.578
4 16 2.12 7.83 -12.578 2.262 8.646 -12.55 2.6 8.082 -12.483 2.5 7.84 -12.503
4 16 1.62 8.17 -12.678 2.12 7.83 -12.578 1.71 7.67 -12.66 1.36 7.73 -12.73
4 16 1.22 7.5 -12.757 1.36 7.73 -12.73 1.71 7.67 -12.66 1.64 7.36 -12.674
4 16 1.11 6.85 -12.779 1.22 7.5 -12.757 1.64 7.36 -12.674 1.74 6.9 -12.654
4 16 1.11 6.85 -12.779 1.74 6.9 -12.654 2.15 6.45 -12.572 .91 6.79 -12.819
4 16 4.86 7.5 -12.034 4.295 7.706 -12.146 4.8 8.082 -12.045 4.975 7.48 -12.011
3 16 4.975 7.48 -12.011 4.8 8.082 -12.045 4.975 8.374 -12.011
4 92 4.11 4.67 -12.183 4.43 4.46 -12.119 4.22 4.38 -12.161 3.63 4.39 -12.278
4 92 3.51 4.8 -12.302 4.11 4.67 -12.183 3.63 4.39 -12.278 2.61 4.93 -12.481
3 92 3.63 4.39 -12.278 2.67 4.52 -12.469 2.61 4.93 -12.481
4 92 2.61 4.93 -12.481 2.67 4.52 -12.469 1.58 4.56 -12.686 1.54 5.03 -12.694
4 92 0 5.11 -13 1.54 5.03 -12.694 1.58 4.56 -12.686 0 4.59 -13
4 16 0 4 -13 0 4.59 -13 1.58 4.56 -12.686 2.67 4.52 -12.469
3 16 0 4 -13 2.67 4.52 -12.469 3.63 4.39 -12.278
4 16 0 4 -13 3.63 4.39 -12.278 4.22 4.38 -12.161 4.975 4 -12.011
3 16 4.975 4 -12.011 4.22 4.38 -12.161 4.43 4.46 -12.119
4 16 4.975 5.93 -12.011 4.975 4 -12.011 4.43 4.46 -12.119 4.23 5.95 -12.159
3 16 4.43 4.46 -12.119 4.11 4.67 -12.183 4.23 5.95 -12.159
4 16 4.23 5.95 -12.159 4.11 4.67 -12.183 3.51 4.8 -12.302 3.41 6.04 -12.322
4 16 3.41 6.04 -12.322 3.51 4.8 -12.302 2.61 4.93 -12.481 2.67 6.2 -12.469
4 16 2.15 6.45 -12.572 2.67 6.2 -12.469 2.61 4.93 -12.481 1.54 5.03 -12.694
4 16 .91 6.79 -12.819 2.15 6.45 -12.572 1.54 5.03 -12.694 0 5.11 -13
3 16 0 5.11 -13 .82 6.91 -12.837 .91 6.79 -12.819
3 16 0 5.11 -13 .73 7.43 -12.855 .82 6.91 -12.837
4 0 4.975 10.246 -12.011 5.138 9.974 -11.902 5.256 9.31 -11.823 4.975 8.374 -12.011
3 0 4.975 8.374 -12.011 5.256 9.31 -11.823 5.138 8.646 -11.902
4 0 4.975 5.93 -12.011 4.975 7.48 -12.011 5.48 7.39 -11.673 5.72 6.01 -11.513
4 0 6.38 6.18 -11.072 5.72 6.01 -11.513 5.48 7.39 -11.673 6.13 7.42 -11.239
4 0 6.93 6.62 -10.704 6.38 6.18 -11.072 6.13 7.42 -11.239 6.64 7.64 -10.898
4 0 7.33 7.32 -10.437 6.93 6.62 -10.704 6.64 7.64 -10.898 7.07 7.9 -10.611
3 0 7.33 7.32 -10.437 7.07 7.9 -10.611 7.54 7.96 -10.297
4 92 4.975 10.873 -12.011 5.34 10.71 -11.767 5.32 10.23 -11.78 4.975 10.246 -12.011
4 92 5.32 10.23 -11.78 5.34 10.71 -11.767 5.72 10.43 -11.513 5.84 10.21 -11.433
3 92 5.66 10.14 -11.553 5.32 10.23 -11.78 5.84 10.21 -11.433
4 92 9.192 11.771 -9.192 9.03 11.93 -9.301 8.77 13.01 -9.475 9.192 12.63 -9.192
4 92 8.77 13.01 -9.475 9.03 11.93 -9.301 8.37 12.38 -9.742 8.22 13.22 -9.842
4 92 8.22 13.22 -9.842 8.37 12.38 -9.742 7.82 12.62 -10.109 7.87 13.31 -10.076
4 92 7.87 13.31 -10.076 7.82 12.62 -10.109 7.42 12.9 -10.377 7.25 13.3 -10.49
4 92 7.76 13.52 -10.15 7.87 13.31 -10.076 7.25 13.3 -10.49 7.11 13.84 -10.584
4 92 7.62 14.23 -10.243 7.76 13.52 -10.15 7.11 13.84 -10.584 7.08 14.63 -10.604
4 92 7.51 14.82 -10.317 7.62 14.23 -10.243 7.08 14.63 -10.604 7.06 15.19 -10.617
3 92 7.51 14.82 -10.317 7.06 15.19 -10.617 7.36 15.28 -10.417
4 0 6.01 15.89 -11.319 5.64 14.95 -11.566 4.975 13.851 -12.011 5.88 16.3 -11.406
3 0 6.01 15.89 -11.319 5.88 16.3 -11.406 6.05 16.3 -11.292
3 0 6.01 15.89 -11.319 6.05 16.3 -11.292 6.24 16.38 -11.165
4 0 5.76 16.51 -11.486 5.88 16.3 -11.406 4.975 13.851 -12.011 4.975 17 -12.011
3 0 5.76 16.51 -11.486 4.975 17 -12.011 5.79 16.77 -11.466
3 0 5.79 16.77 -11.466 4.975 17 -12.011 5.876 17 -11.409
4 15 6.38 16.34 -11.072 6.01 15.89 -11.319 6.24 16.38 -11.165 6.53 16.84 -10.972
4 15 5.79 16.77 -11.466 6.53 16.84 -10.972 6.24 16.38 -11.165 5.76 16.51 -11.486
4 15 5.76 16.51 -11.486 6.24 16.38 -11.165 6.05 16.3 -11.292 5.88 16.3 -11.406
4 15 6.53 16.84 -10.972 5.79 16.77 -11.466 5.876 17 -11.409 6.553 17 -10.956
3 16 6.53 16.84 -10.972 6.553 17 -10.956 9.192 17 -9.192
4 16 6.38 16.34 -11.072 6.53 16.84 -10.972 9.192 17 -9.192 7.36 15.28 -10.417
4 16 6.38 16.34 -11.072 7.36 15.28 -10.417 7.06 15.19 -10.617 6.01 15.89 -11.319
4 16 5.64 14.95 -11.566 6.01 15.89 -11.319 7.06 15.19 -10.617 7.08 14.63 -10.604
4 16 4.975 13.851 -12.011 5.64 14.95 -11.566 7.08 14.63 -10.604 7.11 13.84 -10.584
3 16 7.25 13.3 -10.49 4.975 13.851 -12.011 7.11 13.84 -10.584
4 16 4.975 13.851 -12.011 7.25 13.3 -10.49 7.42 12.9 -10.377 4.975 10.873 -12.011
4 16 4.975 8.374 -12.011 5.138 8.646 -11.902 5.48 7.39 -11.673 4.975 7.48 -12.011
4 16 6.13 7.42 -11.239 5.48 7.39 -11.673 5.138 8.646 -11.902 6.64 7.64 -10.898
4 16 6.64 7.64 -10.898 5.138 8.646 -11.902 5.256 9.31 -11.823 5.66 10.14 -11.553
4 16 5.66 10.14 -11.553 5.256 9.31 -11.823 5.138 9.974 -11.902 5.32 10.23 -11.78
3 16 5.138 9.974 -11.902 4.975 10.246 -12.011 5.32 10.23 -11.78
4 16 6.64 7.64 -10.898 5.66 10.14 -11.553 5.84 10.21 -11.433 7.07 7.9 -10.611
4 16 7.54 7.96 -10.297 7.07 7.9 -10.611 5.84 10.21 -11.433 9.192 11.771 -9.192
4 16 9.03 11.93 -9.301 9.192 11.771 -9.192 5.84 10.21 -11.433 8.37 12.38 -9.742
3 16 5.84 10.21 -11.433 5.72 10.43 -11.513 8.37 12.38 -9.742
4 16 8.37 12.38 -9.742 5.72 10.43 -11.513 5.34 10.71 -11.767 7.82 12.62 -10.109
4 16 7.42 12.9 -10.377 7.82 12.62 -10.109 5.34 10.71 -11.767 4.975 10.873 -12.011
4 16 7.54 7.96 -10.297 9.192 11.771 -9.192 9.192 4 -9.192 7.33 7.32 -10.437
3 16 9.192 4 -9.192 6.93 6.62 -10.704 7.33 7.32 -10.437
3 16 9.192 4 -9.192 6.38 6.18 -11.072 6.93 6.62 -10.704
3 16 9.192 4 -9.192 5.72 6.01 -11.513 6.38 6.18 -11.072
4 16 4.975 5.93 -12.011 5.72 6.01 -11.513 9.192 4 -9.192 4.975 4 -12.011
3 16 7.51 14.82 -10.317 7.36 15.28 -10.417 9.192 17 -9.192
3 16 7.62 14.23 -10.243 7.51 14.82 -10.317 9.192 17 -9.192
3 16 9.192 17 -9.192 7.76 13.52 -10.15 7.62 14.23 -10.243
4 16 7.87 13.31 -10.076 7.76 13.52 -10.15 9.192 17 -9.192 8.22 13.22 -9.842
3 16 8.77 13.01 -9.475 8.22 13.22 -9.842 9.192 17 -9.192
3 16 9.192 12.63 -9.192 8.77 13.01 -9.475 9.192 17 -9.192
4 92 9.56 11.9 -8.642 9.62 11.35 -8.552 9.192 11.771 -9.192 9.192 12.63 -9.192
4 16 9.192 4 -9.192 9.192 11.771 -9.192 9.62 11.35 -8.552 12.011 4 -4.975
4 16 9.192 12.63 -9.192 9.192 17 -9.192 12.011 17 -4.975 9.56 11.9 -8.642
4 16 9.62 11.35 -8.552 9.56 11.9 -8.642 12.011 17 -4.975 12.011 4 -4.975
4 0 4.975 17 -12.011 4.211 17 -12.163 3.96 17.38 -12.118 4.877 18.03 -11.774
4 0 4.877 18.03 -11.774 3.96 17.38 -12.118 3.42 17.66 -12.156 3.953 18.531 -11.833
4 0 4.71 18.4 -11.715 4.877 18.03 -11.774 3.953 18.531 -11.833 4.564 18.531 -11.712
3 0 3.42 17.66 -12.156 2.83 17.79 -12.241 3.953 18.531 -11.833
4 0 3.953 18.531 -11.833 2.83 17.79 -12.241 2.13 17.82 -12.372 0 18.531 -12.619
3 0 1.57 17.67 -12.521 0 18.531 -12.619 2.13 17.82 -12.372
4 0 0 18.531 -12.619 1.57 17.67 -12.521 1.2 17.37 -12.669 .74 17.16 -12.813
4 0 0 18.531 -12.619 .74 17.16 -12.813 .26 17.08 -12.928 0 17.07 -12.983
3 15 4.877 18.03 -11.774 4.71 18.4 -11.715 4.83 18.531 -11.659
3 15 4.71 18.4 -11.715 4.564 18.531 -11.712 4.83 18.531 -11.659
4 16 0 17 -13 0 17.07 -12.983 .26 17.08 -12.928 .221 17 -12.956
4 16 .328 17 -12.935 .221 17 -12.956 .26 17.08 -12.928 .74 17.16 -12.813
3 16 .742 17 -12.852 .328 17 -12.935 .74 17.16 -12.813
4 16 4.211 17 -12.163 .742 17 -12.852 .74 17.16 -12.813 1.2 17.37 -12.669
4 16 4.211 17 -12.163 1.2 17.37 -12.669 1.57 17.67 -12.521 2.13 17.82 -12.372
4 16 4.211 17 -12.163 2.13 17.82 -12.372 2.83 17.79 -12.241 3.42 17.66 -12.156
3 16 4.211 17 -12.163 3.42 17.66 -12.156 3.96 17.38 -12.118
4 0 4.23 18.83 -11.528 4.564 18.531 -11.712 3.953 18.531 -11.833 3.9 18.82 -11.602
3 0 3.9 18.82 -11.602 3.84 19.09 -11.389 4.23 18.83 -11.528
4 0 3.03 19.15 -11.5 3.47 18.9 -11.621 3.953 18.531 -11.833 2.49 19.31 -11.473
3 0 0 18.531 -12.619 2.21 19.49 -11.378 2.49 19.31 -11.473
3 0 3.953 18.531 -11.833 0 18.531 -12.619 2.49 19.31 -11.473
4 0 1.99 19.72 -11.23 2.21 19.49 -11.378 0 18.531 -12.619 0 19.71 -11.634
4 15 4.53 19.467 -10.937 4.83 18.531 -11.659 4.23 18.83 -11.528 3.84 19.09 -11.389
4 15 2.83 19.47 -11.272 4.53 19.467 -10.937 3.84 19.09 -11.389 3.03 19.15 -11.5
4 15 2.83 19.47 -11.272 3.03 19.15 -11.5 2.49 19.31 -11.473 2.21 19.49 -11.378
3 15 4.83 18.531 -11.659 4.564 18.531 -11.712 4.23 18.83 -11.528
4 15 3.9 18.82 -11.602 3.953 18.531 -11.833 3.47 18.9 -11.621 3.84 19.09 -11.389
3 15 3.47 18.9 -11.621 3.03 19.15 -11.5 3.84 19.09 -11.389
4 16 1.99 19.72 -11.23 0 19.71 -11.634 0 19.828 -11.535 4.414 19.828 -10.658
4 16 2.21 19.49 -11.378 1.99 19.72 -11.23 4.414 19.828 -10.658 2.83 19.47 -11.272
3 16 4.53 19.467 -10.937 2.83 19.47 -11.272 4.414 19.828 -10.658
4 16 3.794 20.695 -9.159 4.414 19.828 -10.658 0 19.828 -11.535 0 20.695 -9.914
4 0 5.876 17 -11.409 4.975 17 -12.011 5.3 17.36 -11.688 5.46 17.45 -11.555
4 0 5.9 17.29 -11.307 5.876 17 -11.409 5.46 17.45 -11.555 5.58 17.57 -11.439
4 0 5.8 17.64 -11.272 5.9 17.29 -11.307 5.58 17.57 -11.439 5.57 17.83 -11.37
3 0 4.975 17 -12.011 5.16 17.46 -11.752 5.3 17.36 -11.688
3 0 4.975 17 -12.011 4.877 18.03 -11.774 5.16 17.46 -11.752
4 15 6.553 17 -10.956 5.876 17 -11.409 5.9 17.29 -11.307 6.64 17.61 -10.719
4 15 6.64 17.61 -10.719 5.9 17.29 -11.307 5.8 17.64 -11.272 6.54 18.531 -10.516
3 15 5.8 17.64 -11.272 5.57 17.83 -11.37 6.54 18.531 -10.516
4 15 6.54 18.531 -10.516 5.57 17.83 -11.37 4.877 18.03 -11.774 4.83 18.531 -11.659
4 15 5.46 17.45 -11.555 5.3 17.36 -11.688 5.16 17.46 -11.752 5.58 17.57 -11.439
4 15 5.58 17.57 -11.439 5.16 17.46 -11.752 4.877 18.03 -11.774 5.57 17.83 -11.37
3 16 6.64 17.61 -10.719 6.54 18.531 -10.516 8.923 18.531 -8.923
4 16 6.553 17 -10.956 6.64 17.61 -10.719 8.923 18.531 -8.923 9.192 17 -9.192
4 15 5.52 19.49 -10.252 6.17 19.06 -10.242 6.54 18.531 -10.516 4.83 18.531 -11.659
3 15 4.83 18.531 -11.659 4.53 19.467 -10.937 5.52 19.49 -10.252
4 16 5.52 19.49 -10.252 4.53 19.467 -10.937 4.414 19.828 -10.658 8.157 19.828 -8.157
3 16 6.17 19.06 -10.242 5.52 19.49 -10.252 8.157 19.828 -8.157
4 16 6.54 18.531 -10.516 6.17 19.06 -10.242 8.157 19.828 -8.157 8.923 18.531 -8.923
4 16 7.01 20.695 -7.01 8.157 19.828 -8.157 4.414 19.828 -10.658 3.794 20.695 -9.159
4 0 -3.96 17.38 -12.118 -4.211 17 -12.163 -4.975 17 -12.011 -4.877 18.03 -11.774
4 0 -3.42 17.66 -12.156 -3.96 17.38 -12.118 -4.877 18.03 -11.774 -3.9 18.531 -11.844
4 0 -3.9 18.531 -11.844 -4.877 18.03 -11.774 -4.71 18.4 -11.715 -4.564 18.531 -11.712
4 0 -2.83 17.79 -12.241 -3.42 17.66 -12.156 -3.9 18.531 -11.844 0 18.531 -12.619
3 0 -2.83 17.79 -12.241 0 18.531 -12.619 -2.13 17.82 -12.373
3 0 -1.57 17.67 -12.521 -2.13 17.82 -12.373 0 18.531 -12.619
4 0 -1.2 17.37 -12.669 -1.57 17.67 -12.521 0 18.531 -12.619 -.74 17.16 -12.813
4 0 -.26 17.08 -12.928 -.74 17.16 -12.813 0 18.531 -12.619 0 17.07 -12.983
3 15 -4.877 18.03 -11.774 -4.83 18.531 -11.659 -4.71 18.4 -11.715
3 15 -4.71 18.4 -11.715 -4.83 18.531 -11.659 -4.564 18.531 -11.712
4 16 -.328 17 -12.935 -.26 17.08 -12.928 0 17.07 -12.983 0 17 -13
4 16 -.742 17 -12.852 -.74 17.16 -12.813 -.26 17.08 -12.928 -.328 17 -12.935
4 16 -.74 17.16 -12.813 -.742 17 -12.852 -4.211 17 -12.163 -1.2 17.37 -12.669
4 16 -1.57 17.67 -12.521 -1.2 17.37 -12.669 -4.211 17 -12.163 -2.13 17.82 -12.373
4 16 -2.83 17.79 -12.241 -2.13 17.82 -12.373 -4.211 17 -12.163 -3.42 17.66 -12.156
3 16 -4.211 17 -12.163 -3.96 17.38 -12.118 -3.42 17.66 -12.156
4 0 -3.9 18.531 -11.844 -4.564 18.531 -11.712 -4.23 18.83 -11.528 -3.9 18.82 -11.602
3 0 -3.9 18.82 -11.602 -4.23 18.83 -11.528 -3.84 19.09 -11.389
4 0 -3.9 18.531 -11.844 -3.47 18.9 -11.621 -3.03 19.15 -11.5 -2.49 19.31 -11.473
3 0 0 18.531 -12.619 -3.9 18.531 -11.844 -2.49 19.31 -11.473
3 0 0 18.531 -12.619 -2.49 19.31 -11.473 -2.21 19.49 -11.378
4 0 0 18.531 -12.619 -2.21 19.49 -11.378 -1.99 19.72 -11.23 0 19.71 -11.634
4 15 -4.23 18.83 -11.528 -4.83 18.531 -11.659 -4.53 19.467 -10.937 -3.84 19.09 -11.389
4 15 -3.84 19.09 -11.389 -4.53 19.467 -10.937 -2.83 19.47 -11.272 -3.03 19.15 -11.5
4 15 -2.49 19.31 -11.473 -3.03 19.15 -11.5 -2.83 19.47 -11.272 -2.21 19.49 -11.378
3 15 -4.564 18.531 -11.712 -4.83 18.531 -11.659 -4.23 18.83 -11.528
4 15 -3.47 18.9 -11.621 -3.9 18.531 -11.844 -3.9 18.82 -11.602 -3.84 19.09 -11.389
3 15 -3.47 18.9 -11.621 -3.84 19.09 -11.389 -3.03 19.15 -11.5
4 16 0 19.828 -11.535 0 19.71 -11.634 -1.99 19.72 -11.23 -4.414 19.828 -10.658
4 16 -4.414 19.828 -10.658 -1.99 19.72 -11.23 -2.21 19.49 -11.378 -2.83 19.47 -11.272
3 16 -4.53 19.467 -10.937 -4.414 19.828 -10.658 -2.83 19.47 -11.272
4 16 -4.414 19.828 -10.658 -8.157 19.828 -8.157 -7.01 20.695 -7.01 -3.794 20.695 -9.159
4 16 0 19.828 -11.535 -4.414 19.828 -10.658 -3.794 20.695 -9.159 0 20.695 -9.914
4 0 -5.3 17.36 -11.688 -4.975 17 -12.011 -5.876 17 -11.409 -5.46 17.45 -11.555
4 0 -5.46 17.45 -11.555 -5.876 17 -11.409 -5.9 17.29 -11.307 -5.58 17.57 -11.439
4 0 -5.58 17.57 -11.439 -5.9 17.29 -11.307 -5.8 17.64 -11.272 -5.57 17.83 -11.37
3 0 -4.975 17 -12.011 -5.3 17.36 -11.688 -5.16 17.46 -11.752
3 0 -4.975 17 -12.011 -5.16 17.46 -11.752 -4.877 18.03 -11.774
4 15 -5.9 17.29 -11.307 -5.876 17 -11.409 -6.553 17 -10.956 -6.64 17.61 -10.719
4 15 -5.8 17.64 -11.272 -5.9 17.29 -11.307 -6.64 17.61 -10.719 -6.54 18.531 -10.516
3 15 -5.8 17.64 -11.272 -6.54 18.531 -10.516 -5.57 17.83 -11.37
4 15 -4.877 18.03 -11.774 -5.57 17.83 -11.37 -6.54 18.531 -10.516 -4.83 18.531 -11.659
4 15 -5.16 17.46 -11.752 -5.3 17.36 -11.688 -5.46 17.45 -11.555 -5.58 17.57 -11.439
4 15 -4.877 18.03 -11.774 -5.16 17.46 -11.752 -5.58 17.57 -11.439 -5.57 17.83 -11.37
3 16 -6.64 17.61 -10.719 -8.923 18.531 -8.923 -6.54 18.531 -10.516
4 16 -8.923 18.531 -8.923 -6.64 17.61 -10.719 -6.553 17 -10.956 -9.192 17 -9.192
4 15 -6.54 18.531 -10.516 -6.17 19.06 -10.242 -5.52 19.49 -10.252 -4.83 18.531 -11.659
3 15 -4.83 18.531 -11.659 -5.52 19.49 -10.252 -4.53 19.467 -10.937
4 16 -4.414 19.828 -10.658 -4.53 19.467 -10.937 -5.52 19.49 -10.252 -8.157 19.828 -8.157
3 16 -6.17 19.06 -10.242 -8.157 19.828 -8.157 -5.52 19.49 -10.252
4 16 -8.157 19.828 -8.157 -6.17 19.06 -10.242 -6.54 18.531 -10.516 -8.923 18.531 -8.923

4 16 -3.794 20.695 -9.159 -7.01 20.695 -7.01 -5.657 21 -5.657 -3.062 21 -7.391
4 16 0 20.695 -9.914 -3.794 20.695 -9.159 -3.062 21 -7.391 0 21 -8
4 16 0 20.695 -9.914 0 21 -8 3.0616 21 -7.3912 3.794 20.695 -9.159
4 16 3.794 20.695 -9.159 3.0616 21 -7.3912 5.6568 21 -5.6568 7.01 20.695 -7.01

0 // FACE Front Lines 3-8
5 24 -12.0107 4 -4.9751 -12.0107 17 -4.9751 -9.1923 4 -9.1923 -13 4 0
5 24 -9.1923 4 -9.1923 -9.1923 17 -9.1923 -4.9751 4 -12.0107 -12.0107 4 -4.9751
5 24 -4.9751 4 -12.0107 -4.9751 17 -12.0107 0 4 -13 -9.1923 4 -9.1923
5 24 0 4 -13 0 17 -13 4.9751 4 -12.0107 -4.9751 4 -12.0107
5 24 4.9751 4 -12.0107 4.9751 17 -12.0107 9.1923 4 -9.1923 0 4 -13
5 24 9.1923 4 -9.1923 9.1923 17 -9.1923 12.0107 4 -4.9751 4.9751 4 -12.0107
5 24 12.0107 4 -4.9751 12.0107 17 -4.9751 13 4 0 9.1923 4 -9.1923

0 // CHIN Front Lines 1-4 Center
0 // CHIN Front Lines 1-16 Left
5 24 -5.6568 21 -5.6568 -3.0616 21 -7.3912 -7.0096 20.69536 -7.0096 -4.192 21 -4.192
5 24 -5.6568 21 -5.6568 -7.0096 20.69536 -7.0096 -3.0616 21 -7.3912 -7.3912 21 -3.0616
5 24 -7.0096 20.69536 -7.0096 -3.7936 20.69536 -9.1592 -8.1568 19.82816 -8.1568 -5.6568 21 -5.6568
5 24 -7.0096 20.69536 -7.0096 -8.1568 19.82816 -8.1568 -3.7936 20.69536 -9.1592 -9.1592 20.69536 -3.7936
5 24 -8.1568 19.82816 -8.1568 -4.4144 19.82816 -10.6576 -8.9232 18.53088 -8.9232 -7.0096 20.69536 -7.0096
5 24 -8.1568 19.82816 -8.1568 -8.9232 18.53088 -8.9232 -4.4144 19.82816 -10.6576 -10.6576 19.82816 -4.4144
5 24 -8.9232 18.53088 -8.9232 -4.8296 18.53088 -11.6592 -9.192 17 -9.192 -8.1568 19.82816 -8.1568
5 24 -8.9232 18.53088 -8.9232 -9.192 17 -9.192 -4.8296 18.53088 -11.6592 -11.6592 18.53088 -4.8296
5 24 -9.192 17 -9.192 -4.9752 17 -12.0104 -9.192 15.34304 -9.192 -8.9232 18.53088 -8.9232
0 // CHIN Front Lines 1-8 Center
5 24 -3.0616 21 -7.3912 0 21 -8 -3.7936 20.69536 -9.1592 -2.2688 21 -5.4776
5 24 -3.0616 21 -7.3912 -3.7936 20.69536 -9.1592 0 21 -8 -5.6568 21 -5.6568
5 24 -3.7936 20.69536 -9.1592 0 20.69536 -9.9136 -4.4144 19.82816 -10.6576 -3.0616 21 -7.3912
5 24 -3.7936 20.69536 -9.1592 -4.4144 19.82816 -10.6576 0 20.69536 -9.9136 -7.0096 20.69536 -7.0096
5 24 -4.4144 19.82816 -10.6576 0 19.82816 -11.5352 -4.8296 18.53088 -11.6592 -3.7936 20.69536 -9.1592
5 24 -4.4144 19.82816 -10.6576 -4.8296 18.53088 -11.6592 0 19.82816 -11.5352 -8.1568 19.82816 -8.1568
5 24 -4.8296 18.53088 -11.6592 0 18.53088 -12.6192 -4.9752 17 -12.0104 -4.4144 19.82816 -10.6576
5 24 -4.8296 18.53088 -11.6592 -4.9752 17 -12.0104 0 18.53088 -12.6192 -8.9232 18.53088 -8.9232
5 24 -4.9752 17 -12.0104 0 17 -13 -4.9752 15.34304 -12.0104 -4.8296 18.53088 -11.6592

5 24 0 21 -8 0 20.69536 -9.9136 3.0616 21 -7.3912 -3.0616 21 -7.3912
5 24 0 20.69536 -9.9136 0 19.82816 -11.5352 3.7936 20.69536 -9.1592 -3.7936 20.69536 -9.1592
5 24 0 19.82816 -11.5352 0 18.53088 -12.6192 4.4144 19.82816 -10.6576 -4.4144 19.82816 -10.6576
5 24 0 18.53088 -12.6192 0 17 -13 4.8296 18.53088 -11.6592 -4.8296 18.53088 -11.6592

5 24 3.0616 21 -7.3912 0 21 -8 3.7936 20.69536 -9.1592 2.2688 21 -5.4776
5 24 3.0616 21 -7.3912 3.7936 20.69536 -9.1592 0 21 -8 5.6568 21 -5.6568
5 24 3.7936 20.69536 -9.1592 0 20.69536 -9.9136 4.4144 19.82816 -10.6576 3.0616 21 -7.3912
5 24 3.7936 20.69536 -9.1592 4.4144 19.82816 -10.6576 0 20.69536 -9.9136 7.0096 20.69536 -7.0096
5 24 4.4144 19.82816 -10.6576 0 19.82816 -11.5352 4.8296 18.53088 -11.6592 3.7936 20.69536 -9.1592
5 24 4.4144 19.82816 -10.6576 4.8296 18.53088 -11.6592 0 19.82816 -11.5352 8.1568 19.82816 -8.1568
5 24 4.8296 18.53088 -11.6592 0 18.53088 -12.6192 4.9752 17 -12.0104 4.4144 19.82816 -10.6576
5 24 4.8296 18.53088 -11.6592 4.9752 17 -12.0104 0 18.53088 -12.6192 8.9232 18.53088 -8.9232
5 24 4.9752 17 -12.0104 0 17 -13 4.9752 15.34304 -12.0104 4.8296 18.53088 -11.6592

0 // CHIN Front Lines 1-16 Right
5 24 5.6568 21 -5.6568 3.0616 21 -7.3912 7.0096 20.69536 -7.0096 4.192 21 -4.192
5 24 5.6568 21 -5.6568 7.0096 20.69536 -7.0096 3.0616 21 -7.3912 7.3912 21 -3.0616
5 24 7.0096 20.69536 -7.0096 3.7936 20.69536 -9.1592 8.1568 19.82816 -8.1568 5.6568 21 -5.6568
5 24 7.0096 20.69536 -7.0096 8.1568 19.82816 -8.1568 3.7936 20.69536 -9.1592 9.1592 20.69536 -3.7936
5 24 8.1568 19.82816 -8.1568 4.4144 19.82816 -10.6576 8.9232 18.53088 -8.9232 7.0096 20.69536 -7.0096
5 24 8.1568 19.82816 -8.1568 8.9232 18.53088 -8.9232 4.4144 19.82816 -10.6576 10.6576 19.82816 -4.4144
5 24 8.9232 18.53088 -8.9232 4.8296 18.53088 -11.6592 9.192 17 -9.192 8.1568 19.82816 -8.1568
5 24 8.9232 18.53088 -8.9232 9.192 17 -9.192 4.8296 18.53088 -11.6592 11.6592 18.53088 -4.8296
5 24 9.192 17 -9.192 4.9752 17 -12.0104 9.192 15.34304 -9.192 8.9232 18.53088 -8.9232
0 // CHIN Front Lines 1-4 Center END

0 // Back Face
4 16 12.011 17 4.975 9.192 11.564 9.192 9.192 11.4 9.192 12.011 4 4.975

3 16 9.192 4 9.192 12.011 4 4.975 9.192 11.4 9.192
4 92 9.192 11.564 9.192 9.15 11.95 9.221 8.782 11.821 9.466 9.192 11.4 9.192
4 92 8.782 11.821 9.466 9.15 11.95 9.221 8.782 12.68 9.466 8.62 11.98 9.575
4 16 9.192 4 9.192 9.192 11.4 9.192 8.782 11.821 9.466 7.36 7.06 10.417
3 16 9.1924625 17 9.1924625 8.782 12.68 9.466 9.15 11.95 9.221
3 16 9.15 11.95 9.221 9.192 11.564 9.192 9.1924625 17 9.1924625
4 0 5.256 9.62 11.823 5.138 10.284 11.902 4.975 8.684 12.011 5.138 8.956 11.902
4 0 5.35 7.06 11.76 4.975 7.34 12.011 4.975 5.68 12.011 5.72 5.62 11.513
4 0 5.35 7.06 11.76 5.72 5.62 11.513 6.34 5.75 11.099 5.76 6.88 11.486
4 0 6.13 6.86 11.239 6.34 5.75 11.099 6.84 6.18 10.764 6.64 7.01 10.898
4 0 6.64 7.01 10.898 6.84 6.18 10.764 7.17 6.55 10.544 7.36 7.06 10.417
4 92 4.975 10.983 12.011 4.975 10.616 12.011 5.17 10.46 11.88 5.28 10.81 11.807
4 92 5.54 10.52 11.633 5.28 10.81 11.807 5.17 10.46 11.88 5.64 10.23 11.566
3 92 5.64 10.23 11.566 5.17 10.46 11.88 5.36 10.29 11.753
4 92 8.62 11.98 9.575 8.782 12.68 9.466 8.36 13.03 9.749 8.03 12.47 9.969
4 92 8.03 12.47 9.969 8.36 13.03 9.749 7.89 13.34 10.063 7.52 12.79 10.31
4 92 7.52 12.79 10.31 7.89 13.34 10.063 7.52 13.52 10.31 7.12 13.07 10.577
4 92 6.91 13.39 10.718 7.12 13.07 10.577 7.52 13.52 10.31 7.41 13.73 10.383
4 92 6.77 13.93 10.811 6.91 13.39 10.718 7.41 13.73 10.383 7.28 14.32 10.47
4 92 6.74 14.72 10.831 6.77 13.93 10.811 7.28 14.32 10.47 7.17 14.91 10.544
4 92 6.72 15.28 10.845 6.74 14.72 10.831 7.17 14.91 10.544 7 15.17 10.657
4 0 4.975 14.211 12.011 5.51 15.03 11.653 5.9 15.89 11.393 5.84 16.59 11.433
3 0 5.9 15.89 11.393 6.01 16.59 11.319 5.84 16.59 11.433
3 0 5.9 15.89 11.393 6.13 16.71 11.239 6.01 16.59 11.319
4 0 4.975 14.211 12.011 5.84 16.59 11.433 5.76 16.72 11.486 4.975 17 12.011
3 0 5.76 16.72 11.486 5.76 16.81 11.486 4.975 17 12.011
3 0 5.76 16.81 11.486 5.766 17 11.482 4.975 17 12.011
4 15 6.13 16.71 11.239 5.9 15.89 11.393 6.07 16.26 11.279 6.27 16.84 11.145
4 15 6.13 16.71 11.239 6.27 16.84 11.145 5.76 16.81 11.486 5.76 16.72 11.486
4 15 6.01 16.59 11.319 6.13 16.71 11.239 5.76 16.72 11.486 5.84 16.59 11.433
4 15 5.766 17 11.482 5.76 16.81 11.486 6.27 16.84 11.145 6.313 17 11.117
3 16 6.27 16.84 11.145 9.1924625 17 9.1924625 6.313 17 11.117
4 16 9.1924625 17 9.1924625 6.27 16.84 11.145 6.07 16.26 11.279 7 15.17 10.657
4 16 6.72 15.28 10.845 7 15.17 10.657 6.07 16.26 11.279 5.9 15.89 11.393
4 16 6.72 15.28 10.845 5.9 15.89 11.393 5.51 15.03 11.653 6.74 14.72 10.831
4 16 6.74 14.72 10.831 5.51 15.03 11.653 4.975 14.211 12.011 6.77 13.93 10.811
3 16 6.91 13.39 10.718 6.77 13.93 10.811 4.975 14.211 12.011
4 16 7.12 13.07 10.577 6.91 13.39 10.718 4.975 14.211 12.011 4.975 10.983 12.011
4 16 4.975 7.34 12.011 5.35 7.06 11.76 5.138 8.956 11.902 4.975 8.684 12.011
4 16 5.138 8.956 11.902 6.13 6.86 11.239 6.64 7.01 10.898 5.256 9.62 11.823
4 16 5.256 9.62 11.823 6.64 7.01 10.898 5.36 10.29 11.753 5.138 10.284 11.902
4 16 5.138 10.284 11.902 5.36 10.29 11.753 5.17 10.46 11.88 5.036 10.5 11.97
4 16 5.64 10.23 11.566 5.36 10.29 11.753 6.64 7.01 10.898 7.36 7.06 10.417
4 16 5.64 10.23 11.566 7.36 7.06 10.417 8.782 11.821 9.466 8.62 11.98 9.575
4 16 5.64 10.23 11.566 8.62 11.98 9.575 8.03 12.47 9.969 5.54 10.52 11.633
4 16 5.28 10.81 11.807 5.54 10.52 11.633 8.03 12.47 9.969 7.52 12.79 10.31
4 16 5.28 10.81 11.807 7.52 12.79 10.31 7.12 13.07 10.577 4.975 10.983 12.011
3 16 9.192 4 9.192 7.36 7.06 10.417 7.17 6.55 10.544
3 16 9.192 4 9.192 7.17 6.55 10.544 6.84 6.18 10.764
3 16 9.192 4 9.192 6.84 6.18 10.764 6.34 5.75 11.099
3 16 9.192 4 9.192 6.34 5.75 11.099 5.72 5.62 11.513
4 16 9.192 4 9.192 5.72 5.62 11.513 4.975 5.68 12.011 4.975 4 12.011
3 16 7.17 14.91 10.544 9.1924625 17 9.1924625 7 15.17 10.657
4 16 9.1924625 17 9.1924625 7.17 14.91 10.544 7.28 14.32 10.47 7.41 13.73 10.383
4 16 9.1924625 17 9.1924625 7.41 13.73 10.383 7.52 13.52 10.31 7.89 13.34 10.063
3 16 8.36 13.03 9.749 9.1924625 17 9.1924625 7.89 13.34 10.063
3 16 8.782 12.68 9.466 9.1924625 17 9.1924625 8.36 13.03 9.749
4 0 4.975 8.684 12.011 5.138 10.284 11.902 5.036 10.5 11.97 4.975 10.616 12.011
3 92 5.17 10.46 11.88 4.975 10.616 12.011 5.036 10.5 11.97
3 0 6.34 5.75 11.099 6.13 6.86 11.239 5.76 6.88 11.486
4 16 5.138 8.956 11.902 5.35 7.06 11.76 5.76 6.88 11.486 6.13 6.86 11.239
4 0 2.262 8.956 12.55 3.125 8.722 12.379 3.078 8.96 12.388 2.144 9.62 12.574
4 0 2.144 9.62 12.574 3.078 8.96 12.388 3.125 9.198 12.379 2.262 10.284 12.55
4 0 2.262 10.284 12.55 3.125 9.198 12.379 3.26 9.4 12.352 2.6 10.848 12.483
4 0 2.6 10.848 12.483 3.26 9.4 12.352 3.462 9.535 12.312 3.105 11.224 12.383
4 0 3.105 11.224 12.383 3.462 9.535 12.312 3.7 9.582 12.264 3.7 11.356 12.264
4 0 3.7 11.356 12.264 3.7 9.582 12.264 3.938 9.535 12.217 4.295 11.224 12.146
4 0 4.295 11.224 12.146 3.938 9.535 12.217 4.14 9.4 12.177 4.548 11.036 12.096
4 0 4.8 10.848 12.045 4.14 9.4 12.177 4.275 9.198 12.15 4.975 10.616 12.011
4 0 4.275 9.198 12.15 4.322 8.96 12.141 4.975 8.684 12.011 4.975 10.616 12.011
3 0 4.975 8.684 12.011 4.322 8.96 12.141 4.275 8.722 12.15
4 0 4.975 8.684 12.011 4.275 8.722 12.15 4.14 8.52 12.177 4.8 8.392 12.045
4 0 4.8 8.392 12.045 4.14 8.52 12.177 3.938 8.385 12.217 4.295 8.016 12.146
4 0 4.295 8.016 12.146 3.938 8.385 12.217 3.7 8.338 12.264 4.153 7.953 12.174
4 0 3.4 6.27 12.324 3.7 8.338 12.264 3.462 8.385 12.312 2.75 6.64 12.453
4 0 2.75 6.64 12.453 3.462 8.385 12.312 3.26 8.52 12.352 2.5 8.592 12.503
4 0 2.5 8.592 12.503 3.26 8.52 12.352 3.125 8.722 12.379 2.262 8.956 12.55
4 15 3.7 8.96 12.264 4.275 8.722 12.15 4.322 8.96 12.141 4.275 9.198 12.15
4 15 3.7 8.96 12.264 4.275 9.198 12.15 4.14 9.4 12.177 3.938 9.535 12.217
4 15 3.7 8.96 12.264 3.938 9.535 12.217 3.7 9.582 12.264 3.462 9.535 12.312
4 15 3.7 8.96 12.264 3.462 9.535 12.312 3.26 9.4 12.352 3.125 9.198 12.379
4 15 3.7 8.96 12.264 3.125 9.198 12.379 3.078 8.96 12.388 3.125 8.722 12.379
4 15 3.7 8.96 12.264 3.125 8.722 12.379 3.26 8.52 12.352 3.462 8.385 12.312
4 15 3.7 8.96 12.264 3.462 8.385 12.312 3.7 8.338 12.264 3.938 8.385 12.217
4 15 3.7 8.96 12.264 3.938 8.385 12.217 4.14 8.52 12.177 4.275 8.722 12.15
4 0 4.26 5.89 12.153 4.975 5.68 12.011 4.975 7.34 12.011 4.618 7.603 12.082
4 0 2.15 7.02 12.572 2.75 6.64 12.453 2.5 8.592 12.503 2.21 8.61 12.561
4 0 1.84 7.54 12.634 2.15 7.02 12.572 2.21 8.61 12.561 1.94 8.5 12.614
3 0 1.84 7.54 12.634 1.94 8.5 12.614 1.79 8.11 12.644
4 92 4.8 10.848 12.045 4.975 10.616 12.011 4.975 10.983 12.011 4.76 11.06 12.053
4 92 .83 7.18 12.835 .94 7.83 12.813 .54 7.24 12.893 .63 7.12 12.875
4 92 .45 7.76 12.911 .54 7.24 12.893 .94 7.83 12.813 .47 7.97 12.907
4 92 .63 8.21 12.875 .47 7.97 12.907 .94 7.83 12.813 1.08 8.06 12.785
4 92 1.19 8.6 12.763 .63 8.21 12.875 1.08 8.06 12.785 1.38 8.46 12.726
3 92 1.38 8.46 12.726 1.36 8.58 12.73 1.19 8.6 12.763
4 0 0 15.03 13 0 12.78 13 1.51 12.87 12.7 .95 15.07 12.811
4 0 .95 15.07 12.811 1.51 12.87 12.7 2.79 13.11 12.445 1.76 15.1 12.65
4 0 1.76 15.1 12.65 2.79 13.11 12.445 3.83 13.41 12.238 3.23 15.04 12.358
4 0 3.23 15.04 12.358 3.83 13.41 12.238 4.6 13.79 12.085 3.52 15.15 12.3
4 0 3.52 15.15 12.3 4.6 13.79 12.085 4.975 14.211 12.011 3.91 15.66 12.223
4 0 4.14 16.16 12.177 3.91 15.66 12.223 4.975 14.211 12.011 4.975 17 12.011
3 0 4.14 16.16 12.177 4.975 17 12.011 4.26 16.66 12.153
3 0 4.26 16.66 12.153 4.975 17 12.011 4.231 17 12.159
4 16 4.975 14.211 12.011 4.6 13.79 12.085 4.76 11.06 12.053 4.975 10.983 12.011
4 16 4.295 11.224 12.146 4.76 11.06 12.053 4.6 13.79 12.085 3.83 13.41 12.238
4 16 3.7 11.356 12.264 4.295 11.224 12.146 3.83 13.41 12.238 2.79 13.11 12.445
4 16 3.105 11.224 12.383 3.7 11.356 12.264 2.79 13.11 12.445 1.51 12.87 12.7
3 16 2.6 10.848 12.483 3.105 11.224 12.383 1.51 12.87 12.7
4 16 2.262 10.284 12.55 2.6 10.848 12.483 1.51 12.87 12.7 0 12.78 13
4 16 2.144 9.62 12.574 2.262 10.284 12.55 0 12.78 13 1.19 8.6 12.763
3 16 .63 8.21 12.875 1.19 8.6 12.763 0 12.78 13
3 16 .47 7.97 12.907 .63 8.21 12.875 0 12.78 13
4 16 .45 7.76 12.911 .47 7.97 12.907 0 12.78 13 0 5.99 13
4 16 1.36 8.58 12.73 2.262 8.956 12.55 2.144 9.62 12.574 1.19 8.6 12.763
4 16 2.262 8.956 12.55 1.36 8.58 12.73 1.38 8.46 12.726 2.21 8.61 12.561
3 16 2.5 8.592 12.503 2.262 8.956 12.55 2.21 8.61 12.561
3 16 1.38 8.46 12.726 1.94 8.5 12.614 2.21 8.61 12.561
4 16 1.94 8.5 12.614 1.38 8.46 12.726 1.08 8.06 12.785 .94 7.83 12.813
4 16 1.79 8.11 12.644 1.94 8.5 12.614 .94 7.83 12.813 .83 7.18 12.835
3 16 .83 7.18 12.835 1.84 7.54 12.634 1.79 8.11 12.644
3 16 2.15 7.02 12.572 1.84 7.54 12.634 .83 7.18 12.835
4 16 2.15 7.02 12.572 .83 7.18 12.835 .63 7.12 12.875 .8 5.89 12.841
4 16 4.975 7.34 12.011 4.975 8.684 12.011 4.8 8.392 12.045 4.618 7.603 12.082
3 16 0 5.99 13 .54 7.24 12.893 .45 7.76 12.911
4 16 .63 7.12 12.875 .54 7.24 12.893 0 5.99 13 .8 5.89 12.841
4 16 2.75 6.64 12.453 2.15 7.02 12.572 .8 5.89 12.841 1.625 5.515 12.677
4 16 3.4 6.27 12.324 2.75 6.64 12.453 2.35 5.02 12.533 3.08 4.42 12.388
4 16 4.26 5.89 12.153 3.4 6.27 12.324 3.08 4.42 12.388 3.87 4 12.23
4 16 4.975 5.68 12.011 4.26 5.89 12.153 3.87 4 12.23 4.975 4 12.011
3 16 4.618 7.603 12.082 4.8 8.392 12.045 4.295 8.016 12.146
4 0 4.153 7.953 12.174 3.4 6.27 12.324 4.26 5.89 12.153 4.618 7.603 12.082
3 16 4.618 7.603 12.082 4.295 8.016 12.146 4.153 7.953 12.174
3 0 3.4 6.27 12.324 4.153 7.953 12.174 3.7 8.338 12.264
3 0 4.14 9.4 12.177 4.8 10.848 12.045 4.548 11.036 12.096
3 92 4.8 10.848 12.045 4.76 11.06 12.053 4.548 11.036 12.096
3 16 4.548 11.036 12.096 4.76 11.06 12.053 4.295 11.224 12.146
4 16 3.52 15.99 12.3 3.23 15.04 12.358 3.52 15.15 12.3 3.91 15.66 12.223
4 16 3.52 15.99 12.3 3.91 15.66 12.223 4.14 16.16 12.177 3.64 16.66 12.276
4 16 3.64 16.66 12.276 4.14 16.16 12.177 4.26 16.66 12.153 4.231 17 12.159
3 16 3.64 16.66 12.276 4.231 17 12.159 3.64 16.86 12.276
3 16 3.64 16.86 12.276 4.231 17 12.159 3.55 17 12.294
4 0 2.58 16.03 12.487 2.14 16.02 12.574 1.87 15.89 12.628 1.96 15.78 12.61
3 0 2.35 15.67 12.533 2.58 16.03 12.487 1.96 15.78 12.61
3 0 2.51 15.56 12.501 2.58 16.03 12.487 2.35 15.67 12.533
4 0 3.23 15.04 12.358 2.58 16.03 12.487 2.51 15.56 12.501 2.51 15.42 12.501
3 0 3.23 15.04 12.358 2.51 15.42 12.501 2.38 15.26 12.527
3 0 3.23 15.04 12.358 2.38 15.26 12.527 1.76 15.1 12.65
4 0 2.58 16.03 12.487 3.23 15.04 12.358 3.52 15.99 12.3 2.78 16.18 12.447
4 0 2.78 16.18 12.447 3.52 15.99 12.3 3.64 16.66 12.276 2.82 16.34 12.439
4 0 2.82 16.34 12.439 3.64 16.66 12.276 3.64 16.86 12.276 3.55 17 12.294
3 0 2.82 16.34 12.439 3.55 17 12.294 2.72 16.39 12.459
3 0 2.72 16.39 12.459 3.55 17 12.294 1.91 16.44 12.62
4 0 .58 16.46 12.885 1.91 16.44 12.62 3.55 17 12.294 0 17 13
3 0 .58 16.46 12.885 0 17 13 0 16.47 13
4 15 2.78 16.18 12.447 2.82 16.34 12.439 2.72 16.39 12.459 2.58 16.03 12.487
4 15 2.58 16.03 12.487 2.72 16.39 12.459 1.91 16.44 12.62 2.14 16.02 12.574
4 15 1.87 15.89 12.628 2.14 16.02 12.574 1.91 16.44 12.62 .58 16.46 12.885
4 15 1.87 15.89 12.628 .58 16.46 12.885 0 16.47 13 0 15.03 13
4 15 1.87 15.89 12.628 0 15.03 13 .95 15.07 12.811 1.96 15.78 12.61
4 15 1.96 15.78 12.61 .95 15.07 12.811 1.76 15.1 12.65 2.35 15.67 12.533
4 15 2.35 15.67 12.533 1.76 15.1 12.65 2.38 15.26 12.527 2.51 15.42 12.501
3 15 2.51 15.42 12.501 2.51 15.56 12.501 2.35 15.67 12.533
3 16 2.35 5.02 12.533 2.75 6.64 12.453 1.625 5.515 12.677
4 92 .8 5.89 12.841 0 5.99 13 .28 5.41 12.944 .98 5.14 12.805
4 92 1.625 5.515 12.677 .8 5.89 12.841 .98 5.14 12.805 1.91 4.64 12.62
4 92 2.35 5.02 12.533 1.625 5.515 12.677 1.91 4.64 12.62 2.5 4.2 12.503
4 92 3.08 4.42 12.388 2.35 5.02 12.533 2.5 4.2 12.503 2.811 4 12.441
3 92 2.811 4 12.441 3.87 4 12.23 3.08 4.42 12.388
3 92 .28 5.41 12.944 0 5.99 13 0 5.457 13
4 16 .28 5.41 12.944 0 5.457 13 0 4 13 .98 5.14 12.805
4 16 1.91 4.64 12.62 .98 5.14 12.805 0 4 13 2.5 4.2 12.503
3 16 0 4 13 2.811 4 12.441 2.5 4.2 12.503
4 16 -4.73 4.08 12.059 -4.975 4.076 12.011 -4.975 4 12.011 -4.843 4 12.037
4 16 -4.975 5.68 12.011 -4.975 4.076 12.011 -4.73 4.08 12.059 -4.03 4.33 12.199
4 0 -3.078 8.96 12.388 -3.125 8.722 12.379 -2.262 8.956 12.55 -2.144 9.62 12.574
4 0 -3.125 9.198 12.379 -3.078 8.96 12.388 -2.144 9.62 12.574 -2.262 10.284 12.55
4 0 -3.26 9.4 12.352 -3.125 9.198 12.379 -2.262 10.284 12.55 -2.6 10.848 12.483
4 0 -3.462 9.535 12.312 -3.26 9.4 12.352 -2.6 10.848 12.483 -3.105 11.224 12.383
4 0 -3.7 9.582 12.264 -3.462 9.535 12.312 -3.105 11.224 12.383 -3.7 11.356 12.264
4 0 -3.938 9.535 12.217 -3.7 9.582 12.264 -3.7 11.356 12.264 -4.295 11.224 12.146
4 0 -4.14 9.4 12.177 -3.938 9.535 12.217 -4.295 11.224 12.146 -4.548 11.036 12.096
4 0 -4.275 9.198 12.15 -4.14 9.4 12.177 -4.8 10.848 12.045 -4.975 10.616 12.011
4 0 -4.975 8.684 12.011 -4.322 8.96 12.141 -4.275 9.198 12.15 -4.975 10.616 12.011
3 0 -4.975 8.684 12.011 -4.275 8.722 12.15 -4.322 8.96 12.141
4 0 -4.14 8.52 12.177 -4.275 8.722 12.15 -4.975 8.684 12.011 -4.8 8.392 12.045
4 0 -3.938 8.385 12.217 -4.14 8.52 12.177 -4.8 8.392 12.045 -4.295 8.016 12.146
4 0 -3.7 8.338 12.264 -3.938 8.385 12.217 -4.295 8.016 12.146 -4.153 7.953 12.174
4 0 -3.462 8.385 12.312 -3.7 8.338 12.264 -3.4 6.27 12.324 -2.75 6.64 12.453
4 0 -3.26 8.52 12.352 -3.462 8.385 12.312 -2.75 6.64 12.453 -2.5 8.592 12.503
4 0 -3.125 8.722 12.379 -3.26 8.52 12.352 -2.5 8.592 12.503 -2.262 8.956 12.55
4 15 -4.322 8.96 12.141 -4.275 8.722 12.15 -3.7 8.96 12.264 -4.275 9.198 12.15
4 15 -4.14 9.4 12.177 -4.275 9.198 12.15 -3.7 8.96 12.264 -3.938 9.535 12.217
4 15 -3.7 9.582 12.264 -3.938 9.535 12.217 -3.7 8.96 12.264 -3.462 9.535 12.312
4 15 -3.26 9.4 12.352 -3.462 9.535 12.312 -3.7 8.96 12.264 -3.125 9.198 12.379
4 15 -3.078 8.96 12.388 -3.125 9.198 12.379 -3.7 8.96 12.264 -3.125 8.722 12.379
4 15 -3.26 8.52 12.352 -3.125 8.722 12.379 -3.7 8.96 12.264 -3.462 8.385 12.312
4 15 -3.7 8.338 12.264 -3.462 8.385 12.312 -3.7 8.96 12.264 -3.938 8.385 12.217
4 15 -4.14 8.52 12.177 -3.938 8.385 12.217 -3.7 8.96 12.264 -4.275 8.722 12.15
4 0 -4.975 7.34 12.011 -4.975 5.68 12.011 -4.26 5.89 12.153 -4.618 7.603 12.082
4 0 -2.5 8.592 12.503 -2.75 6.64 12.453 -2.15 7.02 12.572 -2.21 8.61 12.561
4 0 -2.21 8.61 12.561 -2.15 7.02 12.572 -1.84 7.54 12.634 -1.94 8.5 12.614
3 0 -1.84 7.54 12.634 -1.79 8.11 12.644 -1.94 8.5 12.614
4 92 -4.975 10.983 12.011 -4.975 10.616 12.011 -4.8 10.848 12.045 -4.76 11.06 12.053
4 92 -.54 7.24 12.893 -.94 7.83 12.813 -.83 7.18 12.835 -.63 7.12 12.875
4 92 -.94 7.83 12.813 -.54 7.24 12.893 -.45 7.76 12.911 -.47 7.97 12.907
4 92 -.94 7.83 12.813 -.47 7.97 12.907 -.63 8.21 12.875 -1.08 8.06 12.785
4 92 -1.08 8.06 12.785 -.63 8.21 12.875 -1.19 8.6 12.763 -1.38 8.46 12.726
3 92 -1.38 8.46 12.726 -1.19 8.6 12.763 -1.36 8.58 12.73
4 0 -1.51 12.87 12.7 0 12.78 13 0 15.03 13 -.95 15.07 12.811
4 0 -2.79 13.11 12.445 -1.51 12.87 12.7 -.95 15.07 12.811 -1.76 15.1 12.65
4 0 -3.83 13.41 12.238 -2.79 13.11 12.445 -1.76 15.1 12.65 -3.23 15.04 12.358
4 0 -4.6 13.79 12.085 -3.83 13.41 12.238 -3.23 15.04 12.358 -3.52 15.15 12.3
4 0 -4.975 14.211 12.011 -4.6 13.79 12.085 -3.52 15.15 12.3 -3.91 15.66 12.223
4 0 -4.975 14.211 12.011 -3.91 15.66 12.223 -4.14 16.16 12.177 -4.975 17 12.011
3 0 -4.14 16.16 12.177 -4.26 16.66 12.153 -4.975 17 12.011
3 0 -4.26 16.66 12.153 -4.231 17 12.159 -4.975 17 12.011
4 16 -4.76 11.06 12.053 -4.6 13.79 12.085 -4.975 14.211 12.011 -4.975 10.983 12.011
4 16 -4.6 13.79 12.085 -4.76 11.06 12.053 -4.295 11.224 12.146 -3.83 13.41 12.238
4 16 -3.83 13.41 12.238 -4.295 11.224 12.146 -3.7 11.356 12.264 -2.79 13.11 12.445
4 16 -2.79 13.11 12.445 -3.7 11.356 12.264 -3.105 11.224 12.383 -1.51 12.87 12.7
3 16 -2.6 10.848 12.483 -1.51 12.87 12.7 -3.105 11.224 12.383
4 16 -1.51 12.87 12.7 -2.6 10.848 12.483 -2.262 10.284 12.55 0 12.78 13
4 16 0 12.78 13 -2.262 10.284 12.55 -2.144 9.62 12.574 -1.19 8.6 12.763
3 16 -.63 8.21 12.875 0 12.78 13 -1.19 8.6 12.763
3 16 -.47 7.97 12.907 0 12.78 13 -.63 8.21 12.875
4 16 0 12.78 13 -.47 7.97 12.907 -.45 7.76 12.911 0 5.99 13
4 16 -2.144 9.62 12.574 -2.262 8.956 12.55 -1.36 8.58 12.73 -1.19 8.6 12.763
4 16 -1.38 8.46 12.726 -1.36 8.58 12.73 -2.262 8.956 12.55 -2.21 8.61 12.561
3 16 -2.5 8.592 12.503 -2.21 8.61 12.561 -2.262 8.956 12.55
3 16 -1.38 8.46 12.726 -2.21 8.61 12.561 -1.94 8.5 12.614
4 16 -1.08 8.06 12.785 -1.38 8.46 12.726 -1.94 8.5 12.614 -.94 7.83 12.813
4 16 -.94 7.83 12.813 -1.94 8.5 12.614 -1.79 8.11 12.644 -.83 7.18 12.835
3 16 -.83 7.18 12.835 -1.79 8.11 12.644 -1.84 7.54 12.634
3 16 -2.15 7.02 12.572 -.83 7.18 12.835 -1.84 7.54 12.634
4 16 -.63 7.12 12.875 -.83 7.18 12.835 -2.15 7.02 12.572 -.89 5.95 12.823
4 16 -4.8 8.392 12.045 -4.975 8.684 12.011 -4.975 7.34 12.011 -4.618 7.603 12.082
3 16 0 5.99 13 -.45 7.76 12.911 -.54 7.24 12.893
4 16 0 5.99 13 -.54 7.24 12.893 -.63 7.12 12.875 -.89 5.95 12.823
4 16 -.89 5.95 12.823 -2.15 7.02 12.572 -2.75 6.64 12.453 -1.74 5.65 12.654
4 16 -2.53 5.23 12.497 -2.75 6.64 12.453 -3.4 6.27 12.324 -3.31 4.73 12.342
4 16 -3.31 4.73 12.342 -3.4 6.27 12.324 -4.26 5.89 12.153 -4.03 4.33 12.199
3 16 -4.03 4.33 12.199 -4.26 5.89 12.153 -4.975 5.68 12.011
3 16 -4.618 7.603 12.082 -4.295 8.016 12.146 -4.8 8.392 12.045
4 0 -4.26 5.89 12.153 -3.4 6.27 12.324 -4.153 7.953 12.174 -4.618 7.603 12.082
3 16 -4.618 7.603 12.082 -4.153 7.953 12.174 -4.295 8.016 12.146
3 0 -3.4 6.27 12.324 -3.7 8.338 12.264 -4.153 7.953 12.174
3 0 -4.14 9.4 12.177 -4.548 11.036 12.096 -4.8 10.848 12.045
3 92 -4.8 10.848 12.045 -4.548 11.036 12.096 -4.76 11.06 12.053
3 16 -4.548 11.036 12.096 -4.295 11.224 12.146 -4.76 11.06 12.053
4 16 -3.52 15.15 12.3 -3.23 15.04 12.358 -3.52 15.99 12.3 -3.91 15.66 12.223
4 16 -4.14 16.16 12.177 -3.91 15.66 12.223 -3.52 15.99 12.3 -3.64 16.66 12.276
4 16 -4.26 16.66 12.153 -4.14 16.16 12.177 -3.64 16.66 12.276 -4.231 17 12.159
3 16 -3.64 16.66 12.276 -3.64 16.86 12.276 -4.231 17 12.159
3 16 -3.64 16.86 12.276 -3.55 17 12.294 -4.231 17 12.159
4 0 -1.87 15.89 12.628 -2.14 16.02 12.574 -2.58 16.03 12.487 -1.96 15.78 12.61
3 0 -2.35 15.67 12.533 -1.96 15.78 12.61 -2.58 16.03 12.487
3 0 -2.51 15.56 12.501 -2.35 15.67 12.533 -2.58 16.03 12.487
4 0 -2.51 15.56 12.501 -2.58 16.03 12.487 -3.23 15.04 12.358 -2.51 15.42 12.501
3 0 -3.23 15.04 12.358 -2.38 15.26 12.527 -2.51 15.42 12.501
3 0 -3.23 15.04 12.358 -1.76 15.1 12.65 -2.38 15.26 12.527
4 0 -3.52 15.99 12.3 -3.23 15.04 12.358 -2.58 16.03 12.487 -2.78 16.18 12.447
4 0 -3.64 16.66 12.276 -3.52 15.99 12.3 -2.78 16.18 12.447 -2.82 16.34 12.439
4 0 -3.64 16.86 12.276 -3.64 16.66 12.276 -2.82 16.34 12.439 -3.55 17 12.294
3 0 -2.82 16.34 12.439 -2.72 16.39 12.459 -3.55 17 12.294
3 0 -2.72 16.39 12.459 -1.91 16.44 12.62 -3.55 17 12.294
4 0 -3.55 17 12.294 -1.91 16.44 12.62 -.58 16.46 12.885 0 17 13
3 0 -.58 16.46 12.885 0 16.47 13 0 17 13
4 15 -2.72 16.39 12.459 -2.82 16.34 12.439 -2.78 16.18 12.447 -2.58 16.03 12.487
4 15 -1.91 16.44 12.62 -2.72 16.39 12.459 -2.58 16.03 12.487 -2.14 16.02 12.574
4 15 -1.91 16.44 12.62 -2.14 16.02 12.574 -1.87 15.89 12.628 -.58 16.46 12.885
4 15 0 16.47 13 -.58 16.46 12.885 -1.87 15.89 12.628 0 15.03 13
4 15 -.95 15.07 12.811 0 15.03 13 -1.87 15.89 12.628 -1.96 15.78 12.61
4 15 -1.76 15.1 12.65 -.95 15.07 12.811 -1.96 15.78 12.61 -2.35 15.67 12.533
4 15 -2.38 15.26 12.527 -1.76 15.1 12.65 -2.35 15.67 12.533 -2.51 15.42 12.501
3 15 -2.51 15.42 12.501 -2.35 15.67 12.533 -2.51 15.56 12.501
3 16 -2.53 5.23 12.497 -1.74 5.65 12.654 -2.75 6.64 12.453
4 92 -.32 5.51 12.936 0 5.457 13 0 5.99 13 -.89 5.95 12.823
4 92 -1.06 5.33 12.789 -.32 5.51 12.936 -.89 5.95 12.823 -1.74 5.65 12.654
4 92 -2.17 4.96 12.568 -1.06 5.33 12.789 -1.74 5.65 12.654 -2.53 5.23 12.497
4 92 -2.98 4.55 12.407 -2.17 4.96 12.568 -2.53 5.23 12.497 -3.31 4.73 12.342
4 92 -3.76 4.13 12.252 -2.98 4.55 12.407 -3.31 4.73 12.342 -4.03 4.33 12.199
4 92 -4.201 4 12.165 -3.76 4.13 12.252 -4.03 4.33 12.199 -4.73 4.08 12.059
3 92 -4.843 4 12.037 -4.201 4 12.165 -4.73 4.08 12.059
4 16 0 4 13 0 5.457 13 -.32 5.51 12.936 -1.06 5.33 12.789
4 16 0 4 13 -1.06 5.33 12.789 -2.17 4.96 12.568 -2.98 4.55 12.407
3 16 0 4 13 -2.98 4.55 12.407 -3.76 4.13 12.252
3 16 -4.201 4 12.165 0 4 13 -3.76 4.13 12.252
4 92 -9.192 11.4 9.192 -8.782 11.821 9.466 -9.15 11.95 9.221 -9.192 11.564 9.192
4 92 -8.782 12.68 9.466 -9.15 11.95 9.221 -8.782 11.821 9.466 -8.62 11.98 9.575
4 16 -8.782 11.821 9.466 -9.192 11.4 9.192 -9.192 4 9.192 -7.36 7.06 10.417
3 16 -8.782 12.68 9.466 -9.192 17 9.192 -9.15 11.95 9.221
4 0 -4.975 8.684 12.011 -5.138 10.284 11.902 -5.256 9.62 11.823 -5.138 8.956 11.902
4 0 -4.975 5.68 12.011 -4.975 7.34 12.011 -5.35 7.06 11.76 -5.72 5.62 11.513
4 0 -6.34 5.75 11.099 -5.72 5.62 11.513 -5.35 7.06 11.76 -5.76 6.88 11.486
4 0 -6.84 6.18 10.764 -6.34 5.75 11.099 -6.13 6.86 11.239 -6.64 7.01 10.898
4 0 -7.17 6.55 10.544 -6.84 6.18 10.764 -6.64 7.01 10.898 -7.36 7.06 10.417
4 92 -5.17 10.46 11.88 -4.975 10.616 12.011 -4.975 10.983 12.011 -5.28 10.81 11.807
4 92 -5.17 10.46 11.88 -5.28 10.81 11.807 -5.54 10.52 11.633 -5.64 10.23 11.566
3 92 -5.64 10.23 11.566 -5.36 10.29 11.753 -5.17 10.46 11.88
4 92 -8.36 13.03 9.749 -8.782 12.68 9.466 -8.62 11.98 9.575 -8.03 12.47 9.969
4 92 -7.89 13.34 10.063 -8.36 13.03 9.749 -8.03 12.47 9.969 -7.52 12.79 10.31
4 92 -7.52 13.52 10.31 -7.89 13.34 10.063 -7.52 12.79 10.31 -7.12 13.07 10.577
4 92 -7.52 13.52 10.31 -7.12 13.07 10.577 -6.91 13.39 10.718 -7.41 13.73 10.383
4 92 -7.41 13.73 10.383 -6.91 13.39 10.718 -6.77 13.93 10.811 -7.28 14.32 10.47
4 92 -7.28 14.32 10.47 -6.77 13.93 10.811 -6.74 14.72 10.831 -7.17 14.91 10.544
4 92 -7.17 14.91 10.544 -6.74 14.72 10.831 -6.72 15.28 10.845 -7.02 15.17 10.644
4 0 -5.9 15.89 11.393 -5.51 15.03 11.653 -4.975 14.211 12.011 -5.84 16.59 11.433
3 0 -5.9 15.89 11.393 -5.84 16.59 11.433 -6.01 16.59 11.319
3 0 -5.9 15.89 11.393 -6.01 16.59 11.319 -6.13 16.71 11.239
4 0 -5.76 16.72 11.486 -5.84 16.59 11.433 -4.975 14.211 12.011 -4.975 17 12.011
3 0 -5.76 16.72 11.486 -4.975 17 12.011 -5.76 16.81 11.486
3 0 -5.76 16.81 11.486 -4.975 17 12.011 -5.766 17 11.482
4 15 -6.07 16.26 11.279 -5.9 15.89 11.393 -6.13 16.71 11.239 -6.27 16.84 11.145
4 15 -5.76 16.81 11.486 -6.27 16.84 11.145 -6.13 16.71 11.239 -5.76 16.72 11.486
4 15 -5.76 16.72 11.486 -6.13 16.71 11.239 -6.01 16.59 11.319 -5.84 16.59 11.433
4 15 -6.27 16.84 11.145 -5.76 16.81 11.486 -5.766 17 11.482 -6.313 17 11.117
3 16 -6.27 16.84 11.145 -6.313 17 11.117 -9.192 17 9.192
4 16 -6.07 16.26 11.279 -6.27 16.84 11.145 -9.192 17 9.192 -7.02 15.17 10.644
4 16 -6.07 16.26 11.279 -7.02 15.17 10.644 -6.72 15.28 10.845 -5.9 15.89 11.393
4 16 -5.51 15.03 11.653 -5.9 15.89 11.393 -6.72 15.28 10.845 -6.74 14.72 10.831
4 16 -4.975 14.211 12.011 -5.51 15.03 11.653 -6.74 14.72 10.831 -6.77 13.93 10.811
3 16 -6.91 13.39 10.718 -4.975 14.211 12.011 -6.77 13.93 10.811
4 16 -4.975 14.211 12.011 -6.91 13.39 10.718 -7.12 13.07 10.577 -4.975 10.983 12.011
4 16 -5.138 8.956 11.902 -5.35 7.06 11.76 -4.975 7.34 12.011 -4.975 8.684 12.011
4 16 -6.64 7.01 10.898 -6.13 6.86 11.239 -5.138 8.956 11.902 -5.256 9.62 11.823
4 16 -5.36 10.29 11.753 -6.64 7.01 10.898 -5.256 9.62 11.823 -5.138 10.284 11.902
4 16 -5.17 10.46 11.88 -5.36 10.29 11.753 -5.138 10.284 11.902 -5.036 10.5 11.97
4 16 -6.64 7.01 10.898 -5.36 10.29 11.753 -5.64 10.23 11.566 -7.36 7.06 10.417
4 16 -8.782 11.821 9.466 -7.36 7.06 10.417 -5.64 10.23 11.566 -8.62 11.98 9.575
4 16 -8.03 12.47 9.969 -8.62 11.98 9.575 -5.64 10.23 11.566 -5.54 10.52 11.633
4 16 -8.03 12.47 9.969 -5.54 10.52 11.633 -5.28 10.81 11.807 -7.52 12.79 10.31
4 16 -7.12 13.07 10.577 -7.52 12.79 10.31 -5.28 10.81 11.807 -4.975 10.983 12.011
3 16 -9.192 4 9.192 -7.17 6.55 10.544 -7.36 7.06 10.417
3 16 -9.192 4 9.192 -6.84 6.18 10.764 -7.17 6.55 10.544
3 16 -9.192 4 9.192 -6.34 5.75 11.099 -6.84 6.18 10.764
3 16 -9.192 4 9.192 -5.72 5.62 11.513 -6.34 5.75 11.099
4 16 -4.975 5.68 12.011 -5.72 5.62 11.513 -9.192 4 9.192 -4.975 4.076 12.011
3 16 -7.17 14.91 10.544 -7.02 15.17 10.644 -9.192 17 9.192
4 16 -7.28 14.32 10.47 -7.17 14.91 10.544 -9.192 17 9.192 -7.41 13.73 10.383
4 16 -7.52 13.52 10.31 -7.41 13.73 10.383 -9.192 17 9.192 -7.89 13.34 10.063
3 16 -8.36 13.03 9.749 -7.89 13.34 10.063 -9.192 17 9.192
3 16 -8.782 12.68 9.466 -8.36 13.03 9.749 -9.192 17 9.192
3 16 -9.192 4 9.192 -4.975 4 12.011 -4.975 4.076 12.011
4 0 -5.036 10.5 11.97 -5.138 10.284 11.902 -4.975 8.684 12.011 -4.975 10.616 12.011
3 92 -5.17 10.46 11.88 -5.036 10.5 11.97 -4.975 10.616 12.011
3 0 -6.34 5.75 11.099 -5.76 6.88 11.486 -6.13 6.86 11.239
4 16 -5.76 6.88 11.486 -5.35 7.06 11.76 -5.138 8.956 11.902 -6.13 6.86 11.239
4 16 -9.192 11.4 9.192 -12.011 17 4.975 -12.011 4 4.975 -9.192 4 9.192
4 92 3.87 4 12.23 2.811 4 12.441 3.06 3.84 12.352 3.76 3.56 12.143
4 92 3.87 4 12.23 3.76 3.56 12.143 4.23 3.44 12.019 4.32 3.77 12.084
4 92 4.74 3.56 11.948 4.32 3.77 12.084 4.23 3.44 12.019 4.8 3.42 11.901
3 16 3.06 3.84 12.352 2.811 4 12.441 0 4 13
4 16 3.76 3.56 12.143 3.06 3.84 12.352 0 4 13 0 2.469 12.619
4 16 3.76 3.56 12.143 0 2.469 12.619 4.83 2.469 11.659 4.23 3.44 12.019
3 16 4.83 2.469 11.659 4.8 3.42 11.901 4.23 3.44 12.019
3 16 4.83 2.469 11.659 4.975 4 12.011 4.8 3.42 11.901
3 16 4.8 3.42 11.901 4.975 4 12.011 4.74 3.56 11.948
3 16 4.74 3.56 11.948 4.975 4 12.011 4.32 3.77 12.084
3 16 4.32 3.77 12.084 4.975 4 12.011 3.87 4 12.23
4 16 4.414 1.172 10.658 4.83 2.469 11.659 0 2.469 12.619 0 1.172 11.535
4 16 3.794 .305 9.159 4.414 1.172 10.658 0 1.172 11.535 0 .305 9.914
4 16 0 .305 9.914 0 1.172 11.535 -4.414 1.172 10.658 -3.794 .305 9.159
3 92 -4.37 3.95 12.118 -4.201 4 12.165 -4.843 4 12.037
4 16 0 4 13 -4.201 4 12.165 -4.37 3.95 12.118 0 2.469 12.619
4 16 -4.83 2.469 11.659 0 2.469 12.619 -4.37 3.95 12.118 -4.843 4 12.037
3 16 -4.83 2.469 11.659 -4.843 4 12.037 -4.975 4 12.011
4 16 0 1.172 11.535 0 2.469 12.619 -4.83 2.469 11.659 -4.414 1.172 10.658
4 0 -4.975 17 12.011 -4.231 17 12.159 -3.97 17.7 12.036 -4.877 18.03 11.774
4 0 -4.877 18.03 11.774 -3.97 17.7 12.036 -3.43 18.08 12.049 -3.9 18.531 11.844
3 0 -4.877 18.03 11.774 -3.9 18.531 11.844 -4.634 18.531 11.698
3 0 -3.43 18.08 12.049 -2.81 18.28 12.123 -3.9 18.531 11.844
3 0 -1.58 18.21 12.385 0 18.531 12.619 -2.24 18.33 12.224
4 0 0 18.531 12.619 -1.58 18.21 12.385 -1.21 18.08 12.491 -.75 17.94 12.617
4 0 0 18.531 12.619 -.75 17.94 12.617 -.27 17.86 12.732 0 17.85 12.789
3 15 -4.877 18.03 11.774 -4.634 18.531 11.698 -4.83 18.531 11.659
4 16 -4.231 17 12.159 -1.58 18.21 12.385 -2.24 18.33 12.224 -2.81 18.28 12.123
4 16 -4.231 17 12.159 -2.81 18.28 12.123 -3.43 18.08 12.049 -3.97 17.7 12.036
4 16 -4.231 17 12.159 -3.55 17 12.294 -3.34 17.1 12.311 -1.58 18.21 12.385
4 92 0 17.43 12.893 0 17.85 12.789 -.27 17.86 12.732 -.43 17.46 12.8
4 92 -.9 17.57 12.679 -.43 17.46 12.8 -.27 17.86 12.732 -.75 17.94 12.617
4 92 -.9 17.57 12.679 -.75 17.94 12.617 -1.17 18 12.519 -1.23 17.75 12.569
3 92 -1.23 17.75 12.569 -1.17 18 12.519 -1.53 18.05 12.434
3 16 -.75 17.94 12.617 -1.21 18.08 12.491 -1.17 18 12.519
4 16 -1.53 18.05 12.434 -1.17 18 12.519 -1.21 18.08 12.491 -1.58 18.21 12.385
4 16 -1.53 18.05 12.434 -1.58 18.21 12.385 -3.34 17.1 12.311 -1.43 17.14 12.681
3 16 -1.43 17.14 12.681 -1.23 17.75 12.569 -1.53 18.05 12.434
3 16 -1.43 17.14 12.681 -.9 17.57 12.679 -1.23 17.75 12.569
3 16 -1.43 17.14 12.681 -.43 17.46 12.8 -.9 17.57 12.679
4 16 0 17.43 12.893 -.43 17.46 12.8 -1.43 17.14 12.681 0 17.15 12.963
4 0 -1.43 17.14 12.681 -3.34 17.1 12.311 -3.55 17 12.294 0 17 13
3 0 0 17 13 0 17.15 12.963 -1.43 17.14 12.681
3 0 -3.9 18.531 11.844 -2.81 18.28 12.123 -2.24 18.33 12.224
3 0 -2.24 18.33 12.224 0 18.531 12.619 -3.9 18.531 11.844
3 0 -3.69 19.07 11.435 -3.63 19.34 11.222 -4.02 19.08 11.361
4 0 -2.02 19.77 11.182 -2.58 19.57 11.238 0 18.531 12.619 -1.698 19.828 11.198
3 0 0 18.531 12.619 -1.111 19.828 11.314 -1.698 19.828 11.198
3 0 0 18.531 12.619 0 19.828 11.535 -1.111 19.828 11.314
3 15 -4.02 19.08 11.361 -3.63 19.34 11.222 -4.51 19.607 10.824
4 15 -2.94 19.7 11.058 -4.51 19.607 10.824 -3.63 19.34 11.222 -3.06 19.27 11.393
3 15 -3.06 19.27 11.393 -2.58 19.57 11.238 -2.94 19.7 11.058
3 15 -2.58 19.57 11.238 -2.02 19.77 11.182 -2.94 19.7 11.058
4 15 -3.63 19.34 11.222 -3.69 19.07 11.435 -3.49 18.95 11.575 -3.06 19.27 11.393
4 16 -2.02 19.77 11.182 -1.698 19.828 11.198 -4.414 19.828 10.658 -2.94 19.7 11.058
3 16 -4.51 19.607 10.824 -2.94 19.7 11.058 -4.414 19.828 10.658
4 0 -4.402 18.785 11.531 -4.634 18.531 11.698 -3.9 18.531 11.844 -4.02 19.08 11.361
4 15 -4.83 18.531 11.659 -4.634 18.531 11.698 -4.402 18.785 11.531 -4.51 19.607 10.824
4 0 -4.02 19.08 11.361 -3.9 18.531 11.844 -3.705 18.85 11.616 -3.69 19.07 11.435
4 0 -3.49 18.95 11.575 -3.705 18.85 11.616 -3.9 18.531 11.844 0 18.531 12.619
3 15 -3.705 18.85 11.616 -3.49 18.95 11.575 -3.69 19.07 11.435
4 0 -3.06 19.27 11.393 -3.49 18.95 11.575 0 18.531 12.619 -2.58 19.57 11.238
3 15 -4.402 18.785 11.531 -4.02 19.08 11.361 -4.51 19.607 10.824
3 0 -1.698 19.828 11.198 -1.111 19.828 11.314 -1.19 19.92 11.127
4 0 0 19.828 11.535 0 19.96 11.289 -1.19 19.92 11.127 -1.111 19.828 11.314
4 16 -4.414 19.828 10.658 -1.698 19.828 11.198 -1.19 19.92 11.127 -3.794 20.695 9.159
4 16 0 20.695 9.914 -3.794 20.695 9.159 -1.19 19.92 11.127 0 19.96 11.289
4 0 -5.766 17 11.482 -4.975 17 12.011 -5.13 17.72 11.696 -5.28 17.77 11.581
4 0 -5.71 17.64 11.332 -5.28 17.77 11.581 -5.34 17.94 11.491 -5.56 18.01 11.324
3 0 -5.34 17.94 11.491 -5.33 18.2 11.422 -5.56 18.01 11.324
3 0 -4.975 17 12.011 -4.99 17.82 11.76 -5.13 17.72 11.696
3 0 -4.975 17 12.011 -4.877 18.03 11.774 -4.99 17.82 11.76
4 15 -6.4 17.65 10.868 -6.313 17 11.117 -5.71 17.64 11.332 -5.56 18.01 11.324
4 15 -6.36 18.531 10.636 -6.4 17.65 10.868 -5.56 18.01 11.324 -5.33 18.2 11.422
4 15 -5.28 17.77 11.581 -5.13 17.72 11.696 -4.99 17.82 11.76 -5.34 17.94 11.491
4 15 -5.34 17.94 11.491 -4.99 17.82 11.76 -4.877 18.03 11.774 -5.33 18.2 11.422
3 16 -6.4 17.65 10.868 -6.36 18.531 10.636 -8.923 18.531 8.923
4 16 -6.313 17 11.117 -6.4 17.65 10.868 -8.923 18.531 8.923 -9.192 17 9.192
4 0 -5.748 17.38 11.383 -5.766 17 11.482 -5.28 17.77 11.581 -5.71 17.64 11.332
3 15 -6.313 17 11.117 -5.766 17 11.482 -5.748 17.38 11.383
3 15 -6.313 17 11.117 -5.748 17.38 11.383 -5.71 17.64 11.332
3 15 -5.33 18.2 11.422 -4.83 18.531 11.659 -6.36 18.531 10.636
3 15 -4.877 18.03 11.774 -4.83 18.531 11.659 -5.33 18.2 11.422
4 15 -5.38 19.49 10.346 -6 19.08 10.336 -6.36 18.531 10.636 -4.83 18.531 11.659
3 15 -4.83 18.531 11.659 -4.51 19.607 10.824 -5.38 19.49 10.346
3 16 -5.38 19.49 10.346 -4.51 19.607 10.824 -4.414 19.828 10.658
3 16 -5.38 19.49 10.346 -4.414 19.828 10.658 -8.157 19.828 8.157
3 16 -6 19.08 10.336 -5.38 19.49 10.346 -8.157 19.828 8.157
4 16 -6.36 18.531 10.636 -6 19.08 10.336 -8.157 19.828 8.157 -8.923 18.531 8.923
4 16 -7.01 20.695 7.01 -8.157 19.828 8.157 -4.414 19.828 10.658 -3.794 20.695 9.159
4 0 3.97 17.7 12.037 4.231 17 12.159 4.975 17 12.011 4.877 18.03 11.774
4 0 3.43 18.08 12.05 3.97 17.7 12.037 4.877 18.03 11.774 3.9 18.531 11.844
3 0 4.877 18.03 11.774 4.634 18.531 11.698 3.9 18.531 11.844
3 0 3.43 18.08 12.05 3.9 18.531 11.844 2.81 18.28 12.123
3 0 1.58 18.21 12.385 2.24 18.33 12.224 0 18.531 12.619
4 0 1.21 18.08 12.491 1.58 18.21 12.385 0 18.531 12.619 .75 17.94 12.617
4 0 .27 17.86 12.732 .75 17.94 12.617 0 18.531 12.619 0 17.85 12.789
3 15 4.877 18.03 11.774 4.83 18.531 11.659 4.634 18.531 11.698
4 16 2.24 18.33 12.224 1.58 18.21 12.385 4.231 17 12.159 2.81 18.28 12.123
4 16 3.43 18.08 12.05 2.81 18.28 12.123 4.231 17 12.159 3.97 17.7 12.037
4 16 3.34 17.1 12.311 3.55 17 12.294 4.231 17 12.159 1.58 18.21 12.385
4 92 .27 17.86 12.732 0 17.85 12.789 0 17.43 12.893 .43 17.46 12.8
4 92 .27 17.86 12.732 .43 17.46 12.8 .9 17.57 12.679 .75 17.94 12.617
4 92 1.17 18 12.519 .75 17.94 12.617 .9 17.57 12.679 1.23 17.75 12.569
3 92 1.23 17.75 12.569 1.53 18.05 12.435 1.17 18 12.519
3 16 .75 17.94 12.617 1.17 18 12.519 1.21 18.08 12.491
4 16 1.21 18.08 12.491 1.17 18 12.519 1.53 18.05 12.435 1.58 18.21 12.385
4 16 3.34 17.1 12.311 1.58 18.21 12.385 1.53 18.05 12.435 1.43 17.14 12.681
3 16 1.43 17.14 12.681 1.53 18.05 12.435 1.23 17.75 12.569
3 16 1.43 17.14 12.681 1.23 17.75 12.569 .9 17.57 12.679
3 16 1.43 17.14 12.681 .9 17.57 12.679 .43 17.46 12.8
4 16 1.43 17.14 12.681 .43 17.46 12.8 0 17.43 12.893 0 17.15 12.963
4 0 3.55 17 12.294 3.34 17.1 12.311 1.43 17.14 12.681 0 17 13
3 0 0 17 13 1.43 17.14 12.681 0 17.15 12.963
3 0 2.24 18.33 12.224 2.81 18.28 12.123 3.9 18.531 11.844
3 0 3.9 18.531 11.844 0 18.531 12.619 2.24 18.33 12.224
3 0 3.69 19.07 11.435 4.02 19.08 11.361 3.63 19.34 11.221
4 0 0 18.531 12.619 2.58 19.57 11.238 2.02 19.77 11.182 1.111 19.828 11.314
3 0 2.02 19.77 11.182 1.698 19.828 11.198 1.111 19.828 11.314
3 0 0 18.531 12.619 1.111 19.828 11.314 0 19.828 11.535
3 15 4.02 19.08 11.361 4.51 19.607 10.824 3.63 19.34 11.221
4 15 3.63 19.34 11.221 4.51 19.607 10.824 2.94 19.7 11.058 3.06 19.27 11.393
3 15 3.06 19.27 11.393 2.94 19.7 11.058 2.58 19.57 11.238
3 15 2.58 19.57 11.238 2.94 19.7 11.058 2.02 19.77 11.182
4 15 3.49 18.95 11.575 3.69 19.07 11.435 3.63 19.34 11.221 3.06 19.27 11.393
4 16 4.414 19.828 10.658 1.698 19.828 11.198 2.02 19.77 11.182 2.94 19.7 11.058
3 16 4.51 19.607 10.824 4.414 19.828 10.658 2.94 19.7 11.058
4 0 3.9 18.531 11.844 4.634 18.531 11.698 4.402 18.785 11.531 4.02 19.08 11.361
4 15 4.402 18.785 11.531 4.634 18.531 11.698 4.83 18.531 11.659 4.51 19.607 10.824
4 0 3.705 18.85 11.616 3.9 18.531 11.844 4.02 19.08 11.361 3.69 19.07 11.435
4 0 3.9 18.531 11.844 3.705 18.85 11.616 3.49 18.95 11.575 0 18.531 12.619
3 15 3.705 18.85 11.616 3.69 19.07 11.435 3.49 18.95 11.575
4 0 0 18.531 12.619 3.49 18.95 11.575 3.06 19.27 11.393 2.58 19.57 11.238
3 15 4.402 18.785 11.531 4.51 19.607 10.824 4.02 19.08 11.361
4 16 4.414 19.828 10.658 8.157 19.828 8.157 7.01 20.695 7.01 3.794 20.695 9.159
4 0 1.111 19.828 11.314 1.698 19.828 11.198 1.19 19.92 11.127 0 19.96 11.289
3 0 0 19.828 11.535 1.111 19.828 11.314 0 19.96 11.289
4 16 1.19 19.92 11.127 1.698 19.828 11.198 4.414 19.828 10.658 3.794 20.695 9.159
4 16 1.19 19.92 11.127 3.794 20.695 9.159 0 20.695 9.914 0 19.96 11.289
4 0 5.13 17.72 11.696 4.975 17 12.011 5.766 17 11.482 5.28 17.77 11.581
4 0 5.34 17.94 11.491 5.28 17.77 11.581 5.71 17.64 11.332 5.56 18.01 11.324
3 0 5.34 17.94 11.491 5.56 18.01 11.324 5.33 18.2 11.422
3 0 4.975 17 12.011 5.13 17.72 11.696 4.99 17.82 11.76
3 0 4.975 17 12.011 4.99 17.82 11.76 4.877 18.03 11.774
4 15 5.71 17.64 11.332 6.313 17 11.117 6.4 17.65 10.868 5.56 18.01 11.324
4 15 5.56 18.01 11.324 6.4 17.65 10.868 6.36 18.531 10.636 5.33 18.2 11.422
4 15 4.99 17.82 11.76 5.13 17.72 11.696 5.28 17.77 11.581 5.34 17.94 11.491
4 15 4.877 18.03 11.774 4.99 17.82 11.76 5.34 17.94 11.491 5.33 18.2 11.422
3 16 6.4 17.65 10.868 8.923 18.531 8.923 6.36 18.531 10.636
4 16 8.923 18.531 8.923 6.4 17.65 10.868 6.313 17 11.117 9.1924625 17 9.1924625
4 0 5.28 17.77 11.581 5.766 17 11.482 5.748 17.38 11.383 5.71 17.64 11.332
3 15 5.766 17 11.482 6.313 17 11.117 5.748 17.38 11.383
3 15 6.313 17 11.117 5.71 17.64 11.332 5.748 17.38 11.383
3 15 5.33 18.2 11.422 6.36 18.531 10.636 4.83 18.531 11.659
3 15 4.877 18.03 11.774 5.33 18.2 11.422 4.83 18.531 11.659
4 15 6.36 18.531 10.636 6 19.08 10.336 5.38 19.49 10.346 4.83 18.531 11.659
3 15 4.83 18.531 11.659 5.38 19.49 10.346 4.51 19.607 10.824
3 16 5.38 19.49 10.346 4.414 19.828 10.658 4.51 19.607 10.824
3 16 5.38 19.49 10.346 8.157 19.828 8.157 4.414 19.828 10.658
3 16 6 19.08 10.336 8.157 19.828 8.157 5.38 19.49 10.346
4 16 8.157 19.828 8.157 6 19.08 10.336 6.36 18.531 10.636 8.923 18.531 8.923
3 16 9.192 11.564 9.192 12.0104 17 4.9749 9.1924625 17 9.1924625
3 16 -9.192 17 9.192 -9.192 11.564 9.192 -9.15 11.95 9.221
3 16 -9.192 11.564 9.192 -9.192 17 9.192 -12.011 17 4.975
3 16 -9.192 11.4 9.192 -9.192 11.564 9.192 -12.011 17 4.975

4 16 -5.657 21 5.657 -7.01 20.695 7.01 -3.794 20.695 9.159 -3.062 21 7.391
4 16 -3.062 21 7.391 -3.794 20.695 9.159 0 20.695 9.914 0 21 8
4 16 3.0616 21 7.3912 0 21 8 0 20.695 9.914 3.794 20.695 9.159
4 16 5.6568 21 5.6568 3.0616 21 7.3912 3.794 20.695 9.159 7.01 20.695 7.01

4 16 0 .305 9.914 -3.794 .305 9.159 -3.062 0 7.391 0 0 8
4 16 0 .305 9.914 0 0 8 3.0616 0 7.3912 3.794 .305 9.159

0 // FACE Back Lines 3-8
5 24 12.0107 4 4.9751 12.0107 17 4.9751 9.1923 4 9.1923 13 4 0
5 24 9.1923 4 9.1923 9.1924625 17 9.1924625 4.9751 4 12.0107 12.0107 4 4.9751
5 24 4.9751 4 12.0107 4.9751 17 12.0107 0 4 13 9.1923 4 9.1923
5 24 0 4 13 0 17 13 -4.9751 4 12.0107 4.9751 4 12.0107
5 24 -4.9751 4 12.0107 -4.9751 17 12.0107 -9.1923 4 9.1923 0 4 13
5 24 -9.1923 4 9.1923 -9.192 17 9.192 -12.0107 4 4.9751 -4.9751 4 12.0107
5 24 -12.0107 4 4.9751 -12.0107 17 4.9751 -13 4 0 -9.1923 4 9.1923

0 // CHIN Back Lines 1-4 Center
0 // CHIN Back Lines 1-16 Left
5 24 5.6568 21 5.6568 3.0616 21 7.3912 7.0096 20.69536 7.0096 4.192 21 4.192
5 24 5.6568 21 5.6568 7.0096 20.69536 7.0096 3.0616 21 7.3912 7.3912 21 3.0616
5 24 7.0096 20.69536 7.0096 3.7936 20.69536 9.1592 8.1568 19.82816 8.1568 5.6568 21 5.6568
5 24 7.0096 20.69536 7.0096 8.1568 19.82816 8.1568 3.7936 20.69536 9.1592 9.1592 20.69536 3.7936
5 24 8.1568 19.82816 8.1568 4.4144 19.82816 10.6576 8.9232 18.53088 8.9232 7.0096 20.69536 7.0096
5 24 8.1568 19.82816 8.1568 8.9232 18.53088 8.9232 4.4144 19.82816 10.6576 10.6576 19.82816 4.4144
5 24 8.9232 18.53088 8.9232 4.8296 18.53088 11.6592 9.1924625 17 9.1924625 8.1568 19.82816 8.1568
5 24 8.9232 18.53088 8.9232 9.1924625 17 9.1924625 4.8296 18.53088 11.6592 11.6592 18.53088 4.8296
5 24 9.1924625 17 9.1924625 4.9752 17 12.0104 9.192 15.34304 9.192 8.9232 18.53088 8.9232
0 // CHIN Back Lines 1-8 Center
5 24 3.0616 21 7.3912 0 21 8 3.7936 20.69536 9.1592 2.2688 21 5.4776
5 24 3.0616 21 7.3912 3.7936 20.69536 9.1592 0 21 8 5.6568 21 5.6568
5 24 3.7936 20.69536 9.1592 0 20.69536 9.9136 4.4144 19.82816 10.6576 3.0616 21 7.3912
5 24 3.7936 20.69536 9.1592 4.4144 19.82816 10.6576 0 20.69536 9.9136 7.0096 20.69536 7.0096
5 24 4.4144 19.82816 10.6576 0 19.82816 11.5352 4.8296 18.53088 11.6592 3.7936 20.69536 9.1592
5 24 4.4144 19.82816 10.6576 4.8296 18.53088 11.6592 0 19.82816 11.5352 8.1568 19.82816 8.1568
5 24 4.8296 18.53088 11.6592 0 18.53088 12.6192 4.9752 17 12.0104 4.4144 19.82816 10.6576
5 24 4.8296 18.53088 11.6592 4.9752 17 12.0104 0 18.53088 12.6192 8.9232 18.53088 8.9232
5 24 4.9752 17 12.0104 0 17 13 4.9752 15.34304 12.0104 4.8296 18.53088 11.6592

5 24 0 21 8 0 20.69536 9.9136 -3.0616 21 7.3912 3.0616 21 7.3912
5 24 0 20.69536 9.9136 0 19.82816 11.5352 -3.7936 20.69536 9.1592 3.7936 20.69536 9.1592
5 24 0 19.82816 11.5352 0 18.53088 12.6192 -4.4144 19.82816 10.6576 4.4144 19.82816 10.6576
5 24 0 18.53088 12.6192 0 17 13 -4.8296 18.53088 11.6592 4.8296 18.53088 11.6592

5 24 -3.0616 21 7.3912 0 21 8 -3.7936 20.69536 9.1592 -2.2688 21 5.4776
5 24 -3.0616 21 7.3912 -3.7936 20.69536 9.1592 0 21 8 -5.6568 21 5.6568
5 24 -3.7936 20.69536 9.1592 0 20.69536 9.9136 -4.4144 19.82816 10.6576 -3.0616 21 7.3912
5 24 -3.7936 20.69536 9.1592 -4.4144 19.82816 10.6576 0 20.69536 9.9136 -7.0096 20.69536 7.0096
5 24 -4.4144 19.82816 10.6576 0 19.82816 11.5352 -4.8296 18.53088 11.6592 -3.7936 20.69536 9.1592
5 24 -4.4144 19.82816 10.6576 -4.8296 18.53088 11.6592 0 19.82816 11.5352 -8.1568 19.82816 8.1568
5 24 -4.8296 18.53088 11.6592 0 18.53088 12.6192 -4.9752 17 12.0104 -4.4144 19.82816 10.6576
5 24 -4.8296 18.53088 11.6592 -4.9752 17 12.0104 0 18.53088 12.6192 -8.9232 18.53088 8.9232
5 24 -4.9752 17 12.0104 0 17 13 -4.9752 15.34304 12.0104 -4.8296 18.53088 11.6592

0 // CHIN Back Lines 1-16 Right
5 24 -5.6568 21 5.6568 -3.0616 21 7.3912 -7.0096 20.69536 7.0096 -4.192 21 4.192
5 24 -5.6568 21 5.6568 -7.0096 20.69536 7.0096 -3.0616 21 7.3912 -7.3912 21 3.0616
5 24 -7.0096 20.69536 7.0096 -3.7936 20.69536 9.1592 -8.1568 19.82816 8.1568 -5.6568 21 5.6568
5 24 -7.0096 20.69536 7.0096 -8.1568 19.82816 8.1568 -3.7936 20.69536 9.1592 -9.1592 20.69536 3.7936
5 24 -8.1568 19.82816 8.1568 -4.4144 19.82816 10.6576 -8.9232 18.53088 8.9232 -7.0096 20.69536 7.0096
5 24 -8.1568 19.82816 8.1568 -8.9232 18.53088 8.9232 -4.4144 19.82816 10.6576 -10.6576 19.82816 4.4144
5 24 -8.9232 18.53088 8.9232 -4.8296 18.53088 11.6592 -9.192 17 9.192 -8.1568 19.82816 8.1568
5 24 -8.9232 18.53088 8.9232 -9.192 17 9.192 -4.8296 18.53088 11.6592 -11.6592 18.53088 4.8296
5 24 -9.192 17 9.192 -4.9752 17 12.0104 -9.192 15.34304 9.192 -8.9232 18.53088 8.9232
0 // CHIN Back Lines 1-4 Center END

0 // FOREHEAD Back Lines 1-8 Center
5 24 3.0616 0 7.3912 0 0 8 3.7936 .30464 9.1592 2.2688 0 5.4776
5 24 3.0616 0 7.3912 3.7936 .30464 9.1592 0 0 8 5.6568 0 5.6568
5 24 3.7936 .30464 9.1592 0 .30464 9.9136 4.4144 1.17184 10.6576 3.0616 0 7.3912
5 24 3.7936 .30464 9.1592 4.4144 1.17184 10.6576 0 .30464 9.9136 7.0096 .30464 7.0096
5 24 4.4144 1.17184 10.6576 0 1.17184 11.5352 4.8296 2.46912 11.6592 3.7936 .30464 9.1592
5 24 4.4144 1.17184 10.6576 4.8296 2.46912 11.6592 0 1.17184 11.5352 8.1568 1.17184 8.1568
5 24 4.8296 2.46912 11.6592 0 2.46912 12.6192 4.9752 4 12.0104 4.4144 1.17184 10.6576
5 24 4.8296 2.46912 11.6592 4.9752 4 12.0104 0 2.46912 12.6192 8.9232 2.46912 8.9232
5 24 4.9752 4 12.0104 0 4 13 4.9752 5.65696 12.0104 4.8296 2.46912 11.6592

5 24 0 0 8 0 .30464 9.9136 -3.0616 0 7.3912 3.0616 0 7.3912
5 24 0 .30464 9.9136 0 1.17184 11.5352 -3.7936 .30464 9.1592 3.7936 .30464 9.1592
5 24 0 1.17184 11.5352 0 2.46912 12.6192 -4.4144 1.17184 10.6576 4.4144 1.17184 10.6576
5 24 0 2.46912 12.6192 0 4 13 -4.8296 2.46912 11.6592 4.8296 2.46912 11.6592

5 24 -3.0616 0 7.3912 0 0 8 -3.7936 .30464 9.1592 -2.2688 0 5.4776
5 24 -3.0616 0 7.3912 -3.7936 .30464 9.1592 0 0 8 -5.6568 0 5.6568
5 24 -3.7936 .30464 9.1592 0 .30464 9.9136 -4.4144 1.17184 10.6576 -3.0616 0 7.3912
5 24 -3.7936 .30464 9.1592 -4.4144 1.17184 10.6576 0 .30464 9.9136 -7.0096 .30464 7.0096
5 24 -4.4144 1.17184 10.6576 0 1.17184 11.5352 -4.8296 2.46912 11.6592 -3.7936 .30464 9.1592
5 24 -4.4144 1.17184 10.6576 -4.8296 2.46912 11.6592 0 1.17184 11.5352 -8.1568 1.17184 8.1568
5 24 -4.8296 2.46912 11.6592 0 2.46912 12.6192 -4.9752 4 12.0104 -4.4144 1.17184 10.6576
5 24 -4.8296 2.46912 11.6592 -4.9752 4 12.0104 0 2.46912 12.6192 -8.9232 2.46912 8.9232
5 24 -4.9752 4 12.0104 0 4 13 -4.9752 5.65696 12.0104 -4.8296 2.46912 11.6592
