0 Minifig Head with White and Light Bluish Grey Eyebrows, Moustach and Goatee, Dark Orange Wrinkles, Concerned Expression Pattern
0 Name: 3626cpnd.dat
0 Author: Gerald Lasser [GeraldLasser]
0 !LDRAW_ORG Part UPDATE 2019-01
0 !LICENSE Redistributable under CCAL version 2.0 : see CAreadme.txt

0 BFC CERTIFY CCW

0 !KEYWORDS Ninjago, Sensei Wu, Bricklink 3626cpb1891

0 !CMDLINE -c14

0 !HISTORY 2019-06-28 [PTadmin] Official Update 2019-01

1 16 0 0 0 1 0 0 0 1 0 0 0 1 s\3626cs02.dat
1 16 0 4 0 -8 0 0 0 -6.4 0 0 0 8 t04o6250.dat
1 16 0 4 0 8 0 0 0 -6.4 0 0 0 8 t04o6250.dat
1 16 0 4 0 -8 0 0 0 -6.4 0 0 0 -8 t08o6250.dat
1 16 0 4 0 8 0 0 0 -6.4 0 0 0 -8 t08o6250.dat
1 16 0 4 0 13 0 0 0 13 0 0 0 13 5-8cyli.dat
1 16 0 4 0 13 0 0 0 13 0 0 0 -13 1-8cyli.dat
1 16 0 17 0 -8 0 0 0 6.4 0 0 0 8 t04o6250.dat
1 16 0 17 0 8 0 0 0 6.4 0 0 0 8 t04o6250.dat
1 16 0 17 0 -8 0 0 0 6.4 0 0 0 -8 t08o6250.dat
1 16 0 17 0 8 0 0 0 6.4 0 0 0 -8 t08o6250.dat

4 484 -5.26 7.54 -11.82 -5.28 7.94 -11.807 -4.975 7.5 -12.011 -5.14 7.08 -11.901
3 484 -4.975 6.86 -12.011 -5.14 7.08 -11.901 -4.975 7.5 -12.011
4 484 -8.3 10.53 -9.789 -8.5 10.39 -9.655 -8.48 10.74 -9.668 -8.22 10.81 -9.842
4 484 -8.22 10.81 -9.842 -8.48 10.74 -9.668 -8.525 11.18 -9.638 -8.22 11.21 -9.842
4 484 -8.22 11.21 -9.842 -8.525 11.18 -9.638 -8.47 11.73 -9.675 -8.12 11.6 -9.909
4 484 -7.93 11.92 -10.036 -8.12 11.6 -9.909 -8.47 11.73 -9.675 -8.36 12.17 -9.749
4 484 -7.93 11.92 -10.036 -8.36 12.17 -9.749 -8.13 12.58 -9.902 -7.6 12.26 -10.256
4 484 -7.6 12.26 -10.256 -8.13 12.58 -9.902 -7.79 12.94 -10.129 -7.17 12.9 -10.544
4 484 -7.17 12.9 -10.544 -7.79 12.94 -10.129 -7.6 13.11 -10.256 -6.89 13.56 -10.731
3 484 -7.6 13.11 -10.256 -7.41 13.51 -10.383 -6.89 13.56 -10.731
4 484 -6.89 13.56 -10.731 -7.41 13.51 -10.383 -7.22 14.41 -10.51 -6.8 14.64 -10.791
4 484 -6.8 14.64 -10.791 -7.22 14.41 -10.51 -7.07 15.49 -10.611 -6.83 15.61 -10.771
3 484 -7.07 15.49 -10.611 -6.96 15.64 -10.684 -6.83 15.61 -10.771
4 15 -5.57 5.1 -11.613 -4.975 4.88 -12.011 -4.975 4 -12.011 -7.33 4 -10.437
4 15 -5.57 5.1 -11.613 -7.33 4 -10.437 -7.81 4.38 -10.116 -6.26 5.49 -11.152
4 15 -6.26 5.49 -11.152 -7.81 4.38 -10.116 -8.3 4.89 -9.789 -6.84 6 -10.764
4 15 -8.34 5.73 -9.762 -6.84 6 -10.764 -8.3 4.89 -9.789 -8.72 5.44 -9.508
4 15 -8.71 5.88 -9.515 -8.34 5.73 -9.762 -8.72 5.44 -9.508 -9.01 5.98 -9.314
3 15 -8.71 5.88 -9.515 -9.01 5.98 -9.314 -9.05 6.16 -9.287
4 15 -6.84 6 -10.764 -8.34 5.73 -9.762 -8.65 6.35 -9.555 -7.25 6.71 -10.49
4 15 -7.25 6.71 -10.49 -8.65 6.35 -9.555 -8.91 7.14 -9.381 -8.4 7.5 -9.722
4 15 -7.61 7.59 -10.25 -7.25 6.71 -10.49 -8.4 7.5 -9.722 -8.38 8.06 -9.735
4 15 -7.88 8.15 -10.069 -7.61 7.59 -10.25 -8.38 8.06 -9.735 -8.16 8.6 -9.882
3 15 -7.88 8.15 -10.069 -8.16 8.6 -9.882 -8.05 8.74 -9.956
4 15 -8.4 7.5 -9.722 -8.91 7.14 -9.381 -8.99 7.65 -9.328 -8.74 7.88 -9.495
3 15 -8.99 7.65 -9.328 -8.94 8.22 -9.361 -8.74 7.88 -9.495
4 71 -7.61 7.59 -10.25 -7.88 8.15 -10.069 -7.42 7.95 -10.377 -7.08 7.46 -10.604
4 71 -7.25 6.71 -10.49 -7.61 7.59 -10.25 -7.08 7.46 -10.604 -6.69 6.8 -10.865
4 71 -6.84 6 -10.764 -7.25 6.71 -10.49 -6.69 6.8 -10.865 -6.36 6.34 -11.085
4 71 -6.84 6 -10.764 -6.36 6.34 -11.085 -5.94 6 -11.366 -6.26 5.49 -11.152
4 71 -5.57 5.1 -11.613 -6.26 5.49 -11.152 -5.94 6 -11.366 -5.36 5.65 -11.753
4 71 -5.57 5.1 -11.613 -5.36 5.65 -11.753 -4.975 5.46 -12.011 -4.975 4.88 -12.011
3 15 -4.975 13.09 -12.011 -5.31 14.08 -11.787 -4.975 15.76 -12.011
4 15 -5.31 14.08 -11.787 -4.975 13.09 -12.011 -5.54 13.49 -11.633 -5.58 14.13 -11.606
4 15 -5.58 14.13 -11.606 -5.54 13.49 -11.633 -5.94 13.9 -11.366 -5.85 14.26 -11.426
4 15 -6.01 14.28 -11.319 -5.85 14.26 -11.426 -5.94 13.9 -11.366 -6.08 14.15 -11.272
4 15 -4.975 15.76 -12.011 -5.31 14.08 -11.787 -5.66 14.42 -11.553 -6.08 14.87 -11.272
4 15 -5.21 16.22 -11.854 -4.975 15.76 -12.011 -6.08 14.87 -11.272 -6.49 15.49 -10.998
4 15 -6.23 16.44 -11.172 -5.21 16.22 -11.854 -6.49 15.49 -10.998 -6.84 16.04 -10.764
4 15 -6.44 16.61 -11.032 -6.23 16.44 -11.172 -6.84 16.04 -10.764 -7.03 16.55 -10.637
4 15 -6.66 17 -10.885 -6.44 16.61 -11.032 -7.03 16.55 -10.637 -7.08 17 -10.604
4 15 -5.21 16.22 -11.854 -6.23 16.44 -11.172 -6.25 16.8 -11.159 -5.39 16.76 -11.733
4 15 -5.39 16.76 -11.733 -6.25 16.8 -11.159 -6.24 16.99 -11.165 -5.45 16.99 -11.693
4 71 -4.975 17 -12.011 -4.975 15.76 -12.011 -5.21 16.22 -11.854 -5.39 16.76 -11.733
3 71 -5.39 16.76 -11.733 -5.45 16.99 -11.693 -4.975 17 -12.011
3 16 -7.33 4 -10.437 -9.192 4 -9.192 -7.81 4.38 -10.116
3 16 -9.192 4 -9.192 -8.3 4.89 -9.789 -7.81 4.38 -10.116
3 16 -9.192 4 -9.192 -8.72 5.44 -9.508 -8.3 4.89 -9.789
3 16 -9.192 4 -9.192 -9.01 5.98 -9.314 -8.72 5.44 -9.508
4 16 -8.65 6.35 -9.555 -8.34 5.73 -9.762 -8.71 5.88 -9.515 -9.05 6.16 -9.287
3 16 -9.05 6.16 -9.287 -8.91 7.14 -9.381 -8.65 6.35 -9.555
3 16 -9.05 6.16 -9.287 -8.99 7.65 -9.328 -8.91 7.14 -9.381
3 16 -8.4 7.5 -9.722 -8.74 7.88 -9.495 -8.38 8.06 -9.735
4 16 -8.74 7.88 -9.495 -8.94 8.22 -9.361 -8.16 8.6 -9.882 -8.38 8.06 -9.735
3 16 -4.975 7.5 -12.011 -5.28 7.94 -11.807 -4.975 9.39 -12.011
4 16 -8.05 8.74 -9.956 -4.975 9.39 -12.011 -5.28 7.94 -11.807 -7.42 7.95 -10.377
3 16 -7.42 7.95 -10.377 -7.88 8.15 -10.069 -8.05 8.74 -9.956
4 16 -7.08 7.46 -10.604 -7.42 7.95 -10.377 -5.28 7.94 -11.807 -5.26 7.54 -11.82
4 16 -6.69 6.8 -10.865 -7.08 7.46 -10.604 -5.26 7.54 -11.82 -5.14 7.08 -11.901
4 16 -6.69 6.8 -10.865 -5.14 7.08 -11.901 -4.975 6.86 -12.011 -6.36 6.34 -11.085
4 16 -5.94 6 -11.366 -6.36 6.34 -11.085 -4.975 6.86 -12.011 -5.36 5.65 -11.753
3 16 -4.975 5.46 -12.011 -5.36 5.65 -11.753 -4.975 6.86 -12.011
4 16 -6.25 16.8 -11.159 -6.23 16.44 -11.172 -6.44 16.61 -11.032 -6.66 17 -10.885
3 16 -6.25 16.8 -11.159 -6.66 17 -10.885 -6.24 16.99 -11.165
3 16 -7.03 16.55 -10.637 -9.192 17 -9.192 -7.08 17 -10.604
4 16 -9.192 17 -9.192 -7.03 16.55 -10.637 -6.84 16.04 -10.764 -6.96 15.64 -10.684
3 16 -6.83 15.61 -10.771 -6.96 15.64 -10.684 -6.84 16.04 -10.764
3 16 -6.83 15.61 -10.771 -6.84 16.04 -10.764 -6.49 15.49 -10.998
3 16 -6.49 15.49 -10.998 -6.8 14.64 -10.791 -6.83 15.61 -10.771
4 16 -6.8 14.64 -10.791 -6.49 15.49 -10.998 -6.08 14.87 -11.272 -6.01 14.28 -11.319
4 16 -5.58 14.13 -11.606 -5.85 14.26 -11.426 -5.66 14.42 -11.553 -5.31 14.08 -11.787
4 16 -5.85 14.26 -11.426 -6.01 14.28 -11.319 -6.08 14.87 -11.272 -5.66 14.42 -11.553
4 16 -6.8 14.64 -10.791 -6.01 14.28 -11.319 -6.08 14.15 -11.272 -6.89 13.56 -10.731
3 16 -6.89 13.56 -10.731 -6.08 14.15 -11.272 -5.94 13.9 -11.366
4 16 -5.54 13.49 -11.633 -7.17 12.9 -10.544 -6.89 13.56 -10.731 -5.94 13.9 -11.366
4 16 -7.17 12.9 -10.544 -5.54 13.49 -11.633 -4.975 13.09 -12.011 -4.975 9.39 -12.011
3 16 -7.07 15.49 -10.611 -9.192 17 -9.192 -6.96 15.64 -10.684
4 16 -9.192 17 -9.192 -7.07 15.49 -10.611 -7.22 14.41 -10.51 -7.41 13.51 -10.383
4 16 -9.192 17 -9.192 -7.41 13.51 -10.383 -7.6 13.11 -10.256 -7.79 12.94 -10.129
3 16 -8.13 12.58 -9.902 -9.192 17 -9.192 -7.79 12.94 -10.129
3 16 -8.36 12.17 -9.749 -9.192 17 -9.192 -8.13 12.58 -9.902
3 16 -8.47 11.73 -9.675 -9.192 17 -9.192 -8.36 12.17 -9.749
3 16 -8.525 11.18 -9.638 -9.192 17 -9.192 -8.47 11.73 -9.675
4 16 -8.3 10.53 -9.789 -8.05 8.74 -9.956 -8.16 8.6 -9.882 -8.5 10.39 -9.655
3 16 -8.94 8.22 -9.361 -8.5 10.39 -9.655 -8.16 8.6 -9.882
4 16 -4.975 9.39 -12.011 -8.05 8.74 -9.956 -8.3 10.53 -9.789 -8.22 10.81 -9.842
4 16 -4.975 9.39 -12.011 -8.22 10.81 -9.842 -8.22 11.21 -9.842 -8.12 11.6 -9.909
4 16 -4.975 9.39 -12.011 -8.12 11.6 -9.909 -7.93 11.92 -10.036 -7.6 12.26 -10.256
3 16 -4.975 9.39 -12.011 -7.6 12.26 -10.256 -7.17 12.9 -10.544
3 16 -9.192 4 -9.192 -9.05 6.16 -9.287 -9.01 5.98 -9.314
4 16 -9.05 6.16 -9.287 -9.192 4 -9.192 -9.192 17 -9.192 -8.99 7.65 -9.328
3 16 -8.99 7.65 -9.328 -9.192 17 -9.192 -8.94 8.22 -9.361
4 16 -8.5 10.39 -9.655 -8.94 8.22 -9.361 -9.192 17 -9.192 -8.525 11.18 -9.638
3 16 -8.5 10.39 -9.655 -8.525 11.18 -9.638 -8.48 10.74 -9.668
4 0 -2.109 8.73 -12.581 -2.937 8.493 -12.416 -2.89 8.73 -12.425 -1.995 9.39 -12.603
4 0 -1.995 9.39 -12.603 -2.89 8.73 -12.425 -2.937 8.967 -12.416 -2.109 10.05 -12.581
4 0 -2.109 10.05 -12.581 -2.937 8.967 -12.416 -3.072 9.168 -12.389 -2.352 10.469 -12.532
4 0 -2.623 10.389 -12.478 -3.072 9.168 -12.389 -3.273 9.303 -12.349 -2.988 10.323 -12.406
4 0 -2.988 10.323 -12.406 -3.273 9.303 -12.349 -3.51 9.35 -12.302 -3.49 10.284 -12.306
4 0 -3.49 10.284 -12.306 -3.51 9.35 -12.302 -3.747 9.303 -12.255 -3.932 10.273 -12.218
4 0 -3.932 10.273 -12.218 -3.747 9.303 -12.255 -3.948 9.168 -12.215 -4.457 10.299 -12.114
4 0 -4.457 10.299 -12.114 -3.948 9.168 -12.215 -4.083 8.967 -12.188 -4.709 10.329 -12.064
4 0 -4.871 10.05 -12.031 -4.083 8.967 -12.188 -4.13 8.73 -12.179 -4.975 9.39 -12.011
4 0 -4.975 9.39 -12.011 -4.13 8.73 -12.179 -4.083 8.493 -12.188 -4.871 8.73 -12.031
4 0 -4.871 8.73 -12.031 -4.083 8.493 -12.188 -3.948 8.292 -12.215 -4.547 8.171 -12.096
4 0 -4.547 8.171 -12.096 -3.948 8.292 -12.215 -3.747 8.157 -12.255 -4.062 7.797 -12.192
4 0 -4.062 7.797 -12.192 -3.747 8.157 -12.255 -3.51 8.11 -12.302 -3.49 7.666 -12.306
4 0 -3.49 7.666 -12.306 -3.51 8.11 -12.302 -3.273 8.157 -12.349 -2.918 7.797 -12.42
4 0 -2.918 7.797 -12.42 -3.273 8.157 -12.349 -3.072 8.292 -12.389 -2.433 8.171 -12.516
4 0 -2.433 8.171 -12.516 -3.072 8.292 -12.389 -2.937 8.493 -12.416 -2.109 8.73 -12.581
4 15 -3.51 8.73 -12.302 -4.083 8.493 -12.188 -4.13 8.73 -12.179 -4.083 8.967 -12.188
4 15 -3.51 8.73 -12.302 -4.083 8.967 -12.188 -3.948 9.168 -12.215 -3.747 9.303 -12.255
4 15 -3.51 8.73 -12.302 -3.747 9.303 -12.255 -3.51 9.35 -12.302 -3.273 9.303 -12.349
4 15 -3.51 8.73 -12.302 -3.273 9.303 -12.349 -3.072 9.168 -12.389 -2.937 8.967 -12.416
4 15 -3.51 8.73 -12.302 -2.937 8.967 -12.416 -2.89 8.73 -12.425 -2.937 8.493 -12.416
4 15 -3.51 8.73 -12.302 -2.937 8.493 -12.416 -3.072 8.292 -12.389 -3.273 8.157 -12.349
4 15 -3.51 8.73 -12.302 -3.273 8.157 -12.349 -3.51 8.11 -12.302 -3.747 8.157 -12.255
4 15 -3.51 8.73 -12.302 -3.747 8.157 -12.255 -3.948 8.292 -12.215 -4.083 8.493 -12.188
3 0 -4.083 8.967 -12.188 -4.871 10.05 -12.031 -4.709 10.329 -12.064
3 0 -3.072 9.168 -12.389 -2.623 10.389 -12.478 -2.352 10.469 -12.532
4 484 -4.975 6.86 -12.011 -4.975 7.5 -12.011 -4.69 7.21 -12.067 -4.64 6.55 -12.077
4 484 -4.64 6.55 -12.077 -4.69 7.21 -12.067 -4.29 6.94 -12.147 -4.23 6.37 -12.159
4 484 -4.23 6.37 -12.159 -4.29 6.94 -12.147 -3.85 6.89 -12.234 -3.77 6.32 -12.25
4 484 -3.5 6.4 -12.304 -3.77 6.32 -12.25 -3.85 6.89 -12.234 -3.36 6.63 -12.332
3 484 -3.36 6.63 -12.332 -3.85 6.89 -12.234 -3.5 6.82 -12.304
4 484 -4.22 10.84 -12.161 -4.4 10.94 -12.125 -4.41 11.14 -12.123 -4.3 11.34 -12.145
4 484 -4.22 10.84 -12.161 -4.3 11.34 -12.145 -4 11.4 -12.205 -3.88 10.88 -12.228
4 484 -3.88 10.88 -12.228 -4 11.4 -12.205 -3.54 11.4 -12.296 -3.45 10.85 -12.314
4 484 -3.45 10.85 -12.314 -3.54 11.4 -12.296 -3.02 11.22 -12.399 -3.08 10.72 -12.388
4 484 -3.08 10.72 -12.388 -3.02 11.22 -12.399 -2.73 11.01 -12.457 -2.7 10.84 -12.463
3 484 -2.83 10.72 -12.437 -3.08 10.72 -12.388 -2.7 10.84 -12.463
4 15 -2.05 4.22 -12.592 -1.92 4 -12.618 -4.975 4 -12.011 -2.32 4.48 -12.539
4 15 -2.56 4.57 -12.491 -2.32 4.48 -12.539 -4.975 4 -12.011 -3.75 4.67 -12.254
3 15 -3.75 4.67 -12.254 -4.975 4 -12.011 -4.61 4.78 -12.083
3 15 -4.975 4 -12.011 -4.975 4.88 -12.011 -4.61 4.78 -12.083
4 71 -4.61 4.78 -12.083 -4.975 4.88 -12.011 -4.975 5.46 -12.011 -4.35 5.29 -12.135
4 71 -3.75 4.67 -12.254 -4.61 4.78 -12.083 -4.35 5.29 -12.135 -3.5 5.13 -12.304
4 71 -2.56 4.57 -12.491 -3.75 4.67 -12.254 -3.5 5.13 -12.304 -2.65 5.02 -12.473
4 71 -2.56 4.57 -12.491 -2.65 5.02 -12.473 -2.33 4.92 -12.537 -2.23 4.62 -12.557
3 71 -2.32 4.48 -12.539 -2.56 4.57 -12.491 -2.23 4.62 -12.557
4 15 -1.58 13.58 -12.686 -1.26 13.24 -12.749 -1.61 12.77 -12.68 -2.23 12.66 -12.557
4 15 -2.02 13.86 -12.598 -1.58 13.58 -12.686 -2.23 12.66 -12.557 -3.01 12.61 -12.401
4 15 -2.54 14.02 -12.495 -2.02 13.86 -12.598 -3.01 12.61 -12.401 -3.09 14.16 -12.386
4 15 -3.09 14.16 -12.386 -3.01 12.61 -12.401 -3.81 12.65 -12.242 -3.67 14.43 -12.27
4 15 -3.67 14.43 -12.27 -3.81 12.65 -12.242 -4.6 12.83 -12.085 -4.26 14.86 -12.153
4 15 -4.26 14.86 -12.153 -4.6 12.83 -12.085 -4.975 13.09 -12.011 -4.73 15.31 -12.059
3 15 -4.975 13.09 -12.011 -4.975 15.76 -12.011 -4.73 15.31 -12.059
3 15 -1.61 12.77 -12.68 -1.175 13.03 -12.766 -1.09 12.82 -12.783
3 15 -1.61 12.77 -12.68 -1.26 13.24 -12.749 -1.175 13.03 -12.766
4 71 -1.15 13.42 -12.771 -1.175 13.03 -12.766 -1.26 13.24 -12.749 -1.18 13.86 -12.765
4 71 -1.18 13.86 -12.765 -1.26 13.24 -12.749 -1.58 13.58 -12.686 -1.42 14.2 -12.718
4 71 -1.42 14.2 -12.718 -1.58 13.58 -12.686 -2.02 13.86 -12.598 -1.97 14.5 -12.608
4 71 -1.97 14.5 -12.608 -2.02 13.86 -12.598 -2.54 14.02 -12.495 -2.51 14.6 -12.501
4 71 -2.51 14.6 -12.501 -2.54 14.02 -12.495 -3.09 14.16 -12.386 -3.08 14.865 -12.388
4 71 -3.31 14.97 -12.342 -3.09 14.16 -12.386 -3.67 14.43 -12.27 -4.26 14.86 -12.153
4 71 -3.78 15.37 -12.248 -3.31 14.97 -12.342 -4.26 14.86 -12.153 -4.73 15.31 -12.059
4 71 -4.27 15.82 -12.151 -3.78 15.37 -12.248 -4.73 15.31 -12.059 -4.975 15.76 -12.011
3 71 -4.975 15.76 -12.011 -4.68 16.35 -12.069 -4.27 15.82 -12.151
3 71 -4.975 15.76 -12.011 -4.975 17 -12.011 -4.68 16.35 -12.069
4 0 -2.51 14.6 -12.501 -3.08 14.865 -12.388 -2.84 15 -12.435 -1.97 14.5 -12.608
4 0 -1.97 14.5 -12.608 -2.84 15 -12.435 -2.1 15.11 -12.582 -1.09 15.19 -12.783
4 0 -1.97 14.5 -12.608 -1.09 15.19 -12.783 0 15.15 -13 -.86 14.4 -12.829
3 0 0 14.34 -13 -.86 14.4 -12.829 0 15.15 -13
3 71 -3.09 14.16 -12.386 -3.31 14.97 -12.342 -3.08 14.865 -12.388
4 484 -1.53 16.1 -12.696 -1.58 16.31 -12.686 -1.35 16.35 -12.732 -1.27 15.81 -12.747
4 484 -1.27 15.81 -12.747 -1.35 16.35 -12.732 -.85 16.19 -12.831 -.6 15.47 -12.881
4 484 -.6 15.47 -12.881 -.85 16.19 -12.831 0 16.09 -13 0 15.36 -13
4 15 -.85 16.19 -12.831 -1.35 16.35 -12.732 -1.38 16.73 -12.726 0 17 -13
3 15 0 16.09 -13 -.85 16.19 -12.831 0 17 -13
3 15 -1.38 16.73 -12.726 -1.31 17 -12.74 0 17 -13
4 16 -4.975 7.5 -12.011 -4.975 9.39 -12.011 -4.871 8.73 -12.031 -4.69 7.21 -12.067
3 16 -4.69 7.21 -12.067 -4.871 8.73 -12.031 -4.547 8.171 -12.096
4 16 -4.69 7.21 -12.067 -4.547 8.171 -12.096 -4.062 7.797 -12.192 -4.29 6.94 -12.147
4 16 -3.85 6.89 -12.234 -4.29 6.94 -12.147 -4.062 7.797 -12.192 -3.49 7.666 -12.306
4 16 -3.5 6.82 -12.304 -3.85 6.89 -12.234 -3.49 7.666 -12.306 -2.918 7.797 -12.42
3 16 -3.36 6.63 -12.332 -3.5 6.82 -12.304 -2.918 7.797 -12.42
4 16 -4.975 5.46 -12.011 -4.975 6.86 -12.011 -4.64 6.55 -12.077 -4.35 5.29 -12.135
3 16 -4.35 5.29 -12.135 -4.64 6.55 -12.077 -4.23 6.37 -12.159
4 16 -4.35 5.29 -12.135 -4.23 6.37 -12.159 -3.77 6.32 -12.25 -3.5 5.13 -12.304
4 16 -3.5 5.13 -12.304 -3.77 6.32 -12.25 -3.5 6.4 -12.304 -2.65 5.02 -12.473
4 16 -3.36 6.63 -12.332 -2.33 4.92 -12.537 -2.65 5.02 -12.473 -3.5 6.4 -12.304
4 16 -2.33 4.92 -12.537 -3.36 6.63 -12.332 -2.918 7.797 -12.42 -2.433 8.171 -12.516
4 16 0 4 -13 -1.92 4 -12.618 -2.05 4.22 -12.592 -2.23 4.62 -12.557
3 16 -2.05 4.22 -12.592 -2.32 4.48 -12.539 -2.23 4.62 -12.557
4 16 0 4 -13 -2.23 4.62 -12.557 -2.33 4.92 -12.537 -2.433 8.171 -12.516
3 16 0 4 -13 -2.433 8.171 -12.516 -2.109 8.73 -12.581
4 16 0 4 -13 -2.109 8.73 -12.581 -1.995 9.39 -12.603 0 14.34 -13
4 16 -1.09 12.82 -12.783 0 14.34 -13 -1.995 9.39 -12.603 -2.109 10.05 -12.581
4 16 0 14.34 -13 -1.09 12.82 -12.783 -1.175 13.03 -12.766 -1.15 13.42 -12.771
4 16 0 14.34 -13 -1.15 13.42 -12.771 -1.18 13.86 -12.765 -.86 14.4 -12.829
3 16 -1.18 13.86 -12.765 -1.42 14.2 -12.718 -.86 14.4 -12.829
3 16 -1.42 14.2 -12.718 -1.97 14.5 -12.608 -.86 14.4 -12.829
4 16 -1.09 15.19 -12.783 -.6 15.47 -12.881 0 15.36 -13 0 15.15 -13
4 16 -1.09 15.19 -12.783 -2.1 15.11 -12.582 -1.27 15.81 -12.747 -.6 15.47 -12.881
4 16 -1.53 16.1 -12.696 -1.27 15.81 -12.747 -2.1 15.11 -12.582 -2.84 15 -12.435
4 16 -2.84 15 -12.435 -3.08 14.865 -12.388 -3.31 14.97 -12.342 -1.58 16.31 -12.686
3 16 -1.58 16.31 -12.686 -1.38 16.73 -12.726 -1.35 16.35 -12.732
3 16 -2.84 15 -12.435 -1.58 16.31 -12.686 -1.53 16.1 -12.696
4 16 -4.975 17 -12.011 -1.31 17 -12.74 -1.38 16.73 -12.726 -4.68 16.35 -12.069
4 16 -4.27 15.82 -12.151 -4.68 16.35 -12.069 -1.38 16.73 -12.726 -1.58 16.31 -12.686
4 16 -3.78 15.37 -12.248 -4.27 15.82 -12.151 -1.58 16.31 -12.686 -3.31 14.97 -12.342
3 16 -4.975 9.39 -12.011 -4.975 13.09 -12.011 -4.871 10.05 -12.031
4 16 -4.709 10.329 -12.064 -4.871 10.05 -12.031 -4.975 13.09 -12.011 -4.41 11.14 -12.123
4 16 -4.709 10.329 -12.064 -4.4 10.94 -12.125 -4.22 10.84 -12.161 -4.457 10.299 -12.114
3 16 -4.709 10.329 -12.064 -4.41 11.14 -12.123 -4.4 10.94 -12.125
4 16 -4.41 11.14 -12.123 -4.975 13.09 -12.011 -4.6 12.83 -12.085 -4.3 11.34 -12.145
4 16 -4.3 11.34 -12.145 -4.6 12.83 -12.085 -3.81 12.65 -12.242 -4 11.4 -12.205
4 16 -3.54 11.4 -12.296 -4 11.4 -12.205 -3.81 12.65 -12.242 -3.01 12.61 -12.401
4 16 -3.01 12.61 -12.401 -2.23 12.66 -12.557 -3.02 11.22 -12.399 -3.54 11.4 -12.296
3 16 -2.73 11.01 -12.457 -3.02 11.22 -12.399 -2.23 12.66 -12.557
4 16 -3.932 10.273 -12.218 -4.457 10.299 -12.114 -4.22 10.84 -12.161 -3.88 10.88 -12.228
4 16 -3.49 10.284 -12.306 -3.932 10.273 -12.218 -3.88 10.88 -12.228 -3.45 10.85 -12.314
4 16 -3.49 10.284 -12.306 -3.45 10.85 -12.314 -3.08 10.72 -12.388 -2.988 10.323 -12.406
4 16 -2.988 10.323 -12.406 -3.08 10.72 -12.388 -2.83 10.72 -12.437 -2.623 10.389 -12.478
4 16 -2.623 10.389 -12.478 -2.83 10.72 -12.437 -2.7 10.84 -12.463 -2.352 10.469 -12.532
4 16 -2.352 10.469 -12.532 -2.7 10.84 -12.463 -2.73 11.01 -12.457 -2.23 12.66 -12.557
4 16 -2.352 10.469 -12.532 -2.23 12.66 -12.557 -1.61 12.77 -12.68 -2.109 10.05 -12.581
3 16 -2.109 10.05 -12.581 -1.61 12.77 -12.68 -1.09 12.82 -12.783
4 0 2.89 8.73 -12.425 2.937 8.493 -12.416 2.109 8.73 -12.581 1.995 9.39 -12.603
4 0 2.937 8.967 -12.416 2.89 8.73 -12.425 1.995 9.39 -12.603 2.109 10.05 -12.581
4 0 3.072 9.168 -12.389 2.937 8.967 -12.416 2.109 10.05 -12.581 2.352 10.469 -12.532
4 0 3.273 9.303 -12.349 3.072 9.168 -12.389 2.623 10.389 -12.478 2.988 10.323 -12.406
4 0 3.51 9.35 -12.302 3.273 9.303 -12.349 2.988 10.323 -12.406 3.49 10.284 -12.306
4 0 3.747 9.303 -12.255 3.51 9.35 -12.302 3.49 10.284 -12.306 3.932 10.273 -12.218
4 0 3.948 9.168 -12.215 3.747 9.303 -12.255 3.932 10.273 -12.218 4.457 10.299 -12.114
4 0 4.083 8.967 -12.188 3.948 9.168 -12.215 4.457 10.299 -12.114 4.709 10.329 -12.064
4 0 4.13 8.73 -12.179 4.083 8.967 -12.188 4.871 10.05 -12.031 4.975 9.39 -12.011
4 0 4.083 8.493 -12.188 4.13 8.73 -12.179 4.975 9.39 -12.011 4.871 8.73 -12.031
4 0 3.948 8.292 -12.215 4.083 8.493 -12.188 4.871 8.73 -12.031 4.547 8.171 -12.096
4 0 3.747 8.157 -12.255 3.948 8.292 -12.215 4.547 8.171 -12.096 4.062 7.797 -12.192
4 0 3.51 8.11 -12.302 3.747 8.157 -12.255 4.062 7.797 -12.192 3.49 7.666 -12.306
4 0 3.273 8.157 -12.349 3.51 8.11 -12.302 3.49 7.666 -12.306 2.918 7.797 -12.42
4 0 3.072 8.292 -12.389 3.273 8.157 -12.349 2.918 7.797 -12.42 2.433 8.171 -12.516
4 0 2.937 8.493 -12.416 3.072 8.292 -12.389 2.433 8.171 -12.516 2.109 8.73 -12.581
4 15 4.13 8.73 -12.179 4.083 8.493 -12.188 3.51 8.73 -12.302 4.083 8.967 -12.188
4 15 3.948 9.168 -12.215 4.083 8.967 -12.188 3.51 8.73 -12.302 3.747 9.303 -12.255
4 15 3.51 9.35 -12.302 3.747 9.303 -12.255 3.51 8.73 -12.302 3.273 9.303 -12.349
4 15 3.072 9.168 -12.389 3.273 9.303 -12.349 3.51 8.73 -12.302 2.937 8.967 -12.416
4 15 2.89 8.73 -12.425 2.937 8.967 -12.416 3.51 8.73 -12.302 2.937 8.493 -12.416
4 15 3.072 8.292 -12.389 2.937 8.493 -12.416 3.51 8.73 -12.302 3.273 8.157 -12.349
4 15 3.51 8.11 -12.302 3.273 8.157 -12.349 3.51 8.73 -12.302 3.747 8.157 -12.255
4 15 3.948 8.292 -12.215 3.747 8.157 -12.255 3.51 8.73 -12.302 4.083 8.493 -12.188
3 0 4.083 8.967 -12.188 4.709 10.329 -12.064 4.871 10.05 -12.031
3 0 3.072 9.168 -12.389 2.352 10.469 -12.532 2.623 10.389 -12.478
4 484 4.69 7.21 -12.067 4.975 7.5 -12.011 4.975 6.845 -12.011 4.64 6.55 -12.077
4 484 4.29 6.94 -12.147 4.69 7.21 -12.067 4.64 6.55 -12.077 4.23 6.37 -12.159
4 484 3.85 6.89 -12.234 4.29 6.94 -12.147 4.23 6.37 -12.159 3.77 6.32 -12.25
4 484 3.85 6.89 -12.234 3.77 6.32 -12.25 3.5 6.4 -12.304 3.36 6.63 -12.332
3 484 3.36 6.63 -12.332 3.5 6.82 -12.304 3.85 6.89 -12.234
4 484 4.41 11.14 -12.123 4.4 10.94 -12.125 4.22 10.84 -12.161 4.3 11.34 -12.145
4 484 4 11.4 -12.205 4.3 11.34 -12.145 4.22 10.84 -12.161 3.88 10.88 -12.228
4 484 3.54 11.4 -12.296 4 11.4 -12.205 3.88 10.88 -12.228 3.45 10.85 -12.314
4 484 3.02 11.22 -12.399 3.54 11.4 -12.296 3.45 10.85 -12.314 3.08 10.72 -12.388
4 484 2.73 11.01 -12.457 3.02 11.22 -12.399 3.08 10.72 -12.388 2.7 10.84 -12.463
3 484 3.08 10.72 -12.388 2.83 10.72 -12.437 2.7 10.84 -12.463
4 15 4.975 4 -12.011 1.45 4 -12.712 1.62 4.25 -12.678 1.89 4.51 -12.624
4 15 4.975 4 -12.011 1.89 4.51 -12.624 2.13 4.6 -12.576 3.32 4.7 -12.34
3 15 4.975 4 -12.011 3.32 4.7 -12.34 4.18 4.81 -12.169
3 15 4.975 4 -12.011 4.18 4.81 -12.169 4.545 4.91 -12.096
3 15 4.975 4 -12.011 4.545 4.91 -12.096 4.975 5.069 -12.011
4 71 4.545 5.49 -12.096 4.975 5.68 -12.011 4.975 5.069 -12.011 4.545 4.91 -12.096
4 71 4.545 5.49 -12.096 4.545 4.91 -12.096 4.18 4.81 -12.169 3.92 5.32 -12.221
4 71 3.92 5.32 -12.221 4.18 4.81 -12.169 3.32 4.7 -12.34 3.07 5.16 -12.39
4 71 3.07 5.16 -12.39 3.32 4.7 -12.34 2.13 4.6 -12.576 2.57 5.03 -12.489
4 71 2.13 4.6 -12.576 1.89 4.51 -12.624 2.13 4.8 -12.576 2.57 5.03 -12.489
4 15 1.115 12.543 -12.778 .824 13.052 -12.836 1.184 13.351 -12.765 1.717 12.358 -12.659
4 15 1.717 12.358 -12.659 1.184 13.351 -12.765 1.654 13.575 -12.671 2.485 12.214 -12.506
4 15 2.485 12.214 -12.506 1.654 13.575 -12.671 2.19 13.671 -12.565 2.753 13.742 -12.453
4 15 3.284 12.156 -12.347 2.485 12.214 -12.506 2.753 13.742 -12.453 3.472 13.88 -12.31
4 15 4.09 12.238 -12.187 3.284 12.156 -12.347 3.472 13.88 -12.31 4.11 14.235 -12.183
4 15 4.528 12.446 -12.1 4.09 12.238 -12.187 4.11 14.235 -12.183 4.631 14.624 -12.079
4 15 4.528 12.446 -12.1 4.631 14.624 -12.079 4.975 15.039 -12.011 4.975 13.393 -12.011
4 15 1.115 12.543 -12.778 .457 12.75 -12.909 .612 12.94 -12.878 .824 13.052 -12.836
4 71 1.184 13.351 -12.765 .991 13.567 -12.803 1.32 13.966 -12.737 1.654 13.575 -12.671
4 71 1.654 13.575 -12.671 1.32 13.966 -12.737 1.683 14.216 -12.665 2.19 13.671 -12.565
4 71 2.19 13.671 -12.565 1.683 14.216 -12.665 2.231 14.25 -12.556 2.753 13.742 -12.453
3 71 2.753 13.742 -12.453 2.231 14.25 -12.556 2.69 14.35 -12.465
4 71 2.753 13.742 -12.453 2.69 14.35 -12.465 3.07 14.48 -12.39 3.472 13.88 -12.31
4 71 4.11 14.235 -12.183 3.472 13.88 -12.31 3.07 14.48 -12.39 3.695 14.799 -12.265
4 71 4.631 14.624 -12.079 4.11 14.235 -12.183 3.695 14.799 -12.265 4.236 15.186 -12.158
4 71 4.975 15.039 -12.011 4.631 14.624 -12.079 4.236 15.186 -12.158 4.708 15.662 -12.064
4 71 1.184 13.351 -12.765 .824 13.052 -12.836 .848 13.31 -12.831 .991 13.567 -12.803
3 71 4.975 15.039 -12.011 4.708 15.662 -12.064 4.975 16.03 -12.011
4 0 0 14.34 -13 0 15.15 -13 1.03 15.06 -12.795 1.05 14.25 -12.791
4 0 1.683 14.216 -12.665 1.05 14.25 -12.791 1.03 15.06 -12.795 1.92 14.89 -12.618
4 0 2.231 14.25 -12.556 1.683 14.216 -12.665 1.92 14.89 -12.618 2.65 14.64 -12.473
4 0 2.69 14.35 -12.465 2.231 14.25 -12.556 2.65 14.64 -12.473 3.07 14.48 -12.39
4 484 .91 15.33 -12.819 0 15.36 -13 0 16.09 -13 .9 16.09 -12.821
4 484 1.67 15.45 -12.668 .91 15.33 -12.819 .9 16.09 -12.821 1.28 16.13 -12.745
4 484 1.67 15.45 -12.668 1.28 16.13 -12.745 1.99 16.28 -12.604 2.27 15.78 -12.549
4 484 2.43 16 -12.517 2.27 15.78 -12.549 1.99 16.28 -12.604 2.32 16.23 -12.539
4 15 0 17 -13 1.2 17 -12.761 1.29 16.61 -12.743 0 16.09 -13
4 15 .9 16.09 -12.821 0 16.09 -13 1.29 16.61 -12.743 1.31 16.34 -12.74
3 15 .9 16.09 -12.821 1.31 16.34 -12.74 1.28 16.13 -12.745
3 16 1.32 13.966 -12.737 1.05 14.25 -12.791 1.683 14.216 -12.665
4 16 0 14.34 -13 1.05 14.25 -12.791 1.32 13.966 -12.737 .991 13.567 -12.803
3 16 .848 13.31 -12.831 0 14.34 -13 .991 13.567 -12.803
4 16 0 14.34 -13 .848 13.31 -12.831 .824 13.052 -12.836 .612 12.94 -12.878
3 16 .457 12.75 -12.909 0 14.34 -13 .612 12.94 -12.878
3 16 0 4 -13 0 14.34 -13 .457 12.75 -12.909
4 16 0 4 -13 .457 12.75 -12.909 1.995 9.39 -12.603 2.109 8.73 -12.581
3 16 0 4 -13 2.109 8.73 -12.581 2.433 8.171 -12.516
4 16 0 4 -13 2.433 8.171 -12.516 2.918 7.797 -12.42 2.13 4.8 -12.576
4 16 0 4 -13 2.13 4.8 -12.576 1.89 4.51 -12.624 1.62 4.25 -12.678
3 16 1.45 4 -12.712 0 4 -13 1.62 4.25 -12.678
3 16 2.13 4.8 -12.576 2.918 7.797 -12.42 2.57 5.03 -12.489
4 16 3.07 5.16 -12.39 2.57 5.03 -12.489 2.918 7.797 -12.42 3.36 6.63 -12.332
4 16 3.36 6.63 -12.332 2.918 7.797 -12.42 3.49 7.666 -12.306 3.5 6.82 -12.304
3 16 3.07 5.16 -12.39 3.36 6.63 -12.332 3.5 6.4 -12.304
4 16 3.07 5.16 -12.39 3.5 6.4 -12.304 3.77 6.32 -12.25 3.92 5.32 -12.221
4 16 3.92 5.32 -12.221 3.77 6.32 -12.25 4.23 6.37 -12.159 4.545 5.49 -12.096
4 16 3.85 6.89 -12.234 3.5 6.82 -12.304 3.49 7.666 -12.306 4.062 7.797 -12.192
4 16 4.29 6.94 -12.147 3.85 6.89 -12.234 4.062 7.797 -12.192 4.69 7.21 -12.067
3 16 4.69 7.21 -12.067 4.062 7.797 -12.192 4.547 8.171 -12.096
4 16 4.69 7.21 -12.067 4.547 8.171 -12.096 4.871 8.73 -12.031 4.975 7.5 -12.011
3 16 4.975 7.5 -12.011 4.871 8.73 -12.031 4.975 9.39 -12.011
3 16 4.545 5.49 -12.096 4.23 6.37 -12.159 4.64 6.55 -12.077
4 16 4.545 5.49 -12.096 4.64 6.55 -12.077 4.975 6.845 -12.011 4.975 5.68 -12.011
3 16 1.28 16.13 -12.745 1.31 16.34 -12.74 1.99 16.28 -12.604
3 16 1.99 16.28 -12.604 1.31 16.34 -12.74 1.29 16.61 -12.743
4 16 1.99 16.28 -12.604 1.29 16.61 -12.743 1.2 17 -12.761 2.32 16.23 -12.539
4 16 2.32 16.23 -12.539 1.2 17 -12.761 4.975 17 -12.011 4.975 16.03 -12.011
4 16 2.43 16 -12.517 2.32 16.23 -12.539 4.975 16.03 -12.011 4.708 15.662 -12.064
4 16 2.43 16 -12.517 4.708 15.662 -12.064 4.236 15.186 -12.158 3.695 14.799 -12.265
4 16 2.27 15.78 -12.549 2.43 16 -12.517 3.695 14.799 -12.265 3.07 14.48 -12.39
3 16 3.07 14.48 -12.39 2.65 14.64 -12.473 2.27 15.78 -12.549
4 16 2.27 15.78 -12.549 2.65 14.64 -12.473 1.92 14.89 -12.618 1.67 15.45 -12.668
4 16 1.03 15.06 -12.795 .91 15.33 -12.819 1.67 15.45 -12.668 1.92 14.89 -12.618
4 16 0 15.15 -13 0 15.36 -13 .91 15.33 -12.819 1.03 15.06 -12.795
3 15 4.528 12.446 -12.1 4.975 13.393 -12.011 4.975 12.748 -12.011
3 16 1.995 9.39 -12.603 .457 12.75 -12.909 1.115 12.543 -12.778
4 16 1.995 9.39 -12.603 1.115 12.543 -12.778 1.717 12.358 -12.659 2.109 10.05 -12.581
4 16 2.352 10.469 -12.532 2.109 10.05 -12.581 1.717 12.358 -12.659 2.485 12.214 -12.506
4 16 2.7 10.84 -12.463 2.352 10.469 -12.532 2.485 12.214 -12.506 2.73 11.01 -12.457
4 16 2.73 11.01 -12.457 2.485 12.214 -12.506 3.284 12.156 -12.347 3.02 11.22 -12.399
4 16 3.54 11.4 -12.296 3.02 11.22 -12.399 3.284 12.156 -12.347 4.09 12.238 -12.187
4 16 4 11.4 -12.205 3.54 11.4 -12.296 4.09 12.238 -12.187 4.528 12.446 -12.1
3 16 4.3 11.34 -12.145 4 11.4 -12.205 4.528 12.446 -12.1
4 16 2.352 10.469 -12.532 2.7 10.84 -12.463 2.83 10.72 -12.437 2.623 10.389 -12.478
4 16 2.988 10.323 -12.406 2.623 10.389 -12.478 2.83 10.72 -12.437 3.08 10.72 -12.388
4 16 3.49 10.284 -12.306 2.988 10.323 -12.406 3.08 10.72 -12.388 3.45 10.85 -12.314
4 16 3.49 10.284 -12.306 3.45 10.85 -12.314 3.88 10.88 -12.228 3.932 10.273 -12.218
4 16 3.932 10.273 -12.218 3.88 10.88 -12.228 4.22 10.84 -12.161 4.457 10.299 -12.114
4 16 4.457 10.299 -12.114 4.22 10.84 -12.161 4.4 10.94 -12.125 4.709 10.329 -12.064
4 16 4.41 11.14 -12.123 4.3 11.34 -12.145 4.528 12.446 -12.1 4.975 12.748 -12.011
3 16 4.975 9.39 -12.011 4.871 10.05 -12.031 4.975 12.748 -12.011
4 16 4.975 12.748 -12.011 4.871 10.05 -12.031 4.709 10.329 -12.064 4.4 10.94 -12.125
3 16 4.4 10.94 -12.125 4.41 11.14 -12.123 4.975 12.748 -12.011
4 484 4.975 7.5 -12.011 5.28 7.94 -11.807 5.26 7.54 -11.82 5.14 7.08 -11.901
3 484 4.975 6.845 -12.011 4.975 7.5 -12.011 5.14 7.08 -11.901
4 484 8.69 10.74 -9.528 8.71 10.39 -9.515 8.51 10.53 -9.648 8.43 10.81 -9.702
4 484 8.735 11.18 -9.498 8.69 10.74 -9.528 8.43 10.81 -9.702 8.43 11.21 -9.702
4 484 8.68 11.73 -9.535 8.735 11.18 -9.498 8.43 11.21 -9.702 8.33 11.6 -9.769
4 484 8.68 11.73 -9.535 8.33 11.6 -9.769 8.14 11.92 -9.896 8.57 12.17 -9.608
4 484 8.34 12.58 -9.762 8.57 12.17 -9.608 8.14 11.92 -9.896 7.81 12.26 -10.116
4 484 8 12.94 -9.989 8.34 12.58 -9.762 7.81 12.26 -10.116 7.38 12.9 -10.403
4 484 7.81 13.11 -10.116 8 12.94 -9.989 7.38 12.9 -10.403 7.1 13.56 -10.591
3 484 7.81 13.11 -10.116 7.1 13.56 -10.591 7.62 13.51 -10.243
4 484 7.43 14.41 -10.37 7.62 13.51 -10.243 7.1 13.56 -10.591 7.01 14.64 -10.651
4 484 7.28 15.49 -10.47 7.43 14.41 -10.37 7.01 14.64 -10.651 7.04 15.61 -10.631
3 484 7.28 15.49 -10.47 7.04 15.61 -10.631 7.17 15.64 -10.544
4 15 4.975 4 -12.011 4.975 5.069 -12.011 5.14 5.13 -11.901 6.9 4 -10.724
4 15 7.38 4.41 -10.403 6.9 4 -10.724 5.14 5.13 -11.901 5.83 5.52 -11.439
4 15 7.87 4.92 -10.076 7.38 4.41 -10.403 5.83 5.52 -11.439 6.48 6.03 -11.005
4 15 7.87 4.92 -10.076 6.48 6.03 -11.005 7.91 5.76 -10.049 8.29 5.47 -9.795
4 15 8.29 5.47 -9.795 7.91 5.76 -10.049 8.28 5.91 -9.802 8.58 6.01 -9.602
3 15 8.28 5.91 -9.802 8.65 6.2 -9.555 8.58 6.01 -9.602
4 15 8.22 6.38 -9.842 7.91 5.76 -10.049 6.48 6.03 -11.005 6.96 6.74 -10.684
4 15 8.48 7.17 -9.668 8.22 6.38 -9.842 6.96 6.74 -10.684 7.97 7.53 -10.009
4 15 7.97 7.53 -10.009 6.96 6.74 -10.684 7.32 7.62 -10.444 7.95 8.09 -10.023
4 15 7.95 8.09 -10.023 7.32 7.62 -10.444 7.59 8.18 -10.263 7.87 8.63 -10.076
3 15 7.59 8.18 -10.263 7.76 8.77 -10.15 7.87 8.63 -10.076
4 15 8.56 7.68 -9.615 8.48 7.17 -9.668 7.97 7.53 -10.009 8.31 7.91 -9.782
3 15 8.56 7.68 -9.615 8.31 7.91 -9.782 8.51 8.25 -9.648
4 71 7.13 7.98 -10.571 7.59 8.18 -10.263 7.32 7.62 -10.444 6.79 7.49 -10.798
4 71 6.79 7.49 -10.798 7.32 7.62 -10.444 6.96 6.74 -10.684 6.4 6.83 -11.058
4 71 6.4 6.83 -11.058 6.96 6.74 -10.684 6.48 6.03 -11.005 5.93 6.37 -11.373
4 71 5.51 6.03 -11.653 5.93 6.37 -11.373 6.48 6.03 -11.005 5.83 5.52 -11.439
4 71 5.51 6.03 -11.653 5.83 5.52 -11.439 5.14 5.13 -11.901 4.975 5.68 -12.011
3 71 4.975 5.069 -12.011 4.975 5.68 -12.011 5.14 5.13 -11.901
4 15 4.975 12.748 -12.011 4.975 13.393 -12.011 5.221 13.409 -11.847 5.55 13.207 -11.626
3 15 5.55 13.207 -11.626 5.221 13.409 -11.847 5.455 13.485 -11.69
3 15 5.455 13.485 -11.69 5.616 13.526 -11.583 5.55 13.207 -11.626
3 15 5.55 13.207 -11.626 5.616 13.526 -11.583 5.759 13.538 -11.487
3 15 5.335 13.687 -11.77 4.975 13.393 -12.011 4.975 15.039 -12.011
3 15 4.975 15.039 -12.011 5.807 14.083 -11.455 5.335 13.687 -11.77
4 15 5.807 14.083 -11.455 4.975 15.039 -12.011 5.218 15.469 -11.848 6.17 14.528 -11.212
4 15 6.17 14.528 -11.212 5.218 15.469 -11.848 5.967 15.673 -11.348 6.504 15.091 -10.989
4 15 6.504 15.091 -10.989 5.967 15.673 -11.348 6.147 15.746 -11.228 6.725 15.614 -10.841
4 15 6.725 15.614 -10.841 6.147 15.746 -11.228 6.406 16.057 -11.054 6.824 16.015 -10.775
4 15 6.824 16.015 -10.775 6.406 16.057 -11.054 6.589 16.316 -10.932 6.829 16.378 -10.772
3 15 6.589 16.316 -10.932 6.707 16.453 -10.853 6.829 16.378 -10.772
4 15 6.031 16.028 -11.305 5.967 15.673 -11.348 5.218 15.469 -11.848 5.463 15.983 -11.685
4 15 6.044 16.217 -11.296 6.031 16.028 -11.305 5.463 15.983 -11.685 5.52 16.204 -11.646
4 15 5.958 16.661 -11.354 6.044 16.217 -11.296 5.52 16.204 -11.646 5.576 16.66 -11.609
4 15 5.843 17 -11.431 5.958 16.661 -11.354 5.576 16.66 -11.609 5.559 17 -11.62
4 71 5.293 16.539 -11.798 5.576 16.66 -11.609 5.52 16.204 -11.646 4.975 16.03 -12.011
4 71 5.218 15.469 -11.848 4.975 15.039 -12.011 4.975 16.03 -12.011 5.463 15.983 -11.685
3 71 5.463 15.983 -11.685 4.975 16.03 -12.011 5.52 16.204 -11.646
3 71 5.293 16.539 -11.798 5.559 17 -11.62 5.576 16.66 -11.609
4 16 4.975 5.68 -12.011 4.975 6.845 -12.011 5.14 7.08 -11.901 5.51 6.03 -11.653
4 16 5.51 6.03 -11.653 5.14 7.08 -11.901 5.26 7.54 -11.82 5.93 6.37 -11.373
4 16 5.93 6.37 -11.373 5.26 7.54 -11.82 5.28 7.94 -11.807 6.4 6.83 -11.058
3 16 6.4 6.83 -11.058 5.28 7.94 -11.807 6.79 7.49 -10.798
4 16 7.13 7.98 -10.571 6.79 7.49 -10.798 5.28 7.94 -11.807 4.975 9.39 -12.011
3 16 4.975 7.5 -12.011 4.975 9.39 -12.011 5.28 7.94 -11.807
4 16 7.59 8.18 -10.263 7.13 7.98 -10.571 4.975 9.39 -12.011 7.76 8.77 -10.15
4 16 8.31 7.91 -9.782 7.97 7.53 -10.009 7.95 8.09 -10.023 8.51 8.25 -9.648
4 16 8.51 8.25 -9.648 7.95 8.09 -10.023 7.87 8.63 -10.076 8.71 10.39 -9.515
4 16 8.28 5.91 -9.802 7.91 5.76 -10.049 8.22 6.38 -9.842 8.65 6.2 -9.555
3 16 9.192 4 -9.192 6.9 4 -10.724 7.38 4.41 -10.403
3 16 9.192 4 -9.192 7.38 4.41 -10.403 7.87 4.92 -10.076
3 16 9.192 4 -9.192 7.87 4.92 -10.076 8.29 5.47 -9.795
3 16 9.192 4 -9.192 8.29 5.47 -9.795 8.58 6.01 -9.602
4 16 5.293 16.539 -11.798 4.975 16.03 -12.011 4.975 17 -12.011 5.559 17 -11.62
4 16 6.147 15.746 -11.228 5.967 15.673 -11.348 6.031 16.028 -11.305 6.406 16.057 -11.054
4 16 6.031 16.028 -11.305 6.044 16.217 -11.296 6.589 16.316 -10.932 6.406 16.057 -11.054
4 16 6.044 16.217 -11.296 5.958 16.661 -11.354 6.707 16.453 -10.853 6.589 16.316 -10.932
3 16 6.829 16.378 -10.772 6.707 16.453 -10.853 9.192 17 -9.192
4 16 5.958 16.661 -11.354 5.843 17 -11.431 9.192 17 -9.192 6.707 16.453 -10.853
3 16 7.04 15.61 -10.631 6.725 15.614 -10.841 6.824 16.015 -10.775
4 16 7.04 15.61 -10.631 6.824 16.015 -10.775 6.829 16.378 -10.772 7.17 15.64 -10.544
4 16 7.17 15.64 -10.544 6.829 16.378 -10.772 9.192 17 -9.192 7.28 15.49 -10.47
4 16 7.43 14.41 -10.37 7.28 15.49 -10.47 9.192 17 -9.192 7.62 13.51 -10.243
4 16 7.81 13.11 -10.116 7.62 13.51 -10.243 9.192 17 -9.192 8 12.94 -9.989
3 16 8.34 12.58 -9.762 8 12.94 -9.989 9.192 17 -9.192
3 16 8.57 12.17 -9.608 8.34 12.58 -9.762 9.192 17 -9.192
3 16 8.68 11.73 -9.535 8.57 12.17 -9.608 9.192 17 -9.192
3 16 8.735 11.18 -9.498 8.68 11.73 -9.535 9.192 17 -9.192
4 16 6.504 15.091 -10.989 6.725 15.614 -10.841 7.04 15.61 -10.631 7.01 14.64 -10.651
3 16 6.17 14.528 -11.212 6.504 15.091 -10.989 7.01 14.64 -10.651
4 16 5.335 13.687 -11.77 5.455 13.485 -11.69 5.221 13.409 -11.847 4.975 13.393 -12.011
4 16 5.616 13.526 -11.583 5.455 13.485 -11.69 5.335 13.687 -11.77 5.807 14.083 -11.455
4 16 5.759 13.538 -11.487 5.616 13.526 -11.583 5.807 14.083 -11.455 7.01 14.64 -10.651
3 16 5.807 14.083 -11.455 6.17 14.528 -11.212 7.01 14.64 -10.651
3 16 5.759 13.538 -11.487 7.01 14.64 -10.651 7.1 13.56 -10.591
4 16 5.759 13.538 -11.487 7.1 13.56 -10.591 7.38 12.9 -10.403 5.55 13.207 -11.626
4 16 4.975 12.748 -12.011 5.55 13.207 -11.626 7.38 12.9 -10.403 7.81 12.26 -10.116
4 16 4.975 12.748 -12.011 7.81 12.26 -10.116 8.14 11.92 -9.896 4.975 9.39 -12.011
3 16 8.65 6.2 -9.555 8.22 6.38 -9.842 8.48 7.17 -9.668
4 16 8.65 6.2 -9.555 8.48 7.17 -9.668 8.56 7.68 -9.615 9.192 4 -9.192
3 16 9.192 4 -9.192 8.58 6.01 -9.602 8.65 6.2 -9.555
4 16 7.76 8.77 -10.15 8.51 10.53 -9.648 8.71 10.39 -9.515 7.87 8.63 -10.076
4 16 8.56 7.68 -9.615 8.51 8.25 -9.648 8.71 10.39 -9.515 9.192 4 -9.192
4 16 8.43 10.81 -9.702 8.51 10.53 -9.648 7.76 8.77 -10.15 4.975 9.39 -12.011
4 16 8.43 11.21 -9.702 8.43 10.81 -9.702 4.975 9.39 -12.011 8.33 11.6 -9.769
3 16 4.975 9.39 -12.011 8.14 11.92 -9.896 8.33 11.6 -9.769
4 16 8.71 10.39 -9.515 8.69 10.74 -9.528 8.735 11.18 -9.498 9.192 4 -9.192
3 16 9.192 4 -9.192 8.735 11.18 -9.498 9.192 17 -9.192
4 15 -1.42 2.59 -12.367 -1.448 2.469 -12.331 -1.81 2.469 -12.259 -1.5 3 -12.453
4 15 -1.92 4 -12.618 -1.5 3 -12.453 -1.81 2.469 -12.259 -2.19 2.65 -12.229
3 15 -4.975 4 -12.011 -1.92 4 -12.618 -2.19 2.65 -12.229
3 15 -4.975 4 -12.011 -2.19 2.65 -12.229 -4.871 2.9 -11.758
4 16 -1.42 2.59 -12.367 -1.5 3 -12.453 0 4 -13 0 2.469 -12.619
3 16 -1.5 3 -12.453 -1.92 4 -12.618 0 4 -13
3 16 -4.83 2.469 -11.659 -4.871 2.9 -11.758 -2.19 2.65 -12.229
3 16 -4.83 2.469 -11.659 -2.19 2.65 -12.229 -1.81 2.469 -12.259
3 16 -1.129 2.469 -12.395 -1.448 2.469 -12.331 -1.42 2.59 -12.367
3 16 0 2.469 -12.619 -1.129 2.469 -12.395 -1.42 2.59 -12.367
3 15 -1.51 2.2 -12.094 -1.81 2.469 -12.259 -1.448 2.469 -12.331
4 484 -.65 2.27 -12.324 0 2.27 -12.453 0 1.91 -12.152 -.72 1.89 -11.992
4 484 -1.31 2.12 -12.067 -.65 2.27 -12.324 -.72 1.89 -11.992 -1.45 1.74 -11.722
4 484 -2.05 1.91 -11.745 -1.31 2.12 -12.067 -1.45 1.74 -11.722 -2.16 1.61 -11.472
4 484 -2.81 1.8 -11.502 -2.05 1.91 -11.745 -2.16 1.61 -11.472 -3.01 1.54 -11.244
4 484 -3.43 1.79 -11.37 -2.81 1.8 -11.502 -3.01 1.54 -11.244 -3.8 1.62 -11.154
4 484 -4.31 1.91 -11.295 -3.43 1.79 -11.37 -3.8 1.62 -11.154 -4.626 1.832 -11.167
3 484 -4.626 1.832 -11.167 -4.69 2.033 -11.322 -4.31 1.91 -11.295
4 484 -.61 1.39 -11.596 0 1.42 -11.743 0 1.172 -11.535 -1.691 1.172 -11.199
3 484 -1.691 1.172 -11.199 -1.33 1.28 -11.361 -.61 1.39 -11.596
4 16 -4.31 1.91 -11.295 -4.69 2.033 -11.322 -4.83 2.469 -11.659 -3.43 1.79 -11.37
4 16 -4.83 2.469 -11.659 -1.81 2.469 -12.259 -1.51 2.2 -12.094 -2.05 1.91 -11.745
4 16 -4.83 2.469 -11.659 -2.05 1.91 -11.745 -2.81 1.8 -11.502 -3.43 1.79 -11.37
3 16 -2.05 1.91 -11.745 -1.51 2.2 -12.094 -1.31 2.12 -12.067
4 16 0 2.469 -12.619 0 2.27 -12.453 -.65 2.27 -12.324 -1.129 2.469 -12.395
4 16 -1.31 2.12 -12.067 -1.51 2.2 -12.094 -1.448 2.469 -12.331 -1.129 2.469 -12.395
3 16 -1.31 2.12 -12.067 -1.129 2.469 -12.395 -.65 2.27 -12.324
4 16 -.72 1.89 -11.992 0 1.91 -12.152 0 1.42 -11.743 -.61 1.39 -11.596
4 16 -1.33 1.28 -11.361 -1.45 1.74 -11.722 -.72 1.89 -11.992 -.61 1.39 -11.596
4 16 -1.45 1.74 -11.722 -1.33 1.28 -11.361 -1.691 1.172 -11.199 -2.16 1.61 -11.472
4 16 -3.808 1.172 -10.778 -3.01 1.54 -11.244 -2.16 1.61 -11.472 -1.691 1.172 -11.199
4 16 -3.8 1.62 -11.154 -3.01 1.54 -11.244 -3.808 1.172 -10.778 -4.475 1.362 -10.804
3 16 -4.475 1.362 -10.804 -4.626 1.832 -11.167 -3.8 1.62 -11.154
3 484 -4.414 1.172 -10.658 -4.475 1.362 -10.804 -3.808 1.172 -10.778
4 484 0 1.172 -11.535 0 1.11 -11.42 -.73 1.09 -11.237 -1.691 1.172 -11.199
4 484 -1.691 1.172 -11.199 -.73 1.09 -11.237 -1.37 1.01 -10.96 -1.93 1.1 -11.017
4 484 -1.93 1.1 -11.017 -1.37 1.01 -10.96 -2.04 .86 -10.547 -2.53 1 -10.711
4 484 -2.53 1 -10.711 -2.04 .86 -10.547 -2.69 .83 -10.361 -3.1 1.06 -10.71
4 484 -3.1 1.06 -10.71 -2.69 .83 -10.361 -3.4 .94 -10.426 -3.808 1.172 -10.778
3 484 -3.4 .94 -10.426 -4.414 1.172 -10.658 -3.808 1.172 -10.778
4 16 -3.808 1.172 -10.778 -1.691 1.172 -11.199 -1.93 1.1 -11.017 -2.53 1 -10.711
3 16 -2.53 1 -10.711 -3.1 1.06 -10.71 -3.808 1.172 -10.778
3 16 -3.794 .305 -9.159 -4.414 1.172 -10.658 -3.4 .94 -10.426
3 16 -3.794 .305 -9.159 -3.4 .94 -10.426 -2.69 .83 -10.361
4 16 -3.794 .305 -9.159 -2.69 .83 -10.361 -2.04 .86 -10.547 0 .305 -9.914
4 16 0 .305 -9.914 -2.04 .86 -10.547 -1.37 1.01 -10.96 -.73 1.09 -11.237
3 16 0 .305 -9.914 -.73 1.09 -11.237 0 1.11 -11.42
4 15 -6.47 3.49 -10.862 -7.33 4 -10.437 -4.975 4 -12.011 -5.59 3.09 -11.333
3 15 -4.871 2.9 -11.758 -5.59 3.09 -11.333 -4.975 4 -12.011
4 16 -9.192 4 -9.192 -7.33 4 -10.437 -6.47 3.49 -10.862 -8.923 2.469 -8.923
3 16 -8.923 2.469 -8.923 -6.47 3.49 -10.862 -5.59 3.09 -11.333
4 16 -8.923 2.469 -8.923 -5.59 3.09 -11.333 -4.871 2.9 -11.758 -4.83 2.469 -11.659
4 484 -4.93 2.11 -11.238 -4.69 2.033 -11.322 -4.626 1.832 -11.167 -5.23 2.11 -11.038
4 484 -4.93 2.11 -11.238 -5.23 2.11 -11.038 -5.5 2.24 -10.985 -5.67 2.39 -11.02
4 484 -4.475 1.362 -10.804 -4.78 1.38 -10.618 -5.05 1.51 -10.566 -5.26 1.68 -10.593
4 16 -4.83 2.469 -11.659 -4.69 2.033 -11.322 -4.93 2.11 -11.238 -5.67 2.39 -11.02
4 16 -4.626 1.832 -11.167 -4.475 1.362 -10.804 -5.26 1.68 -10.593 -5.23 2.11 -11.038
4 16 -5.5 2.24 -10.985 -5.23 2.11 -11.038 -5.26 1.68 -10.593 -8.157 1.172 -8.157
3 16 -5.67 2.39 -11.02 -8.923 2.469 -8.923 -4.83 2.469 -11.659
4 16 -8.157 1.172 -8.157 -8.923 2.469 -8.923 -5.67 2.39 -11.02 -5.5 2.24 -10.985
3 16 -8.157 1.172 -8.157 -5.26 1.68 -10.593 -5.05 1.51 -10.566
4 16 -8.157 1.172 -8.157 -5.05 1.51 -10.566 -4.78 1.38 -10.618 -4.414 1.172 -10.658
3 484 -4.414 1.172 -10.658 -4.78 1.38 -10.618 -4.475 1.362 -10.804
4 16 -7.01 .305 -7.01 -8.157 1.172 -8.157 -4.414 1.172 -10.658 -3.794 .305 -9.159
4 484 .68 1.09 -11.247 0 1.11 -11.42 0 1.172 -11.535 1.733 1.172 -11.191
4 484 1.41 1.01 -10.952 .68 1.09 -11.247 1.733 1.172 -11.191 2 1.12 -11.041
4 484 2.12 .91 -10.624 1.41 1.01 -10.952 2 1.12 -11.041 2.75 1.05 -10.761
4 484 2.97 .9 -10.436 2.12 .91 -10.624 2.75 1.05 -10.761 3.39 1.07 -10.671
4 484 3.75 .99 -10.45 2.97 .9 -10.436 3.39 1.07 -10.671 4.414 1.172 -10.658
4 16 1.733 1.172 -11.191 4.414 1.172 -10.658 3.39 1.07 -10.671 2.75 1.05 -10.761
3 16 2.75 1.05 -10.761 2 1.12 -11.041 1.733 1.172 -11.191
4 16 0 .305 -9.914 0 1.11 -11.42 .68 1.09 -11.247 1.41 1.01 -10.952
4 16 0 .305 -9.914 1.41 1.01 -10.952 2.12 .91 -10.624 3.794 .305 -9.159
3 16 3.794 .305 -9.159 2.12 .91 -10.624 2.97 .9 -10.436
3 16 3.794 .305 -9.159 2.97 .9 -10.436 3.75 .99 -10.45
3 16 3.794 .305 -9.159 3.75 .99 -10.45 4.35 1.081 -10.501
3 484 3.75 .99 -10.45 4.414 1.172 -10.658 4.35 1.081 -10.501
4 15 4.975 4 -12.011 6.9 4 -10.724 6.04 3.52 -11.158 5.16 3.12 -11.629
3 15 4.885 3.047 -11.792 4.975 4 -12.011 5.16 3.12 -11.629
3 16 4.83 2.469 -11.659 4.885 3.047 -11.792 5.16 3.12 -11.629
4 16 6.04 3.52 -11.158 6.9 4 -10.724 9.192 4 -9.192 8.923 2.469 -8.923
4 16 4.83 2.469 -11.659 5.16 3.12 -11.629 6.04 3.52 -11.158 8.923 2.469 -8.923
4 484 4.626 1.832 -11.167 4.69 2.033 -11.322 4.93 2.11 -11.238 5.23 2.11 -11.038
4 484 5.5 2.24 -10.985 5.23 2.11 -11.038 4.93 2.11 -11.238 5.67 2.39 -11.02
4 484 4.694 1.172 -10.471 4.414 1.172 -10.658 4.89 1.33 -10.496 5.04 1.32 -10.386
4 484 5.31 1.46 -10.343 5.04 1.32 -10.386 4.89 1.33 -10.496 5.56 1.63 -10.344
4 16 4.93 2.11 -11.238 4.69 2.033 -11.322 4.83 2.469 -11.659 5.67 2.39 -11.02
3 16 5.67 2.39 -11.02 4.83 2.469 -11.659 8.923 2.469 -8.923
4 16 5.56 1.63 -10.344 5.67 2.39 -11.02 8.923 2.469 -8.923 8.157 1.172 -8.157
3 16 5.56 1.63 -10.344 5.5 2.24 -10.985 5.67 2.39 -11.02
4 16 5.23 2.11 -11.038 5.5 2.24 -10.985 5.56 1.63 -10.344 4.89 1.33 -10.496
4 16 4.626 1.832 -11.167 5.23 2.11 -11.038 4.89 1.33 -10.496 4.414 1.172 -10.658
3 16 8.157 1.172 -8.157 4.694 1.172 -10.471 5.04 1.32 -10.386
3 16 8.157 1.172 -8.157 5.04 1.32 -10.386 5.31 1.46 -10.343
3 16 8.157 1.172 -8.157 5.31 1.46 -10.343 5.56 1.63 -10.344
4 15 1.35 2.469 -12.351 1.025 2.469 -12.415 .99 2.62 -12.46 1.07 3.03 -12.546
4 15 1.35 2.469 -12.351 1.07 3.03 -12.546 1.45 4 -12.712 1.76 2.68 -12.322
3 15 1.76 2.68 -12.322 1.45 4 -12.712 4.975 4 -12.011
3 15 4.441 2.93 -11.851 1.76 2.68 -12.322 4.975 4 -12.011
3 15 4.441 2.93 -11.851 4.975 4 -12.011 4.885 3.047 -11.792
4 16 0 4 -13 1.07 3.03 -12.546 .99 2.62 -12.46 0 2.469 -12.619
3 16 1.07 3.03 -12.546 0 4 -13 1.45 4 -12.712
3 16 4.83 2.469 -11.659 4.441 2.93 -11.851 4.885 3.047 -11.792
4 16 1.76 2.68 -12.322 4.441 2.93 -11.851 4.83 2.469 -11.659 1.35 2.469 -12.351
3 16 0 2.469 -12.619 .99 2.62 -12.46 .843 2.469 -12.452
3 16 1.025 2.469 -12.415 .843 2.469 -12.452 .99 2.62 -12.46
3 15 1.08 2.23 -12.205 1.025 2.469 -12.415 1.35 2.469 -12.351
4 484 0 1.91 -12.152 0 2.27 -12.453 .65 2.27 -12.324 .72 1.89 -11.992
4 484 .72 1.89 -11.992 .65 2.27 -12.324 1.31 2.12 -12.067 1.45 1.74 -11.722
4 484 1.45 1.74 -11.722 1.31 2.12 -12.067 2.05 1.91 -11.744 2.16 1.61 -11.472
4 484 2.16 1.61 -11.472 2.05 1.91 -11.744 2.81 1.8 -11.501 3.01 1.54 -11.244
4 484 3.01 1.54 -11.244 2.81 1.8 -11.501 3.43 1.79 -11.37 3.8 1.62 -11.154
4 484 3.8 1.62 -11.154 3.43 1.79 -11.37 4.31 1.91 -11.295 4.626 1.832 -11.167
3 484 4.626 1.832 -11.167 4.31 1.91 -11.295 4.69 2.033 -11.322
4 484 0 1.172 -11.535 0 1.42 -11.743 .61 1.39 -11.596 1.33 1.28 -11.361
3 484 1.733 1.172 -11.191 0 1.172 -11.535 1.33 1.28 -11.361
4 16 .65 2.27 -12.324 0 2.27 -12.453 0 2.469 -12.619 .843 2.469 -12.452
4 16 1.025 2.469 -12.415 1.08 2.23 -12.205 .65 2.27 -12.324 .843 2.469 -12.452
3 16 1.31 2.12 -12.067 .65 2.27 -12.324 1.08 2.23 -12.205
4 16 1.31 2.12 -12.067 1.08 2.23 -12.205 1.35 2.469 -12.351 2.05 1.91 -11.744
4 16 2.81 1.8 -11.501 2.05 1.91 -11.744 1.35 2.469 -12.351 3.43 1.79 -11.37
4 16 4.31 1.91 -11.295 3.43 1.79 -11.37 1.35 2.469 -12.351 4.83 2.469 -11.659
3 16 4.31 1.91 -11.295 4.83 2.469 -11.659 4.69 2.033 -11.322
3 16 3.8 1.62 -11.154 4.626 1.832 -11.167 4.414 1.172 -10.658
4 16 1.733 1.172 -11.191 3.01 1.54 -11.244 3.8 1.62 -11.154 4.414 1.172 -10.658
3 16 1.733 1.172 -11.191 2.16 1.61 -11.472 3.01 1.54 -11.244
4 16 1.45 1.74 -11.722 2.16 1.61 -11.472 1.733 1.172 -11.191 1.33 1.28 -11.361
4 16 .72 1.89 -11.992 1.45 1.74 -11.722 1.33 1.28 -11.361 .61 1.39 -11.596
4 16 0 1.91 -12.152 .72 1.89 -11.992 .61 1.39 -11.596 0 1.42 -11.743
4 16 3.794 .305 -9.159 4.35 1.081 -10.501 4.694 1.172 -10.471 7.01 .305 -7.01
3 16 7.01 .305 -7.01 4.694 1.172 -10.471 8.157 1.172 -8.157
3 484 4.35 1.081 -10.501 4.414 1.172 -10.658 4.694 1.172 -10.471
4 15 0 17 -13 0 17.94 -12.766 .28 18.01 -12.693 .49 17.73 -12.721
3 15 0 17 -13 .49 17.73 -12.721 .63 17.44 -12.765
4 15 1.2 17 -12.761 0 17 -13 .63 17.44 -12.765 .99 17.43 -12.696
3 15 .99 17.43 -12.696 .63 17.44 -12.765 .79 17.63 -12.686
4 71 .79 17.63 -12.686 .63 17.44 -12.765 .49 17.73 -12.721 .78 17.86 -12.631
4 71 .28 18.01 -12.693 0 17.94 -12.766 0 18.38 -12.657 .48 18.23 -12.599
4 71 .28 18.01 -12.693 .48 18.23 -12.599 .78 17.86 -12.631 .49 17.73 -12.721
3 71 .99 17.43 -12.696 .79 17.63 -12.686 .78 17.86 -12.631
4 16 .48 18.23 -12.599 0 18.38 -12.657 0 18.531 -12.619 4.83 18.531 -11.659
3 16 .78 17.86 -12.631 .48 18.23 -12.599 4.83 18.531 -11.659
4 16 .99 17.43 -12.696 .78 17.86 -12.631 4.83 18.531 -11.659 4.975 17 -12.011
3 16 4.975 17 -12.011 1.2 17 -12.761 .99 17.43 -12.696
4 16 0 18.531 -12.619 0 19.828 -11.535 4.414 19.828 -10.658 4.83 18.531 -11.659
4 16 0 19.828 -11.535 0 20.695 -9.914 3.794 20.695 -9.159 4.414 19.828 -10.658
4 15 5.602 17.37 -11.483 5.843 17 -11.431 5.559 17 -11.62 5.543 17.208 -11.57
3 15 5.543 17.208 -11.57 5.549 17.335 -11.529 5.602 17.37 -11.483
3 16 5.559 17 -11.62 4.975 17 -12.011 5.543 17.208 -11.57
4 16 5.549 17.335 -11.529 5.543 17.208 -11.57 4.975 17 -12.011 4.83 18.531 -11.659
3 16 5.549 17.335 -11.529 4.83 18.531 -11.659 5.602 17.37 -11.483
3 16 5.602 17.37 -11.483 4.83 18.531 -11.659 8.923 18.531 -8.923
4 16 5.843 17 -11.431 5.602 17.37 -11.483 8.923 18.531 -8.923 9.192 17 -9.192
4 16 4.83 18.531 -11.659 4.414 19.828 -10.658 8.157 19.828 -8.157 8.923 18.531 -8.923
4 16 4.414 19.828 -10.658 3.794 20.695 -9.159 7.01 20.695 -7.01 8.157 19.828 -8.157
4 15 0 17 -13 -1.31 17 -12.74 -.98 17.16 -12.765 -.37 17.41 -12.824
3 15 -1.31 17 -12.74 -1.14 17.29 -12.701 -.98 17.16 -12.765
4 15 -.37 17.41 -12.824 -.98 17.16 -12.765 -.91 17.43 -12.712 -.7 17.6 -12.712
3 15 -.37 17.41 -12.824 -.7 17.6 -12.712 -.51 17.68 -12.729
4 15 0 17 -13 -.37 17.41 -12.824 -.28 17.66 -12.78 0 17.94 -12.766
4 71 -.28 17.66 -12.78 -.37 17.41 -12.824 -.51 17.68 -12.729 -.39 18.21 -12.622
3 71 -.91 17.43 -12.712 -.74 17.86 -12.639 -.7 17.6 -12.712
4 71 -.51 17.68 -12.729 -.7 17.6 -12.712 -.74 17.86 -12.639 -.39 18.21 -12.622
4 71 0 17.94 -12.766 -.28 17.66 -12.78 -.39 18.21 -12.622 0 18.38 -12.657
4 16 -1.31 17 -12.74 -4.975 17 -12.011 -4.83 18.531 -11.659 -1.14 17.29 -12.701
3 16 -.98 17.16 -12.765 -1.14 17.29 -12.701 -.91 17.43 -12.712
4 16 -.74 17.86 -12.639 -.91 17.43 -12.712 -1.14 17.29 -12.701 -4.83 18.531 -11.659
3 16 -.74 17.86 -12.639 -4.83 18.531 -11.659 -.39 18.21 -12.622
4 16 0 18.38 -12.657 -.39 18.21 -12.622 -4.83 18.531 -11.659 0 18.531 -12.619
4 16 -4.83 18.531 -11.659 -4.414 19.828 -10.658 0 19.828 -11.535 0 18.531 -12.619
4 16 -8.157 19.828 -8.157 -7.01 20.695 -7.01 -3.794 20.695 -9.159 -4.414 19.828 -10.658
4 16 -4.414 19.828 -10.658 -3.794 20.695 -9.159 0 20.695 -9.914 0 19.828 -11.535
4 15 -6.81 17.23 -10.717 -6.66 17 -10.885 -7.08 17 -10.604 -7.04 17.32 -10.537
3 15 -6.81 17.23 -10.717 -7.04 17.32 -10.537 -6.91 17.38 -10.606
4 15 -5.45 16.99 -11.693 -6.24 16.99 -11.165 -6.1 17.42 -11.136 -5.45 17.45 -11.561
4 15 -5.45 17.45 -11.561 -6.1 17.42 -11.136 -5.92 17.78 -11.15 -5.39 17.8 -11.499
4 15 -5.39 17.8 -11.499 -5.92 17.78 -11.15 -5.66 18.08 -11.236 -5.35 17.99 -11.47
4 15 -5.35 17.99 -11.47 -5.66 18.08 -11.236 -5.5 18.13 -11.329 -5.37 18.12 -11.418
4 71 -5.14 17.32 -11.807 -4.975 17 -12.011 -5.45 16.99 -11.693 -5.45 17.45 -11.561
4 16 -4.83 18.531 -11.659 -4.975 17 -12.011 -5.14 17.32 -11.807 -5.35 17.99 -11.47
4 16 -5.14 17.32 -11.807 -5.45 17.45 -11.561 -5.39 17.8 -11.499 -5.35 17.99 -11.47
3 16 -5.35 17.99 -11.47 -5.37 18.12 -11.418 -4.83 18.531 -11.659
4 16 -6.66 17 -10.885 -6.81 17.23 -10.717 -6.1 17.42 -11.136 -6.24 16.99 -11.165
4 16 -6.1 17.42 -11.136 -6.81 17.23 -10.717 -6.91 17.38 -10.606 -5.92 17.78 -11.15
3 16 -4.83 18.531 -11.659 -5.37 18.12 -11.418 -5.5 18.13 -11.329
3 16 -5.5 18.13 -11.329 -8.923 18.531 -8.923 -4.83 18.531 -11.659
3 16 -5.66 18.08 -11.236 -8.923 18.531 -8.923 -5.5 18.13 -11.329
4 16 -8.923 18.531 -8.923 -5.66 18.08 -11.236 -5.92 17.78 -11.15 -6.91 17.38 -10.606
4 16 -7.08 17 -10.604 -9.192 17 -9.192 -8.923 18.531 -8.923 -7.04 17.32 -10.537
3 16 -7.04 17.32 -10.537 -8.923 18.531 -8.923 -6.91 17.38 -10.606
4 16 -8.923 18.531 -8.923 -8.157 19.828 -8.157 -4.414 19.828 -10.658 -4.83 18.531 -11.659

4 16 -3.794 20.695 -9.159 -7.01 20.695 -7.01 -5.657 21 -5.657 -3.062 21 -7.391
4 16 0 20.695 -9.914 -3.794 20.695 -9.159 -3.062 21 -7.391 0 21 -8
4 16 0 20.695 -9.914 0 21 -8 3.0616 21 -7.3912 3.794 20.695 -9.159
4 16 3.794 20.695 -9.159 3.0616 21 -7.3912 5.6568 21 -5.6568 7.01 20.695 -7.01
4 16 -5.657 0 -5.657 -7.01 .305 -7.01 -3.794 .305 -9.159 -3.062 0 -7.391
4 16 -3.062 0 -7.391 -3.794 .305 -9.159 0 .305 -9.914 0 0 -8
4 16 3.0616 0 -7.3912 0 0 -8 0 .305 -9.914 3.794 .305 -9.159
4 16 5.6568 0 -5.6568 3.0616 0 -7.3912 3.794 .305 -9.159 7.01 .305 -7.01

0 // FACE Front Lines 3-8
5 24 -12.0107 4 -4.9751 -12.0107 17 -4.9751 -9.1923 4 -9.1923 -13 4 0
5 24 -9.1923 4 -9.1923 -9.1923 17 -9.1923 -4.9751 4 -12.0107 -12.0107 4 -4.9751
5 24 -4.9751 4 -12.0107 -4.9751 17 -12.0107 0 4 -13 -9.1923 4 -9.1923
5 24 0 4 -13 0 17 -13 4.9751 4 -12.0107 -4.9751 4 -12.0107
5 24 4.9751 4 -12.0107 4.9751 17 -12.0107 9.1923 4 -9.1923 0 4 -13
5 24 9.1923 4 -9.1923 9.1923 17 -9.1923 12.0107 4 -4.9751 4.9751 4 -12.0107
5 24 12.0107 4 -4.9751 12.0107 17 -4.9751 13 4 0 9.1923 4 -9.1923

0 // CHIN Front Lines 1-4 Center
0 // CHIN Front Lines 1-16 Left
5 24 -5.6568 21 -5.6568 -3.0616 21 -7.3912 -7.0096 20.69536 -7.0096 -4.192 21 -4.192
5 24 -5.6568 21 -5.6568 -7.0096 20.69536 -7.0096 -3.0616 21 -7.3912 -7.3912 21 -3.0616
5 24 -7.0096 20.69536 -7.0096 -3.7936 20.69536 -9.1592 -8.1568 19.82816 -8.1568 -5.6568 21 -5.6568
5 24 -7.0096 20.69536 -7.0096 -8.1568 19.82816 -8.1568 -3.7936 20.69536 -9.1592 -9.1592 20.69536 -3.7936
5 24 -8.1568 19.82816 -8.1568 -4.4144 19.82816 -10.6576 -8.9232 18.53088 -8.9232 -7.0096 20.69536 -7.0096
5 24 -8.1568 19.82816 -8.1568 -8.9232 18.53088 -8.9232 -4.4144 19.82816 -10.6576 -10.6576 19.82816 -4.4144
5 24 -8.9232 18.53088 -8.9232 -4.8296 18.53088 -11.6592 -9.192 17 -9.192 -8.1568 19.82816 -8.1568
5 24 -8.9232 18.53088 -8.9232 -9.192 17 -9.192 -4.8296 18.53088 -11.6592 -11.6592 18.53088 -4.8296
5 24 -9.192 17 -9.192 -4.9752 17 -12.0104 -9.192 15.34304 -9.192 -8.9232 18.53088 -8.9232
0 // CHIN Front Lines 1-8 Center
5 24 -3.0616 21 -7.3912 0 21 -8 -3.7936 20.69536 -9.1592 -2.2688 21 -5.4776
5 24 -3.0616 21 -7.3912 -3.7936 20.69536 -9.1592 0 21 -8 -5.6568 21 -5.6568
5 24 -3.7936 20.69536 -9.1592 0 20.69536 -9.9136 -4.4144 19.82816 -10.6576 -3.0616 21 -7.3912
5 24 -3.7936 20.69536 -9.1592 -4.4144 19.82816 -10.6576 0 20.69536 -9.9136 -7.0096 20.69536 -7.0096
5 24 -4.4144 19.82816 -10.6576 0 19.82816 -11.5352 -4.8296 18.53088 -11.6592 -3.7936 20.69536 -9.1592
5 24 -4.4144 19.82816 -10.6576 -4.8296 18.53088 -11.6592 0 19.82816 -11.5352 -8.1568 19.82816 -8.1568
5 24 -4.8296 18.53088 -11.6592 0 18.53088 -12.6192 -4.9752 17 -12.0104 -4.4144 19.82816 -10.6576
5 24 -4.8296 18.53088 -11.6592 -4.9752 17 -12.0104 0 18.53088 -12.6192 -8.9232 18.53088 -8.9232
5 24 -4.9752 17 -12.0104 0 17 -13 -4.9752 15.34304 -12.0104 -4.8296 18.53088 -11.6592

5 24 0 21 -8 0 20.69536 -9.9136 3.0616 21 -7.3912 -3.0616 21 -7.3912
5 24 0 20.69536 -9.9136 0 19.82816 -11.5352 3.7936 20.69536 -9.1592 -3.7936 20.69536 -9.1592
5 24 0 19.82816 -11.5352 0 18.53088 -12.6192 4.4144 19.82816 -10.6576 -4.4144 19.82816 -10.6576
5 24 0 18.53088 -12.6192 0 17 -13 4.8296 18.53088 -11.6592 -4.8296 18.53088 -11.6592

5 24 3.0616 21 -7.3912 0 21 -8 3.7936 20.69536 -9.1592 2.2688 21 -5.4776
5 24 3.0616 21 -7.3912 3.7936 20.69536 -9.1592 0 21 -8 5.6568 21 -5.6568
5 24 3.7936 20.69536 -9.1592 0 20.69536 -9.9136 4.4144 19.82816 -10.6576 3.0616 21 -7.3912
5 24 3.7936 20.69536 -9.1592 4.4144 19.82816 -10.6576 0 20.69536 -9.9136 7.0096 20.69536 -7.0096
5 24 4.4144 19.82816 -10.6576 0 19.82816 -11.5352 4.8296 18.53088 -11.6592 3.7936 20.69536 -9.1592
5 24 4.4144 19.82816 -10.6576 4.8296 18.53088 -11.6592 0 19.82816 -11.5352 8.1568 19.82816 -8.1568
5 24 4.8296 18.53088 -11.6592 0 18.53088 -12.6192 4.9752 17 -12.0104 4.4144 19.82816 -10.6576
5 24 4.8296 18.53088 -11.6592 4.9752 17 -12.0104 0 18.53088 -12.6192 8.9232 18.53088 -8.9232
5 24 4.9752 17 -12.0104 0 17 -13 4.9752 15.34304 -12.0104 4.8296 18.53088 -11.6592

0 // CHIN Front Lines 1-16 Right
5 24 5.6568 21 -5.6568 3.0616 21 -7.3912 7.0096 20.69536 -7.0096 4.192 21 -4.192
5 24 5.6568 21 -5.6568 7.0096 20.69536 -7.0096 3.0616 21 -7.3912 7.3912 21 -3.0616
5 24 7.0096 20.69536 -7.0096 3.7936 20.69536 -9.1592 8.1568 19.82816 -8.1568 5.6568 21 -5.6568
5 24 7.0096 20.69536 -7.0096 8.1568 19.82816 -8.1568 3.7936 20.69536 -9.1592 9.1592 20.69536 -3.7936
5 24 8.1568 19.82816 -8.1568 4.4144 19.82816 -10.6576 8.9232 18.53088 -8.9232 7.0096 20.69536 -7.0096
5 24 8.1568 19.82816 -8.1568 8.9232 18.53088 -8.9232 4.4144 19.82816 -10.6576 10.6576 19.82816 -4.4144
5 24 8.9232 18.53088 -8.9232 4.8296 18.53088 -11.6592 9.192 17 -9.192 8.1568 19.82816 -8.1568
5 24 8.9232 18.53088 -8.9232 9.192 17 -9.192 4.8296 18.53088 -11.6592 11.6592 18.53088 -4.8296
5 24 9.192 17 -9.192 4.9752 17 -12.0104 9.192 15.34304 -9.192 8.9232 18.53088 -8.9232
0 // CHIN Front Lines 1-4 Center END

0 // FOREHEAD Front Lines 1-4 Center
5 24 -5.6568 0 -5.6568 -3.0616 0 -7.3912 -7.0096 .30464 -7.0096 -4.192 0 -4.192
5 24 -5.6568 0 -5.6568 -7.0096 .30464 -7.0096 -3.0616 0 -7.3912 -7.3912 0 -3.0616
5 24 -7.0096 .30464 -7.0096 -3.7936 .30464 -9.1592 -8.1568 1.17184 -8.1568 -5.6568 0 -5.6568
5 24 -7.0096 .30464 -7.0096 -8.1568 1.17184 -8.1568 -3.7936 .30464 -9.1592 -9.1592 .30464 -3.7936
5 24 -8.1568 1.17184 -8.1568 -4.4144 1.17184 -10.6576 -8.9232 2.46912 -8.9232 -7.0096 .30464 -7.0096
5 24 -8.1568 1.17184 -8.1568 -8.9232 2.46912 -8.9232 -4.4144 1.17184 -10.6576 -10.6576 1.17184 -4.4144
5 24 -8.9232 2.46912 -8.9232 -4.8296 2.46912 -11.6592 -9.192 4 -9.192 -8.1568 1.17184 -8.1568
5 24 -8.9232 2.46912 -8.9232 -9.192 4 -9.192 -4.8296 2.46912 -11.6592 -11.6592 2.46912 -4.8296
5 24 -9.192 4 -9.192 -4.9752 4 -12.0104 -9.192 5.65696 -9.192 -8.9232 2.46912 -8.9232
5 24 -3.0616 0 -7.3912 0 0 -8 -3.7936 .30464 -9.1592 -2.2688 0 -5.4776
5 24 -3.0616 0 -7.3912 -3.7936 .30464 -9.1592 0 0 -8 -5.6568 0 -5.6568
5 24 -3.7936 .30464 -9.1592 0 .30464 -9.9136 -4.4144 1.17184 -10.6576 -3.0616 0 -7.3912
5 24 -3.7936 .30464 -9.1592 -4.4144 1.17184 -10.6576 0 .30464 -9.9136 -7.0096 .30464 -7.0096
5 24 -4.4144 1.17184 -10.6576 0 1.17184 -11.5352 -4.8296 2.46912 -11.6592 -3.7936 .30464 -9.1592
5 24 -4.4144 1.17184 -10.6576 -4.8296 2.46912 -11.6592 0 1.17184 -11.5352 -8.1568 1.17184 -8.1568
5 24 -4.8296 2.46912 -11.6592 0 2.46912 -12.6192 -4.9752 4 -12.0104 -4.4144 1.17184 -10.6576
5 24 -4.8296 2.46912 -11.6592 -4.9752 4 -12.0104 0 2.46912 -12.6192 -8.9232 2.46912 -8.9232
5 24 -4.9752 4 -12.0104 0 4 -13 -4.9752 5.65696 -12.0104 -4.8296 2.46912 -11.6592
5 24 0 0 -8 0 .30464 -9.9136 3.0616 0 -7.3912 -3.0616 0 -7.3912
5 24 0 .30464 -9.9136 0 1.17184 -11.5352 3.7936 .30464 -9.1592 -3.7936 .30464 -9.1592
5 24 0 1.17184 -11.5352 0 2.46912 -12.6192 4.4144 1.17184 -10.6576 -4.4144 1.17184 -10.6576
5 24 0 2.46912 -12.6192 0 4 -13 4.8296 2.46912 -11.6592 -4.8296 2.46912 -11.6592

5 24 5.6568 0 -5.6568 3.0616 0 -7.3912 7.0096 .30464 -7.0096 4.192 0 -4.192
5 24 5.6568 0 -5.6568 7.0096 .30464 -7.0096 3.0616 0 -7.3912 7.3912 0 -3.0616
5 24 7.0096 .30464 -7.0096 3.7936 .30464 -9.1592 8.1568 1.17184 -8.1568 5.6568 0 -5.6568
5 24 7.0096 .30464 -7.0096 8.1568 1.17184 -8.1568 3.7936 .30464 -9.1592 9.1592 .30464 -3.7936
5 24 8.1568 1.17184 -8.1568 4.4144 1.17184 -10.6576 8.9232 2.46912 -8.9232 7.0096 .30464 -7.0096
5 24 8.1568 1.17184 -8.1568 8.9232 2.46912 -8.9232 4.4144 1.17184 -10.6576 10.6576 1.17184 -4.4144
5 24 8.9232 2.46912 -8.9232 4.8296 2.46912 -11.6592 9.192 4 -9.192 8.1568 1.17184 -8.1568
5 24 8.9232 2.46912 -8.9232 9.192 4 -9.192 4.8296 2.46912 -11.6592 11.6592 2.46912 -4.8296
5 24 9.192 4 -9.192 4.9752 4 -12.0104 9.192 5.65696 -9.192 8.9232 2.46912 -8.9232

5 24 3.0616 0 -7.3912 0 0 -8 3.7936 .30464 -9.1592 2.2688 0 -5.4776
5 24 3.0616 0 -7.3912 3.7936 .30464 -9.1592 0 0 -8 5.6568 0 -5.6568
5 24 3.7936 .30464 -9.1592 0 .30464 -9.9136 4.4144 1.17184 -10.6576 3.0616 0 -7.3912
5 24 3.7936 .30464 -9.1592 4.4144 1.17184 -10.6576 0 .30464 -9.9136 7.0096 .30464 -7.0096
5 24 4.4144 1.17184 -10.6576 0 1.17184 -11.5352 4.8296 2.46912 -11.6592 3.7936 .30464 -9.1592
5 24 4.4144 1.17184 -10.6576 4.8296 2.46912 -11.6592 0 1.17184 -11.5352 8.1568 1.17184 -8.1568
5 24 4.8296 2.46912 -11.6592 0 2.46912 -12.6192 4.9752 4 -12.0104 4.4144 1.17184 -10.6576
5 24 4.8296 2.46912 -11.6592 4.9752 4 -12.0104 0 2.46912 -12.6192 8.9232 2.46912 -8.9232
5 24 4.9752 4 -12.0104 0 4 -13 4.9752 5.65696 -12.0104 4.8296 2.46912 -11.6592
