0 Minifig Head with White Headband and Cheek Lines, Frown / Determined 2-Sided Pattern
0 Name: 3626cpb1.dat
0 Author: Evert-Jan Boer [ejboer]
0 !LDRAW_ORG Part UPDATE 2023-05
0 !LICENSE Licensed under CC BY 4.0 : see CAreadme.txt

0 BFC CERTIFY CCW

0 !KEYWORDS Batman, Bricklink 3626cpb0637, Set 6860, Set 71200, Set 76001
0 !KEYWORDS Set 76139, Set 76158

0 !HISTORY 2023-10-31 [OrionP] Official Update 2023-05


1 16 0 0 0 1 0 0 0 1 0 0 0 1 s\3626cs02.dat
1 16 0 0 0 1 0 0 0 1 0 0 0 1 s\3626cpb1s01.dat
1 16 0 0 0 -1 0 0 0 1 0 0 0 1 s\3626cpb1s01.dat

1 16 0 0 0 1 0 0 0 1 0 0 0 1 s\3626bs05.dat

1 16 0 17 0 8 0 0 0 6.4 0 0 0 8 t08o6250.dat
1 16 0 17 0 -5.65685 0 -5.65685 0 6.4 0 5.65685 0 -5.65685 t08o6250.dat
1 16 0 17 0 0 0 8 0 6.4 0 -8 0 0 t04o6250.dat
1 16 0 17 0 -8 0 0 0 6.4 0 0 0 -8 t04o6250.dat

0 // Back
4 16 12.0107 8.7 4.9751 13 4 0 13 17 0 12.0107 17 4.9751
3 16 12.0107 8.7 4.9751 12.0107 8.2 4.9751 13 4 0
3 16 12.0107 8.2 4.9751 12.0107 4 4.9751 13 4 0
4 0 9.1923 8.7 9.1923 9.1923 8.2 9.1923 12.0107 8.2 4.9751 12.0107 8.7 4.9751
4 16 12.0107 8.7 4.9751 12.0107 17 4.9751 9.1923 17 9.1923 9.1923 8.7 9.1923
4 15 12.0107 4 4.9751 12.0107 8.2 4.9751 9.1923 8.2 9.1923 9.1923 4.0008 9.1923
4 0 4.9751 8.2 12.0107 9.1923 8.2 9.1923 9.1923 8.7 9.1923 4.9751 8.7 12.0107
4 84 8.35 11.1 9.755 7.8 11.35 10.1226 7.55 10.15 10.2897 7.85 9.95 10.0892
4 84 7.8 11.35 10.1226 8.35 11.1 9.755 8.5 12.05 9.6547 7.775 12 10.1393
4 84 8.3 12.8 9.7884 7.5 12.8 10.3231 7.775 12 10.1393 8.5 12.05 9.6547
4 84 7.5 12.8 10.3231 8.3 12.8 9.7884 7.7 13.55 10.1894 6.975 13.4 10.674
4 84 7.45 14.1 10.3565 6.7 14.2 10.8578 6.975 13.4 10.674 7.7 13.55 10.1894
4 84 7.25 14.95 10.4902 6.65 15.05 10.8912 6.7 14.2 10.8578 7.45 14.1 10.3565
4 84 6.65 15.05 10.8912 7.25 14.95 10.4902 7.05 16.15 10.6238 6.75 16.15 10.8243
4 16 4.9751 8.7 12.0107 9.1923 8.7 9.1923 7.85 9.95 10.0892 7.55 10.15 10.2897
3 16 8.35 11.1 9.755 7.85 9.95 10.0892 9.1923 8.7 9.1923
3 16 8.5 12.05 9.6547 8.35 11.1 9.755 9.1923 8.7 9.1923
3 16 9.1923 17 9.1923 8.5 12.05 9.6547 9.1923 8.7 9.1923
3 16 9.1923 17 9.1923 8.3 12.8 9.7884 8.5 12.05 9.6547
4 16 9.1923 17 9.1923 4.9751 17 12.0107 6.75 16.15 10.8243 7.05 16.15 10.6238
3 16 6.75 16.15 10.8243 4.9751 17 12.0107 6.65 15.05 10.8912
4 16 4.9751 8.7 12.0107 7.55 10.15 10.2897 7.8 11.35 10.1226 7.775 12 10.1393
4 16 7.5 12.8 10.3231 6.975 13.4 10.674 4.9751 8.7 12.0107 7.775 12 10.1393
4 16 6.7 14.2 10.8578 4.9751 17 12.0107 4.9751 8.7 12.0107 6.975 13.4 10.674
3 16 6.65 15.05 10.8912 4.9751 17 12.0107 6.7 14.2 10.8578
4 15 4.9751 8.2 12.0107 4.9751 4 12.0107 9.1923 4.0008 9.1923 9.1923 8.2 9.1923
4 15 2.635 9.5 12.476 3.765 9.5 12.2512 3.722 9.7162 12.2598 3.5995 9.8995 12.2841
3 15 3.2 10.065 12.3636 2.9838 10.022 12.4066 2.8005 9.8995 12.443
3 15 3.4162 8.978 12.3206 3.5995 9.1005 12.2841 3.2 8.935 12.3636
4 15 2.635 9.5 12.476 3.5995 9.1005 12.2841 3.722 9.2838 12.2598 3.765 9.5 12.2512
4 0 4.585 10.1 12.0881 3.5995 9.8995 12.2841 3.722 9.7162 12.2598 4.4796 9.4793 12.1091
4 0 3.765 9.5 12.2512 4.1793 8.9531 12.1688 4.4796 9.4793 12.1091 3.722 9.7162 12.2598
3 0 2.678 9.2838 12.4674 2.635 9.5 12.476 2.1046 9.1565 12.5814
4 0 2.1046 9.1565 12.5814 2.635 9.5 12.476 2.678 9.7162 12.4674 1.9204 9.4793 12.6181
4 0 1.9204 9.4793 12.6181 2.678 9.7162 12.4674 1.9204 10.7207 12.6181 1.815 10.1 12.639
3 0 2.9838 10.022 12.4066 2.2207 11.2469 12.5584 2.8005 9.8995 12.443
4 0 2.678 9.7162 12.4674 2.8005 9.8995 12.443 2.2207 11.2469 12.5584 1.9204 10.7207 12.6181
4 0 2.67 11.5985 12.469 2.2207 11.2469 12.5584 2.9838 10.022 12.4066 3.2 10.065 12.3636
3 0 3.2 11.722 12.3636 2.67 11.5985 12.469 3.73 11.5985 12.2582
3 0 4.1793 11.2469 12.1688 3.2 10.065 12.3636 3.4162 10.022 12.3206
4 0 2.67 11.5985 12.469 3.2 10.065 12.3636 4.1793 11.2469 12.1688 3.73 11.5985 12.2582
4 0 4.585 10.1 12.0881 4.4796 10.7207 12.1091 4.1793 11.2469 12.1688 3.5995 9.8995 12.2841
3 0 4.1793 11.2469 12.1688 3.4162 10.022 12.3206 3.5995 9.8995 12.2841
4 0 4.1793 8.9531 12.1688 3.765 9.5 12.2512 3.722 9.2838 12.2598 3.8559 8.7 12.2331
3 0 3.722 9.2838 12.2598 3.5995 9.1005 12.2841 3.8559 8.7 12.2331
3 0 2.1046 9.1565 12.5814 1.1 9.3 12.7812 1.1 8.7 12.7812
4 0 0 8.2 13 4.9751 8.2 12.0107 3.8559 8.7 12.2331 1.1 8.7 12.7812
3 0 1.1 8.7 12.7812 0 8.7 13 0 8.2 13
3 0 3.5995 9.1005 12.2841 3.4162 8.978 12.3206 3.8559 8.7 12.2331
3 0 3.4162 8.978 12.3206 3.2 8.935 12.3636 3.8559 8.7 12.2331
4 0 3.2 8.935 12.3636 2.9838 8.978 12.4066 1.1 8.7 12.7812 3.8559 8.7 12.2331
3 0 2.9838 8.978 12.4066 2.8005 9.1005 12.443 1.1 8.7 12.7812
4 0 2.8005 9.1005 12.443 2.678 9.2838 12.4674 2.1046 9.1565 12.5814 1.1 8.7 12.7812
3 0 4.9751 8.7 12.0107 3.8559 8.7 12.2331 4.9751 8.2 12.0107
4 0 3.35 14.6 12.3338 2.375 14 12.5277 4 13.7 12.2045 4.1 14.85 12.1846
4 0 0 15.05 13 0 14.35 13 3.35 14.6 12.3338 1.3 14.9 12.7415
3 0 3.35 14.6 12.3338 0 14.35 13 2.375 14 12.5277
4 0 1.7 16.6 12.6619 0 16.6 13 0 15.9 13 1.775 15.925 12.647
4 0 1.775 15.925 12.647 2.65 15.8 12.473 2.7 16.55 12.463 1.7 16.6 12.6619
4 0 3.45 16.325 12.3139 2.7 16.55 12.463 2.65 15.8 12.473 3.85 15.975 12.2343
4 0 3.85 15.975 12.2343 2.65 15.8 12.473 3.075 15.5 12.3885 4 15.5 12.2045
4 0 4 15.5 12.2045 3.075 15.5 12.3885 3.3 15.1 12.3437 4.1 14.85 12.1846
3 0 4.1 14.85 12.1846 3.3 15.1 12.3437 3.35 14.6 12.3338
3 0 3.075 15.5 12.3885 1.8 15.35 12.642 3.3 15.1 12.3437
4 15 3.3 15.1 12.3437 1.8 15.35 12.642 1.3 14.9 12.7415 3.35 14.6 12.3338
4 15 0 15.05 13 1.3 14.9 12.7415 1.8 15.35 12.642 0 15.9 13
3 15 1.775 15.925 12.647 0 15.9 13 2.65 15.8 12.473
4 15 0 15.9 13 1.8 15.35 12.642 3.075 15.5 12.3885 2.65 15.8 12.473
4 15 0 4 13 4.9751 4 12.0107 4.9751 8.2 12.0107 0 8.2 13
3 84 0.475 17 12.9055 0 17 13 0 16.9 13
4 16 0.475 17 12.9055 0 16.9 13 0 16.6 13 1.7 16.6 12.6619
4 16 1.1 9.3 12.7812 0 14.35 13 0 8.7 13 1.1 8.7 12.7812
4 16 0 14.35 13 1.1 9.3 12.7812 1.815 10.1 12.639 1.9204 10.7207 12.6181
3 16 1.9204 9.4793 12.6181 1.815 10.1 12.639 1.1 9.3 12.7812
3 16 1.9204 9.4793 12.6181 1.1 9.3 12.7812 2.1046 9.1565 12.5814
3 16 4.1793 8.9531 12.1688 3.8559 8.7 12.2331 4.9751 8.7 12.0107
3 16 4.4796 9.4793 12.1091 4.1793 8.9531 12.1688 4.9751 8.7 12.0107
3 16 4.585 10.1 12.0881 4.4796 9.4793 12.1091 4.9751 8.7 12.0107
4 16 0 14.35 13 1.9204 10.7207 12.6181 2.2207 11.2469 12.5584 2.375 14 12.5277
4 16 2.375 14 12.5277 2.2207 11.2469 12.5584 2.67 11.5985 12.469 4 13.7 12.2045
3 16 3.2 11.722 12.3636 4 13.7 12.2045 2.67 11.5985 12.469
3 16 4 13.7 12.2045 3.2 11.722 12.3636 3.73 11.5985 12.2582
3 16 4 13.7 12.2045 3.73 11.5985 12.2582 4.1793 11.2469 12.1688
4 16 2.7 16.55 12.463 4.9751 17 12.0107 0.475 17 12.9055 1.7 16.6 12.6619
3 16 4.9751 17 12.0107 2.7 16.55 12.463 3.45 16.325 12.3139
3 16 4.9751 17 12.0107 3.45 16.325 12.3139 3.85 15.975 12.2343
3 16 4.9751 17 12.0107 3.85 15.975 12.2343 4 15.5 12.2045
4 16 4.4796 10.7207 12.1091 4.1 14.85 12.1846 4 13.7 12.2045 4.1793 11.2469 12.1688
3 16 4.9751 17 12.0107 4 15.5 12.2045 4.1 14.85 12.1846
4 15 2.678 9.2838 12.4674 2.8005 9.1005 12.443 3.5995 9.1005 12.2841 2.635 9.5 12.476
4 15 2.678 9.7162 12.4674 2.635 9.5 12.476 3.5995 9.8995 12.2841 2.8005 9.8995 12.443
4 15 3.4162 10.022 12.3206 3.2 10.065 12.3636 2.8005 9.8995 12.443 3.5995 9.8995 12.2841
4 15 2.9838 8.978 12.4066 3.2 8.935 12.3636 3.5995 9.1005 12.2841 2.8005 9.1005 12.443
4 15 -2.8005 9.8995 12.443 -3.5995 9.8995 12.2841 -3.722 9.7162 12.2598 -3.765 9.5 12.2512
4 15 -2.8005 9.8995 12.443 -3.2 10.065 12.3636 -3.4162 10.022 12.3206 -3.5995 9.8995 12.2841
3 15 -2.9838 10.022 12.4066 -3.2 10.065 12.3636 -2.8005 9.8995 12.443
4 15 -3.765 9.5 12.2512 -2.635 9.5 12.476 -2.678 9.7162 12.4674 -2.8005 9.8995 12.443
4 15 -3.765 9.5 12.2512 -2.8005 9.1005 12.443 -2.678 9.2838 12.4674 -2.635 9.5 12.476
4 15 -3.5995 9.1005 12.2841 -3.2 8.935 12.3636 -2.9838 8.978 12.4066 -2.8005 9.1005 12.443
3 15 -3.5995 9.1005 12.2841 -3.4162 8.978 12.3206 -3.2 8.935 12.3636
4 15 -2.8005 9.1005 12.443 -3.765 9.5 12.2512 -3.722 9.2838 12.2598 -3.5995 9.1005 12.2841
4 0 -4.585 10.1 12.0881 -4.4796 9.4793 12.1091 -3.722 9.7162 12.2598 -3.5995 9.8995 12.2841
4 0 -3.765 9.5 12.2512 -3.722 9.7162 12.2598 -4.4796 9.4793 12.1091 -4.1793 8.9531 12.1688
4 0 -4.1793 8.9531 12.1688 -3.8559 8.7 12.2331 -3.722 9.2838 12.2598 -3.765 9.5 12.2512
4 0 -2.678 9.2838 12.4674 -2.1046 9.1565 12.5814 -1.9204 9.4793 12.6181 -2.635 9.5 12.476
4 0 -2.635 9.5 12.476 -1.9204 9.4793 12.6181 -1.815 10.1 12.639 -2.678 9.7162 12.4674
4 0 -1.815 10.1 12.639 -1.9204 10.7207 12.6181 -2.8005 9.8995 12.443 -2.678 9.7162 12.4674
4 0 -2.9838 10.022 12.4066 -2.8005 9.8995 12.443 -1.9204 10.7207 12.6181 -2.2207 11.2469 12.5584
4 0 -3.73 11.5985 12.2582 -3.2 10.065 12.3636 -2.2207 11.2469 12.5584 -2.67 11.5985 12.469
3 0 -2.2207 11.2469 12.5584 -3.2 10.065 12.3636 -2.9838 10.022 12.4066
3 0 -3.2 11.722 12.3636 -3.73 11.5985 12.2582 -2.67 11.5985 12.469
4 0 -3.73 11.5985 12.2582 -4.1793 11.2469 12.1688 -3.4162 10.022 12.3206 -3.2 10.065 12.3636
4 0 -3.4162 10.022 12.3206 -4.1793 11.2469 12.1688 -4.4796 10.7207 12.1091 -3.5995 9.8995 12.2841
3 0 -4.4796 10.7207 12.1091 -4.585 10.1 12.0881 -3.5995 9.8995 12.2841
3 0 -3.5995 9.1005 12.2841 -3.722 9.2838 12.2598 -3.8559 8.7 12.2331
3 0 -1.1 9.3 12.7812 -2.1046 9.1565 12.5814 -1.1 8.7 12.7812
4 0 -2.8005 9.1005 12.443 -1.1 8.7 12.7812 -2.1046 9.1565 12.5814 -2.678 9.2838 12.4674
4 0 0 8.2 13 -1.1 8.7 12.7812 -3.8559 8.7 12.2331 -4.9751 8.2 12.0107
3 0 0 8.7 13 -1.1 8.7 12.7812 0 8.2 13
3 0 -3.4162 8.978 12.3206 -3.5995 9.1005 12.2841 -3.8559 8.7 12.2331
3 0 -3.2 8.935 12.3636 -3.4162 8.978 12.3206 -3.8559 8.7 12.2331
4 0 -3.2 8.935 12.3636 -3.8559 8.7 12.2331 -1.1 8.7 12.7812 -2.9838 8.978 12.4066
3 0 -2.8005 9.1005 12.443 -2.9838 8.978 12.4066 -1.1 8.7 12.7812
3 0 -3.8559 8.7 12.2331 -4.9751 8.7 12.0107 -4.9751 8.2 12.0107
4 0 -2.525 15.3 12.4978 -2.65 14.65 12.473 0 14.35 13 0 15.05 13
4 0 -2.525 15.3 12.4978 -3.7 15.525 12.2642 -4.4 14.8 12.1249 -2.65 14.65 12.473
4 0 -2.525 15.3 12.4978 -1.375 15.675 12.7265 -2.7 16.1 12.463 -3.7 15.525 12.2642
4 0 -1.3 16.45 12.7415 -2.7 16.1 12.463 -1.375 15.675 12.7265 0 15.9 13
3 0 0 16.6 13 -1.3 16.45 12.7415 0 15.9 13
4 15 -1.375 15.675 12.7265 -2.525 15.3 12.4978 0 15.05 13 0 15.9 13
4 84 0 17 13 -1.8 17 12.642 -1.1 16.9 12.7812 0 16.9 13
3 16 -3.7 15.525 12.2642 -4.9751 17 12.0107 -4.4 14.8 12.1249
4 16 -1.3 16.45 12.7415 -1.1 16.9 12.7812 -1.8 17 12.642 -2.7 16.1 12.463
4 16 0 16.6 13 0 16.9 13 -1.1 16.9 12.7812 -1.3 16.45 12.7415
3 16 -4.1793 8.9531 12.1688 -4.9751 8.7 12.0107 -3.8559 8.7 12.2331
3 16 -4.1793 8.9531 12.1688 -4.4796 9.4793 12.1091 -4.9751 8.7 12.0107
3 16 -4.4796 9.4793 12.1091 -4.585 10.1 12.0881 -4.9751 8.7 12.0107
4 16 0 8.7 13 0 14.35 13 -1.1 9.3 12.7812 -1.1 8.7 12.7812
4 16 -2.2207 11.2469 12.5584 -1.9204 10.7207 12.6181 -1.1 9.3 12.7812 0 14.35 13
3 16 -1.9204 10.7207 12.6181 -1.815 10.1 12.639 -1.1 9.3 12.7812
3 16 -1.1 9.3 12.7812 -1.9204 9.4793 12.6181 -2.1046 9.1565 12.5814
3 16 -1.815 10.1 12.639 -1.9204 9.4793 12.6181 -1.1 9.3 12.7812
4 16 -2.67 11.5985 12.469 -2.2207 11.2469 12.5584 0 14.35 13 -2.65 14.65 12.473
4 16 -2.65 14.65 12.473 -4.4 14.8 12.1249 -3.2 11.722 12.3636 -2.67 11.5985 12.469
3 16 -3.2 11.722 12.3636 -4.4 14.8 12.1249 -3.73 11.5985 12.2582
3 16 -4.1793 11.2469 12.1688 -4.9751 17 12.0107 -4.4796 10.7207 12.1091
4 16 -3.73 11.5985 12.2582 -4.4 14.8 12.1249 -4.9751 17 12.0107 -4.1793 11.2469 12.1688
4 16 -4.9751 17 12.0107 -4.9751 8.7 12.0107 -4.585 10.1 12.0881 -4.4796 10.7207 12.1091
4 15 0 4 13 0 8.2 13 -4.9751 8.2 12.0107 -4.9751 4 12.0107
4 16 -4.9751 17 12.0107 -3.7 15.525 12.2642 -2.7 16.1 12.463 -1.8 17 12.642
4 84 -8.35 11.1 9.755 -7.85 9.95 10.0892 -7.55 10.15 10.2897 -7.8 11.35 10.1226
4 84 -7.8 11.35 10.1226 -7.775 12 10.1393 -8.5 12.05 9.6547 -8.35 11.1 9.755
4 84 -8.3 12.8 9.7884 -8.5 12.05 9.6547 -7.775 12 10.1393 -7.5 12.8 10.3231
4 84 -7.5 12.8 10.3231 -6.975 13.4 10.674 -7.7 13.55 10.1894 -8.3 12.8 9.7884
4 84 -7.45 14.1 10.3565 -7.7 13.55 10.1894 -6.975 13.4 10.674 -6.7 14.2 10.8578
4 84 -6.7 14.2 10.8578 -6.65 15.05 10.8912 -7.25 14.95 10.4902 -7.45 14.1 10.3565
4 84 -7.05 16.15 10.6238 -7.25 14.95 10.4902 -6.65 15.05 10.8912 -6.75 16.15 10.8243
4 0 -4.9751 8.2 12.0107 -4.9751 8.7 12.0107 -9.1923 8.7 9.1923 -9.1923 8.2 9.1923
4 16 -4.9751 8.7 12.0107 -7.55 10.15 10.2897 -7.85 9.95 10.0892 -9.1923 8.7 9.1923
3 16 -7.85 9.95 10.0892 -8.35 11.1 9.755 -9.1923 8.7 9.1923
3 16 -8.35 11.1 9.755 -8.5 12.05 9.6547 -9.1923 8.7 9.1923
3 16 -8.5 12.05 9.6547 -9.1923 17 9.1923 -9.1923 8.7 9.1923
3 16 -8.3 12.8 9.7884 -9.1923 17 9.1923 -8.5 12.05 9.6547
4 16 -6.75 16.15 10.8243 -4.9751 17 12.0107 -9.1923 17 9.1923 -7.05 16.15 10.6238
3 16 -4.9751 17 12.0107 -6.75 16.15 10.8243 -6.65 15.05 10.8912
3 16 -4.9751 17 12.0107 -6.65 15.05 10.8912 -6.7 14.2 10.8578
4 16 -6.7 14.2 10.8578 -6.975 13.4 10.674 -4.9751 8.7 12.0107 -4.9751 17 12.0107
4 15 -4.9751 8.2 12.0107 -9.1923 8.2 9.1923 -9.1923 4.0008 9.1923 -4.9751 4 12.0107
4 16 -7.7 13.55 10.1894 -7.45 14.1 10.3565 -9.1923 17 9.1923 -8.3 12.8 9.7884
4 16 -9.1923 17 9.1923 -7.45 14.1 10.3565 -7.25 14.95 10.4902 -7.05 16.15 10.6238
4 0 -9.1923 8.7 9.1923 -12.0107 8.7 4.9751 -12.0107 8.2 4.9751 -9.1923 8.2 9.1923
4 16 -12.0107 17 4.9751 -12.0107 8.7 4.9751 -9.1923 8.7 9.1923 -9.1923 17 9.1923
4 15 -12.0107 4 4.9751 -9.1923 4.0008 9.1923 -9.1923 8.2 9.1923 -12.0107 8.2 4.9751
4 16 -13 4 0 -12.0107 8.2 4.9751 -12.0107 8.7 4.9751 -13 17 0
3 16 -12.0107 17 4.9751 -13 17 0 -12.0107 8.7 4.9751
3 16 -12.0107 8.2 4.9751 -13 4 0 -12.0107 4 4.9751
4 16 3.7936 0.3046 9.159 0 0.3046 9.9134 0 0 8 3.0616 0 7.3912
4 16 0 0.3046 9.9134 3.7936 0.3046 9.159 4.4144 1.1718 10.6575 0 1.1718 11.5351
4 16 4.7435 2.2 11.4514 0 2.2 12.3943 0 1.1718 11.5351 4.4144 1.1718 10.6575
4 0 0 2.2 12.3943 4.7435 2.2 11.4514 4.8296 2.4691 11.6592 0 2.4691 12.6192
4 0 0 2.4691 12.6192 4.8296 2.4691 11.6592 4.8394 2.5718 11.6828 0 2.5718 12.6447
4 15 0 4 13 0 2.5718 12.6447 4.8394 2.5718 11.6828 4.9751 4 12.0107
4 16 7.0096 0.3046 7.0094 3.7936 0.3046 9.159 3.0616 0 7.3912 5.6568 0 5.6568
4 16 3.7936 0.3046 9.159 7.0096 0.3046 7.0094 8.1568 1.1718 8.1567 4.4144 1.1718 10.6575
4 16 4.7435 2.2 11.4514 4.4144 1.1718 10.6575 8.1568 1.1718 8.1567 8.7642 2.2 8.7642
4 0 4.7435 2.2 11.4514 8.7642 2.2 8.7642 8.9232 2.4691 8.9232 4.8296 2.4691 11.6592
4 0 8.9412 2.5718 8.9413 4.8394 2.5718 11.6828 4.8296 2.4691 11.6592 8.9232 2.4691 8.9232
4 15 4.8394 2.5718 11.6828 8.9412 2.5718 8.9413 9.1923 4.0008 9.1923 4.9751 4 12.0107
4 16 5.6568 0 5.6568 7.3912 0 3.0616 9.1592 0.3046 3.793 7.0096 0.3046 7.0094
4 16 7.0096 0.3046 7.0094 9.1592 0.3046 3.793 10.6576 1.1718 4.4142 8.1568 1.1718 8.1567
4 0 11.6592 2.4691 4.8296 8.9232 2.4691 8.9232 8.7642 2.2 8.7642 11.4514 2.2 4.7435
4 16 8.7642 2.2 8.7642 8.1568 1.1718 8.1567 10.6576 1.1718 4.4142 11.4514 2.2 4.7435
4 15 11.6828 2.5718 4.8392 12.0107 4 4.9751 9.1923 4.0008 9.1923 8.9412 2.5718 8.9413
4 0 8.9232 2.4691 8.9232 11.6592 2.4691 4.8296 11.6828 2.5718 4.8392 8.9412 2.5718 8.9413
4 16 7.3912 0 3.0616 8 0 0 9.9136 0.3046 -0.0007 9.1592 0.3046 3.793
4 16 9.1592 0.3046 3.793 9.9136 0.3046 -0.0007 11.5352 1.1718 -0.0002 10.6576 1.1718 4.4142
4 16 11.4514 2.2 4.7435 11.5352 1.1718 -0.0002 12.6192 2.4691 0 11.6592 2.4691 4.8296
3 16 11.4514 2.2 4.7435 10.6576 1.1718 4.4142 11.5352 1.1718 -0.0002
4 16 13 4 0 11.6828 2.5718 4.8392 11.6592 2.4691 4.8296 12.6192 2.4691 0
3 16 13 4 0 12.0107 4 4.9751 11.6828 2.5718 4.8392
4 16 7.0096 20.6954 7.0096 5.6568 21 5.6568 3.0616 21 7.3912 3.7936 20.6954 9.1592
4 16 3.7936 20.6954 9.1592 4.4144 19.8282 10.6576 8.1568 19.8282 8.1568 7.0096 20.6954 7.0096
4 16 8.9232 18.5309 8.9232 8.1568 19.8282 8.1568 4.4144 19.8282 10.6576 4.8296 18.5309 11.6592
4 16 8.9232 18.5309 8.9232 4.8296 18.5309 11.6592 4.9751 17 12.0107 9.1923 17 9.1923
4 16 3.7936 20.6954 9.1592 3.0616 21 7.3912 0 21 8 0 20.6954 9.9136
4 16 4.4144 19.8282 10.6576 3.7936 20.6954 9.1592 0 20.6954 9.9136 0 19.8282 11.5352
4 16 4.8296 18.5309 11.6592 4.4144 19.8282 10.6576 0 19.8282 11.5352 0 18.5309 12.6192
4 84 0.95 17.1 12.7862 1.95 17.45 12.5003 0.7 17.75 12.6742 0.475 17 12.9055
4 16 0.7 17.75 12.6742 4.8296 18.5309 11.6592 0 18.5309 12.6192 0 17.8 12.801
4 16 1.95 17.45 12.5003 4.9751 17 12.0107 4.8296 18.5309 11.6592 0.7 17.75 12.6742
3 16 0.95 17.1 12.7862 0.475 17 12.9055 4.9751 17 12.0107
3 16 1.95 17.45 12.5003 0.95 17.1 12.7862 4.9751 17 12.0107
4 84 0.475 17 12.9055 0.7 17.75 12.6742 0 17.8 12.801 0 17 13
4 16 0 20.6954 9.9136 0 21 8 -3.0616 21 7.3912 -3.7936 20.6954 9.1592
4 16 0 19.8282 11.5352 0 20.6954 9.9136 -3.7936 20.6954 9.1592 -4.4144 19.8282 10.6576
4 16 0 18.5309 12.6192 0 19.8282 11.5352 -4.4144 19.8282 10.6576 -4.8296 18.5309 11.6592
4 16 -4.8296 18.5309 11.6592 -4.9751 17 12.0107 -1.8 17 12.642 -1.5 17.4 12.6022
4 16 -4.8296 18.5309 11.6592 -1.5 17.4 12.6022 -0.9 17.7 12.6469 0 18.5309 12.6192
3 16 0 17.8 12.801 0 18.5309 12.6192 -0.9 17.7 12.6469
4 84 -1.8 17 12.642 0 17 13 0 17.8 12.801 -1.5 17.4 12.6022
3 84 0 17.8 12.801 -0.9 17.7 12.6469 -1.5 17.4 12.6022
4 16 -5.6568 21 5.6568 -7.0096 20.6954 7.0096 -3.7936 20.6954 9.1592 -3.0616 21 7.3912
4 16 -4.4144 19.8282 10.6576 -3.7936 20.6954 9.1592 -7.0096 20.6954 7.0096 -8.1568 19.8282 8.1568
4 16 -4.8296 18.5309 11.6592 -4.4144 19.8282 10.6576 -8.1568 19.8282 8.1568 -8.9232 18.5309 8.9232
4 16 -8.9232 18.5309 8.9232 -9.1923 17 9.1923 -4.9751 17 12.0107 -4.8296 18.5309 11.6592
4 16 -7.3912 0 3.0616 -9.1592 0.3046 3.793 -9.9136 0.3046 -0.0007 -8 0 0
4 16 -11.5352 1.1718 -0.0002 -9.9136 0.3046 -0.0007 -9.1592 0.3046 3.793 -10.6576 1.1718 4.4142
4 16 -11.4514 2.2 4.7435 -11.6592 2.4691 4.8296 -12.6192 2.4691 0 -11.5352 1.1718 -0.0002
3 16 -11.4514 2.2 4.7435 -11.5352 1.1718 -0.0002 -10.6576 1.1718 4.4142
3 16 -12.0107 4 4.9751 -13 4 0 -11.6828 2.5718 4.8392
4 16 -11.6592 2.4691 4.8296 -11.6828 2.5718 4.8392 -13 4 0 -12.6192 2.4691 0
4 16 -9.1592 0.3046 3.793 -7.3912 0 3.0616 -5.6568 0 5.6568 -7.0096 0.3046 7.0094
4 16 -10.6576 1.1718 4.4142 -9.1592 0.3046 3.793 -7.0096 0.3046 7.0094 -8.1568 1.1718 8.1567
4 0 -8.7642 2.2 8.7642 -8.9232 2.4691 8.9232 -11.6592 2.4691 4.8296 -11.4514 2.2 4.7435
4 16 -8.7642 2.2 8.7642 -11.4514 2.2 4.7435 -10.6576 1.1718 4.4142 -8.1568 1.1718 8.1567
4 15 -11.6828 2.5718 4.8392 -8.9412 2.5718 8.9413 -9.1923 4.0008 9.1923 -12.0107 4 4.9751
4 0 -8.9232 2.4691 8.9232 -8.9412 2.5718 8.9413 -11.6828 2.5718 4.8392 -11.6592 2.4691 4.8296
4 16 -3.0616 0 7.3912 -3.7936 0.3046 9.159 -7.0096 0.3046 7.0094 -5.6568 0 5.6568
4 16 -3.7936 0.3046 9.159 -4.4144 1.1718 10.6575 -8.1568 1.1718 8.1567 -7.0096 0.3046 7.0094
4 16 -8.1568 1.1718 8.1567 -4.4144 1.1718 10.6575 -4.7435 2.2 11.4514 -8.7642 2.2 8.7642
4 0 -8.9232 2.4691 8.9232 -8.7642 2.2 8.7642 -4.7435 2.2 11.4514 -4.8296 2.4691 11.6592
4 0 -8.9412 2.5718 8.9413 -8.9232 2.4691 8.9232 -4.8296 2.4691 11.6592 -4.8394 2.5718 11.6828
4 15 -4.8394 2.5718 11.6828 -4.9751 4 12.0107 -9.1923 4.0008 9.1923 -8.9412 2.5718 8.9413
4 16 -3.7936 0.3046 9.159 -3.0616 0 7.3912 0 0 8 0 0.3046 9.9134
4 16 0 0.3046 9.9134 0 1.1718 11.5351 -4.4144 1.1718 10.6575 -3.7936 0.3046 9.159
4 16 -4.7435 2.2 11.4514 -4.4144 1.1718 10.6575 0 1.1718 11.5351 0 2.2 12.3943
4 0 0 2.2 12.3943 0 2.4691 12.6192 -4.8296 2.4691 11.6592 -4.7435 2.2 11.4514
4 0 -4.8394 2.5718 11.6828 -4.8296 2.4691 11.6592 0 2.4691 12.6192 0 2.5718 12.6447
4 15 -4.8394 2.5718 11.6828 0 2.5718 12.6447 0 4 13 -4.9751 4 12.0107
4 16 7.45 14.1 10.3565 7.7 13.55 10.1894 8.3 12.8 9.7884 9.1923 17 9.192
4 16 7.45 14.1 10.3565 9.1923 17 9.1923 7.05 16.15 10.6238 7.25 14.95 10.4902
4 16 -7.775 12 10.1393 -4.9751 8.7 12.0107 -6.975 13.4 10.674 -7.5 12.8 10.3231
4 16 -7.775 12 10.1393 -7.8 11.35 10.1226 -7.55 10.15 10.2897 -4.9751 8.7 12.0107
4 16 4.585 10.1 12.0881 4.9751 17 12.0107 4.1 14.85 12.1846 4.4796 10.7207 12.1091
3 16 4.585 10.1 12.0881 4.9751 8.7 12.0107 4.9751 17 12.0107

5 24 -13 17 0 -13 4 0 -12.0107 17 4.9751 -12.0107 17 -4.9751
5 24 -8 0 0 -9.9136 0.3046 0 -7.3912 0 3.0616 -7.3912 0 -3.0616
5 24 -9.9136 0.3046 0 -11.5352 1.1718 0 -9.1592 0.3046 3.7936 -9.1592 0.3046 -3.7936
5 24 -11.5352 1.1718 0 -12.6192 2.4691 0 -10.6576 1.1718 4.4144 -10.6576 1.1718 -4.4144
5 24 -12.6192 2.4691 0 -13 4 0 -11.6592 2.4691 4.8296 -11.6592 2.4691 -4.8296
5 24 13 17 0 13 4 0 12.0107 17 -4.9751 12.0107 17 4.9751
5 24 8 0 0 9.9136 0.3046 0 7.3912 0 -3.0616 7.3912 0 3.0616
5 24 9.9136 0.3046 0 11.5352 1.1718 0 9.1592 0.3046 -3.7936 9.1592 0.3046 3.7936
5 24 11.5352 1.1718 0 12.6192 2.4691 0 10.6576 1.1718 -4.4144 10.6576 1.1718 4.4144
5 24 12.6192 2.4691 0 13 4 0 11.6592 2.4691 -4.8296 11.6592 2.4691 4.8296
5 24 12.0107 4 4.9751 13 4 0 12.01 5.657 4.975 11.6592 2.4691 4.8296
5 24 11.6592 2.4691 4.8296 12.6192 2.4691 0 12.0107 4 4.9751 10.6576 1.1718 4.4144
5 24 10.6576 1.1718 4.4144 11.5352 1.1718 0 11.6592 2.4691 4.8296 9.1592 0.3046 3.7936
5 24 9.1592 0.3046 3.7936 9.9136 0.3046 0 10.6576 1.1718 4.4144 7.3912 0 3.0616
5 24 7.3912 0 3.0616 8 0 0 9.1592 0.3046 3.7936 5.5434 0 2.2962
5 24 12.0107 17 4.9751 13 17 0 12.01 15.343 4.975 11.6592 18.5309 4.8296
5 24 12.0107 17 4.9751 12.0107 4 4.9751 13 17 0 9.1923 17 9.1923
5 24 7.3912 0 3.0616 9.1592 0.3046 3.7936 8 0 0 5.6568 0 5.6568
5 24 9.1592 0.3046 3.7936 10.6576 1.1718 4.4144 9.9136 0.3046 0 7.0096 0.3046 7.0096
5 24 10.6576 1.1718 4.4144 11.6592 2.4691 4.8296 11.5352 1.1718 0 8.1568 1.1718 8.1568
5 24 11.6592 2.4691 4.8296 12.0107 4 4.9751 12.6192 2.4691 0 8.9232 2.4691 8.9232
5 24 9.1923 4 9.1923 12.0107 4 4.9751 9.192 5.657 9.192 8.9232 2.4691 8.9232
5 24 8.9232 2.4691 8.9232 11.6592 2.4691 4.8296 9.1923 4 9.1923 8.1568 1.1718 8.1568
5 24 8.1568 1.1718 8.1568 10.6576 1.1718 4.4144 8.9232 2.4691 8.9232 7.0096 0.3046 7.0096
5 24 7.0096 0.3046 7.0096 9.1592 0.3046 3.7936 8.1568 1.1718 8.1568 5.6568 0 5.6568
5 24 5.6568 0 5.6568 7.3912 0 3.0616 7.0096 0.3046 7.0096 4.2426 0 4.2426
5 24 9.1923 17 9.1923 12.0107 17 4.9751 9.192 15.343 9.192 8.9232 18.5309 8.9232
5 24 9.1923 17 9.1923 9.1923 4 9.1923 12.0107 17 4.9751 4.9751 17 12.0107
5 24 5.6568 0 5.6568 7.0096 0.3046 7.0096 7.3912 0 3.0616 3.0616 0 7.3912
5 24 7.0096 0.3046 7.0096 8.1568 1.1718 8.1568 9.1592 0.3046 3.7936 3.7936 0.3046 9.1592
5 24 8.1568 1.1718 8.1568 8.9232 2.4691 8.9232 10.6576 1.1718 4.4144 4.4144 1.1718 10.6576
5 24 8.9232 2.4691 8.9232 9.1923 4 9.1923 11.6592 2.4691 4.8296 4.8296 2.4691 11.6592
5 24 4.9751 4 12.0107 9.1923 4 9.1923 4.975 5.657 12.01 4.8296 2.4691 11.6592
5 24 4.8296 2.4691 11.6592 8.9232 2.4691 8.9232 4.9751 4 12.0107 4.4144 1.1718 10.6576
5 24 4.4144 1.1718 10.6576 8.1568 1.1718 8.1568 4.8296 2.4691 11.6592 3.7936 0.3046 9.1592
5 24 3.7936 0.3046 9.1592 7.0096 0.3046 7.0096 4.4144 1.1718 10.6576 3.0616 0 7.3912
5 24 3.0616 0 7.3912 5.6568 0 5.6568 3.7936 0.3046 9.1592 2.2962 0 5.5434
5 24 5.6568 21 5.6568 7.0096 20.6954 7.0096 7.3912 21 3.0616 3.0616 21 7.3912
5 24 7.0096 20.6954 7.0096 8.1568 19.8282 8.1568 9.1592 20.6954 3.7936 3.7936 20.6954 9.1592
5 24 8.1568 19.8282 8.1568 8.9232 18.5309 8.9232 10.6576 19.8282 4.4144 4.4144 19.8282 10.6576
5 24 8.9232 18.5309 8.9232 9.1923 17 9.1923 11.6592 18.5309 4.8296 4.8296 18.5309 11.6592
5 24 4.9751 17 12.0107 9.1923 17 9.1923 4.975 15.343 12.01 4.8296 18.5309 11.6592
5 24 4.8296 18.5309 11.6592 8.9232 18.5309 8.9232 4.9751 17 12.0107 4.4144 19.8282 10.6576
5 24 4.4144 19.8282 10.6576 8.1568 19.8282 8.1568 4.8296 18.5309 11.6592 3.7936 20.6954 9.1592
5 24 3.7936 20.6954 9.1592 7.0096 20.6954 7.0096 4.4144 19.8282 10.6576 3.0616 21 7.3912
5 24 3.0616 21 7.3912 5.6568 21 5.6568 3.7936 20.6954 9.1592 2.2962 21 5.5434
5 24 4.9751 17 12.0107 4.9751 4 12.0107 9.1923 17 9.1923 0 17 13
5 24 3.0616 0 7.3912 3.7936 0.3046 9.1592 5.6568 0 5.6568 0 0 8
5 24 3.7936 0.3046 9.1592 4.4144 1.1718 10.6576 7.0096 0.3046 7.0096 0 0.3046 9.9136
5 24 4.4144 1.1718 10.6576 4.8296 2.4691 11.6592 8.1568 1.1718 8.1568 0 1.1718 11.5352
5 24 4.8296 2.4691 11.6592 4.9751 4 12.0107 8.9232 2.4691 8.9232 0 2.4691 12.6192
5 24 0 4 13 4.9751 4 12.0107 0 5.657 13 0 2.4691 12.6192
5 24 0 2.4691 12.6192 4.8296 2.4691 11.6592 0 4 13 0 1.1718 11.5352
5 24 0 1.1718 11.5352 4.4144 1.1718 10.6576 0 2.4691 12.6192 0 0.3046 9.9136
5 24 0 0.3046 9.9136 3.7936 0.3046 9.1592 0 1.1718 11.5352 0 0 8
5 24 0 0 8 3.0616 0 7.3912 0 0.3046 9.9136 0 0 6
5 24 3.0616 21 7.3912 3.7936 20.6954 9.1592 5.6568 21 5.6568 0 21 8
5 24 3.7936 20.6954 9.1592 4.4144 19.8282 10.6576 7.0096 20.6954 7.0096 0 20.6954 9.9136
5 24 4.4144 19.8282 10.6576 4.8296 18.5309 11.6592 8.1568 19.8282 8.1568 0 19.8282 11.5352
5 24 4.8296 18.5309 11.6592 4.9751 17 12.0107 8.9232 18.5309 8.9232 0 18.5309 12.6192
5 24 0 17 13 4.9751 17 12.0107 0 15.343 13 0 18.5309 12.6192
5 24 0 18.5309 12.6192 4.8296 18.5309 11.6592 0 17 13 0 19.8282 11.5352
5 24 0 19.8282 11.5352 4.4144 19.8282 10.6576 0 18.5309 12.6192 0 20.6954 9.9136
5 24 0 20.6954 9.9136 3.7936 20.6954 9.1592 0 19.8282 11.5352 0 21 8
5 24 0 21 8 3.0616 21 7.3912 0 20.6954 9.9136 0 21 6
5 24 0 17 13 0 4 13 4.9751 17 12.0107 -4.9751 17 12.0107
5 24 0 0 8 0 0.3046 9.9136 3.0616 0 7.3912 -3.0616 0 7.3912
5 24 0 0.3046 9.9136 0 1.1718 11.5352 3.7936 0.3046 9.1592 -3.7936 0.3046 9.1592
5 24 0 1.1718 11.5352 0 2.4691 12.6192 4.4144 1.1718 10.6576 -4.4144 1.1718 10.6576
5 24 0 2.4691 12.6192 0 4 13 4.8296 2.4691 11.6592 -4.8296 2.4691 11.6592
5 24 -4.9751 4 12.0107 0 4 13 -4.975 5.657 12.01 -4.8296 2.4691 11.6592
5 24 -4.8296 2.4691 11.6592 0 2.4691 12.6192 -4.9751 4 12.0107 -4.4144 1.1718 10.6576
5 24 -4.4144 1.1718 10.6576 0 1.1718 11.5352 -4.8296 2.4691 11.6592 -3.7936 0.3046 9.1592
5 24 -3.7936 0.3046 9.1592 0 0.3046 9.9136 -4.4144 1.1718 10.6576 -3.0616 0 7.3912
5 24 -3.0616 0 7.3912 0 0 8 -3.7936 0.3046 9.1592 -2.2962 0 5.5434
5 24 0 21 8 0 20.6954 9.9136 3.0616 21 7.3912 -3.0616 21 7.3912
5 24 0 20.6954 9.9136 0 19.8282 11.5352 3.7936 20.6954 9.1592 -3.7936 20.6954 9.1592
5 24 0 19.8282 11.5352 0 18.5309 12.6192 4.4144 19.8282 10.6576 -4.4144 19.8282 10.6576
5 24 0 18.5309 12.6192 0 17 13 4.8296 18.5309 11.6592 -4.8296 18.5309 11.6592
5 24 -4.9751 17 12.0107 0 17 13 -4.975 15.343 12.01 -4.8296 18.5309 11.6592
5 24 -4.8296 18.5309 11.6592 0 18.5309 12.6192 -4.9751 17 12.0107 -4.4144 19.8282 10.6576
5 24 -4.4144 19.8282 10.6576 0 19.8282 11.5352 -4.8296 18.5309 11.6592 -3.7936 20.6954 9.1592
5 24 -3.7936 20.6954 9.1592 0 20.6954 9.9136 -4.4144 19.8282 10.6576 -3.0616 21 7.3912
5 24 -3.0616 21 7.3912 0 21 8 -3.7936 20.6954 9.1592 -2.2962 21 5.5434
5 24 -4.9751 17 12.0107 -4.9751 4 12.0107 0 17 13 -9.1923 17 9.1923
5 24 -3.0616 0 7.3912 -3.7936 0.3046 9.1592 0 0 8 -5.6568 0 5.6568
5 24 -3.7936 0.3046 9.1592 -4.4144 1.1718 10.6576 0 0.3046 9.9136 -7.0096 0.3046 7.0096
5 24 -4.4144 1.1718 10.6576 -4.8296 2.4691 11.6592 0 1.1718 11.5352 -8.1568 1.1718 8.1568
5 24 -4.8296 2.4691 11.6592 -4.9751 4 12.0107 0 2.4691 12.6192 -8.9232 2.4691 8.9232
5 24 -9.1923 4 9.1923 -4.9751 4 12.0107 -9.192 5.657 9.192 -8.9232 2.4691 8.9232
5 24 -8.9232 2.4691 8.9232 -4.8296 2.4691 11.6592 -9.1923 4 9.1923 -8.1568 1.1718 8.1568
5 24 -8.1568 1.1718 8.1568 -4.4144 1.1718 10.6576 -8.9232 2.4691 8.9232 -7.0096 0.3046 7.0096
5 24 -7.0096 0.3046 7.0096 -3.7936 0.3046 9.1592 -8.1568 1.1718 8.1568 -5.6568 0 5.6568
5 24 -5.6568 0 5.6568 -3.0616 0 7.3912 -7.0096 0.3046 7.0096 -4.2426 0 4.2426
5 24 -3.0616 21 7.3912 -3.7936 20.6954 9.1592 0 21 8 -5.6568 21 5.6568
5 24 -3.7936 20.6954 9.1592 -4.4144 19.8282 10.6576 0 20.6954 9.9136 -7.0096 20.6954 7.0096
5 24 -4.4144 19.8282 10.6576 -4.8296 18.5309 11.6592 0 19.8282 11.5352 -8.1568 19.8282 8.1568
5 24 -4.8296 18.5309 11.6592 -4.9751 17 12.0107 0 18.5309 12.6192 -8.9232 18.5309 8.9232
5 24 -9.1923 17 9.1923 -4.9751 17 12.0107 -9.192 15.343 9.192 -8.9232 18.5309 8.9232
5 24 -8.9232 18.5309 8.9232 -4.8296 18.5309 11.6592 -9.1923 17 9.1923 -8.1568 19.8282 8.1568
5 24 -8.1568 19.8282 8.1568 -4.4144 19.8282 10.6576 -8.9232 18.5309 8.9232 -7.0096 20.6954 7.0096
5 24 -7.0096 20.6954 7.0096 -3.7936 20.6954 9.1592 -8.1568 19.8282 8.1568 -5.6568 21 5.6568
5 24 -5.6568 21 5.6568 -3.0616 21 7.3912 -7.0096 20.6954 7.0096 -4.2426 21 4.2426
5 24 -9.1923 17 9.1923 -9.1923 4 9.1923 -4.9751 17 12.0107 -12.0107 17 4.9751
5 24 -5.6568 0 5.6568 -7.0096 0.3046 7.0096 -3.0616 0 7.3912 -7.3912 0 3.0616
5 24 -7.0096 0.3046 7.0096 -8.1568 1.1718 8.1568 -3.7936 0.3046 9.1592 -9.1592 0.3046 3.7936
5 24 -8.1568 1.1718 8.1568 -8.9232 2.4691 8.9232 -4.4144 1.1718 10.6576 -10.6576 1.1718 4.4144
5 24 -8.9232 2.4691 8.9232 -9.1923 4 9.1923 -4.8296 2.4691 11.6592 -11.6592 2.4691 4.8296
5 24 -12.0107 4 4.9751 -9.1923 4 9.1923 -12.01 5.657 4.975 -11.6592 2.4691 4.8296
5 24 -11.6592 2.4691 4.8296 -8.9232 2.4691 8.9232 -12.0107 4 4.9751 -10.6576 1.1718 4.4144
5 24 -10.6576 1.1718 4.4144 -8.1568 1.1718 8.1568 -11.6592 2.4691 4.8296 -9.1592 0.3046 3.7936
5 24 -9.1592 0.3046 3.7936 -7.0096 0.3046 7.0096 -10.6576 1.1718 4.4144 -7.3912 0 3.0616
5 24 -7.3912 0 3.0616 -5.6568 0 5.6568 -9.1592 0.3046 3.7936 -5.5434 0 2.2962
5 24 -5.6568 21 5.6568 -7.0096 20.6954 7.0096 -3.0616 21 7.3912 -7.3912 21 3.0616
5 24 -7.0096 20.6954 7.0096 -8.1568 19.8282 8.1568 -3.7936 20.6954 9.1592 -9.1592 20.6954 3.7936
5 24 -8.1568 19.8282 8.1568 -8.9232 18.5309 8.9232 -4.4144 19.8282 10.6576 -10.6576 19.8282 4.4144
5 24 -8.9232 18.5309 8.9232 -9.1923 17 9.1923 -4.8296 18.5309 11.6592 -11.6592 18.5309 4.8296
5 24 -12.0107 17 4.9751 -9.1923 17 9.1923 -12.01 15.343 4.975 -11.6592 18.5309 4.8296
5 24 -12.0107 17 4.9751 -12.0107 4 4.9751 -9.1923 17 9.1923 -13 17 0
5 24 -7.3912 0 3.0616 -9.1592 0.3046 3.7936 -5.6568 0 5.6568 -8 0 0
5 24 -9.1592 0.3046 3.7936 -10.6576 1.1718 4.4144 -7.0096 0.3046 7.0096 -9.9136 0.3046 0
5 24 -10.6576 1.1718 4.4144 -11.6592 2.4691 4.8296 -8.1568 1.1718 8.1568 -11.5352 1.1718 0
5 24 -11.6592 2.4691 4.8296 -12.0107 4 4.9751 -8.9232 2.4691 8.9232 -12.6192 2.4691 0
5 24 -13 4 0 -12.0107 4 4.9751 -13 5.657 0 -12.6192 2.4691 0
5 24 -12.6192 2.4691 0 -11.6592 2.4691 4.8296 -13 4 0 -11.5352 1.1718 0
5 24 -11.5352 1.1718 0 -10.6576 1.1718 4.4144 -12.6192 2.4691 0 -9.9136 0.3046 0
5 24 -9.9136 0.3046 0 -9.1592 0.3046 3.7936 -11.5352 1.1718 0 -8 0 0
5 24 -8 0 0 -7.3912 0 3.0616 -9.9136 0.3046 0 -6 0 0
5 24 -13 17 0 -12.0107 17 4.9751 -13 15.343 0 -12.6192 18.5309 0

