0 ~Minifig Leg Right with LOTR Scale Armour Pattern (Obsolete)
0 Name: 3816bpm1.dat
0 Author: Chris Dee [cwdee]
0 !LDRAW_ORG Part UPDATE 2023-03
0 !LICENSE Licensed under CC BY 4.0 : see CAreadme.txt

0 BFC CERTIFY CCW

0 !KEYWORDS Armor, Éomer, Lord of the Rings, set 9471, set 9474, Théoden

0 !CMDLINE -c308

0 !HISTORY 2013-12-23 [Wesley] Original pattern design
0 !HISTORY 2020-06-22 [cwdee] Adapted to corrected geometry
0 !HISTORY 2021-03-28 [cwdee] Corrected grey colour 76->87
0 !HISTORY 2022-01-14 [PTadmin] Official Update 2022-01
0 !HISTORY 2023-05-27 [MagFors] Obsoleted due to bad geometry
0 !HISTORY 2023-06-24 [OrionP] Official Update 2023-03


1 16 0 0 0 -1 0 0 0 1 0 0 0 1 s\3817bs01.dat
5 24 -2 3.349 -8.084 -18.659 3.349 -8.084 -2 0 -8.75 -2 6.187 -6.187
5 24 -2 6.187 -6.187 -18.755 6.187 -6.187 -2 7.399 -4 -2 3.349 -8.084
5 24 -2 0 -8.75 -18.546 0 -8.75 -2 3.349 -8.084 -2 -3.349 -8.084
5 24 -2 -3.349 -8.084 -18.433 -3.349 -8.084 -2 0 -8.75 -2 -6.187 -6.187
0 // Foot Front
4 16 -1.5 28 -10 -1.5 20 -10 -19.23 20 -10 -19.5 28 -10
0 // Foot Top
4 16 -19.23 20 -4 -19.23 20 -10 -1.5 20 -10 -1.5 20 -4
0 // Pattern
4 80 -14.142 10.777 -4 -13.954 10.907 -4 -13.76 10.777 -4 -14.988 9.696 -4
4 80 -9.492 8.537 -4 -9.304 8.667 -4 -9.11 8.537 -4 -9.648 8.359 -4
4 87 -10.156 8.928 -4 -11.58 8.823 -4 -11.573 9.222 -4 -11.415 9.866 -4
4 87 -9.72 9.424 -4 -10.156 8.928 -4 -11.415 9.866 -4 -10.952 10.75 -4
4 87 -9.324 9.763 -4 -9.72 9.424 -4 -10.952 10.75 -4 -10.358 11.596 -4
4 87 -9.324 9.763 -4 -10.358 11.596 -4 -9.512 12.677 -4 -9.13 12.677 -4
4 87 -9.324 9.763 -4 -9.13 12.677 -4 -8.844 12.416 -4 -8.8 11.629 -4
3 87 -9.13 12.677 -4 -9.512 12.677 -4 -9.324 12.807 -4
4 87 -15.7 9.893 -4 -16.049 10.407 -4 -15.166 10.51 -4 -15.599 9.893 -4
4 87 -15.166 10.51 -4 -16.049 10.407 -4 -16.24 10.923 -4 -14.816 11.028 -4
4 87 -14.816 11.028 -4 -16.24 10.923 -4 -16.233 11.322 -4 -16.075 11.966 -4
4 87 -14.38 11.524 -4 -14.816 11.028 -4 -16.075 11.966 -4 -15.612 12.85 -4
4 87 -13.984 11.863 -4 -14.38 11.524 -4 -15.612 12.85 -4 -15.028 13.716 -4
4 87 -13.984 11.863 -4 -15.028 13.716 -4 -14.232 13.947 -4 -13.34 14.107 -4
4 87 -12.796 10.51 -4 -11.913 10.407 -4 -12.262 9.893 -4 -12.363 9.893 -4
4 87 -11.722 10.923 -4 -11.913 10.407 -4 -12.796 10.51 -4 -13.146 11.028 -4
4 87 -11.729 11.322 -4 -11.722 10.923 -4 -13.146 11.028 -4 -11.887 11.966 -4
4 87 -11.887 11.966 -4 -13.146 11.028 -4 -13.582 11.524 -4 -12.35 12.85 -4
4 87 -13.984 11.863 -4 -13.34 14.107 -4 -12.944 13.696 -4 -12.35 12.85 -4
3 87 -12.35 12.85 -4 -13.582 11.524 -4 -13.984 11.863 -4
4 87 -11.06 11.823 -4 -11.409 12.337 -4 -10.526 12.44 -4 -10.959 11.823 -4
4 87 -10.526 12.44 -4 -11.409 12.337 -4 -11.6 12.853 -4 -10.176 12.958 -4
4 87 -10.176 12.958 -4 -11.6 12.853 -4 -11.593 13.252 -4 -11.435 13.896 -4
4 87 -9.74 13.454 -4 -10.176 12.958 -4 -11.435 13.896 -4 -11.172 14.33 -4
4 87 -9.344 13.793 -4 -9.74 13.454 -4 -11.172 14.33 -4 -10.29 14.339 -4
4 87 -16.229 9.252 -4 -16.222 8.853 -4 -17.646 8.958 -4 -16.387 9.896 -4
4 87 -16.387 9.896 -4 -17.646 8.958 -4 -18.082 9.454 -4 -16.85 10.78 -4
4 80 -17.266 12.44 -4 -16.383 12.337 -4 -16.732 11.823 -4 -16.833 11.823 -4
4 80 -16.192 12.853 -4 -16.383 12.337 -4 -17.266 12.44 -4 -17.536 12.748 -4
3 80 -16.199 13.312 -4 -16.192 12.853 -4 -17.536 12.748 -4
4 87 -9.324 9.763 -4 -8.8 11.629 -4 -8.73 10.429 -4 -8.922 9.424 -4
3 87 -8.922 9.424 -4 -8.73 10.429 -4 -8.636 9.188 -4
4 87 -8.858 14.206 -4 -8.872 13.514 -4 -9.344 13.793 -4 -9.37 14.279 -4
3 87 -9.37 14.279 -4 -9.344 13.793 -4 -10.29 14.339 -4
4 320 -6.5 8.359 -4 -8.02 8.359 -4 -8.12 9.519 -4 -6.5 9.519 -4
4 320 -6.5 9.519 -4 -8.12 9.519 -4 -8.18 10.609 -4 -6.47 10.599 -4
4 320 -6.47 10.599 -4 -8.18 10.609 -4 -8.2 11.799 -4 -6.38 11.879 -4
4 320 -6.38 11.879 -4 -8.2 11.799 -4 -8.2 13.069 -4 -6.2 13.099 -4
4 320 -6.2 13.379 -4 -6.2 13.099 -4 -8.2 13.069 -4 -6.28 13.559 -4
4 320 -6.48 13.699 -4 -6.28 13.559 -4 -8.2 13.069 -4 -7.07 13.909 -4
4 320 -7.07 13.909 -4 -8.2 13.069 -4 -8.17 13.789 -4 -8.12 13.999 -4
4 320 -7.07 13.909 -4 -8.12 13.999 -4 -7.99 14.079 -4 -7.76 14.089 -4
4 320 -3.69 8.359 -4 -5.84 8.359 -4 -5.85 9.529 -4 -3.66 9.569 -4
4 320 -3.66 9.569 -4 -5.85 9.529 -4 -5.79 10.619 -4 -3.58 10.629 -4
4 320 -3.58 10.629 -4 -5.79 10.619 -4 -5.7 11.819 -4 -4.62 11.949 -4
3 320 -5.53 12.909 -4 -5.33 12.489 -4 -5.7 11.819 -4
3 320 -5.33 12.489 -4 -5.01 12.179 -4 -5.7 11.819 -4
3 320 -5.01 12.179 -4 -4.62 11.949 -4 -5.7 11.819 -4
3 320 -3.83 11.919 -4 -3.42 12.139 -4 -3.49 11.509 -4
4 320 -3.83 11.919 -4 -3.49 11.509 -4 -3.58 10.629 -4 -4.2 11.889 -4
3 320 -4.2 11.889 -4 -3.58 10.629 -4 -4.62 11.949 -4
4 0 -5.19 13.659 -4 -5.53 12.909 -4 -6.2 13.379 -4 -5.36 13.899 -4
4 0 -5.36 13.899 -4 -6.2 13.379 -4 -6.28 13.559 -4 -5.57 14.109 -4
4 0 -5.57 14.109 -4 -6.28 13.559 -4 -6.48 13.699 -4 -7.02 14.719 -4
3 0 -7.02 14.719 -4 -6.48 13.699 -4 -7.07 13.909 -4
4 0 -7.02 14.719 -4 -7.07 13.909 -4 -7.76 14.089 -4 -8.49 15.009 -4
3 0 -7.99 14.079 -4 -8.49 15.009 -4 -7.76 14.089 -4
4 0 -8.49 15.009 -4 -7.99 14.079 -4 -8.12 13.999 -4 -8.858 14.206 -4
4 0 -8.858 14.206 -4 -8.12 13.999 -4 -8.17 13.789 -4 -8.872 13.514 -4
4 0 -8.872 13.514 -4 -8.17 13.789 -4 -8.2 13.069 -4 -8.844 12.416 -4
4 0 -5.53 12.909 -4 -5.19 13.659 -4 -4.9 13.059 -4 -5.33 12.489 -4
4 0 -5.33 12.489 -4 -4.9 13.059 -4 -4.64 12.739 -4 -5.01 12.179 -4
4 0 -5.01 12.179 -4 -4.64 12.739 -4 -4.36 12.609 -4 -4.62 11.949 -4
4 0 -4.2 11.889 -4 -4.62 11.949 -4 -4.36 12.609 -4 -4.1 12.589 -4
4 0 -3.83 11.919 -4 -4.2 11.889 -4 -4.1 12.589 -4 -3.78 12.639 -4
4 0 -3.42 12.139 -4 -3.83 11.919 -4 -3.78 12.639 -4 -3.42 12.789 -4
4 0 -2.81 11.419 -4 -3.42 12.139 -4 -3.42 12.789 -4 -2.96 13.099 -4
3 0 -2.96 13.099 -4 -2.67 13.179 -4 -2.81 11.419 -4
4 0 -3.49 11.509 -4 -3.42 12.139 -4 -2.81 11.419 -4 -3.58 10.629 -4
4 0 -3.58 10.629 -4 -2.81 11.419 -4 -2.92 9.579 -4 -3.66 9.569 -4
4 0 -3.66 9.569 -4 -2.92 9.579 -4 -2.94 8.359 -4 -3.69 8.359 -4
4 0 -6.2 13.099 -4 -6.2 13.379 -4 -5.53 12.909 -4 -5.7 11.819 -4
4 0 -6.38 11.879 -4 -6.2 13.099 -4 -5.7 11.819 -4 -5.79 10.619 -4
4 0 -6.47 10.599 -4 -6.38 11.879 -4 -5.79 10.619 -4 -5.85 9.529 -4
4 0 -6.5 9.519 -4 -6.47 10.599 -4 -5.85 9.529 -4 -5.84 8.359 -4
4 0 -6.5 8.359 -4 -6.5 9.519 -4 -5.84 8.359 -4 -5.83 7.399 -4
4 0 -8.49 15.009 -4 -8.858 14.206 -4 -9.37 14.279 -4 -10.02 15.139 -4
3 0 -10.02 15.139 -4 -9.37 14.279 -4 -10.29 14.339 -4
4 0 -10.02 15.139 -4 -10.29 14.339 -4 -11.172 14.33 -4 -11.77 15.049 -4
4 0 -13.46 14.869 -4 -13.34 14.107 -4 -14.232 13.947 -4 -15.05 14.519 -4
4 0 -15.05 14.519 -4 -14.232 13.947 -4 -15.028 13.716 -4 -16.42 14.069 -4
4 0 -16.42 14.069 -4 -15.028 13.716 -4 -16.199 13.312 -4 -17.77 13.479 -4
4 0 -17.77 13.479 -4 -16.199 13.312 -4 -17.536 12.748 -4 -18.374 13.147 -4
4 0 -16.192 12.853 -4 -16.199 13.312 -4 -15.028 13.716 -4 -15.612 12.85 -4
4 0 -12.35 12.85 -4 -11.593 13.252 -4 -11.6 12.853 -4 -11.887 11.966 -4
4 0 -11.887 11.966 -4 -11.6 12.853 -4 -11.409 12.337 -4 -11.729 11.322 -4
4 0 -11.729 11.322 -4 -11.409 12.337 -4 -11.06 11.823 -4 -10.952 10.75 -4
4 0 -10.952 10.75 -4 -11.06 11.823 -4 -10.959 11.823 -4 -10.358 11.596 -4
4 0 -10.358 11.596 -4 -10.959 11.823 -4 -10.526 12.44 -4 -9.512 12.677 -4
4 0 -9.512 12.677 -4 -10.526 12.44 -4 -10.176 12.958 -4 -9.324 12.807 -4
4 0 -9.324 12.807 -4 -10.176 12.958 -4 -9.74 13.454 -4 -8.872 13.514 -4
3 0 -9.74 13.454 -4 -9.344 13.793 -4 -8.872 13.514 -4
3 0 -9.13 12.677 -4 -9.324 12.807 -4 -8.872 13.514 -4
3 0 -8.844 12.416 -4 -9.13 12.677 -4 -8.872 13.514 -4
4 0 -8.844 12.416 -4 -8.2 13.069 -4 -8.2 11.799 -4 -8.8 11.629 -4
4 0 -8.8 11.629 -4 -8.2 11.799 -4 -8.18 10.609 -4 -8.73 10.429 -4
4 0 -8.73 10.429 -4 -8.18 10.609 -4 -8.12 9.519 -4 -8.636 9.188 -4
4 0 -8.636 9.188 -4 -8.12 9.519 -4 -8.02 8.359 -4 -8.977 8.359 -4
4 0 -9.11 8.537 -4 -8.922 9.424 -4 -8.636 9.188 -4 -8.977 8.359 -4
4 0 -8.922 9.424 -4 -9.11 8.537 -4 -9.304 8.667 -4 -9.324 9.763 -4
4 0 -9.72 9.424 -4 -9.324 9.763 -4 -9.304 8.667 -4 -9.492 8.537 -4
4 0 -10.156 8.928 -4 -9.72 9.424 -4 -9.492 8.537 -4 -9.648 8.359 -4
4 0 -12.063 8.359 -4 -12.32 8.85 -4 -11.58 8.823 -4 -11.408 8.359 -4
4 0 -11.573 9.222 -4 -11.58 8.823 -4 -12.32 8.85 -4 -12.262 9.893 -4
4 0 -12.363 9.893 -4 -12.262 9.893 -4 -12.32 8.85 -4 -12.914 9.696 -4
4 0 -12.796 10.51 -4 -12.363 9.893 -4 -12.914 9.696 -4 -13.76 10.777 -4
4 0 -13.146 11.028 -4 -12.796 10.51 -4 -13.76 10.777 -4 -13.582 11.524 -4
4 0 -13.582 11.524 -4 -13.76 10.777 -4 -13.954 10.907 -4 -13.984 11.863 -4
4 0 -14.38 11.524 -4 -13.984 11.863 -4 -13.954 10.907 -4 -14.142 10.777 -4
4 0 -14.816 11.028 -4 -14.38 11.524 -4 -14.142 10.777 -4 -15.166 10.51 -4
4 0 -15.166 10.51 -4 -14.142 10.777 -4 -14.988 9.696 -4 -15.599 9.893 -4
4 0 -15.599 9.893 -4 -14.988 9.696 -4 -15.582 8.85 -4 -15.7 9.893 -4
4 0 -15.7 9.893 -4 -15.582 8.85 -4 -16.229 9.252 -4 -16.387 9.896 -4
4 0 -16.049 10.407 -4 -15.7 9.893 -4 -16.387 9.896 -4 -16.85 10.78 -4
3 0 -16.24 10.923 -4 -16.049 10.407 -4 -16.85 10.78 -4
4 0 -11.415 9.866 -4 -11.573 9.222 -4 -12.262 9.893 -4 -11.913 10.407 -4
4 0 -10.952 10.75 -4 -11.415 9.866 -4 -11.913 10.407 -4 -11.722 10.923 -4
3 0 -11.722 10.923 -4 -11.729 11.322 -4 -10.952 10.75 -4
4 0 -16.383 12.337 -4 -16.192 12.853 -4 -15.612 12.85 -4 -16.075 11.966 -4
4 0 -16.732 11.823 -4 -16.383 12.337 -4 -16.075 11.966 -4 -16.233 11.322 -4
4 0 -16.85 10.78 -4 -16.732 11.823 -4 -16.233 11.322 -4 -16.24 10.923 -4
4 0 -16.833 11.823 -4 -16.732 11.823 -4 -16.85 10.78 -4 -17.444 11.626 -4
4 0 -17.266 12.44 -4 -16.833 11.823 -4 -17.444 11.626 -4 -17.536 12.748 -4
4 0 -16.222 8.853 -4 -16.229 9.252 -4 -15.582 8.85 -4 -15.839 8.359 -4
4 0 -16.405 8.359 -4 -16.222 8.853 -4 -15.839 8.359 -4 -16.045 7.966 -4
4 87 -12.69 14.204 -4 -11.743 14.292 -4 -11.793 14.007 -4 -12.243 13.536 -4
3 87 -12.142 13.536 -4 -12.243 13.536 -4 -11.793 14.007 -4
4 0 -12.69 14.204 -4 -13.34 14.107 -4 -13.46 14.869 -4 -11.77 15.049 -4
3 0 -11.77 15.049 -4 -11.743 14.292 -4 -12.69 14.204 -4
3 0 -11.77 15.049 -4 -11.172 14.33 -4 -11.743 14.292 -4
4 0 -11.793 14.007 -4 -11.743 14.292 -4 -11.172 14.33 -4 -11.435 13.896 -4
4 0 -12.142 13.536 -4 -11.793 14.007 -4 -11.435 13.896 -4 -11.593 13.252 -4
4 0 -12.944 13.696 -4 -13.34 14.107 -4 -12.69 14.204 -4 -12.243 13.536 -4
4 0 -12.142 13.536 -4 -11.593 13.252 -4 -12.35 12.85 -4 -12.243 13.536 -4
3 0 -12.243 13.536 -4 -12.35 12.85 -4 -12.944 13.696 -4
4 0 -18.082 12.44 -4 -18.374 13.147 -4 -17.536 12.748 -4 -17.444 11.626 -4
3 0 -18.34 12.295 -4 -18.374 13.147 -4 -18.082 12.44 -4
4 87 -16.85 10.78 -4 -18.082 9.454 -4 -18.229 9.578 -4 -17.444 11.626 -4
4 87 -17.444 11.626 -4 -18.229 9.578 -4 -18.34 12.295 -4 -18.082 12.44 -4
4 0 -18.198 8.812 -4 -18.229 9.578 -4 -18.082 9.454 -4 -17.646 8.958 -4
4 16 -2 7.657 -4 -2.94 8.359 -4 -2.92 9.579 -4 -1.5 7.657 -4
4 16 -1.5 7.657 -4 -2.92 9.579 -4 -2.81 11.419 -4 -2.67 13.179 -4
3 16 -1.5 7.657 -4 -2.67 13.179 -4 -1.5 20 -4
3 16 -2.96 13.099 -4 -1.5 20 -4 -2.67 13.179 -4
4 16 -1.5 20 -4 -2.96 13.099 -4 -3.42 12.789 -4 -3.78 12.639 -4
4 16 -1.5 20 -4 -3.78 12.639 -4 -4.1 12.589 -4 -4.36 12.609 -4
4 16 -1.5 20 -4 -4.36 12.609 -4 -4.64 12.739 -4 -4.9 13.059 -4
3 16 -4.9 13.059 -4 -5.19 13.659 -4 -1.5 20 -4
3 16 -5.19 13.659 -4 -5.36 13.899 -4 -1.5 20 -4
3 16 -5.36 13.899 -4 -5.57 14.109 -4 -1.5 20 -4
3 16 -5.57 14.109 -4 -7.02 14.719 -4 -1.5 20 -4
3 16 -7.02 14.719 -4 -8.49 15.009 -4 -1.5 20 -4
3 16 -8.49 15.009 -4 -10.02 15.139 -4 -1.5 20 -4
4 16 -1.5 20 -4 -10.02 15.139 -4 -11.77 15.049 -4 -19.23 20 -4
3 16 -19.23 20 -4 -11.77 15.049 -4 -13.46 14.869 -4
3 16 -19.23 20 -4 -13.46 14.869 -4 -15.05 14.519 -4
3 16 -19.23 20 -4 -15.05 14.519 -4 -16.42 14.069 -4
3 16 -19.23 20 -4 -16.42 14.069 -4 -17.77 13.479 -4
3 16 -19.23 20 -4 -17.77 13.479 -4 -18.374 13.147 -4
3 87 -18.198 8.812 -4 -17.842 8.359 -4 -18.18 8.359 -4
4 80 -12.32 8.85 -4 -12.063 8.359 -4 -15.839 8.359 -4 -15.582 8.85 -4
4 80 -12.914 9.696 -4 -12.32 8.85 -4 -15.582 8.85 -4 -14.988 9.696 -4
3 80 -12.914 9.696 -4 -14.988 9.696 -4 -13.76 10.777 -4
4 87 -16.222 8.853 -4 -16.405 8.359 -4 -17.239 8.359 -4 -17.646 8.958 -4
4 0 -17.842 8.359 -4 -18.198 8.812 -4 -17.646 8.958 -4 -17.239 8.359 -4
4 80 -9.648 8.359 -4 -9.11 8.537 -4 -8.977 8.359 -4 -10.488 7.399 -4
3 0 -10.156 8.928 -4 -9.648 8.359 -4 -10.542 8.359 -4
4 87 -10.542 8.359 -4 -11.408 8.359 -4 -11.58 8.823 -4 -10.156 8.928 -4
3 16 -18.198 8.812 -4 -18.18 8.359 -4 -18.804 7.399 -4
3 16 -18.229 9.578 -4 -18.198 8.812 -4 -18.804 7.399 -4
3 16 -18.34 12.295 -4 -18.229 9.578 -4 -18.804 7.399 -4
4 16 -18.374 13.147 -4 -18.34 12.295 -4 -18.804 7.399 -4 -19.23 20 -4
4 16 -2.94 8.359 -4 -2 7.657 -4 -2 7.399 -4 -2.94 7.399 -4
4 80 -13.422 7.399 -4 -13.954 7.863 -4 -12.063 8.359 -4 -11.857 7.966 -4
4 87 -10.542 8.359 -4 -10.939 7.793 -4 -11.04 7.793 -4 -11.408 8.359 -4
4 320 -6.44 7.399 -4 -7.91 7.399 -4 -8.02 8.359 -4 -6.5 8.359 -4
4 320 -3.69 7.399 -4 -5.83 7.399 -4 -5.84 8.359 -4 -3.69 8.359 -4
4 0 -3.69 8.359 -4 -2.94 8.359 -4 -2.94 7.399 -4 -3.69 7.399 -4
3 0 -6.44 7.399 -4 -6.5 8.359 -4 -5.83 7.399 -4
4 0 -9.648 8.359 -4 -10.488 7.399 -4 -10.939 7.793 -4 -10.542 8.359 -4
4 0 -16.762 7.823 -4 -16.045 7.966 -4 -16.203 7.399 -4 -17.114 7.398 -4
4 0 -8.474 7.686 -4 -8.02 8.359 -4 -7.91 7.399 -4 -8.436 7.399 -4
4 0 -16.863 7.843 -4 -17.294 7.666 -4 -17.842 8.359 -4 -17.239 8.359 -4
4 87 -17.294 7.666 -4 -17.114 7.398 -4 -18.141 7.399 -4 -18.18 8.359 -4
3 87 -17.294 7.666 -4 -18.18 8.359 -4 -17.842 8.359 -4
4 0 -17.294 7.666 -4 -16.863 7.843 -4 -16.762 7.823 -4 -17.114 7.398 -4
4 80 -14.47 7.399 -4 -16.203 7.399 -4 -16.045 7.966 -4 -15.839 8.359 -4
3 80 -11.857 7.966 -4 -11.699 7.399 -4 -13.422 7.399 -4
3 0 -13.422 7.399 -4 -14.47 7.399 -4 -13.954 7.863 -4
4 0 -10.488 7.399 -4 -11.699 7.399 -4 -11.04 7.793 -4 -10.939 7.793 -4
4 80 -8.474 7.686 -4 -8.436 7.399 -4 -10.488 7.399 -4 -8.977 8.359 -4
3 80 -14.47 7.399 -4 -15.839 8.359 -4 -13.954 7.863 -4
3 80 -13.954 7.863 -4 -15.839 8.359 -4 -12.063 8.359 -4
3 0 -16.405 8.359 -4 -16.045 7.966 -4 -16.762 7.823 -4
4 87 -16.405 8.359 -4 -16.762 7.823 -4 -16.863 7.843 -4 -17.239 8.359 -4
3 0 -8.977 8.359 -4 -8.02 8.359 -4 -8.474 7.686 -4
4 0 -11.857 7.966 -4 -12.063 8.359 -4 -11.408 8.359 -4 -11.04 7.793 -4
3 0 -11.04 7.793 -4 -11.699 7.399 -4 -11.857 7.966 -4
3 16 -18.141 7.399 -4 -18.804 7.399 -4 -18.18 8.359 -4
4 0 -6.44 7.399 -4 -5.83 7.399 -4 -5.795 6.187 -6.187 -6.371 6.187 -6.187
4 80 -16.203 7.399 -4 -14.47 7.399 -4 -14.786 7.028 -4.669 -16.21 6.923 -4.859
4 80 -13.116 7.028 -4.669 -13.422 7.399 -4 -11.699 7.399 -4 -11.692 6.923 -4.859
4 0 -14.47 7.399 -4 -13.422 7.399 -4 -13.874 6.987 -4.743 -14.062 6.857 -4.978
4 80 -10.488 7.399 -4 -8.436 7.399 -4 -9.244 6.187 -6.187 -10.852 6.93 -4.846
4 87 -9.422 5.307 -6.775 -9.234 5.437 -6.688 -9.04 5.307 -6.775 -10.371 4.079 -7.596
4 80 -15.136 6.51 -5.604 -16.019 6.407 -5.79 -16.21 6.923 -4.859 -14.786 7.028 -4.669
4 80 -11.692 6.923 -4.859 -11.883 6.407 -5.79 -12.766 6.51 -5.604 -13.116 7.028 -4.669
4 80 -11.06 4.413 -7.373 -11.409 4.927 -7.029 -10.506 5.02 -6.967 -10.959 4.413 -7.373
4 80 -10.506 5.02 -6.967 -11.409 4.927 -7.029 -11.59 5.393 -6.718 -10.126 5.418 -6.701
4 80 -10.126 5.418 -6.701 -11.59 5.393 -6.718 -11.573 5.662 -6.538 -11.355 6.187 -6.187
4 80 -9.71 5.774 -6.463 -10.126 5.418 -6.701 -11.355 6.187 -6.187 -9.244 6.187 -6.187
3 80 -10.852 6.93 -4.846 -9.244 6.187 -6.187 -11.355 6.187 -6.187
3 80 -8.286 5.308 -6.775 -8.089 5.242 -6.819 -8.032 4.973 -6.998
4 80 -8.187 5.906 -6.375 -8.089 5.242 -6.819 -8.286 5.308 -6.775 -8.722 5.704 -6.51
4 80 -8.722 5.704 -6.51 -9.244 6.187 -6.187 -8.245 6.187 -6.187 -8.187 5.906 -6.375
4 87 -15.412 5.22 -6.833 -14.818 6.066 -6.268 -13.784 4.403 -7.379 -14.25 3.984 -7.66
4 87 -13.784 4.403 -7.379 -12.884 5.986 -6.321 -12.27 5.15 -6.88 -13.362 3.964 -7.673
4 87 -14.062 6.857 -4.978 -13.874 6.987 -4.743 -13.68 6.857 -4.978 -13.089 6.187 -6.187
4 87 -17.196 4.54 -7.288 -16.313 4.437 -7.357 -16.662 3.923 -7.7 -16.763 3.923 -7.7
4 87 -16.122 4.953 -7.012 -16.313 4.437 -7.357 -17.196 4.54 -7.288 -17.546 5.058 -6.942
4 87 -16.129 5.352 -6.745 -16.122 4.953 -7.012 -17.546 5.058 -6.942 -16.287 5.996 -6.315
4 87 -16.287 5.996 -6.315 -17.546 5.058 -6.942 -17.982 5.554 -6.61 -16.395 6.187 -6.187
4 320 -7.6 5.059 -6.941 -7.77 6.187 -6.187 -6.26 5.239 -6.821 -6.1 4.079 -7.596
4 320 -7.47 4.079 -7.596 -7.6 5.059 -6.941 -6.1 4.079 -7.596 -6.006 3.349 -8.084
4 320 -5.83 7.399 -4 -3.69 7.399 -4 -3.708 6.187 -6.187 -5.795 6.187 -6.187
4 320 -5.74 5.239 -6.821 -3.7 5.249 -6.814 -3.68 4.079 -7.596 -5.64 4.079 -7.596
4 0 -3.708 6.187 -6.187 -3.69 7.399 -4 -2.94 7.399 -4 -2.947 6.187 -6.187
4 0 -3.7 5.249 -6.814 -2.947 6.187 -6.187 -2.908 3.349 -8.084 -3.68 4.079 -7.596
4 0 -6.26 5.239 -6.821 -5.74 5.239 -6.821 -5.64 4.079 -7.596 -6.1 4.079 -7.596
4 0 -7.91 7.399 -4 -7.77 6.187 -6.187 -8.35 6.71 -5.243 -8.436 7.399 -4
4 0 -8.089 5.242 -6.819 -8.187 5.906 -6.375 -7.77 6.187 -6.187 -7.6 5.059 -6.941
3 0 -8.089 5.242 -6.819 -7.6 5.059 -6.941 -8.032 4.973 -6.998
4 0 -8.194 4.226 -7.498 -8.032 4.973 -6.998 -7.6 5.059 -6.941 -7.47 4.079 -7.596
3 0 -8.194 4.226 -7.498 -7.47 4.079 -7.596 -8.103 4.079 -7.596
4 0 -9.422 5.307 -6.775 -10.126 5.418 -6.701 -9.71 5.774 -6.463 -9.234 5.437 -6.688
4 0 -9.234 5.437 -6.688 -9.71 5.774 -6.463 -9.244 6.187 -6.187 -8.722 5.704 -6.51
4 0 -9.04 5.307 -6.775 -9.234 5.437 -6.688 -8.722 5.704 -6.51 -8.286 5.308 -6.775
4 0 -9.04 5.307 -6.775 -8.286 5.308 -6.775 -8.032 4.973 -6.998 -8.194 4.226 -7.498
4 0 -11.692 6.923 -4.859 -11.699 7.399 -4 -10.852 6.93 -4.846 -11.355 6.187 -6.187
3 0 -11.883 6.407 -5.79 -11.692 6.923 -4.859 -11.355 6.187 -6.187
3 0 -12.048 6.187 -6.187 -11.883 6.407 -5.79 -11.355 6.187 -6.187
4 0 -12.232 5.893 -6.384 -11.573 5.662 -6.538 -11.59 5.393 -6.718 -12.27 5.15 -6.88
3 0 -12.232 5.893 -6.384 -12.27 5.15 -6.88 -12.333 5.893 -6.384
4 0 -12.333 5.893 -6.384 -12.27 5.15 -6.88 -12.884 5.986 -6.321 -12.565 6.187 -6.187
4 0 -13.116 7.028 -4.669 -12.766 6.51 -5.604 -13.68 6.857 -4.978 -13.422 7.399 -4
3 0 -13.422 7.399 -4 -13.68 6.857 -4.978 -13.874 6.987 -4.743
4 0 -14.786 7.028 -4.669 -14.47 7.399 -4 -14.062 6.857 -4.978 -14.695 6.187 -6.187
4 0 -15.136 6.51 -5.604 -14.786 7.028 -4.669 -14.695 6.187 -6.187 -15.336 6.187 -6.187
4 0 -14.818 6.066 -6.268 -15.412 5.22 -6.833 -15.569 5.893 -6.384 -15.336 6.187 -6.187
4 0 -15.67 5.893 -6.384 -15.569 5.893 -6.384 -15.412 5.22 -6.833 -16.129 5.352 -6.745
4 0 -12.27 5.15 -6.88 -11.59 5.393 -6.718 -11.409 4.927 -7.029 -11.837 4.436 -7.357
4 0 -11.837 4.436 -7.357 -11.409 4.927 -7.029 -11.06 4.413 -7.373 -11.645 4.079 -7.596
4 0 -16.662 3.923 -7.7 -16.313 4.437 -7.357 -15.875 4.336 -7.424 -15.935 4.079 -7.596
4 0 -15.875 4.336 -7.424 -16.313 4.437 -7.357 -16.122 4.953 -7.012 -15.412 5.22 -6.833
3 0 -16.122 4.953 -7.012 -16.129 5.352 -6.745 -15.412 5.22 -6.833
4 0 -15.67 5.893 -6.384 -16.129 5.352 -6.745 -16.287 5.996 -6.315 -15.854 6.187 -6.187
4 0 -16.75 6.88 -4.937 -16.21 6.923 -4.859 -16.019 6.407 -5.79 -16.395 6.187 -6.187
4 0 -16.203 7.399 -4 -16.21 6.923 -4.859 -16.75 6.88 -4.937 -17.114 7.398 -4
4 0 -17.196 4.54 -7.288 -16.763 3.923 -7.7 -17.211 4.079 -7.596 -18.049 5.155 -6.877
4 87 -18.096 6.187 -6.187 -16.395 6.187 -6.187 -17.982 5.554 -6.61 -18.068 5.627 -6.561
4 87 -17.114 7.398 -4 -16.75 6.88 -4.937 -18.096 6.187 -6.187 -18.141 7.399 -4
4 0 -18.049 5.155 -6.877 -18.068 5.627 -6.561 -17.982 5.554 -6.61 -17.546 5.058 -6.942
3 0 -18.049 5.155 -6.877 -17.546 5.058 -6.942 -17.196 4.54 -7.288
4 16 -2 3.349 -8.084 -2.908 3.349 -8.084 -2.947 6.187 -6.187 -2 6.187 -6.187
3 0 -11.699 7.399 -4 -10.488 7.399 -4 -10.852 6.93 -4.846
3 80 -8.436 7.399 -4 -8.35 6.71 -5.243 -9.244 6.187 -6.187
4 87 -17.977 3.349 -8.084 -18.049 5.155 -6.877 -17.211 4.079 -7.596 -16.723 3.349 -8.084
4 87 -14.25 3.984 -7.66 -15.935 4.079 -7.596 -15.875 4.336 -7.424 -15.412 5.22 -6.833
4 87 -13.362 3.964 -7.673 -11.837 4.436 -7.357 -11.645 4.079 -7.596 -12.75 3.349 -8.084
3 87 -12.27 5.15 -6.88 -11.837 4.436 -7.357 -13.362 3.964 -7.673
4 0 -14.25 3.984 -7.66 -13.784 4.403 -7.379 -13.362 3.964 -7.673 -13.724 3.547 -7.952
4 0 -10.371 4.079 -7.596 -11.645 4.079 -7.596 -11.06 4.413 -7.373 -10.959 4.413 -7.373
4 0 -10.371 4.079 -7.596 -10.959 4.413 -7.373 -10.506 5.02 -6.967 -10.126 5.418 -6.701
3 0 -10.126 5.418 -6.701 -9.422 5.307 -6.775 -10.371 4.079 -7.596
4 87 -10.371 4.079 -7.596 -9.04 5.307 -6.775 -8.194 4.226 -7.498 -8.103 4.079 -7.596
4 16 -18.049 5.155 -6.877 -17.977 3.349 -8.084 -18.659 3.349 -8.084 -18.755 6.187 -6.187
3 16 -18.755 6.187 -6.187 -18.068 5.627 -6.561 -18.049 5.155 -6.877
3 16 -18.755 6.187 -6.187 -18.096 6.187 -6.187 -18.068 5.627 -6.561
3 80 -14.002 3.349 -8.084 -13.724 3.547 -7.952 -13.462 3.349 -8.084
4 87 -9.01 1.267 -8.498 -9.868 0.659 -8.619 -9.392 1.267 -8.498 -9.204 1.397 -8.472
4 87 -11.299 0.937 -8.564 -10.416 1.04 -8.543 -10.683 0.659 -8.619 -11.11 0.659 -8.619
4 87 -10.416 1.04 -8.543 -11.299 0.937 -8.564 -11.49 1.453 -8.461 -10.066 1.558 -8.44
4 87 -10.066 1.558 -8.44 -11.49 1.453 -8.461 -11.483 1.852 -8.382 -11.325 2.496 -8.254
4 87 -9.63 2.054 -8.342 -10.066 1.558 -8.44 -11.325 2.496 -8.254 -10.862 3.349 -8.084
4 87 -7.372 1.363 -8.479 -7.976 1.04 -8.543 -8.396 1.558 -8.44 -7.509 1.932 -8.366
4 87 -7.697 2.766 -8.2 -7.509 1.932 -8.366 -8.396 1.558 -8.44 -8.832 2.054 -8.342
4 87 -15.52 2.533 -8.246 -15.869 3.047 -8.144 -14.986 3.15 -8.124 -15.419 2.533 -8.246
4 87 -12.526 3.1 -8.134 -11.643 2.997 -8.154 -11.992 2.483 -8.256 -12.093 2.483 -8.256
4 87 -12.526 3.1 -8.134 -12.75 3.349 -8.084 -11.565 3.349 -8.084 -11.643 2.997 -8.154
4 87 -17.096 0.94 -8.563 -16.213 0.837 -8.584 -16.334 0.659 -8.619 -16.899 0.659 -8.619
4 87 -16.022 1.353 -8.481 -16.213 0.837 -8.584 -17.096 0.94 -8.563 -17.446 1.458 -8.46
4 87 -16.029 1.752 -8.402 -16.022 1.353 -8.481 -17.446 1.458 -8.46 -16.187 2.396 -8.274
4 320 -7.27 2.889 -8.175 -5.95 2.989 -8.156 -5.72 1.819 -8.388 -7.03 1.729 -8.406
4 320 -7.03 1.729 -8.406 -5.72 1.819 -8.388 -5.37 0.659 -8.619 -6.81 0.659 -8.619
4 320 -5.54 3.009 -8.152 -3.66 3.089 -8.136 -3.61 1.849 -8.382 -5.39 1.819 -8.388
4 320 -5.39 1.819 -8.388 -3.61 1.849 -8.382 -3.55 0.659 -8.619 -5.25 0.659 -8.619
4 0 -3.61 1.849 -8.382 -3.66 3.089 -8.136 -2.89 2.299 -8.293 -2.758 0 -8.75
3 0 -3.61 1.849 -8.382 -2.758 0 -8.75 -3.55 0.659 -8.619
4 0 -5.95 2.989 -8.156 -5.54 3.009 -8.152 -5.39 1.819 -8.388 -5.72 1.819 -8.388
4 0 -5.72 1.819 -8.388 -5.39 1.819 -8.388 -5.25 0.659 -8.619 -5.37 0.659 -8.619
4 0 -7.91 3.77 -7.803 -8.103 4.079 -7.596 -7.47 4.079 -7.596 -7.354 3.349 -8.084
4 0 -7.509 1.932 -8.366 -7.697 2.766 -8.2 -7.27 2.889 -8.175 -7.03 1.729 -8.406
4 0 -7.372 1.363 -8.479 -7.509 1.932 -8.366 -7.03 1.729 -8.406 -6.81 0.659 -8.619
3 0 -7.372 1.363 -8.479 -6.81 0.659 -8.619 -7.194 0.659 -8.619
4 0 -10.683 0.659 -8.619 -10.416 1.04 -8.543 -9.392 1.267 -8.498 -9.868 0.659 -8.619
4 0 -9.392 1.267 -8.498 -10.416 1.04 -8.543 -10.066 1.558 -8.44 -9.63 2.054 -8.342
4 0 -9.204 1.397 -8.472 -9.392 1.267 -8.498 -9.63 2.054 -8.342 -9.234 2.393 -8.274
4 0 -9.204 1.397 -8.472 -9.234 2.393 -8.274 -8.832 2.054 -8.342 -9.01 1.267 -8.498
3 0 -9.01 1.267 -8.498 -8.832 2.054 -8.342 -8.396 1.558 -8.44
3 0 -7.976 1.04 -8.543 -9.01 1.267 -8.498 -8.396 1.558 -8.44
4 0 -9.01 1.267 -8.498 -7.976 1.04 -8.543 -7.587 0.659 -8.619 -8.534 0.659 -8.619
4 0 -12.09 1.49 -8.454 -11.49 1.453 -8.461 -11.299 0.937 -8.564 -11.655 0.659 -8.619
4 0 -11.483 1.852 -8.382 -11.49 1.453 -8.461 -12.09 1.49 -8.454 -11.992 2.483 -8.256
4 0 -11.325 2.496 -8.254 -11.483 1.852 -8.382 -11.992 2.483 -8.256 -11.643 2.997 -8.154
4 0 -10.862 3.349 -8.084 -11.325 2.496 -8.254 -11.643 2.997 -8.154 -11.565 3.349 -8.084
4 0 -12.093 2.483 -8.256 -11.992 2.483 -8.256 -12.09 1.49 -8.454 -12.684 2.336 -8.285
3 0 -12.526 3.1 -8.134 -12.093 2.483 -8.256 -12.684 2.336 -8.285
4 0 -12.75 3.349 -8.084 -12.526 3.1 -8.134 -12.684 2.336 -8.285 -13.462 3.349 -8.084
4 0 -13.362 3.964 -7.673 -12.75 3.349 -8.084 -13.462 3.349 -8.084 -13.724 3.547 -7.952
4 0 -14.002 3.349 -8.084 -14.82 3.349 -8.084 -14.25 3.984 -7.66 -13.724 3.547 -7.952
4 0 -15.419 2.533 -8.246 -14.986 3.15 -8.124 -14.758 2.336 -8.285 -15.352 1.49 -8.454
4 0 -15.52 2.533 -8.246 -15.419 2.533 -8.246 -15.352 1.49 -8.454 -16.029 1.752 -8.402
4 0 -16.213 0.837 -8.584 -16.022 1.353 -8.481 -15.352 1.49 -8.454 -15.787 0.659 -8.619
3 0 -16.022 1.353 -8.481 -16.029 1.752 -8.402 -15.352 1.49 -8.454
4 0 -15.52 2.533 -8.246 -16.029 1.752 -8.402 -16.187 2.396 -8.274 -15.869 3.047 -8.144
4 0 -15.869 3.047 -8.144 -16.187 2.396 -8.274 -16.723 3.349 -8.084 -15.972 3.349 -8.084
4 0 -15.99 3.473 -8.001 -16.723 3.349 -8.084 -16.662 3.923 -7.7 -15.935 4.079 -7.596
3 0 -16.763 3.923 -7.7 -16.662 3.923 -7.7 -16.723 3.349 -8.084
4 0 -17.49 0.659 -8.619 -17.887 1.166 -8.518 -17.096 0.94 -8.563 -16.899 0.659 -8.619
4 87 -16.187 2.396 -8.274 -17.446 1.458 -8.46 -17.92 1.986 -8.355 -16.723 3.349 -8.084
3 80 -17.866 0.659 -8.619 -17.887 1.166 -8.518 -17.49 0.659 -8.619
4 0 -17.887 1.166 -8.518 -17.92 1.986 -8.355 -17.446 1.458 -8.46 -17.096 0.94 -8.563
4 16 -2 0 -8.75 -2.758 0 -8.75 -2.89 2.299 -8.293 -2 3.349 -8.084
4 87 -14.82 3.349 -8.084 -15.99 3.473 -8.001 -15.935 4.079 -7.596 -14.25 3.984 -7.66
4 87 -12.75 3.349 -8.084 -11.645 4.079 -7.596 -11.542 3.533 -7.961 -11.565 3.349 -8.084
4 0 -11.542 3.533 -7.961 -11.645 4.079 -7.596 -10.371 4.079 -7.596 -10.862 3.349 -8.084
3 87 -9.234 2.393 -8.274 -9.63 2.054 -8.342 -10.862 3.349 -8.084
4 80 -11.655 0.659 -8.619 -15.787 0.659 -8.619 -15.352 1.49 -8.454 -12.09 1.49 -8.454
4 80 -12.09 1.49 -8.454 -15.352 1.49 -8.454 -14.758 2.336 -8.285 -12.684 2.336 -8.285
4 0 -16.334 0.659 -8.619 -16.213 0.837 -8.584 -15.787 0.659 -8.619 -15.973 0 -8.75
4 0 -11.655 0.659 -8.619 -11.299 0.937 -8.564 -11.11 0.659 -8.619 -11.469 0 -8.75
3 87 -9.01 1.267 -8.498 -8.534 0.659 -8.619 -9.868 0.659 -8.619
4 87 -7.194 0.659 -8.619 -7.587 0.659 -8.619 -7.976 1.04 -8.543 -7.372 1.363 -8.479
3 16 -17.866 0.659 -8.619 -18.546 0 -8.75 -17.887 1.166 -8.518
4 16 -17.92 1.986 -8.355 -17.887 1.166 -8.518 -18.546 0 -8.75 -18.659 3.349 -8.084
4 0 -5.37 0.659 -8.619 -5.25 0.659 -8.619 -5.2 0.379 -8.675 -5.28 0.369 -8.677
4 80 -15.44 -1.467 -8.458 -15.789 -0.953 -8.56 -14.906 -0.85 -8.581 -15.339 -1.467 -8.458
4 80 -14.906 -0.85 -8.581 -15.789 -0.953 -8.56 -15.98 -0.437 -8.663 -14.556 -0.332 -8.684
4 80 -14.556 -0.332 -8.684 -15.98 -0.437 -8.663 -15.973 0 -8.75 -14.28 0 -8.75
4 80 -12.536 -0.85 -8.581 -11.653 -0.953 -8.56 -12.002 -1.467 -8.458 -12.103 -1.467 -8.458
4 80 -11.462 -0.437 -8.663 -11.653 -0.953 -8.56 -12.536 -0.85 -8.581 -12.886 -0.332 -8.684
4 80 -11.469 0 -8.75 -11.462 -0.437 -8.663 -12.886 -0.332 -8.684 -13.15 0 -8.75
4 80 -11.655 0.659 -8.619 -11.469 0 -8.75 -13.15 0 -8.75 -13.322 0.164 -8.717
4 87 -11.396 -2.761 -8.201 -11.46 -2.587 -8.236 -10.036 -2.482 -8.256 -10.225 -2.761 -8.201
4 87 -10.036 -2.482 -8.256 -11.46 -2.587 -8.236 -11.453 -2.188 -8.315 -11.295 -1.544 -8.443
4 87 -9.6 -1.986 -8.355 -10.036 -2.482 -8.256 -11.295 -1.544 -8.443 -10.832 -0.66 -8.619
4 87 -9.204 -1.647 -8.422 -9.6 -1.986 -8.355 -10.832 -0.66 -8.619 -10.36 0 -8.75
4 87 -8.178 -2.761 -8.201 -8.366 -2.482 -8.256 -6.942 -2.587 -8.236 -7.007 -2.761 -8.201
4 87 -6.949 -2.188 -8.315 -6.942 -2.587 -8.236 -8.366 -2.482 -8.256 -7.107 -1.544 -8.443
4 87 -7.107 -1.544 -8.443 -8.366 -2.482 -8.256 -8.802 -1.986 -8.355 -7.57 -0.66 -8.619
4 87 -7.57 -0.66 -8.619 -8.802 -1.986 -8.355 -9.204 -1.647 -8.422 -8.035 0 -8.75
4 87 -13.56 -0.743 -8.602 -14.788 -1.824 -8.387 -13.942 -0.743 -8.602 -13.754 -0.613 -8.628
4 87 -10.683 0.659 -8.619 -10.849 0.423 -8.666 -10.95 0.423 -8.666 -11.11 0.659 -8.619
4 80 -9.435 -2.761 -8.201 -9.264 -2.643 -8.224 -9.088 -2.761 -8.201 -8.589 -3.349 -8.084
4 87 -16.334 0.659 -8.619 -16.562 0.323 -8.686 -16.663 0.323 -8.686 -16.899 0.659 -8.619
4 80 -17.147 -2.761 -8.201 -17.416 -2.362 -8.28 -15.992 -2.467 -8.259 -16.101 -2.761 -8.201
4 80 -15.999 -2.068 -8.339 -15.992 -2.467 -8.259 -17.416 -2.362 -8.28 -16.157 -1.424 -8.467
4 87 -7.103 0.297 -8.691 -7.213 0.293 -8.692 -7.587 0.659 -8.619 -7.194 0.659 -8.619
4 320 -6.81 0.659 -8.619 -5.37 0.659 -8.619 -5.28 0.369 -8.677 -6.65 0 -8.75
4 320 -6.22 -1.681 -8.416 -3.51 -0.441 -8.662 -3.4 -1.671 -8.418 -5.9 -2.761 -8.201
4 320 -5.9 -2.761 -8.201 -3.4 -1.671 -8.418 -3.26 -2.761 -8.201 -5.72 -3.349 -8.084
4 320 -5.2 0.379 -8.675 -5.25 0.659 -8.619 -3.55 0.659 -8.619 -3.526 -0.001 -8.75
4 0 -3.4 -1.671 -8.418 -3.51 -0.441 -8.662 -2.7 -1.191 -8.513 -2.479 -3.349 -8.084
4 0 -3.26 -2.761 -8.201 -3.4 -1.671 -8.418 -2.479 -3.349 -8.084 -3.17 -3.349 -8.084
4 0 -7.103 0.297 -8.691 -7.194 0.659 -8.619 -6.81 0.659 -8.619 -6.65 0 -8.75
4 0 -8.035 0 -8.75 -6.65 0 -8.75 -6.53 -0.531 -8.644 -7.57 -0.66 -8.619
4 0 -6.65 0 -8.75 -8.035 0 -8.75 -7.213 0.293 -8.692 -7.103 0.297 -8.691
4 0 -7.107 -1.544 -8.443 -7.57 -0.66 -8.619 -6.53 -0.531 -8.644 -6.22 -1.681 -8.416
4 0 -6.949 -2.188 -8.315 -7.107 -1.544 -8.443 -6.22 -1.681 -8.416 -5.9 -2.761 -8.201
3 0 -5.9 -2.761 -8.201 -6.942 -2.587 -8.236 -6.949 -2.188 -8.315
4 0 -9.264 -2.643 -8.224 -9.204 -1.647 -8.422 -8.802 -1.986 -8.355 -9.088 -2.761 -8.201
4 0 -9.6 -1.986 -8.355 -9.204 -1.647 -8.422 -9.264 -2.643 -8.224 -9.435 -2.761 -8.201
4 0 -11.295 -1.544 -8.443 -11.453 -2.188 -8.315 -12.002 -1.467 -8.458 -11.653 -0.953 -8.56
4 0 -10.832 -0.66 -8.619 -11.295 -1.544 -8.443 -11.653 -0.953 -8.56 -11.462 -0.437 -8.663
4 0 -10.832 -0.66 -8.619 -11.462 -0.437 -8.663 -11.469 0 -8.75 -10.36 0 -8.75
4 0 -11.469 0 -8.75 -10.95 0.423 -8.666 -10.849 0.423 -8.666 -10.36 0 -8.75
4 0 -10.238 0.186 -8.713 -10.849 0.423 -8.666 -10.683 0.659 -8.619 -9.868 0.659 -8.619
4 0 -7.587 0.659 -8.619 -7.213 0.293 -8.692 -8.164 0.186 -8.713 -8.534 0.659 -8.619
3 0 -11.469 0 -8.75 -11.11 0.659 -8.619 -10.95 0.423 -8.666
4 0 -12.536 -0.85 -8.581 -12.103 -1.467 -8.458 -12.714 -1.824 -8.387 -13.56 -0.743 -8.602
4 0 -12.886 -0.332 -8.684 -12.536 -0.85 -8.581 -13.56 -0.743 -8.602 -13.15 0 -8.75
4 0 -13.15 0 -8.75 -13.56 -0.743 -8.602 -13.754 -0.613 -8.628 -14.28 0 -8.75
3 0 -14.12 0.164 -8.717 -13.724 0.503 -8.65 -13.322 0.164 -8.717
4 0 -13.15 0 -8.75 -14.28 0 -8.75 -14.12 0.164 -8.717 -13.322 0.164 -8.717
4 0 -14.906 -0.85 -8.581 -14.556 -0.332 -8.684 -13.942 -0.743 -8.602 -14.788 -1.824 -8.387
4 0 -15.339 -1.467 -8.458 -14.906 -0.85 -8.581 -14.788 -1.824 -8.387 -15.43 -2.761 -8.201
4 0 -15.44 -1.467 -8.458 -15.999 -2.068 -8.339 -16.157 -1.424 -8.467 -15.789 -0.953 -8.56
4 0 -15.98 -0.437 -8.663 -15.789 -0.953 -8.56 -16.157 -1.424 -8.467 -16.62 -0.54 -8.643
4 0 -15.973 0 -8.75 -15.98 -0.437 -8.663 -16.62 -0.54 -8.643 -16.999 0 -8.75
4 0 -16.562 0.323 -8.686 -15.973 0 -8.75 -16.999 0 -8.75 -16.663 0.323 -8.686
4 0 -16.663 0.323 -8.686 -17.214 0.306 -8.689 -17.49 0.659 -8.619 -16.899 0.659 -8.619
3 0 -15.992 -2.467 -8.259 -15.43 -2.761 -8.201 -16.101 -2.761 -8.201
4 80 -16.157 -1.424 -8.467 -17.416 -2.362 -8.28 -17.759 -1.972 -8.358 -16.62 -0.54 -8.643
4 80 -17.866 0.659 -8.619 -17.49 0.659 -8.619 -17.214 0.306 -8.689 -17.839 0 -8.75
4 16 -2 -3.349 -8.084 -2.479 -3.349 -8.084 -2.7 -1.191 -8.513 -2 0 -8.75
3 0 -16.334 0.659 -8.619 -15.973 0 -8.75 -16.562 0.323 -8.686
3 80 -11.655 0.659 -8.619 -13.322 0.164 -8.717 -13.724 0.503 -8.65
3 80 -11.655 0.659 -8.619 -13.724 0.503 -8.65 -15.787 0.659 -8.619
4 80 -15.787 0.659 -8.619 -13.724 0.503 -8.65 -14.12 0.164 -8.717 -15.973 0 -8.75
4 0 -15.43 -2.761 -8.201 -15.992 -2.467 -8.259 -15.999 -2.068 -8.339 -15.44 -1.467 -8.458
3 0 -15.339 -1.467 -8.458 -15.43 -2.761 -8.201 -15.44 -1.467 -8.458
4 0 -12.072 -2.761 -8.201 -12.714 -1.824 -8.387 -12.103 -1.467 -8.458 -12.002 -1.467 -8.458
4 0 -12.072 -2.761 -8.201 -12.002 -1.467 -8.458 -11.453 -2.188 -8.315 -11.46 -2.587 -8.236
4 0 -12.072 -2.761 -8.201 -11.46 -2.587 -8.236 -11.396 -2.761 -8.201 -11.765 -3.349 -8.084
4 87 -12.072 -2.761 -8.201 -15.43 -2.761 -8.201 -14.788 -1.824 -8.387 -12.714 -1.824 -8.387
3 87 -12.714 -1.824 -8.387 -14.788 -1.824 -8.387 -13.56 -0.743 -8.602
4 0 -9.088 -2.761 -8.201 -8.802 -1.986 -8.355 -8.366 -2.482 -8.256 -8.178 -2.761 -8.201
4 0 -10.036 -2.482 -8.256 -9.6 -1.986 -8.355 -9.435 -2.761 -8.201 -10.225 -2.761 -8.201
4 0 -7.007 -2.761 -8.201 -6.942 -2.587 -8.236 -5.9 -2.761 -8.201 -6.565 -3.194 -8.115
4 0 -17.416 -2.362 -8.28 -17.147 -2.761 -8.201 -17.721 -2.915 -8.17 -17.759 -1.972 -8.358
3 16 -17.759 -1.972 -8.358 -17.721 -2.915 -8.17 -18.433 -3.349 -8.084
4 16 -18.433 -3.349 -8.084 -18.546 0 -8.75 -17.839 0 -8.75 -17.759 -1.972 -8.358
4 87 -8.178 -2.761 -8.201 -7.007 -2.761 -8.201 -7.133 -3.103 -8.133 -7.76 -3.349 -8.084
4 87 -15.47 -5.544 -6.617 -15.819 -5.113 -6.905 -14.936 -5.01 -6.974 -15.369 -5.544 -6.617
4 87 -14.936 -5.01 -6.974 -15.819 -5.113 -6.905 -16.01 -4.597 -7.25 -14.586 -4.492 -7.32
4 87 -14.586 -4.492 -7.32 -16.01 -4.597 -7.25 -16.003 -4.198 -7.516 -15.845 -3.554 -7.947
4 87 -12.566 -5.01 -6.974 -11.683 -5.113 -6.905 -12.032 -5.544 -6.617 -12.133 -5.544 -6.617
4 87 -11.492 -4.597 -7.25 -11.683 -5.113 -6.905 -12.566 -5.01 -6.974 -12.916 -4.492 -7.32
4 87 -11.499 -4.198 -7.516 -11.492 -4.597 -7.25 -12.916 -4.492 -7.32 -11.657 -3.554 -7.947
4 87 -6.38 -5.544 -6.617 -6.729 -5.043 -6.952 -5.906 -4.84 -7.087 -6.279 -5.544 -6.617
4 87 -5.906 -4.84 -7.087 -6.729 -5.043 -6.952 -6.92 -4.527 -7.297 -6.246 -4.072 -7.601
4 87 -6.246 -4.072 -7.601 -6.92 -4.527 -7.297 -6.913 -4.128 -7.563 -6.523 -3.349 -8.084
4 80 -16.183 -2.983 -8.157 -17.066 -2.88 -8.177 -17.147 -2.761 -8.201 -16.101 -2.761 -8.201
4 320 -5 -5.101 -6.913 -5.47 -4.021 -7.635 -3.1 -3.711 -7.842 -2.73 -5.091 -6.92
4 0 -2.73 -5.091 -6.92 -3.1 -3.711 -7.842 -2.35 -4.271 -7.468 -2 -5.641 -6.552
3 0 -2.73 -5.091 -6.92 -2 -5.641 -6.552 -2.53 -5.544 -6.617
4 0 -5.906 -4.84 -7.087 -6.246 -4.072 -7.601 -5.47 -4.021 -7.635 -5 -5.101 -6.913
4 0 -6.279 -5.544 -6.617 -5.906 -4.84 -7.087 -5 -5.101 -6.913 -4.75 -5.544 -6.617
4 0 -7.63 -4.7 -7.181 -7.482 -3.617 -7.905 -6.913 -4.128 -7.563 -6.92 -4.527 -7.297
4 0 -7.167 -5.544 -6.617 -7.63 -4.7 -7.181 -6.92 -4.527 -7.297 -6.729 -5.043 -6.952
3 0 -6.38 -5.544 -6.617 -7.167 -5.544 -6.617 -6.729 -5.043 -6.952
4 0 -7.583 -3.617 -7.905 -7.482 -3.617 -7.905 -7.63 -4.7 -7.181 -8.224 -3.854 -7.746
4 0 -10.819 -3.617 -7.905 -10.298 -3.854 -7.746 -10.892 -4.7 -7.181 -10.92 -3.617 -7.905
4 0 -11.499 -4.198 -7.516 -10.92 -3.617 -7.905 -10.892 -4.7 -7.181 -11.492 -4.597 -7.25
4 0 -11.683 -5.113 -6.905 -11.492 -4.597 -7.25 -10.892 -4.7 -7.181 -11.355 -5.544 -6.617
3 0 -12.032 -5.544 -6.617 -11.683 -5.113 -6.905 -11.355 -5.544 -6.617
4 0 -10.92 -3.617 -7.905 -11.499 -4.198 -7.516 -11.657 -3.554 -7.947 -11.156 -3.349 -8.084
3 0 -11.765 -3.349 -8.084 -11.396 -2.761 -8.201 -11.269 -3.103 -8.133
4 87 -13.942 -4.533 -7.293 -13.754 -4.403 -7.379 -13.56 -4.533 -7.293 -12.714 -5.544 -6.617
3 87 -14.788 -5.544 -6.617 -13.942 -4.533 -7.293 -12.714 -5.544 -6.617
4 0 -13.754 -4.403 -7.379 -14.15 -3.996 -7.652 -13.754 -3.657 -7.878 -13.352 -3.996 -7.652
4 0 -13.56 -4.533 -7.293 -13.754 -4.403 -7.379 -13.352 -3.996 -7.652 -12.916 -4.492 -7.32
4 0 -13.56 -4.533 -7.293 -12.916 -4.492 -7.32 -12.566 -5.01 -6.974 -12.714 -5.544 -6.617
3 0 -12.133 -5.544 -6.617 -12.714 -5.544 -6.617 -12.566 -5.01 -6.974
4 0 -14.15 -3.996 -7.652 -13.754 -4.403 -7.379 -13.942 -4.533 -7.293 -14.586 -4.492 -7.32
4 0 -14.936 -5.01 -6.974 -14.586 -4.492 -7.32 -13.942 -4.533 -7.293 -14.788 -5.544 -6.617
3 0 -14.936 -5.01 -6.974 -14.788 -5.544 -6.617 -15.369 -5.544 -6.617
4 0 -16.183 -2.983 -8.157 -16.101 -2.761 -8.201 -15.43 -2.761 -8.201 -15.709 -3.349 -8.084
4 0 -16.532 -3.497 -7.985 -15.845 -3.554 -7.947 -16.003 -4.198 -7.516 -16.65 -4.37 -7.402
4 0 -16.65 -4.37 -7.402 -16.003 -4.198 -7.516 -16.01 -4.597 -7.25 -16.187 -5.254 -6.811
3 0 -16.187 -5.254 -6.811 -16.01 -4.597 -7.25 -15.819 -5.113 -6.905
4 0 -16.187 -5.254 -6.811 -15.819 -5.113 -6.905 -15.47 -5.544 -6.617 -16.106 -5.544 -6.617
4 0 -16.633 -3.497 -7.985 -16.532 -3.497 -7.985 -16.65 -4.37 -7.402 -17.244 -3.524 -7.967
4 0 -17.147 -2.761 -8.201 -17.066 -2.88 -8.177 -17.38 -3.349 -8.084 -17.721 -2.915 -8.17
4 87 -17.612 -5.544 -6.617 -17.244 -3.524 -7.967 -16.65 -4.37 -7.402 -16.187 -5.254 -6.811
3 87 -16.187 -5.254 -6.811 -16.106 -5.544 -6.617 -17.612 -5.544 -6.617
4 320 -4.75 -5.544 -6.617 -5 -5.101 -6.913 -2.73 -5.091 -6.92 -2.53 -5.544 -6.617
4 16 -18.337 -6.187 -6.187 -17.612 -5.544 -6.617 -16.106 -5.544 -6.617 -15.47 -6 -6.312
3 16 -12.133 -5.544 -6.617 -12.032 -6 -6.312 -12.714 -5.544 -6.617
3 16 -12.032 -5.544 -6.617 -12.032 -6 -6.312 -12.133 -5.544 -6.617
3 16 -11.355 -5.544 -6.617 -12.032 -6 -6.312 -12.032 -5.544 -6.617
3 16 -6.279 -5.544 -6.617 -6.38 -6 -6.312 -6.38 -5.544 -6.617
4 16 -7.167 -5.544 -6.617 -6.38 -5.544 -6.617 -6.38 -6 -6.312 -12.032 -6 -6.312
3 16 -6.279 -5.544 -6.617 -4.75 -5.544 -6.617 -6.38 -6 -6.312
4 16 -6.38 -6 -6.312 -4.75 -5.544 -6.617 -2.53 -5.544 -6.617 -2 -5.641 -6.552
4 16 -2 -3.349 -8.084 -2 -5.641 -6.552 -2.35 -4.271 -7.468 -2.479 -3.349 -8.084
4 87 -14.15 -3.996 -7.652 -14.586 -4.492 -7.32 -15.845 -3.554 -7.947 -15.709 -3.349 -8.084
4 87 -11.269 -3.103 -8.133 -11.396 -2.761 -8.201 -10.225 -2.761 -8.201 -10.679 -3.349 -8.084
4 80 -7.167 -5.544 -6.617 -11.355 -5.544 -6.617 -10.892 -4.7 -7.181 -7.63 -4.7 -7.181
4 80 -7.63 -4.7 -7.181 -10.892 -4.7 -7.181 -10.298 -3.854 -7.746 -8.224 -3.854 -7.746
4 0 -7.133 -3.103 -8.133 -7.007 -2.761 -8.201 -6.565 -3.194 -8.115 -6.637 -3.349 -8.084
3 16 -7.167 -5.544 -6.617 -12.032 -6 -6.312 -11.355 -5.544 -6.617
4 16 -18.337 -6.187 -6.187 -18.433 -3.349 -8.084 -17.705 -3.349 -8.084 -17.612 -5.544 -6.617
3 16 -15.47 -6 -6.312 -16.106 -5.544 -6.617 -15.47 -5.544 -6.617
3 16 -15.47 -6 -6.312 -15.47 -5.544 -6.617 -15.369 -5.544 -6.617
4 16 -15.47 -6 -6.312 -15.369 -5.544 -6.617 -14.788 -5.544 -6.617 -12.032 -6 -6.312
3 16 -14.788 -5.544 -6.617 -12.714 -5.544 -6.617 -12.032 -6 -6.312
4 16 -18.337 -6.187 -6.187 -15.47 -6 -6.312 -12.032 -6 -6.312 -2 -6.187 -6.187
3 16 -6.38 -6 -6.312 -2 -5.641 -6.552 -2 -6.187 -6.187
3 16 -12.032 -6 -6.312 -6.38 -6 -6.312 -2 -6.187 -6.187
4 16 -18.804 7.399 -4 -18.141 7.399 -4 -18.096 6.187 -6.187 -18.755 6.187 -6.187
3 87 -18.096 6.187 -6.187 -16.75 6.88 -4.937 -16.395 6.187 -6.187
3 0 -16.395 6.187 -6.187 -15.854 6.187 -6.187 -16.287 5.996 -6.315
4 80 -15.854 6.187 -6.187 -16.019 6.407 -5.79 -15.136 6.51 -5.604 -15.336 6.187 -6.187
4 80 -15.67 5.893 -6.384 -15.854 6.187 -6.187 -15.336 6.187 -6.187 -15.569 5.893 -6.384
3 0 -16.395 6.187 -6.187 -16.019 6.407 -5.79 -15.854 6.187 -6.187
4 87 -13.784 4.403 -7.379 -14.818 6.066 -6.268 -14.695 6.187 -6.187 -13.089 6.187 -6.187
3 0 -15.336 6.187 -6.187 -14.695 6.187 -6.187 -14.818 6.066 -6.268
3 87 -12.884 5.986 -6.321 -13.784 4.403 -7.379 -13.089 6.187 -6.187
3 0 -12.884 5.986 -6.321 -13.089 6.187 -6.187 -12.565 6.187 -6.187
4 0 -13.089 6.187 -6.187 -13.68 6.857 -4.978 -12.766 6.51 -5.604 -12.565 6.187 -6.187
4 80 -12.232 5.893 -6.384 -12.333 5.893 -6.384 -12.565 6.187 -6.187 -12.048 6.187 -6.187
4 80 -12.048 6.187 -6.187 -12.565 6.187 -6.187 -12.766 6.51 -5.604 -11.883 6.407 -5.79
4 0 -11.573 5.662 -6.538 -12.232 5.893 -6.384 -12.048 6.187 -6.187 -11.355 6.187 -6.187
3 320 -7.77 6.187 -6.187 -6.371 6.187 -6.187 -6.26 5.239 -6.821
4 0 -6.371 6.187 -6.187 -5.795 6.187 -6.187 -5.74 5.239 -6.821 -6.26 5.239 -6.821
4 320 -5.795 6.187 -6.187 -3.708 6.187 -6.187 -3.7 5.249 -6.814 -5.74 5.239 -6.821
3 0 -2.947 6.187 -6.187 -3.7 5.249 -6.814 -3.708 6.187 -6.187
4 16 -2.947 6.187 -6.187 -2.94 7.399 -4 -2 7.399 -4 -2 6.187 -6.187
3 80 -8.245 6.187 -6.187 -9.244 6.187 -6.187 -8.35 6.71 -5.243
3 0 -8.245 6.187 -6.187 -7.77 6.187 -6.187 -8.187 5.906 -6.375
3 0 -8.245 6.187 -6.187 -8.35 6.71 -5.243 -7.77 6.187 -6.187
3 87 -14.062 6.857 -4.978 -13.089 6.187 -6.187 -14.695 6.187 -6.187
3 16 -18.659 3.349 -8.084 -17.977 3.349 -8.084 -17.92 1.986 -8.355
3 0 -17.211 4.079 -7.596 -16.763 3.923 -7.7 -16.723 3.349 -8.084
3 87 -16.723 3.349 -8.084 -17.92 1.986 -8.355 -17.977 3.349 -8.084
4 87 -15.972 3.349 -8.084 -14.82 3.349 -8.084 -14.986 3.15 -8.124 -15.869 3.047 -8.144
3 0 -16.723 3.349 -8.084 -15.99 3.473 -8.001 -15.972 3.349 -8.084
3 87 -14.82 3.349 -8.084 -15.972 3.349 -8.084 -15.99 3.473 -8.001
4 0 -14.986 3.15 -8.124 -14.82 3.349 -8.084 -14.002 3.349 -8.084 -14.758 2.336 -8.285
4 0 -2.908 3.349 -8.084 -2.89 2.299 -8.293 -3.66 3.089 -8.136 -3.664 3.349 -8.084
3 16 -2.908 3.349 -8.084 -2 3.349 -8.084 -2.89 2.299 -8.293
3 0 -3.664 3.349 -8.084 -3.68 4.079 -7.596 -2.908 3.349 -8.084
4 320 -5.64 4.079 -7.596 -3.68 4.079 -7.596 -3.664 3.349 -8.084 -5.577 3.349 -8.084
4 0 -5.577 3.349 -8.084 -6.006 3.349 -8.084 -6.1 4.079 -7.596 -5.64 4.079 -7.596
4 320 -3.66 3.089 -8.136 -5.54 3.009 -8.152 -5.577 3.349 -8.084 -3.664 3.349 -8.084
3 320 -6.006 3.349 -8.084 -7.354 3.349 -8.084 -7.47 4.079 -7.596
4 0 -6.006 3.349 -8.084 -5.577 3.349 -8.084 -5.54 3.009 -8.152 -5.95 2.989 -8.156
4 320 -7.354 3.349 -8.084 -6.006 3.349 -8.084 -5.95 2.989 -8.156 -7.27 2.889 -8.175
3 0 -7.81 3.349 -8.084 -7.91 3.77 -7.803 -7.354 3.349 -8.084
4 87 -7.81 3.349 -8.084 -7.697 2.766 -8.2 -8.832 2.054 -8.342 -9.234 2.393 -8.274
4 0 -7.81 3.349 -8.084 -7.354 3.349 -8.084 -7.27 2.889 -8.175 -7.697 2.766 -8.2
3 87 -10.862 3.349 -8.084 -7.81 3.349 -8.084 -9.234 2.393 -8.274
4 87 -7.91 3.77 -7.803 -7.81 3.349 -8.084 -10.862 3.349 -8.084 -10.371 4.079 -7.596
3 87 -8.103 4.079 -7.596 -7.91 3.77 -7.803 -10.371 4.079 -7.596
4 80 -14.758 2.336 -8.285 -14.002 3.349 -8.084 -13.462 3.349 -8.084 -12.684 2.336 -8.285
3 0 -10.862 3.349 -8.084 -11.565 3.349 -8.084 -11.542 3.533 -7.961
3 0 -2.758 0 -8.75 -3.526 -0.001 -8.75 -3.55 0.659 -8.619
4 0 -3.51 -0.441 -8.662 -3.526 -0.001 -8.75 -2.758 0 -8.75 -2.7 -1.191 -8.513
3 16 -2.758 0 -8.75 -2 0 -8.75 -2.7 -1.191 -8.513
3 0 -8.035 0 -8.75 -8.164 0.186 -8.713 -7.213 0.293 -8.692
4 320 -5.28 0.369 -8.677 -5.2 0.379 -8.675 -3.526 -0.001 -8.75 -6.65 0 -8.75
4 320 -6.53 -0.531 -8.644 -6.65 0 -8.75 -3.526 -0.001 -8.75 -3.51 -0.441 -8.662
3 320 -6.53 -0.531 -8.644 -3.51 -0.441 -8.662 -6.22 -1.681 -8.416
3 0 -10.238 0.186 -8.713 -10.36 0 -8.75 -10.849 0.423 -8.666
4 87 -8.035 0 -8.75 -10.36 0 -8.75 -10.238 0.186 -8.713 -8.164 0.186 -8.713
4 87 -8.164 0.186 -8.713 -10.238 0.186 -8.713 -9.868 0.659 -8.619 -8.534 0.659 -8.619
3 87 -9.204 -1.647 -8.422 -10.36 0 -8.75 -8.035 0 -8.75
3 80 -14.12 0.164 -8.717 -14.28 0 -8.75 -15.973 0 -8.75
4 0 -14.28 0 -8.75 -13.754 -0.613 -8.628 -13.942 -0.743 -8.602 -14.556 -0.332 -8.684
3 0 -16.999 0 -8.75 -17.214 0.306 -8.689 -16.663 0.323 -8.686
4 80 -16.999 0 -8.75 -16.62 -0.54 -8.643 -17.759 -1.972 -8.358 -17.839 0 -8.75
3 80 -16.999 0 -8.75 -17.839 0 -8.75 -17.214 0.306 -8.689
3 16 -17.839 0 -8.75 -18.546 0 -8.75 -17.866 0.659 -8.619
4 87 -17.244 -3.524 -7.967 -17.612 -5.544 -6.617 -17.705 -3.349 -8.084 -17.38 -3.349 -8.084
3 16 -18.433 -3.349 -8.084 -17.721 -2.915 -8.17 -17.705 -3.349 -8.084
4 0 -2.479 -3.349 -8.084 -2.35 -4.271 -7.468 -3.1 -3.711 -7.842 -3.17 -3.349 -8.084
4 320 -3.17 -3.349 -8.084 -3.1 -3.711 -7.842 -5.47 -4.021 -7.635 -5.72 -3.349 -8.084
3 320 -3.17 -3.349 -8.084 -5.72 -3.349 -8.084 -3.26 -2.761 -8.201
4 0 -6.565 -3.194 -8.115 -5.9 -2.761 -8.201 -5.72 -3.349 -8.084 -6.523 -3.349 -8.084
4 0 -5.47 -4.021 -7.635 -6.246 -4.072 -7.601 -6.523 -3.349 -8.084 -5.72 -3.349 -8.084
3 0 -7.246 -3.349 -8.084 -7.133 -3.103 -8.133 -6.637 -3.349 -8.084
3 87 -6.637 -3.349 -8.084 -6.565 -3.194 -8.115 -6.523 -3.349 -8.084
3 87 -6.637 -3.349 -8.084 -6.523 -3.349 -8.084 -6.913 -4.128 -7.563
4 0 -6.913 -4.128 -7.563 -7.482 -3.617 -7.905 -7.246 -3.349 -8.084 -6.637 -3.349 -8.084
4 87 -7.246 -3.349 -8.084 -7.482 -3.617 -7.905 -7.583 -3.617 -7.905 -7.76 -3.349 -8.084
3 87 -7.246 -3.349 -8.084 -7.76 -3.349 -8.084 -7.133 -3.103 -8.133
4 0 -7.76 -3.349 -8.084 -8.589 -3.349 -8.084 -9.088 -2.761 -8.201 -8.178 -2.761 -8.201
3 80 -8.589 -3.349 -8.084 -9.837 -3.349 -8.084 -9.435 -2.761 -8.201
4 0 -8.589 -3.349 -8.084 -7.76 -3.349 -8.084 -7.583 -3.617 -7.905 -8.224 -3.854 -7.746
4 0 -9.435 -2.761 -8.201 -9.837 -3.349 -8.084 -10.679 -3.349 -8.084 -10.225 -2.761 -8.201
4 0 -9.837 -3.349 -8.084 -10.298 -3.854 -7.746 -10.819 -3.617 -7.905 -10.679 -3.349 -8.084
4 80 -9.837 -3.349 -8.084 -8.589 -3.349 -8.084 -8.224 -3.854 -7.746 -10.298 -3.854 -7.746
3 87 -10.679 -3.349 -8.084 -11.156 -3.349 -8.084 -11.269 -3.103 -8.133
3 0 -11.269 -3.103 -8.133 -11.156 -3.349 -8.084 -11.765 -3.349 -8.084
4 87 -10.819 -3.617 -7.905 -10.92 -3.617 -7.905 -11.156 -3.349 -8.084 -10.679 -3.349 -8.084
4 87 -11.765 -3.349 -8.084 -11.657 -3.554 -7.947 -12.916 -4.492 -7.32 -13.352 -3.996 -7.652
3 0 -11.765 -3.349 -8.084 -11.156 -3.349 -8.084 -11.657 -3.554 -7.947
3 0 -15.709 -3.349 -8.084 -16.399 -3.349 -8.084 -16.183 -2.983 -8.157
3 87 -13.754 -3.657 -7.878 -11.765 -3.349 -8.084 -13.352 -3.996 -7.652
3 87 -15.709 -3.349 -8.084 -13.754 -3.657 -7.878 -14.15 -3.996 -7.652
3 87 -15.709 -3.349 -8.084 -11.765 -3.349 -8.084 -13.754 -3.657 -7.878
4 87 -11.765 -3.349 -8.084 -15.709 -3.349 -8.084 -15.43 -2.761 -8.201 -12.072 -2.761 -8.201
4 80 -16.74 -3.349 -8.084 -16.399 -3.349 -8.084 -16.532 -3.497 -7.985 -16.633 -3.497 -7.985
4 80 -17.066 -2.88 -8.177 -16.183 -2.983 -8.157 -16.399 -3.349 -8.084 -16.74 -3.349 -8.084
4 0 -15.845 -3.554 -7.947 -16.532 -3.497 -7.985 -16.399 -3.349 -8.084 -15.709 -3.349 -8.084
4 0 -16.74 -3.349 -8.084 -16.633 -3.497 -7.985 -17.244 -3.524 -7.967 -17.38 -3.349 -8.084
3 0 -16.74 -3.349 -8.084 -17.38 -3.349 -8.084 -17.066 -2.88 -8.177
3 87 -17.721 -2.915 -8.17 -17.38 -3.349 -8.084 -17.705 -3.349 -8.084
4 320 -7.91 7.399 -4 -6.44 7.399 -4 -6.371 6.187 -6.187 -7.77 6.187 -6.187
