0 Minifig Leg Right with War Machine Armoured Suit Kneepad Pattern
0 Name: 3816cpbd.dat
0 Author: Magnus Forsberg [MagFors]
0 !LDRAW_ORG Part UPDATE 2023-03
0 !LICENSE Licensed under CC BY 4.0 : see CAreadme.txt

0 !HELP Move down 12 units to align with hips
0 !HELP Move at z=1.25 relative to stud grid
0 !HELP 1 16 0 0 1.25 1 0 0 0 1 0 0 0 1 3816cpbd.dat
0 !HELP 1 16 0 28 0 1 0 0 0 1 0 0 0 1 stug-1x2.dat

0 BFC CERTIFY CCW

0 !KEYWORDS Brickowl 642065, Colonel James Rhodes, Iron Man 3
0 !KEYWORDS Rebrickable 970c12pr0542, Rhodey, set 76006, Super Heroes
0 !KEYWORDS bricklink 970c00pb0237

0 !HISTORY 2013-12-23 [MagFors] Original design as 3816pbd
0 !HISTORY 2023-05-19 [MagFors] Adapted to c-version leg
0 !HISTORY 2023-06-24 [OrionP] Official Update 2023-03


1 16 0 0 0 -1 0 0 0 1 0 0 0 1 s\3817cs01.dat
1 16 0 0 0 1 0 0 0 1 0 0 0 1 s\3816cpbds01.dat
0 // silver star
4 80 -10.3 -4.832 -7.0927 -10.043 -4.154 -7.5459 -9.835 -4.441 -7.3541 -10.3 -5.668 -6.5339
4 80 -9.504 -3.349 -8.084 -9.547 -3.555 -7.9463 -9.884 -3.665 -7.8728 -9.811 -3.349 -8.084
4 80 -10.3 -5.668 -6.5339 -10.766 -4.441 -7.3541 -10.557 -4.154 -7.5459 -10.3 -4.832 -7.0927
4 80 -9.811 -3.349 -8.084 -9.694 -2.965 -8.1604 -9.202 -2.289 -8.2948 -9.504 -3.349 -8.084
4 80 -11.096 -3.349 -8.084 -11.398 -2.289 -8.2948 -10.906 -2.965 -8.1604 -10.789 -3.349 -8.084
4 80 -10.789 -3.349 -8.084 -10.716 -3.665 -7.8728 -11.053 -3.555 -7.9463 -11.096 -3.349 -8.084
4 80 -12.077 -4.377 -7.3969 -11.281 -4.119 -7.5693 -10.557 -4.154 -7.5459 -10.766 -4.441 -7.3541
4 80 -10.3 -3.349 -8.084 -10.3 -3.008 -8.1518 -9.202 -2.289 -8.2948 -9.694 -2.965 -8.1604
4 80 -9.835 -4.441 -7.3541 -10.043 -4.154 -7.5459 -9.319 -4.119 -7.5693 -8.523 -4.377 -7.3969
4 80 -9.547 -3.555 -7.9463 -8.523 -4.377 -7.3969 -9.319 -4.119 -7.5693 -9.884 -3.665 -7.8728
4 80 -12.077 -4.377 -7.3969 -11.053 -3.555 -7.9463 -10.716 -3.665 -7.8728 -11.281 -4.119 -7.5693
4 80 -10.3 -3.349 -8.084 -10.906 -2.965 -8.1604 -11.398 -2.289 -8.2948 -10.3 -3.008 -8.1518
0 // background
4 87 -10.043 -4.154 -7.5459 -10.3 -3.8 -7.7825 -9.884 -3.665 -7.8728 -9.319 -4.119 -7.5693
4 87 -10.557 -4.154 -7.5459 -10.3 -3.8 -7.7825 -10.043 -4.154 -7.5459 -10.3 -4.832 -7.0927
4 87 -9.202 -2.289 -8.2948 -8.4 -1.3 -8.4915 -8.059 -3.349 -8.084 -9.504 -3.349 -8.084
3 87 -12.9 -5.6 -6.5794 -12.541 -3.349 -8.084 -12.077 -4.377 -7.3969
4 87 -10.766 -4.441 -7.3541 -10.3 -5.668 -6.5339 -12.9 -5.6 -6.5794 -12.077 -4.377 -7.3969
4 87 -12.541 -3.349 -8.084 -11.096 -3.349 -8.084 -11.053 -3.555 -7.9463 -12.077 -4.377 -7.3969
4 87 -12.2 -1.3 -8.4915 -8.4 -1.3 -8.4915 -9.202 -2.289 -8.2948 -11.398 -2.289 -8.2948
4 87 -11.398 -2.289 -8.2948 -11.096 -3.349 -8.084 -12.541 -3.349 -8.084 -12.2 -1.3 -8.4915
4 87 -10.557 -4.154 -7.5459 -11.281 -4.119 -7.5693 -10.716 -3.665 -7.8728 -10.3 -3.8 -7.7825
3 87 -10.789 -3.349 -8.084 -10.906 -2.965 -8.1604 -10.3 -3.349 -8.084
4 87 -9.547 -3.555 -7.9463 -9.504 -3.349 -8.084 -8.059 -3.349 -8.084 -8.523 -4.377 -7.3969
3 87 -10.3 -3.008 -8.1518 -11.398 -2.289 -8.2948 -9.202 -2.289 -8.2948
4 87 -9.835 -4.441 -7.3541 -8.523 -4.377 -7.3969 -7.7 -5.6 -6.5794 -10.3 -5.668 -6.5339
4 87 -10.3 -3.349 -8.084 -9.811 -3.349 -8.084 -9.884 -3.665 -7.8728 -10.3 -3.8 -7.7825
4 87 -10.3 -3.349 -8.084 -10.3 -3.8 -7.7825 -10.716 -3.665 -7.8728 -10.789 -3.349 -8.084
3 87 -10.3 -3.349 -8.084 -9.694 -2.965 -8.1604 -9.811 -3.349 -8.084
3 87 -7.7 -5.6 -6.5794 -8.523 -4.377 -7.3969 -8.059 -3.349 -8.084
0 // kneepad
3 80 -15.438 -.191 -8.712 -16.498 0 -8.75 -15.248 0 -8.75
3 80 -5.136 -.215 -8.7072 -5.35 0 -8.75 -4.1 0 -8.75
3 80 -4.576 3.349 -8.084 -6.202 3.349 -8.084 -4.7 3.8 -7.7825
3 80 -14.396 3.349 -8.084 -16.022 3.349 -8.084 -15.898 3.8 -7.7825
4 80 -5.5 .28 -8.6943 -6.202 3.349 -8.084 -4.576 3.349 -8.084 -4.285 1.902 -8.3718
4 80 -15.919 -.4 -8.6705 -16.524 -.451 -8.6603 -16.498 0 -8.75 -15.438 -.191 -8.712
4 80 -16.313 1.902 -8.3718 -15.098 .28 -8.6943 -15.248 0 -8.75 -16.498 0 -8.75
4 80 -16.022 3.349 -8.084 -14.396 3.349 -8.084 -15.098 .28 -8.6943 -16.313 1.902 -8.3718
4 80 -5.35 0 -8.75 -5.5 .28 -8.6943 -4.285 1.902 -8.3718 -4.1 0 -8.75
4 80 -4.1 0 -8.75 -4.075 -.451 -8.6603 -4.679 -.4 -8.6705 -5.136 -.215 -8.7072
4 80 -5.3213 6.187 -6.187 -4.791 4.077 -7.5974 -6.261 3.721 -7.8353 -6.742 6.187 -6.187
4 80 -6.742 6.187 -6.187 -6.7989 6.479 -5.75 -5.3947 6.479 -5.75 -5.3213 6.187 -6.187
4 80 -15.2767 6.187 -6.187 -13.8569 6.187 -6.187 -14.337 3.721 -7.8353 -15.807 4.077 -7.5974
4 80 -15.2767 6.187 -6.187 -15.2033 6.479 -5.75 -13.8001 6.479 -5.75 -13.8569 6.187 -6.187
4 87 -6.2 8.7 -5.75 -5.7 7 -5.75 -6.9 7 -5.75 -7.2 7.9 -5.75
4 87 -13.2 7 -5.75 -13 7.7 -5.75 -7.6 7.7 -5.75 -7.4 7 -5.75
4 87 -13.7 7 -5.75 -14.9 7 -5.75 -14.4 8.7 -5.75 -13.4 7.9 -5.75
0 // foot
4 87 -7.567 24.157 -11.25 -7 24.6 -11.25 -7.7 22.1 -11.25 -8.004 22.543 -11.25
4 87 -16.7 23.8 -11.25 -18.2 25 -11.25 -18.2 27.1 -11.25 -14.5 25.3 -11.25
4 87 -12.9 22.1 -11.25 -13.6 24.6 -11.25 -13.033 24.157 -11.25 -12.596 22.543 -11.25
4 87 -2.4 27.1 -11.25 -2.4 25 -11.25 -3.9 23.8 -11.25 -6.1 25.3 -11.25
4 87 -2.4 27.1 -11.25 -6.1 25.3 -11.25 -14.5 25.3 -11.25 -18.2 27.1 -11.25
4 87 -7.567 24.157 -11.25 -13.033 24.157 -11.25 -13.6 24.6 -11.25 -7 24.6 -11.25
4 87 -12.9 22.1 -11.25 -12.596 22.543 -11.25 -8.004 22.543 -11.25 -7.7 22.1 -11.25
