0 Minifig Leg Left with Red Tied Sash Pattern
0 Name: 3817cpc1.dat
0 Author: Willy Tschager [Holly-Wood]
0 !LDRAW_ORG Part UPDATE 2023-03
0 !LICENSE Licensed under CC BY 4.0 : see CAreadme.txt

0 BFC CERTIFY CCW

0 !KEYWORDS Avengers, Bricklink 970c00pb0482, Captain Marvel, Carol Danvers
0 !KEYWORDS Marvel, set 76049, Super Heroes

0 !CMDLINE -c272

0 !HISTORY 2020-12-29 [MagFors] Original pattern design
0 !HISTORY 2023-06-03 [Holly-Wood] Adapted to corrected geometry
0 !HISTORY 2023-06-24 [OrionP] Official Update 2023-03


1 16 0 0 0 1 0 0 0 1 0 0 0 1 s\3817cs01.dat

0 // Foot Front
4 16 19.25 28 -11.25 18.978 20 -11.25 1.25 20 -11.25 1.25 28 -11.25
0 // Foot Top
4 16 1.25 20 -5.75 1.25 20 -11.25 18.978 20 -11.25 18.978 20 -5.75

0 // Pattern
0 // Black
4 0 2.22 -3 -8.153 2.2 -2.3 -8.293 3.55 -1.6 -8.432 4.4 -1.9 -8.372
4 0 4.4 -1.9 -8.372 3.55 -1.6 -8.432 5.75 -.5 -8.651 6.3 -.9 -8.571
4 0 6.856 0 -8.75 8.35 0 -8.75 6.3 -.9 -8.571 5.75 -.5 -8.651
4 0 8.35 0 -8.75 7.56 .3 -8.69 9.6 1.1 -8.531 10 .6 -8.631
4 0 10 .6 -8.631 9.6 1.1 -8.531 11.3 1.7 -8.412 11.8 1.2 -8.511
4 0 11.8 1.2 -8.511 11.3 1.7 -8.412 12.9 2.1 -8.332 13.5 1.6 -8.432
4 0 13.5 1.6 -8.432 12.9 2.1 -8.332 14.6 2.5 -8.253 15.1 1.9 -8.372
4 0 16.31 2.771 -8.199 16.455 2.039 -8.345 15.1 1.9 -8.372 14.6 2.5 -8.253
4 0 17.76 2.9 -8.173 17.81 2.1 -8.332 16.455 2.039 -8.345 16.31 2.771 -8.199
3 0 8.35 0 -8.75 6.856 0 -8.75 7.56 .3 -8.69

0 // Dark Red
4 320 4.6 -6.187 -6.187 2.2 -6.187 -6.187 2.2 -4.9 -7.047 4.17 -3.9 -7.716
4 320 5.9 -5.1 -6.914 4.6 -6.187 -6.187 4.17 -3.9 -7.716 5.351 -3.349 -8.084
3 320 7.1 -4.3 -7.448 5.9 -5.1 -6.914 5.351 -3.349 -8.084
4 320 8.86 -3.349 -8.084 5.8 -3.1 -8.134 7 -2.5 -8.253 7.99 -2.07 -8.338
3 320 8.05 -3.76 -7.809 7.1 -4.3 -7.448 5.351 -3.349 -8.084
3 320 8.86 -3.349 -8.084 8.05 -3.76 -7.809 5.351 -3.349 -8.084
4 320 8.86 -3.349 -8.084 7.99 -2.07 -8.338 9 -1.7 -8.412 9.54 -3 -8.153
4 320 9.54 -3 -8.153 9 -1.7 -8.412 10 -1.4 -8.472 10.54 -2.6 -8.233
4 320 10.54 -2.6 -8.233 10 -1.4 -8.472 11 -1.2 -8.511 11.4 -2.26 -8.301
4 320 11.4 -2.26 -8.301 11 -1.2 -8.511 11.8 -1.1 -8.531 12.3 -1.96 -8.36
4 320 12.3 -1.96 -8.36 11.8 -1.1 -8.531 12.4 -1.08 -8.535 13 -1.8 -8.392
4 320 13 -1.8 -8.392 12.4 -1.08 -8.535 13 -1.1 -8.531 13.4 -1.7 -8.412
4 320 13.4 -1.7 -8.412 13 -1.1 -8.531 13.4 -1.2 -8.511 13.6 -1.6 -8.432
4 320 17.88 -4.2 -7.515 17.98 -6.187 -6.187 14.04 -4.6 -7.248 15.54 -4.4 -7.382
4 320 14.04 -4.6 -7.248 17.98 -6.187 -6.187 10.8 -5.2 -6.847 12.3 -4.9 -7.047
4 320 10.8 -5.2 -6.847 17.98 -6.187 -6.187 8.5 -5.77 -6.466 9.7 -5.46 -6.673
3 320 17.98 -6.187 -6.187 7.2 -6.187 -6.187 8.5 -5.77 -6.466
4 320 13.6 -1.6 -8.432 13.4 -1.2 -8.511 13.6 -1.3 -8.492 13.64 -1.45 -8.462
3 320 8.86 -3.349 -8.084 5.351 -3.349 -8.084 5.8 -3.1 -8.134

0 // Red
4 4 7.2 -6.187 -6.187 4.6 -6.187 -6.187 5.9 -5.1 -6.914 7.1 -4.3 -7.448
4 4 8.5 -5.77 -6.466 7.2 -6.187 -6.187 7.1 -4.3 -7.448 8.05 -3.76 -7.809
4 4 9.7 -5.46 -6.673 8.5 -5.77 -6.466 8.05 -3.76 -7.809 8.86 -3.349 -8.084
3 4 10.8 -5.2 -6.847 9.7 -5.46 -6.673 8.86 -3.349 -8.084
3 4 12.3 -4.9 -7.047 10.8 -5.2 -6.847 8.86 -3.349 -8.084
3 4 14.04 -4.6 -7.248 12.3 -4.9 -7.047 8.86 -3.349 -8.084
3 4 15.54 -4.4 -7.382 14.04 -4.6 -7.248 8.86 -3.349 -8.084
4 4 8.86 -3.349 -8.084 17.8 -3.349 -8.084 17.88 -4.2 -7.515 15.54 -4.4 -7.382
4 4 17.8 -3.349 -8.084 8.86 -3.349 -8.084 9.54 -3 -8.153 10.54 -2.6 -8.233
3 4 17.8 -3.349 -8.084 10.54 -2.6 -8.233 11.4 -2.26 -8.301
3 4 11.4 -2.26 -8.301 12.3 -1.96 -8.36 17.8 -3.349 -8.084
3 4 13 -1.8 -8.392 17.8 -3.349 -8.084 12.3 -1.96 -8.36
3 4 13.4 -1.7 -8.412 17.8 -3.349 -8.084 13 -1.8 -8.392
3 4 13.6 -1.6 -8.432 17.8 -3.349 -8.084 13.4 -1.7 -8.412
4 4 17.8 -3.349 -8.084 13.6 -1.6 -8.432 13.64 -1.45 -8.462 17.82 0 -8.75
3 4 17.82 0 -8.75 13.64 -1.45 -8.462 13.6 -1.3 -8.492
3 4 17.82 0 -8.75 13.6 -1.3 -8.492 13.4 -1.2 -8.511
3 4 17.82 0 -8.75 13.4 -1.2 -8.511 13 -1.1 -8.531
4 4 17.82 0 -8.75 13 -1.1 -8.531 12.4 -1.08 -8.535 8.35 0 -8.75
3 4 12.4 -1.08 -8.535 11.8 -1.1 -8.531 8.35 0 -8.75
3 4 11.8 -1.1 -8.531 11 -1.2 -8.511 8.35 0 -8.75
3 4 11 -1.2 -8.511 10 -1.4 -8.472 8.35 0 -8.75
3 4 10 -1.4 -8.472 9 -1.7 -8.412 8.35 0 -8.75
4 4 8.35 0 -8.75 9 -1.7 -8.412 7.99 -2.07 -8.338 6.3 -.9 -8.571
3 4 7.99 -2.07 -8.338 7 -2.5 -8.253 6.3 -.9 -8.571
4 4 6.3 -.9 -8.571 7 -2.5 -8.253 5.8 -3.1 -8.134 4.4 -1.9 -8.372
4 4 4.4 -1.9 -8.372 5.8 -3.1 -8.134 5.351 -3.349 -8.084 2.22 -3 -8.153
3 4 5.351 -3.349 -8.084 2.19 -3.349 -8.084 2.22 -3 -8.153
3 4 2.19 -3.349 -8.084 5.351 -3.349 -8.084 4.17 -3.9 -7.716
3 4 4.17 -3.9 -7.716 2.2 -4.9 -7.047 2.19 -3.349 -8.084
3 4 8.35 0 -8.75 10 .6 -8.631 11.8 1.2 -8.511
3 4 11.8 1.2 -8.511 17.82 0 -8.75 8.35 0 -8.75
4 4 17.82 0 -8.75 11.8 1.2 -8.511 13.5 1.6 -8.432 15.1 1.9 -8.372
3 4 16.455 2.039 -8.345 17.81 2.1 -8.332 17.82 0 -8.75
3 4 15.1 1.9 -8.372 16.455 2.039 -8.345 17.82 0 -8.75

0 // Main Color
4 16 2.2 -4.9 -7.047 2.2 -6.187 -6.187 2 -6.187 -6.187 2 -3.349 -8.084
3 16 2.19 -3.349 -8.084 2.2 -4.9 -7.047 2 -3.349 -8.084
3 16 2 -3.349 -8.084 2 0 -8.75 2.2 -2.3 -8.293
3 16 2.2 -2.3 -8.293 2.22 -3 -8.153 2 -3.349 -8.084
3 16 2.19 -3.349 -8.084 2 -3.349 -8.084 2.22 -3 -8.153
3 16 3.55 -1.6 -8.432 2.2 -2.3 -8.293 2 0 -8.75
3 16 2 0 -8.75 5.75 -.5 -8.651 3.55 -1.6 -8.432
3 16 6.856 0 -8.75 5.75 -.5 -8.651 2 0 -8.75
3 16 7.56 .3 -8.69 6.856 0 -8.75 2 0 -8.75
4 16 9.6 1.1 -8.531 7.56 .3 -8.69 2 0 -8.75 2 3.349 -8.084
3 16 11.3 1.7 -8.412 9.6 1.1 -8.531 2 3.349 -8.084
3 16 12.9 2.1 -8.332 11.3 1.7 -8.412 2 3.349 -8.084
3 16 14.6 2.5 -8.253 12.9 2.1 -8.332 2 3.349 -8.084
4 16 16.31 2.771 -8.199 14.6 2.5 -8.253 2 3.349 -8.084 18.412 3.349 -8.084
3 16 17.76 2.9 -8.173 16.31 2.771 -8.199 18.412 3.349 -8.084
4 16 17.81 2.1 -8.332 17.76 2.9 -8.173 18.412 3.349 -8.084 18.298 0 -8.75
3 16 18.298 0 -8.75 17.82 0 -8.75 17.81 2.1 -8.332
4 16 17.82 0 -8.75 18.298 0 -8.75 18.184 -3.349 -8.084 17.8 -3.349 -8.084
3 16 17.8 -3.349 -8.084 18.184 -3.349 -8.084 18.087 -6.187 -6.187
3 16 18.087 -6.187 -6.187 17.88 -4.2 -7.515 17.8 -3.349 -8.084
3 16 18.087 -6.187 -6.187 17.98 -6.187 -6.187 17.88 -4.2 -7.515
4 16 2 6.187 -6.187 18.508 6.187 -6.187 18.412 3.349 -8.084 2 3.349 -8.084
4 16 18.508 6.187 -6.187 2 6.187 -6.187 2 6.479 -5.75 18.518 6.479 -5.75
4 16 18.518 6.479 -5.75 2 6.479 -5.75 2 8 -5.75 18.978 20 -5.75
4 16 1.25 20 -5.75 18.978 20 -5.75 2 8 -5.75 1.25 8 -5.75
