0 Plate  1 x  2 with Handles Type 2
0 Name: 3839b.dat
0 Author: James Jessiman
0 !LDRAW_ORG Part UPDATE 2001-01
0 !LICENSE Redistributable under CCAL version 2.0 : see CAreadme.txt

0 !KEYWORDS bar, bars

0 !HISTORY 2001-10-26 [PTadmin] Official Update 2001-01
0 !HISTORY 2007-06-30 [PTadmin] Header formatted for Contributor Agreement
0 !HISTORY 2008-07-01 [PTadmin] Official Update 2008-01

 1 16 0 4 0 1 0 0 0 -1 0 0 0 1 stud3.dat

 1 16 0 8 0 16 0 0 0 -4 0 0 0 6 box5.dat

 4 16 20 8 10 16 8 6 -16 8 6 -20 8 10
 4 16 -20 8 10 -16 8 6 -16 8 -6 -20 8 -10
 4 16 -20 8 -10 -16 8 -6 16 8 -6 20 8 -10
 4 16 20 8 -10 16 8 -6 16 8 6 20 8 10

 2 24 20 8 10 -20 8 10
 2 24 -20 8 10 -20 8 -10
 2 24 -20 8 -10 20 8 -10
 2 24 20 8 -10 20 8 10

 2 24 20 0 10 -20 0 10
 2 24 -20 0 10 -20 0 -10
 2 24 -20 0 -10 20 0 -10
 2 24 20 0 -10 20 0 10

 2 24 20 8 10 20 7 10
 2 24 20 7 10 22 7 10
 2 24 22 7 10 22 5 10
 2 24 22 5 10 20 5 10
 2 24 20 5 10 20 0 10

 2 24 -20 8 10 -20 7 10
 2 24 -20 7 10 -22 7 10
 2 24 -22 7 10 -22 5 10
 2 24 -22 5 10 -20 5 10
 2 24 -20 5 10 -20 0 10

 2 24 20 8 -10 20 7 -10
 2 24 20 7 -10 22 7 -10
 2 24 22 7 -10 22 5 -10
 2 24 22 5 -10 20 5 -10
 2 24 20 5 -10 20 0 -10

 2 24 -20 8 -10 -20 7 -10
 2 24 -20 7 -10 -22 7 -10
 2 24 -22 7 -10 -22 5 -10
 2 24 -22 5 -10 -20 5 -10
 2 24 -20 5 -10 -20 0 -10

 2 24 20 5 10 20 5 -10
 2 24 -20 5 10 -20 5 -10
 2 24 20 7 10 20 7 -10
 2 24 -20 7 10 -20 7 -10
 2 24 22 5 10 22 5 -10
 2 24 -22 5 10 -22 5 -10
 2 24 22 7 10 22 7 -10
 2 24 -22 7 10 -22 7 -10

 4 16 20 8 10 20 7 10 20 7 -10 20 8 -10
 4 16 -20 8 10 -20 7 10 -20 7 -10 -20 8 -10
 4 16 20 7 10 22 7 10 22 7 -10 20 7 -10
 4 16 -20 7 10 -22 7 10 -22 7 -10 -20 7 -10
 4 16 20 5 10 22 5 10 22 5 -10 20 5 -10
 4 16 -20 5 10 -22 5 10 -22 5 -10 -20 5 -10
 4 16 20 5 10 20 0 10 20 0 -10 20 5 -10
 4 16 -20 5 10 -20 0 10 -20 0 -10 -20 5 -10
 4 16 20 0 10 20 0 -10 -20 0 -10 -20 0 10

 4 16 20 8 10 20 0 10 -20 0 10 -20 8 10
 4 16 20 8 -10 20 0 -10 -20 0 -10 -20 8 -10
 4 16 20 7 10 20 5 10 22 5 10 22 7 10
 4 16 -20 7 10 -20 5 10 -22 5 10 -22 7 10
 4 16 20 7 -10 20 5 -10 22 5 -10 22 7 -10
 4 16 -20 7 -10 -20 5 -10 -22 5 -10 -22 7 -10

 1 16 26 6 10 4 0 0 0 0 4 0 0 0 4-4edge.dat
 1 16 -26 6 10 4 0 0 0 0 4 0 0 0 4-4edge.dat
 1 16 26 6 -30 4 0 0 0 0 4 0 0 0 4-4edge.dat
 1 16 -26 6 -30 4 0 0 0 0 4 0 0 0 4-4edge.dat
 1 16 26 6 10 4 0 0 0 0 4 0 0 0 4-4disc.dat
 1 16 -26 6 10 4 0 0 0 0 4 0 0 0 4-4disc.dat
 1 16 26 6 -30 4 0 0 0 0 4 0 0 0 4-4disc.dat
 1 16 -26 6 -30 4 0 0 0 0 4 0 0 0 4-4disc.dat
 1 16 26 6 10 4 0 0 0 0 4 0 -40 0 4-4cyli.dat
 1 16 -26 6 10 4 0 0 0 0 4 0 -40 0 4-4cyli.dat

 1 16 10 0 0 1 0 0 0 1 0 0 0 1 stud.dat
 1 16 -10 0 0 1 0 0 0 1 0 0 0 1 stud.dat
0
