0 Duplo Brick  1 x  2 x  2 with Potted Plant Pattern
0 Name: 4066bp1g.dat
0 Author: Takeshi Takahashi [RainbowDolphin]
0 !LDRAW_ORG Part UPDATE 2020-03
0 !LICENSE Redistributable under CCAL version 2.0 : see CAreadme.txt

0 BFC CERTIFY CCW

0 !CATEGORY Brick
0 !KEYWORDS Kitchen, Grandma, Girls, Set 2551, bricklink 4066pb068

0 !HISTORY 2020-12-29 [PTadmin] Official Update 2020-03

1 16 0 0 0 1 0 0 0 1 0 0 0 1 s\4066bs01.dat
4 0 3.25 24.25 -20 2.75 24 -20 2.25 24.25 -20 2 24.75 -20
4 0 3.5 24.75 -20 3.25 24.25 -20 2 24.75 -20 2.25 25.25 -20
4 0 3.25 25.25 -20 3.5 24.75 -20 2.25 25.25 -20 2.75 25.5 -20
4 0 6 24.25 -20 5.5 24 -20 5 24.25 -20 4.75 24.75 -20
4 0 6.25 24.75 -20 6 24.25 -20 4.75 24.75 -20 5 25.25 -20
4 0 6 25.25 -20 6.25 24.75 -20 5 25.25 -20 5.5 25.5 -20
4 0 3.5 27 -20 3 26.75 -20 2.5 27 -20 2.25 27.5 -20
4 0 3.75 27.5 -20 3.5 27 -20 2.25 27.5 -20 2.5 28 -20
4 0 3.5 28 -20 3.75 27.5 -20 2.5 28 -20 3 28.25 -20
4 0 6.25 27 -20 5.75 26.75 -20 5.25 27 -20 5 27.5 -20
4 0 6.5 27.5 -20 6.25 27 -20 5 27.5 -20 5.25 28 -20
4 0 6.25 28 -20 6.5 27.5 -20 5.25 28 -20 5.75 28.25 -20
4 0 13 35 -20 12.5 34.75 -20 12 35 -20 11.75 35.5 -20
4 0 13.25 35.5 -20 13 35 -20 11.75 35.5 -20 12 36 -20
4 0 13 36 -20 13.25 35.5 -20 12 36 -20 12.5 36.25 -20
4 0 10.5 36 -20 10 35.75 -20 9.5 36 -20 9.25 36.5 -20
4 0 10.75 36.5 -20 10.5 36 -20 9.25 36.5 -20 9.5 37 -20
4 0 10.5 37 -20 10.75 36.5 -20 9.5 37 -20 10 37.25 -20
4 0 14 37.25 -20 13.5 37 -20 13 37.25 -20 12.75 37.75 -20
4 0 14.25 37.75 -20 14 37.25 -20 12.75 37.75 -20 13 38.25 -20
4 0 14 38.25 -20 14.25 37.75 -20 13 38.25 -20 13.5 38.5 -20
4 0 11.75 38.25 -20 11.25 38 -20 10.75 38.25 -20 10.5 38.75 -20
4 0 12 38.75 -20 11.75 38.25 -20 10.5 38.75 -20 10.75 39.25 -20
4 0 11.75 39.25 -20 12 38.75 -20 10.75 39.25 -20 11.25 39.5 -20
4 0 -3.5 36 -20 -4 35.75 -20 -4.5 36 -20 -4.75 36.5 -20
4 0 -3.25 36.5 -20 -3.5 36 -20 -4.75 36.5 -20 -4.5 37 -20
4 0 -3.5 37 -20 -3.25 36.5 -20 -4.5 37 -20 -4 37.25 -20
4 0 -1 37.25 -20 -1.5 37 -20 -2 37.25 -20 -2.25 37.75 -20
4 0 -0.75 37.75 -20 -1 37.25 -20 -2.25 37.75 -20 -2 38.25 -20
4 0 -1 38.25 -20 -0.75 37.75 -20 -2 38.25 -20 -1.5 38.5 -20
4 0 -5 38 -20 -5.5 37.75 -20 -6 38 -20 -6.25 38.5 -20
4 0 -4.75 38.5 -20 -5 38 -20 -6.25 38.5 -20 -6 39 -20
4 0 -5 39 -20 -4.75 38.5 -20 -6 39 -20 -5.5 39.25 -20
4 0 -2.75 39.25 -20 -3.25 39 -20 -3.75 39.25 -20 -4 39.75 -20
4 0 -2.5 39.75 -20 -2.75 39.25 -20 -4 39.75 -20 -3.75 40.25 -20
4 0 -2.75 40.25 -20 -2.5 39.75 -20 -3.75 40.25 -20 -3.25 40.5 -20
4 0 -11.25 32.25 -20 -11.75 32 -20 -12.25 32.25 -20 -12.5 32.75 -20
4 0 -11 32.75 -20 -11.25 32.25 -20 -12.5 32.75 -20 -12.25 33.25 -20
4 0 -11.25 33.25 -20 -11 32.75 -20 -12.25 33.25 -20 -11.75 33.5 -20
4 0 -9 33.75 -20 -9.5 33.5 -20 -10 33.75 -20 -10.25 34.25 -20
4 0 -8.75 34.25 -20 -9 33.75 -20 -10.25 34.25 -20 -10 34.75 -20
4 0 -9 34.75 -20 -8.75 34.25 -20 -10 34.75 -20 -9.5 35 -20
4 0 -12.75 34.5 -20 -13.25 34.25 -20 -13.75 34.5 -20 -14 35 -20
4 0 -12.5 35 -20 -12.75 34.5 -20 -14 35 -20 -13.75 35.5 -20
4 0 -12.75 35.5 -20 -12.5 35 -20 -13.75 35.5 -20 -13.25 35.75 -20
4 0 -10.25 35.75 -20 -10.75 35.5 -20 -11.25 35.75 -20 -11.5 36.25 -20
4 0 -10 36.25 -20 -10.25 35.75 -20 -11.5 36.25 -20 -11.25 36.75 -20
4 0 -10.25 36.75 -20 -10 36.25 -20 -11.25 36.75 -20 -10.75 37 -20
4 13 -10.5 19.5 -20 -11 20 -20 -11 20.75 -20 -9 19.5 -20
4 13 -9 19.5 -20 -11 20.75 -20 -9.5 21.25 -20 -7.25 20.5 -20
4 13 -7.25 20.5 -20 -9.5 21.25 -20 -7.5 22.75 -20 -5.5 22.25 -20
4 13 -5.5 22.25 -20 -7.5 22.75 -20 -6.25 24.5 -20 -5 24.5 -20
3 13 -5 24.5 -20 -6.25 24.5 -20 -5.5 26 -20
4 13 -9.5 22.25 -20 -11 21.75 -20 -11.25 22.75 -20 -10.5 24.25 -20
4 13 -8 23.5 -20 -9.5 22.25 -20 -10.5 24.25 -20 -9.25 25.75 -20
4 13 -6.75 25.25 -20 -8 23.5 -20 -9.25 25.75 -20 -7.5 26.75 -20
3 13 -6.75 25.25 -20 -7.5 26.75 -20 -6.25 26.5 -20
4 13 19.5 26.25 -20 21 25.75 -20 20.5 24.75 -20 18.75 24.5 -20
4 13 18 27.25 -20 19.5 26.25 -20 18.75 24.5 -20 17 25 -20
4 13 16.75 28.25 -20 18 27.25 -20 17 25 -20 15.25 26 -20
4 13 15.5 29.5 -20 16.75 28.25 -20 15.25 26 -20 14 28 -20
4 13 15 30.5 -20 15.5 29.5 -20 14 28 -20 13.5 30.25 -20
4 13 20.75 28 -20 20.5 26.75 -20 19 27.5 -20 19.75 29.25 -20
4 13 19.75 29.25 -20 19 27.5 -20 17.75 28.25 -20 18.5 30.5 -20
4 13 18.5 30.5 -20 17.75 28.25 -20 16.5 29.5 -20 17.25 31.25 -20
4 13 17.25 31.25 -20 16.5 29.5 -20 15.75 30.5 -20 16.25 31.5 -20
4 13 1 21.5 -20 -0.25 22 -20 -1 23 -20 2.5 21.75 -20
4 13 2.5 21.75 -20 -1 23 -20 -1 24.25 -20 2.25 24.25 -20
4 13 2 24.75 -20 2.25 24.25 -20 -1 24.25 -20 -0.75 25.25 -20
4 13 2.25 25.25 -20 2 24.75 -20 -0.75 25.25 -20 0.25 25.75 -20
4 13 2.75 25.5 -20 2.25 25.25 -20 0.25 25.75 -20 1 26.5 -20
4 13 2.5 27 -20 2.75 25.5 -20 1 26.5 -20 2.25 27.5 -20
4 13 2.25 27.5 -20 1 26.5 -20 0.25 27.5 -20 2.5 28 -20
4 13 2.5 28 -20 0.25 27.5 -20 0 28.5 -20 0.25 29.75 -20
4 13 3 28.25 -20 2.5 28 -20 0.25 29.75 -20 1 30.5 -20
4 13 3 28.25 -20 1 30.5 -20 2 31 -20 3.25 30.75 -20
4 13 3.5 28 -20 3 28.25 -20 3.25 30.75 -20 4.25 30 -20
3 13 3.5 28 -20 4.25 30 -20 4.75 29 -20
4 13 5.25 28 -20 3.5 28 -20 4.75 29 -20 5.75 28.25 -20
4 13 5.75 28.25 -20 4.75 29 -20 5.25 30 -20 6.5 30.5 -20
4 13 6.25 28 -20 5.75 28.25 -20 6.5 30.5 -20 7.75 30.75 -20
4 13 6.25 28 -20 7.75 30.75 -20 9 30.25 -20 6.5 27.5 -20
4 13 6.5 27.5 -20 9 30.25 -20 9.75 29.25 -20 9.75 27.75 -20
4 13 6.25 27 -20 6.5 27.5 -20 9.75 27.75 -20 9 26.5 -20
4 13 6.25 27 -20 9 26.5 -20 7.75 25.75 -20 6 25.25 -20
4 13 6.25 24.75 -20 6 25.25 -20 7.75 25.75 -20 8.5 25 -20
4 13 6.25 24.75 -20 8.5 25 -20 9.25 23.75 -20 6 24.25 -20
4 13 6 24.25 -20 9.25 23.75 -20 9.25 22.25 -20 8.5 21.25 -20
4 13 5.5 24 -20 6 24.25 -20 8.5 21.25 -20 7.5 20.75 -20
4 13 5.5 24 -20 7.5 20.75 -20 6.25 20.75 -20 5 21.5 -20
4 13 5 24.25 -20 5.5 24 -20 5 21.5 -20 4.25 23 -20
4 13 3.25 24.25 -20 5 24.25 -20 4.25 23 -20 3.5 22.25 -20
4 13 2.75 24 -20 3.25 24.25 -20 3.5 22.25 -20 2.5 21.75 -20
3 13 2.5 21.75 -20 2.25 24.25 -20 2.75 24 -20
4 13 4.75 24.75 -20 5 24.25 -20 3.25 24.25 -20 3.5 24.75 -20
4 13 5 25.25 -20 4.75 24.75 -20 3.5 24.75 -20 3.25 25.25 -20
4 13 3.5 27 -20 5 25.25 -20 3.25 25.25 -20 3 26.75 -20
4 13 3 26.75 -20 3.25 25.25 -20 2.75 25.5 -20 2.5 27 -20
4 13 5 25.25 -20 3.5 27 -20 5.25 27 -20 5.5 25.5 -20
4 13 5.5 25.5 -20 5.25 27 -20 5.75 26.75 -20 6 25.25 -20
3 13 6 25.25 -20 5.75 26.75 -20 6.25 27 -20
4 13 5 27.5 -20 5.25 27 -20 3.5 27 -20 3.75 27.5 -20
4 13 5.25 28 -20 5 27.5 -20 3.75 27.5 -20 3.5 28 -20
4 13 13 35 -20 14.75 31.75 -20 13.5 31.5 -20 12.5 34.75 -20
4 13 12.5 34.75 -20 13.5 31.5 -20 12.25 31.75 -20 12 35 -20
4 13 12 35 -20 12.25 31.75 -20 11.5 33 -20 11.75 35.5 -20
4 13 11.75 35.5 -20 11.5 33 -20 11 34.25 -20 10.5 36 -20
4 13 10 35.75 -20 10.5 36 -20 11 34.25 -20 10 33.75 -20
4 13 9.5 36 -20 10 35.75 -20 10 33.75 -20 8.75 33.5 -20
4 13 9.25 36.5 -20 9.5 36 -20 8.75 33.5 -20 7.5 33.75 -20
4 13 9.25 36.5 -20 7.5 33.75 -20 6.5 34.5 -20 6 35.5 -20
4 13 9.25 36.5 -20 6 35.5 -20 6.25 36.75 -20 9.5 37 -20
4 13 9.5 37 -20 6.25 36.75 -20 7.5 37.75 -20 10 37.25 -20
4 13 10 37.25 -20 7.5 37.75 -20 9 38.5 -20 10.5 38.75 -20
4 13 10.5 38.75 -20 9 38.5 -20 8.25 40 -20 10.75 39.25 -20
4 13 10.75 39.25 -20 8.25 40 -20 8 41.5 -20 8.5 42.75 -20
4 13 11.25 39.5 -20 10.75 39.25 -20 8.5 42.75 -20 9.75 43.5 -20
4 13 11.25 39.5 -20 9.75 43.5 -20 11.25 43.5 -20 11.75 39.25 -20
4 13 11.75 39.25 -20 11.25 43.5 -20 12.5 42.25 -20 13.25 40.25 -20
4 13 12 38.75 -20 11.75 39.25 -20 13.25 40.25 -20 13 38.25 -20
4 13 13.5 38.5 -20 13 38.25 -20 13.25 40.25 -20 14.25 40.5 -20
4 13 13.5 38.5 -20 14.25 40.5 -20 15.5 40.75 -20 14 38.25 -20
4 13 14 38.25 -20 15.5 40.75 -20 17 40.25 -20 18 39.5 -20
4 13 14.25 37.75 -20 14 38.25 -20 18 39.5 -20 18 38 -20
4 13 14 37.25 -20 14.25 37.75 -20 18 38 -20 17.25 36.5 -20
4 13 14 37.25 -20 17.25 36.5 -20 15.25 35.75 -20 13.5 37 -20
4 13 13 36 -20 13.5 37 -20 15.25 35.75 -20 13.25 35.5 -20
4 13 13.25 35.5 -20 15.25 35.75 -20 16 34.5 -20 16 33.25 -20
4 13 13 35 -20 13.25 35.5 -20 16 33.25 -20 15.75 32.25 -20
3 13 14.75 31.75 -20 13 35 -20 15.75 32.25 -20
4 13 12 36 -20 11.75 35.5 -20 10.5 36 -20 10.75 36.5 -20
4 13 12 36 -20 10.75 36.5 -20 12.75 37.75 -20 13 37.25 -20
4 13 12.5 36.25 -20 12 36 -20 13 37.25 -20 13.5 37 -20
3 13 13 36 -20 12.5 36.25 -20 13.5 37 -20
4 13 11.25 38 -20 12.75 37.75 -20 10.75 36.5 -20 10.5 37 -20
4 13 10.75 38.25 -20 11.25 38 -20 10.5 37 -20 10 37.25 -20
3 13 10 37.25 -20 10.5 38.75 -20 10.75 38.25 -20
4 13 12.75 37.75 -20 11.25 38 -20 11.75 38.25 -20 13 38.25 -20
3 13 13 38.25 -20 11.75 38.25 -20 12 38.75 -20
4 13 -4 35.75 -20 -4.5 32.25 -20 -5.5 32.75 -20 -4.5 36 -20
4 13 -4.5 36 -20 -5.5 32.75 -20 -6.25 33.5 -20 -4.75 36.5 -20
4 13 -4.75 36.5 -20 -6.25 33.5 -20 -6.75 34.75 -20 -6.75 36 -20
4 13 -4.75 36.5 -20 -6.75 36 -20 -6.25 37 -20 -5.5 37.75 -20
4 13 -6 38 -20 -5.5 37.75 -20 -6.25 37 -20 -7.25 37 -20
4 13 -6.25 38.5 -20 -6 38 -20 -7.25 37 -20 -8.5 37.5 -20
4 13 -6.25 38.5 -20 -8.5 37.5 -20 -9.5 38.25 -20 -6 39 -20
4 13 -6 39 -20 -9.5 38.25 -20 -10 39 -20 -10 40 -20
4 13 -6 39 -20 -10 40 -20 -9.5 41 -20 -5.5 39.25 -20
4 13 -5.5 39.25 -20 -9.5 41 -20 -8.5 41.5 -20 -7 41.5 -20
4 13 -5.5 39.25 -20 -7 41.5 -20 -6 41.25 -20 -5 40.5 -20
4 13 -5 39 -20 -5.5 39.25 -20 -5 40.5 -20 -4 39.75 -20
4 13 -4 39.75 -20 -5 40.5 -20 -5 41.75 -20 -3.75 40.25 -20
4 13 -3.75 40.25 -20 -5 41.75 -20 -4.5 42.75 -20 -3.75 43.75 -20
4 13 -3.25 40.5 -20 -3.75 40.25 -20 -3.75 43.75 -20 -2.5 44.25 -20
4 13 -3.25 40.5 -20 -2.5 44.25 -20 -1.5 44.25 -20 -0.75 43.5 -20
4 13 -2.75 40.25 -20 -3.25 40.5 -20 -0.75 43.5 -20 0 42.25 -20
4 13 -2.75 40.25 -20 0 42.25 -20 0 41 -20 -0.5 39.75 -20
4 13 -2.5 39.75 -20 -2.75 40.25 -20 -0.5 39.75 -20 -1.5 38.5 -20
4 13 -1 38.25 -20 -1.5 38.5 -20 -0.5 39.75 -20 0.75 39.75 -20
4 13 -1 38.25 -20 0.75 39.75 -20 2 39 -20 -0.75 37.75 -20
4 13 -0.75 37.75 -20 2 39 -20 2.75 38 -20 3 36.75 -20
4 13 -1 37.25 -20 -0.75 37.75 -20 3 36.75 -20 2.25 35.5 -20
4 13 -1 37.25 -20 2.25 35.5 -20 0.75 35 -20 -0.75 35.25 -20
4 13 -1.5 37 -20 -1 37.25 -20 -0.75 35.25 -20 -1.75 35.25 -20
4 13 -3.5 36 -20 -1.5 37 -20 -1.75 35.25 -20 -2 34 -20
4 13 -3.5 36 -20 -2 34 -20 -2.5 33 -20 -4 35.75 -20
4 13 -4 35.75 -20 -2.5 33 -20 -3.5 32.25 -20 -4.5 32.25 -20
4 13 -1.5 37 -20 -3.5 36 -20 -3.25 36.5 -20 -2 37.25 -20
4 13 -2 37.25 -20 -3.25 36.5 -20 -3.5 37 -20 -2.25 37.75 -20
4 13 -2.25 37.75 -20 -3.5 37 -20 -4 37.25 -20 -3.25 39 -20
4 13 -2 38.25 -20 -2.25 37.75 -20 -3.25 39 -20 -2.75 39.25 -20
4 13 -1.5 38.5 -20 -2 38.25 -20 -2.75 39.25 -20 -2.5 39.75 -20
4 13 -3.25 39 -20 -4 37.25 -20 -4.75 38.5 -20 -3.75 39.25 -20
4 13 -3.75 39.25 -20 -4.75 38.5 -20 -5 39 -20 -4 39.75 -20
4 13 -4.5 37 -20 -4.75 36.5 -20 -5.5 37.75 -20 -5 38 -20
4 13 -4 37.25 -20 -4.5 37 -20 -5 38 -20 -4.75 38.5 -20
4 13 -7.25 32.75 -20 -6.25 31.25 -20 -7.75 31 -20 -9 33.75 -20
4 13 -7.75 34.25 -20 -7.25 32.75 -20 -9 33.75 -20 -8.75 34.25 -20
4 13 -7.75 35.75 -20 -7.75 34.25 -20 -8.75 34.25 -20 -9 34.75 -20
4 13 -8.75 36.25 -20 -7.75 35.75 -20 -9 34.75 -20 -9.5 35 -20
4 13 -8.75 36.25 -20 -9.5 35 -20 -10 36.25 -20 -9.75 37 -20
4 13 -9.75 37 -20 -10 36.25 -20 -10.25 36.75 -20 -10.5 37.75 -20
4 13 -10.5 37.75 -20 -10.25 36.75 -20 -10.75 37 -20 -11.25 38.75 -20
4 13 -11.25 38.75 -20 -10.75 37 -20 -11.25 36.75 -20 -13 37.25 -20
4 13 -11.25 38.75 -20 -13 37.25 -20 -12.75 38.75 -20 -11.5 39.75 -20
4 13 -11.5 39.75 -20 -12.75 38.75 -20 -12.5 40 -20 -11.5 41 -20
4 13 -13.25 35.75 -20 -13 37.25 -20 -11.25 36.75 -20 -11.5 36.25 -20
4 13 -14.25 37.75 -20 -13 37.25 -20 -13.25 35.75 -20 -13.75 35.5 -20
4 13 -15.75 38 -20 -14.25 37.75 -20 -13.75 35.5 -20 -14 35 -20
4 13 -17 37.5 -20 -15.75 38 -20 -14 35 -20 -18 36.75 -20
4 13 -18.25 36 -20 -18 36.75 -20 -14 35 -20 -18.25 34.75 -20
4 13 -18.25 34.75 -20 -14 35 -20 -13.75 34.5 -20 -17.25 33.5 -20
4 13 -16 33 -20 -17.25 33.5 -20 -13.75 34.5 -20 -13.25 34.25 -20
3 13 -14.5 33 -20 -16 33 -20 -13.25 34.25 -20
4 13 -14.5 33 -20 -13.25 34.25 -20 -12.5 32.75 -20 -14.75 31.5 -20
4 13 -14.75 31.5 -20 -12.5 32.75 -20 -12.25 32.25 -20 -14.25 29.75 -20
4 13 -14.25 29.75 -20 -12.25 32.25 -20 -11.75 32 -20 -13.5 28.75 -20
4 13 -12.5 28.25 -20 -13.5 28.75 -20 -11.75 32 -20 -11.25 28.25 -20
4 13 -10.25 29.25 -20 -11.25 28.25 -20 -11.75 32 -20 -11.25 32.25 -20
4 13 -9.75 30.5 -20 -10.25 29.25 -20 -11.25 32.25 -20 -9.5 31.75 -20
4 13 -9.5 33.5 -20 -9.5 31.75 -20 -11.25 32.25 -20 -11 32.75 -20
4 13 -8.75 31.25 -20 -9.5 31.75 -20 -9.5 33.5 -20 -7.75 31 -20
3 13 -7.75 31 -20 -9.5 33.5 -20 -9 33.75 -20
4 13 -10 33.75 -20 -9.5 33.5 -20 -11 32.75 -20 -11.25 33.25 -20
4 13 -10.25 34.25 -20 -10 33.75 -20 -11.25 33.25 -20 -11.75 33.5 -20
4 13 -10.25 34.25 -20 -11.75 33.5 -20 -12.5 35 -20 -11.25 35.75 -20
4 13 -12.5 35 -20 -11.75 33.5 -20 -12.25 33.25 -20 -12.75 34.5 -20
4 13 -12.75 34.5 -20 -12.25 33.25 -20 -12.5 32.75 -20 -13.25 34.25 -20
4 13 -11.25 35.75 -20 -12.5 35 -20 -12.75 35.5 -20 -11.5 36.25 -20
3 13 -12.75 35.5 -20 -13.25 35.75 -20 -11.5 36.25 -20
4 13 -10.25 34.25 -20 -11.25 35.75 -20 -10.75 35.5 -20 -10 34.75 -20
4 13 -10 34.75 -20 -10.75 35.5 -20 -10.25 35.75 -20 -9.5 35 -20
3 13 -9.5 35 -20 -10.25 35.75 -20 -10 36.25 -20
4 2 -4.25 29 -20 -3.25 31.25 -20 -2.75 27 -20 -4.5 27.25 -20
4 2 -4.5 27.25 -20 -2.75 27 -20 -2 24.25 -20 -4 24.5 -20
4 2 -4 24.5 -20 -2 24.25 -20 -2 22.5 -20 -4.5 22 -20
4 2 -4.5 22 -20 -2 22.5 -20 -1.75 21 -20 -5.75 20 -20
4 2 -5.75 20 -20 -1.75 21 -20 -3.5 18.25 -20 -7.5 18.75 -20
4 2 -7.5 18.75 -20 -3.5 18.25 -20 -6.5 15.75 -20 -9.5 18 -20
4 2 -9.5 18 -20 -6.5 15.75 -20 -9.25 14.25 -20 -12.25 14.25 -20
4 2 -11.5 18.25 -20 -9.5 18 -20 -12.25 14.25 -20 -14.75 15.5 -20
4 2 -12.5 19 -20 -11.5 18.25 -20 -14.75 15.5 -20 -16.5 17.25 -20
4 2 -12.5 20.25 -20 -12.5 19 -20 -16.5 17.25 -20 -17.75 19.75 -20
4 2 -12 21.25 -20 -12.5 20.25 -20 -17.75 19.75 -20 -18.25 22.25 -20
4 2 -12 23.5 -20 -12 21.25 -20 -18.25 22.25 -20 -18.25 24.25 -20
4 2 -12 23.5 -20 -18.25 24.25 -20 -16.25 25 -20 -11.5 25 -20
4 2 -12 26.75 -20 -11.5 25 -20 -16.25 25 -20 -14.5 26.5 -20
3 2 -14.5 26.5 -20 -13.75 27.5 -20 -12 26.75 -20
4 2 -10 26.5 -20 -11.5 25 -20 -12 26.75 -20 -10 27.75 -20
4 2 -8.25 27.75 -20 -10 26.5 -20 -10 27.75 -20 -9 29.25 -20
4 2 -6.5 28.5 -20 -8.25 27.75 -20 -9 29.25 -20 -8.5 30.25 -20
4 2 -6.5 28.5 -20 -8.5 30.25 -20 -6.75 30 -20 -5.5 29.25 -20
3 2 -5.5 29.25 -20 -6.75 30 -20 -5.25 30.5 -20
4 2 -0.25 31 -20 -1.5 29.75 -20 -1.75 31.75 -20 -1 32.75 -20
4 2 1.25 32 -20 -0.25 31 -20 -1 32.75 -20 -0.75 34 -20
4 2 1.25 32 -20 -0.75 34 -20 1.25 33.75 -20 3.25 32 -20
3 2 3.25 32 -20 1.25 33.75 -20 2.5 34.25 -20
4 2 4.25 36.5 -20 4.5 38 -20 5.5 38 -20 4.75 36 -20
4 2 3.75 34.75 -20 4.25 36.5 -20 4.75 36 -20 5.25 34 -20
4 2 5 31.25 -20 3.75 34.75 -20 5.25 34 -20 6.5 33 -20
4 2 6.5 31.75 -20 5 31.25 -20 6.5 33 -20 8 32.5 -20
4 2 8.75 31.5 -20 6.5 31.75 -20 8 32.5 -20 10.5 32.75 -20
4 2 10 30.75 -20 8.75 31.5 -20 10.5 32.75 -20 11.25 31.5 -20
4 2 10.75 29.25 -20 10 30.75 -20 11.25 31.5 -20 12.25 30.5 -20
4 2 10.75 29.25 -20 12.25 30.5 -20 12.75 28 -20 10.75 27.25 -20
4 2 10.75 27.25 -20 12.75 28 -20 13.75 25.75 -20 9.75 25.5 -20
4 2 9.75 25.5 -20 13.75 25.75 -20 15.75 24.25 -20 10.5 23.75 -20
4 2 10.5 23.75 -20 15.75 24.25 -20 17.5 23.5 -20 10.75 22.5 -20
4 2 13.25 20.75 -20 10.75 22.5 -20 17.5 23.5 -20 19 23.25 -20
4 2 13.25 20.75 -20 19 23.25 -20 19.25 20.5 -20 13 20.25 -20
4 2 13 20.25 -20 19.25 20.5 -20 18.25 17.5 -20 16.25 15.5 -20
4 2 13 20.25 -20 16.25 15.5 -20 13.5 14.25 -20 10.5 21.5 -20
4 2 10.5 21.5 -20 13.5 14.25 -20 10.75 14.5 -20 9.25 20 -20
4 2 9.25 20 -20 10.75 14.5 -20 7.75 15.75 -20 7.75 19.5 -20
4 2 7.75 19.5 -20 7.75 15.75 -20 5.25 17.25 -20 6 19.75 -20
4 2 6 19.75 -20 5.25 17.25 -20 3.5 18.75 -20 4.25 21.25 -20
3 2 3.5 18.75 -20 1.75 20.25 -20 4.25 21.25 -20
4 2 24.25 27.25 -20 21.75 26.75 -20 21.5 28.75 -20 26.75 28.5 -20
4 2 26.75 28.5 -20 21.5 28.75 -20 19.75 30.75 -20 23.25 31 -20
4 2 28.75 30 -20 26.75 28.5 -20 23.25 31 -20 23.75 31.75 -20
4 2 30 31.75 -20 28.75 30 -20 23.75 31.75 -20 30 34 -20
4 2 29 35.75 -20 30 34 -20 23.75 31.75 -20 26.25 37.75 -20
4 2 26.25 37.75 -20 23.75 31.75 -20 21.25 31.75 -20 22.75 36 -20
4 2 22.75 36 -20 21.25 31.75 -20 19 32 -20 19.75 35 -20
4 2 19.75 35 -20 19 32 -20 17 33 -20 17 34.75 -20
4 2 22.25 38 -20 19 37 -20 19.25 38.75 -20 25 39.75 -20
4 2 25 39.75 -20 19.25 38.75 -20 19.25 40.25 -20 21.5 42 -20
4 2 27.5 42.25 -20 25 39.75 -20 21.5 42 -20 22.75 43.75 -20
4 2 28.5 44.5 -20 27.5 42.25 -20 22.75 43.75 -20 22.25 44.25 -20
4 2 28.75 46.75 -20 28.5 44.5 -20 22.25 44.25 -20 27 48.75 -20
4 2 24.5 50.25 -20 27 48.75 -20 22.25 44.25 -20 21.75 50.75 -20
4 2 18.75 50.5 -20 21.75 50.75 -20 22.25 44.25 -20 20.75 42.75 -20
4 2 18 47 -20 18.75 50.5 -20 20.75 42.75 -20 18.75 41.25 -20
4 2 16.25 44.25 -20 18 47 -20 18.75 41.25 -20 16.5 41.75 -20
3 2 16.5 41.75 -20 14 41.75 -20 16.25 44.25 -20
4 2 7 40 -20 2.75 39.75 -20 2.25 40.5 -20 4.75 42.25 -20
3 2 7 40 -20 4.75 42.25 -20 6.75 42 -20
4 2 6.75 42 -20 4.75 42.25 -20 6.75 44 -20 7.75 43.75 -20
4 2 7.75 43.75 -20 6.75 44 -20 8.75 46.25 -20 9.5 44.75 -20
4 2 9.5 44.75 -20 8.75 46.25 -20 15.75 47.25 -20 14.5 45.25 -20
3 2 11.75 44.75 -20 9.5 44.75 -20 14.5 45.25 -20
3 2 13.25 43.75 -20 11.75 44.75 -20 14.5 45.25 -20
4 2 16.5 49.5 -20 15.75 47.25 -20 8.75 46.25 -20 8.25 47 -20
4 2 16.5 51.75 -20 16.5 49.5 -20 8.25 47 -20 15.5 54 -20
4 2 13.25 55.5 -20 15.5 54 -20 8.25 47 -20 10.25 55.5 -20
4 2 7.75 54.75 -20 10.25 55.5 -20 8.25 47 -20 5.25 53.5 -20
4 2 5.5 50.25 -20 5.25 53.5 -20 8.25 47 -20 6.5 45.25 -20
3 2 6.5 45.25 -20 5.5 47 -20 5.5 50.25 -20
3 2 4.75 43.75 -20 5.5 47 -20 6.5 45.25 -20
4 2 2.5 44.75 -20 1 43.25 -20 0.25 44.75 -20 3.25 47.25 -20
4 2 3.25 47.25 -20 0.25 44.75 -20 -1 45.5 -20 3.5 50.25 -20
4 2 3.5 50.25 -20 -1 45.5 -20 -2.75 45.5 -20 3 53.5 -20
4 2 3 53.5 -20 -2.75 45.5 -20 -4 46 -20 2 55.75 -20
4 2 2 55.75 -20 -4 46 -20 -4.75 47.25 -20 0.5 57.5 -20
4 2 0.5 57.5 -20 -4.75 47.25 -20 -5 49 -20 -1 58.75 -20
4 2 -1 58.75 -20 -5 49 -20 -5.25 50.75 -20 -3 59.5 -20
4 2 -3 59.5 -20 -5.25 50.75 -20 -5.75 50.75 -20 -6 58.75 -20
4 2 -8.25 57.25 -20 -6 58.75 -20 -5.75 50.75 -20 -10 54.75 -20
4 2 -10 54.75 -20 -5.75 50.75 -20 -6 48.75 -20 -11 51.5 -20
4 2 -11 51.5 -20 -6 48.75 -20 -5.75 46.75 -20 -11.25 48.75 -20
4 2 -11.25 48.75 -20 -5.75 46.75 -20 -5 44.25 -20 -11 46 -20
4 2 -11 46 -20 -5 44.25 -20 -6 42.75 -20 -10.25 44 -20
3 2 -9.25 42.5 -20 -10.25 44 -20 -6 42.75 -20
4 2 -12.75 45 -20 -11.75 42.25 -20 -13 41.25 -20 -14.5 45.75 -20
4 2 -14.5 45.75 -20 -13 41.25 -20 -13.75 40.25 -20 -16.5 45.75 -20
4 2 -16.5 45.75 -20 -13.75 40.25 -20 -14 39 -20 -15.25 39.25 -20
4 2 -18.25 45.25 -20 -16.5 45.75 -20 -15.25 39.25 -20 -16.75 39 -20
4 2 -19.5 44 -20 -18.25 45.25 -20 -16.75 39 -20 -18.25 38.25 -20
4 2 -20.5 42.25 -20 -19.5 44 -20 -18.25 38.25 -20 -19 37.25 -20
4 2 -20.5 42.25 -20 -19 37.25 -20 -20.25 38.5 -20 -20.75 40.25 -20
4 2 -13.25 49.25 -20 -13 47 -20 -15.5 47.5 -20 -15 51.25 -20
4 2 -15 51.25 -20 -15.5 47.5 -20 -17.75 47.25 -20 -17.5 53.25 -20
4 2 -17.5 53.25 -20 -17.75 47.25 -20 -19.5 46.75 -20 -20.5 54.5 -20
4 2 -20.5 54.5 -20 -19.5 46.75 -20 -21 45.75 -20 -22.25 47 -20
4 2 -22.5 55 -20 -20.5 54.5 -20 -22.25 47 -20 -23.75 48.5 -20
4 2 -24.75 54.75 -20 -22.5 55 -20 -23.75 48.5 -20 -24.25 48 -20
4 2 -26.75 53.5 -20 -24.75 54.75 -20 -24.25 48 -20 -28.5 51.5 -20
4 2 -29 49.25 -20 -28.5 51.5 -20 -24.25 48 -20 -29 46.75 -20
4 2 -29 46.75 -20 -24.25 48 -20 -23.25 46.25 -20 -28 44.25 -20
4 2 -28 44.25 -20 -23.25 46.25 -20 -21.75 44.75 -20 -26.75 42.25 -20
4 2 -26.75 42.25 -20 -21.75 44.75 -20 -22.5 42.5 -20 -25.25 40.5 -20
3 2 -22.5 40.5 -20 -25.25 40.5 -20 -22.5 42.5 -20
4 2 -17.5 30.25 -20 -15.75 31 -20 -15.5 29 -20 -17 27.75 -20
4 2 -19.75 29.75 -20 -17.5 30.25 -20 -17 27.75 -20 -19 26.5 -20
4 2 -21.75 30 -20 -19.75 29.75 -20 -19 26.5 -20 -21.5 26.25 -20
4 2 -21.75 30 -20 -21.5 26.25 -20 -24 26.5 -20 -23.75 30.75 -20
4 2 -23.75 30.75 -20 -24 26.5 -20 -26.5 27.5 -20 -28.75 29.25 -20
4 2 -23.75 31.5 -20 -23.75 30.75 -20 -28.75 29.25 -20 -30.25 31.25 -20
4 2 -23.75 31.5 -20 -30.25 31.25 -20 -30.75 33.75 -20 -30.25 36 -20
4 2 -23.75 31.5 -20 -30.25 36 -20 -28.5 37.5 -20 -21.75 31 -20
4 2 -21.75 31 -20 -28.5 37.5 -20 -26.5 38.75 -20 -24.25 39 -20
4 2 -21.75 31 -20 -24.25 39 -20 -22.25 38.75 -20 -20.75 36.25 -20
4 2 -19.75 31 -20 -21.75 31 -20 -20.75 36.25 -20 -19.25 34 -20
3 2 -19.75 31 -20 -19.25 34 -20 -17.25 32 -20
3 7 -13.25 52.25 -20 -15.25 54 -20 -12 55.25 -20
4 7 -12 55.25 -20 -15.25 54 -20 -18 55.5 -20 -10.25 58 -20
4 7 -10.25 58 -20 -18 55.5 -20 -20.25 56.5 -20 -7.75 60.25 -20
4 7 -7.75 60.25 -20 -20.25 56.5 -20 -23 57 -20 -23 73 -20
4 7 -4.5 61.5 -20 -7.75 60.25 -20 -23 73 -20 -18 75 -20
4 7 -4.5 61.5 -20 -18 75 -20 -10.75 76.25 -20 -0.75 61.5 -20
4 7 -0.75 61.5 -20 -10.75 76.25 -20 -4 76.75 -20 4 76.75 -20
4 7 2.5 59.25 -20 -0.75 61.5 -20 4 76.75 -20 9.5 57.5 -20
4 7 2.5 59.25 -20 9.5 57.5 -20 6.75 56.5 -20 3.75 57.25 -20
3 7 4.5 55.25 -20 3.75 57.25 -20 6.75 56.5 -20
4 7 9.5 57.5 -20 4 76.75 -20 11.25 75.75 -20 13.5 57.5 -20
4 7 13.5 57.5 -20 11.25 75.75 -20 17 74.5 -20 16.75 55.5 -20
4 7 16.75 55.5 -20 17 74.5 -20 21.25 73 -20 21.25 52.75 -20
3 7 18.5 52.5 -20 16.75 55.5 -20 21.25 52.75 -20
4 7 -18.5 77 -20 -24.5 75 -20 -24.5 80.5 -20 -18.25 83 -20
4 7 -10.75 78.25 -20 -18.5 77 -20 -18.25 83 -20 -10 84.5 -20
4 7 -3.25 79 -20 -10.75 78.25 -20 -10 84.5 -20 -2.75 84.75 -20
4 7 -3.25 79 -20 -2.75 84.75 -20 2.75 84.75 -20 3.25 79 -20
4 7 3.25 79 -20 2.75 84.75 -20 9.5 84 -20 11.25 78.25 -20
4 7 11.25 78.25 -20 9.5 84 -20 16.25 83 -20 17.5 76.75 -20
4 7 17.5 76.75 -20 16.25 83 -20 22.5 80.5 -20 22.5 74.75 -20
4 7 -17.25 85.5 -20 -22 84 -20 -22 86.75 -20 -16.75 88.5 -20
4 7 -11 86.5 -20 -17.25 85.5 -20 -16.75 88.5 -20 -9.25 89.5 -20
4 7 -3.5 86.75 -20 -11 86.5 -20 -9.25 89.5 -20 -2 90 -20
4 7 -3.5 86.75 -20 -2 90 -20 2 90 -20 3.5 86.75 -20
4 7 3.5 86.75 -20 2 90 -20 8.75 89.25 -20 10.75 85.75 -20
4 7 10.75 85.75 -20 8.75 89.25 -20 15.75 88 -20 16.75 84.75 -20
4 7 16.75 84.75 -20 15.75 88 -20 20 86.75 -20 20 83.75 -20
4 0 -1.75 21 -20 -0.25 22 -20 0 19 -20 -3.5 18.25 -20
4 0 -3.5 18.25 -20 0 19 -20 -2.5 16.25 -20 -6.5 15.75 -20
4 0 -6.5 15.75 -20 -2.5 16.25 -20 -5.5 13.5 -20 -9.25 14.25 -20
4 0 -9.25 14.25 -20 -5.5 13.5 -20 -9.25 12 -20 -12.25 14.25 -20
4 0 -12.25 14.25 -20 -9.25 12 -20 -12.5 11.75 -20 -14.75 15.5 -20
4 0 -14.75 15.5 -20 -12.5 11.75 -20 -15.5 13 -20 -16.5 17.25 -20
4 0 -16.5 17.25 -20 -15.5 13 -20 -18 15.5 -20 -17.75 19.75 -20
4 0 -17.75 19.75 -20 -18 15.5 -20 -19.5 18.5 -20 -20 21.25 -20
4 0 -18.25 22.25 -20 -17.75 19.75 -20 -20 21.25 -20 -20.25 23.75 -20
4 0 -18.25 24.25 -20 -18.25 22.25 -20 -20.25 23.75 -20 -19 26.5 -20
4 0 -21.5 26.25 -20 -19 26.5 -20 -20.25 23.75 -20 -23.25 23.75 -20
4 0 -24 26.5 -20 -21.5 26.25 -20 -23.25 23.75 -20 -26 24.75 -20
4 0 -26.5 27.5 -20 -24 26.5 -20 -26 24.75 -20 -28.75 26 -20
4 0 -28.75 29.25 -20 -26.5 27.5 -20 -28.75 26 -20 -31 28.25 -20
4 0 -30.25 31.25 -20 -28.75 29.25 -20 -31 28.25 -20 -32.75 30.75 -20
4 0 -30.75 33.75 -20 -30.25 31.25 -20 -32.75 30.75 -20 -33.25 33.5 -20
4 0 -30.75 33.75 -20 -33.25 33.5 -20 -32.5 36.5 -20 -30.25 36 -20
4 0 -30.25 36 -20 -32.5 36.5 -20 -30.75 38.75 -20 -28.5 37.5 -20
4 0 -28.5 37.5 -20 -30.75 38.75 -20 -27.75 40.25 -20 -26.5 38.75 -20
4 0 -26.75 42.25 -20 -26.5 38.75 -20 -27.75 40.25 -20 -29.5 42.5 -20
4 0 -28 44.25 -20 -26.75 42.25 -20 -29.5 42.5 -20 -30.5 45 -20
4 0 -29 46.75 -20 -28 44.25 -20 -30.5 45 -20 -31.25 48 -20
4 0 -29 49.25 -20 -29 46.75 -20 -31.25 48 -20 -31 51.5 -20
4 0 -28.5 51.5 -20 -29 49.25 -20 -31 51.5 -20 -30 54.25 -20
4 0 -26.75 53.5 -20 -28.5 51.5 -20 -30 54.25 -20 -27.5 56 -20
4 0 -24.75 54.75 -20 -26.75 53.5 -20 -27.5 56 -20 -25.25 57 -20
4 0 -22.5 55 -20 -24.75 54.75 -20 -25.25 57 -20 -23 57 -20
4 0 -23 73 -20 -23 57 -20 -25.25 57 -20 -25.25 71 -20
4 0 -24.5 75 -20 -23 73 -20 -25.25 71 -20 -26 71.75 -20
4 0 -24.5 75 -20 -26 71.75 -20 -26.5 73.25 -20 -24.5 80.5 -20
4 0 -24.5 80.5 -20 -26.5 73.25 -20 -26.5 81.25 -20 -25.5 82.5 -20
4 0 -24.5 80.5 -20 -25.5 82.5 -20 -24 83 -20 -18.25 83 -20
4 0 -18.25 83 -20 -24 83 -20 -22 84 -20 -17.25 85.5 -20
4 0 -22 84 -20 -24 83 -20 -24 87 -20 -22 86.75 -20
4 0 -22 86.75 -20 -24 87 -20 -23.5 88.25 -20 -22.5 89 -20
4 0 -16.75 88.5 -20 -22 86.75 -20 -22.5 89 -20 -17.25 90.5 -20
4 0 -9.25 89.5 -20 -16.75 88.5 -20 -17.25 90.5 -20 -9 91.5 -20
4 0 -2 90 -20 -9.25 89.5 -20 -9 91.5 -20 0 91.75 -20
4 0 2 90 -20 -2 90 -20 0 91.75 -20 8.25 91.25 -20
4 0 8.75 89.25 -20 2 90 -20 8.25 91.25 -20 14.25 90.25 -20
4 0 15.75 88 -20 8.75 89.25 -20 14.25 90.25 -20 19.25 89 -20
4 0 20 86.75 -20 15.75 88 -20 19.25 89 -20 21.5 88 -20
4 0 20 86.75 -20 21.5 88 -20 22.25 87 -20 20 83.75 -20
3 0 22.25 82.75 -20 20 83.75 -20 22.25 87 -20
4 0 22.5 80.5 -20 20 83.75 -20 22.25 82.75 -20 23.75 82 -20
4 0 22.5 80.5 -20 23.75 82 -20 24.5 80.5 -20 22.5 74.75 -20
3 0 24.5 73 -20 22.5 74.75 -20 24.5 80.5 -20
4 0 21.25 73 -20 22.5 74.75 -20 24.5 73 -20 24.25 71.5 -20
3 0 23.5 70.75 -20 21.25 73 -20 24.25 71.5 -20
4 0 21.25 52.75 -20 21.25 73 -20 23.5 70.75 -20 23.5 52.75 -20
4 0 21.75 50.75 -20 21.25 52.75 -20 23.5 52.75 -20 24.5 50.25 -20
4 0 24.5 50.25 -20 23.5 52.75 -20 26.5 52 -20 27 48.75 -20
4 0 27 48.75 -20 26.5 52 -20 29.25 49.75 -20 28.75 46.75 -20
4 0 28.75 46.75 -20 29.25 49.75 -20 30.75 47.5 -20 31 44.5 -20
4 0 28.5 44.5 -20 28.75 46.75 -20 31 44.5 -20 30 41.5 -20
4 0 27.5 42.25 -20 28.5 44.5 -20 30 41.5 -20 27.75 39.25 -20
4 0 25 39.75 -20 27.5 42.25 -20 27.75 39.25 -20 26.25 37.75 -20
4 0 26.25 37.75 -20 27.75 39.25 -20 30.25 37.5 -20 29 35.75 -20
4 0 29 35.75 -20 30.25 37.5 -20 32 35.25 -20 30 34 -20
4 0 30 34 -20 32 35.25 -20 32.5 32.5 -20 30 31.75 -20
4 0 30 31.75 -20 32.5 32.5 -20 31.75 29.5 -20 28.75 30 -20
4 0 28.75 30 -20 31.75 29.5 -20 29.25 27.25 -20 26.75 28.5 -20
4 0 26.75 28.5 -20 29.25 27.25 -20 26.25 25.75 -20 24.25 27.25 -20
4 0 24.25 27.25 -20 26.25 25.75 -20 23.25 25 -20 21.75 26.75 -20
4 0 21 25.75 -20 21.75 26.75 -20 23.25 25 -20 20.5 24.75 -20
4 0 20.5 24.75 -20 23.25 25 -20 21.5 23 -20 19 23.25 -20
4 0 19.25 20.5 -20 19 23.25 -20 21.5 23 -20 21.5 19.25 -20
4 0 18.25 17.5 -20 19.25 20.5 -20 21.5 19.25 -20 20.25 16 -20
4 0 16.25 15.5 -20 18.25 17.5 -20 20.25 16 -20 17.75 13.25 -20
4 0 13.5 14.25 -20 16.25 15.5 -20 17.75 13.25 -20 13.5 11.75 -20
4 0 13.5 14.25 -20 13.5 11.75 -20 10.25 12.25 -20 10.75 14.5 -20
4 0 10.75 14.5 -20 10.25 12.25 -20 6.75 13.25 -20 7.75 15.75 -20
4 0 7.75 15.75 -20 6.75 13.25 -20 4 15.25 -20 5.25 17.25 -20
4 0 5.25 17.25 -20 4 15.25 -20 2 17 -20 3.5 18.75 -20
4 0 3.5 18.75 -20 2 17 -20 0 19 -20 1.75 20.25 -20
4 0 1.75 20.25 -20 0 19 -20 -0.25 22 -20 1 21.5 -20
4 0 1.75 20.25 -20 1 21.5 -20 2.5 21.75 -20 4.25 21.25 -20
4 0 4.25 21.25 -20 2.5 21.75 -20 3.5 22.25 -20 5 21.5 -20
3 0 5 21.5 -20 3.5 22.25 -20 4.25 23 -20
4 0 4.25 21.25 -20 5 21.5 -20 6.25 20.75 -20 6 19.75 -20
4 0 7.75 19.5 -20 6 19.75 -20 6.25 20.75 -20 7.5 20.75 -20
4 0 9.25 20 -20 7.75 19.5 -20 7.5 20.75 -20 8.5 21.25 -20
4 0 10.5 21.5 -20 9.25 20 -20 8.5 21.25 -20 9.25 22.25 -20
4 0 10.5 21.5 -20 9.25 22.25 -20 10.75 22.5 -20 13 20.25 -20
3 0 13 20.25 -20 10.75 22.5 -20 13.25 20.75 -20
4 0 10.75 22.5 -20 9.25 22.25 -20 9.25 23.75 -20 10.5 23.75 -20
4 0 10.5 23.75 -20 9.25 23.75 -20 8.5 25 -20 9.75 25.5 -20
4 0 9.75 25.5 -20 8.5 25 -20 7.75 25.75 -20 9 26.5 -20
4 0 10.75 27.25 -20 9.75 25.5 -20 9 26.5 -20 9.75 27.75 -20
4 0 10.75 29.25 -20 10.75 27.25 -20 9.75 27.75 -20 9.75 29.25 -20
4 0 10 30.75 -20 10.75 29.25 -20 9.75 29.25 -20 9 30.25 -20
4 0 8.75 31.5 -20 10 30.75 -20 9 30.25 -20 7.75 30.75 -20
4 0 6.5 31.75 -20 8.75 31.5 -20 7.75 30.75 -20 6.5 30.5 -20
4 0 5 31.25 -20 6.5 31.75 -20 6.5 30.5 -20 5.25 30 -20
4 0 4.25 30 -20 5 31.25 -20 5.25 30 -20 4.75 29 -20
4 0 5 31.25 -20 4.25 30 -20 3.25 30.75 -20 3.25 32 -20
4 0 3.75 34.75 -20 5 31.25 -20 3.25 32 -20 2.5 34.25 -20
4 0 3.75 34.75 -20 2.5 34.25 -20 2.25 35.5 -20 4.25 36.5 -20
4 0 4.25 36.5 -20 2.25 35.5 -20 3 36.75 -20 4.5 38 -20
4 0 4.5 38 -20 3 36.75 -20 2.75 38 -20 2.75 39.75 -20
4 0 5.5 38 -20 4.5 38 -20 2.75 39.75 -20 7 40 -20
4 0 5.5 38 -20 7 40 -20 7.5 37.75 -20 6.25 36.75 -20
4 0 4.75 36 -20 5.5 38 -20 6.25 36.75 -20 6 35.5 -20
4 0 5.25 34 -20 4.75 36 -20 6 35.5 -20 6.5 34.5 -20
4 0 6.5 33 -20 5.25 34 -20 6.5 34.5 -20 7.5 33.75 -20
4 0 8 32.5 -20 6.5 33 -20 7.5 33.75 -20 8.75 33.5 -20
4 0 8 32.5 -20 8.75 33.5 -20 10 33.75 -20 10.5 32.75 -20
4 0 10.5 32.75 -20 10 33.75 -20 11 34.25 -20 11.5 33 -20
4 0 11.25 31.5 -20 10.5 32.75 -20 11.5 33 -20 12.25 31.75 -20
4 0 12.25 30.5 -20 11.25 31.5 -20 12.25 31.75 -20 13.5 30.25 -20
4 0 12.75 28 -20 12.25 30.5 -20 13.5 30.25 -20 14 28 -20
4 0 13.75 25.75 -20 12.75 28 -20 14 28 -20 15.25 26 -20
4 0 15.75 24.25 -20 13.75 25.75 -20 15.25 26 -20 17 25 -20
4 0 17.5 23.5 -20 15.75 24.25 -20 17 25 -20 18.75 24.5 -20
4 0 19 23.25 -20 17.5 23.5 -20 18.75 24.5 -20 20.5 24.75 -20
4 0 13.5 30.25 -20 12.25 31.75 -20 13.5 31.5 -20 15 30.5 -20
4 0 15 30.5 -20 13.5 31.5 -20 14.75 31.75 -20 15.75 30.5 -20
4 0 15.5 29.5 -20 15 30.5 -20 15.75 30.5 -20 16.5 29.5 -20
4 0 16.75 28.25 -20 15.5 29.5 -20 16.5 29.5 -20 17.75 28.25 -20
4 0 18 27.25 -20 16.75 28.25 -20 17.75 28.25 -20 19 27.5 -20
4 0 19.5 26.25 -20 18 27.25 -20 19 27.5 -20 20.5 26.75 -20
4 0 21 25.75 -20 19.5 26.25 -20 20.5 26.75 -20 21.75 26.75 -20
4 0 21.75 26.75 -20 20.5 26.75 -20 20.75 28 -20 21.5 28.75 -20
4 0 21.5 28.75 -20 20.75 28 -20 19.75 29.25 -20 19.75 30.75 -20
4 0 19.75 30.75 -20 19.75 29.25 -20 18.5 30.5 -20 19 32 -20
4 0 19.75 30.75 -20 19 32 -20 21.25 31.75 -20 23.25 31 -20
3 0 23.25 31 -20 21.25 31.75 -20 23.75 31.75 -20
4 0 19 32 -20 18.5 30.5 -20 17.25 31.25 -20 17 33 -20
4 0 17 33 -20 17.25 31.25 -20 16.25 31.5 -20 15.75 32.25 -20
4 0 15.75 32.25 -20 16.25 31.5 -20 15.75 30.5 -20 14.75 31.75 -20
3 0 15.75 32.25 -20 16 33.25 -20 17 33 -20
4 0 17 33 -20 16 33.25 -20 16 34.5 -20 17 34.75 -20
4 0 17 34.75 -20 16 34.5 -20 15.25 35.75 -20 17.25 36.5 -20
4 0 19.75 35 -20 17 34.75 -20 17.25 36.5 -20 19 37 -20
4 0 22.75 36 -20 19.75 35 -20 19 37 -20 22.25 38 -20
4 0 26.25 37.75 -20 22.75 36 -20 22.25 38 -20 25 39.75 -20
4 0 19 37 -20 17.25 36.5 -20 18 38 -20 19.25 38.75 -20
4 0 19.25 38.75 -20 18 38 -20 18 39.5 -20 19.25 40.25 -20
4 0 19.25 40.25 -20 18 39.5 -20 18.75 41.25 -20 21.5 42 -20
4 0 21.5 42 -20 18.75 41.25 -20 20.75 42.75 -20 22.75 43.75 -20
3 0 20.75 42.75 -20 22.25 44.25 -20 22.75 43.75 -20
4 0 18.75 41.25 -20 18 39.5 -20 17 40.25 -20 16.5 41.75 -20
4 0 16.5 41.75 -20 17 40.25 -20 15.5 40.75 -20 14 41.75 -20
3 0 14.25 40.5 -20 14 41.75 -20 15.5 40.75 -20
4 0 14 41.75 -20 14.25 40.5 -20 13.25 40.25 -20 12.5 42.25 -20
4 0 14 41.75 -20 12.5 42.25 -20 13.25 43.75 -20 16.25 44.25 -20
3 0 13.25 43.75 -20 14.5 45.25 -20 16.25 44.25 -20
4 0 16.25 44.25 -20 14.5 45.25 -20 15.75 47.25 -20 18 47 -20
4 0 18 47 -20 15.75 47.25 -20 16.5 49.5 -20 18.75 50.5 -20
4 0 18.75 50.5 -20 16.5 49.5 -20 16.5 51.75 -20 18.5 52.5 -20
4 0 21.75 50.75 -20 18.75 50.5 -20 18.5 52.5 -20 21.25 52.75 -20
4 0 13.25 43.75 -20 12.5 42.25 -20 11.25 43.5 -20 11.75 44.75 -20
4 0 11.75 44.75 -20 11.25 43.5 -20 9.75 43.5 -20 9.5 44.75 -20
4 0 9.5 44.75 -20 9.75 43.5 -20 8.5 42.75 -20 7.75 43.75 -20
4 0 7.75 43.75 -20 8.5 42.75 -20 8 41.5 -20 6.75 42 -20
4 0 6.75 42 -20 8 41.5 -20 8.25 40 -20 7 40 -20
4 0 7 40 -20 8.25 40 -20 9 38.5 -20 7.5 37.75 -20
4 0 18.5 52.5 -20 16.5 51.75 -20 15.5 54 -20 16.75 55.5 -20
4 0 16.75 55.5 -20 15.5 54 -20 13.25 55.5 -20 13.5 57.5 -20
4 0 13.5 57.5 -20 13.25 55.5 -20 10.25 55.5 -20 9.5 57.5 -20
4 0 9.5 57.5 -20 10.25 55.5 -20 7.75 54.75 -20 6.75 56.5 -20
4 0 6.75 56.5 -20 7.75 54.75 -20 5.25 53.5 -20 4.5 55.25 -20
4 0 4.5 55.25 -20 5.25 53.5 -20 3 53.5 -20 2 55.75 -20
4 0 3.75 57.25 -20 4.5 55.25 -20 2 55.75 -20 0.5 57.5 -20
4 0 2.5 59.25 -20 3.75 57.25 -20 0.5 57.5 -20 -1 58.75 -20
4 0 -0.75 61.5 -20 2.5 59.25 -20 -1 58.75 -20 -3 59.5 -20
4 0 -4.5 61.5 -20 -0.75 61.5 -20 -3 59.5 -20 -6 58.75 -20
4 0 -7.75 60.25 -20 -4.5 61.5 -20 -6 58.75 -20 -8.25 57.25 -20
4 0 -10.25 58 -20 -7.75 60.25 -20 -8.25 57.25 -20 -10 54.75 -20
4 0 -12 55.25 -20 -10.25 58 -20 -10 54.75 -20 -11 51.5 -20
4 0 -13.25 52.25 -20 -12 55.25 -20 -11 51.5 -20 -13.25 49.25 -20
4 0 -13.25 52.25 -20 -13.25 49.25 -20 -15 51.25 -20 -15.25 54 -20
4 0 -15.25 54 -20 -15 51.25 -20 -17.5 53.25 -20 -18 55.5 -20
4 0 -18 55.5 -20 -17.5 53.25 -20 -20.5 54.5 -20 -20.25 56.5 -20
4 0 -20.25 56.5 -20 -20.5 54.5 -20 -22.5 55 -20 -23 57 -20
4 0 -13.25 49.25 -20 -11 51.5 -20 -11.25 48.75 -20 -13 47 -20
4 0 -13 47 -20 -11.25 48.75 -20 -11 46 -20 -12.75 45 -20
4 0 -13 47 -20 -12.75 45 -20 -14.5 45.75 -20 -15.5 47.5 -20
4 0 -15.5 47.5 -20 -14.5 45.75 -20 -16.5 45.75 -20 -17.75 47.25 -20
4 0 -17.75 47.25 -20 -16.5 45.75 -20 -18.25 45.25 -20 -19.5 46.75 -20
4 0 -19.5 46.75 -20 -18.25 45.25 -20 -19.5 44 -20 -21 45.75 -20
4 0 -21 45.75 -20 -19.5 44 -20 -21.75 44.75 -20 -22.25 47 -20
4 0 -22.25 47 -20 -21.75 44.75 -20 -23.25 46.25 -20 -23.75 48.5 -20
3 0 -23.25 46.25 -20 -24.25 48 -20 -23.75 48.5 -20
4 0 -21.75 44.75 -20 -19.5 44 -20 -20.5 42.25 -20 -22.5 42.5 -20
4 0 -22.5 42.5 -20 -20.5 42.25 -20 -20.75 40.25 -20 -22.5 40.5 -20
4 0 -22.5 40.5 -20 -20.75 40.25 -20 -22.25 38.75 -20 -24.25 39 -20
4 0 -25.25 40.5 -20 -22.5 40.5 -20 -24.25 39 -20 -26.5 38.75 -20
3 0 -26.5 38.75 -20 -26.75 42.25 -20 -25.25 40.5 -20
4 0 -22.25 38.75 -20 -20.75 40.25 -20 -20.25 38.5 -20 -20.75 36.25 -20
4 0 -20.75 36.25 -20 -20.25 38.5 -20 -19 37.25 -20 -18.25 36 -20
4 0 -20.75 36.25 -20 -18.25 36 -20 -18.25 34.75 -20 -19.25 34 -20
4 0 -19.25 34 -20 -18.25 34.75 -20 -17.25 33.5 -20 -17.25 32 -20
4 0 -17.25 32 -20 -17.25 33.5 -20 -16 33 -20 -15.75 31 -20
4 0 -17.25 32 -20 -15.75 31 -20 -17.5 30.25 -20 -19.75 31 -20
4 0 -19.75 31 -20 -17.5 30.25 -20 -19.75 29.75 -20 -21.75 31 -20
4 0 -21.75 31 -20 -19.75 29.75 -20 -21.75 30 -20 -23.75 31.5 -20
3 0 -21.75 30 -20 -23.75 30.75 -20 -23.75 31.5 -20
4 0 -16 33 -20 -14.5 33 -20 -14.75 31.5 -20 -15.75 31 -20
4 0 -15.75 31 -20 -14.75 31.5 -20 -14.25 29.75 -20 -15.5 29 -20
4 0 -15.5 29 -20 -14.25 29.75 -20 -13.5 28.75 -20 -13.75 27.5 -20
4 0 -15.5 29 -20 -13.75 27.5 -20 -14.5 26.5 -20 -17 27.75 -20
4 0 -17 27.75 -20 -14.5 26.5 -20 -16.25 25 -20 -19 26.5 -20
3 0 -18.25 24.25 -20 -19 26.5 -20 -16.25 25 -20
4 0 -13.75 27.5 -20 -13.5 28.75 -20 -12.5 28.25 -20 -12 26.75 -20
4 0 -12 26.75 -20 -12.5 28.25 -20 -11.25 28.25 -20 -10 27.75 -20
4 0 -10 27.75 -20 -11.25 28.25 -20 -10.25 29.25 -20 -9 29.25 -20
4 0 -9 29.25 -20 -10.25 29.25 -20 -9.75 30.5 -20 -8.5 30.25 -20
4 0 -8.5 30.25 -20 -9.75 30.5 -20 -9.5 31.75 -20 -8.75 31.25 -20
4 0 -8.5 30.25 -20 -8.75 31.25 -20 -7.75 31 -20 -6.75 30 -20
4 0 -6.75 30 -20 -7.75 31 -20 -6.25 31.25 -20 -5.25 30.5 -20
4 0 -5.25 30.5 -20 -6.25 31.25 -20 -4.5 32.25 -20 -3.25 31.25 -20
4 0 -5.25 30.5 -20 -3.25 31.25 -20 -4.25 29 -20 -5.5 29.25 -20
4 0 -5.5 29.25 -20 -4.25 29 -20 -4.5 27.25 -20 -6.25 26.5 -20
4 0 -6.5 28.5 -20 -5.5 29.25 -20 -6.25 26.5 -20 -7.5 26.75 -20
4 0 -8.25 27.75 -20 -6.5 28.5 -20 -7.5 26.75 -20 -9.25 25.75 -20
4 0 -10 26.5 -20 -8.25 27.75 -20 -9.25 25.75 -20 -10.5 24.25 -20
4 0 -11.5 25 -20 -10 26.5 -20 -10.5 24.25 -20 -12 23.5 -20
3 0 -11.25 22.75 -20 -12 23.5 -20 -10.5 24.25 -20
4 0 -12 21.25 -20 -12 23.5 -20 -11.25 22.75 -20 -11 21.75 -20
4 0 -12 21.25 -20 -11 21.75 -20 -11 20.75 -20 -12.5 20.25 -20
4 0 -12.5 20.25 -20 -11 20.75 -20 -11 20 -20 -12.5 19 -20
4 0 -12.5 19 -20 -11 20 -20 -10.5 19.5 -20 -11.5 18.25 -20
4 0 -9.5 18 -20 -11.5 18.25 -20 -10.5 19.5 -20 -9 19.5 -20
4 0 -7.5 18.75 -20 -9.5 18 -20 -9 19.5 -20 -7.25 20.5 -20
4 0 -5.75 20 -20 -7.5 18.75 -20 -7.25 20.5 -20 -5.5 22.25 -20
4 0 -4.5 22 -20 -5.75 20 -20 -5.5 22.25 -20 -5 24.5 -20
3 0 -4.5 22 -20 -5 24.5 -20 -4 24.5 -20
4 0 -4 24.5 -20 -5 24.5 -20 -5.5 26 -20 -4.5 27.25 -20
4 0 -6.25 26.5 -20 -4.5 27.25 -20 -5.5 26 -20 -6.75 25.25 -20
4 0 -6.75 25.25 -20 -5.5 26 -20 -6.25 24.5 -20 -8 23.5 -20
4 0 -8 23.5 -20 -6.25 24.5 -20 -7.5 22.75 -20 -9.5 22.25 -20
4 0 -9.5 22.25 -20 -7.5 22.75 -20 -9.5 21.25 -20 -11 21.75 -20
3 0 -11 20.75 -20 -11 21.75 -20 -9.5 21.25 -20
4 0 -3.25 31.25 -20 -4.5 32.25 -20 -3.5 32.25 -20 -1.75 31.75 -20
4 0 -3.25 31.25 -20 -1.75 31.75 -20 -1.5 29.75 -20 -2.75 27 -20
4 0 -2.75 27 -20 -1.5 29.75 -20 0 28.5 -20 0.25 27.5 -20
4 0 -0.75 25.25 -20 -2.75 27 -20 0.25 27.5 -20 0.25 25.75 -20
3 0 0.25 25.75 -20 0.25 27.5 -20 1 26.5 -20
4 0 -2 24.25 -20 -2.75 27 -20 -0.75 25.25 -20 -1 24.25 -20
4 0 -2 22.5 -20 -2 24.25 -20 -1 24.25 -20 -1 23 -20
4 0 -1.75 21 -20 -2 22.5 -20 -1 23 -20 -0.25 22 -20
4 0 0.25 29.75 -20 0 28.5 -20 -1.5 29.75 -20 -0.25 31 -20
4 0 1 30.5 -20 0.25 29.75 -20 -0.25 31 -20 1.25 32 -20
4 0 2 31 -20 1 30.5 -20 1.25 32 -20 3.25 32 -20
3 0 3.25 30.75 -20 2 31 -20 3.25 32 -20
4 0 -1.75 31.75 -20 -3.5 32.25 -20 -2.5 33 -20 -1 32.75 -20
4 0 -1 32.75 -20 -2.5 33 -20 -2 34 -20 -0.75 34 -20
4 0 -0.75 34 -20 -2 34 -20 -1.75 35.25 -20 -0.75 35.25 -20
4 0 -0.75 34 -20 -0.75 35.25 -20 0.75 35 -20 1.25 33.75 -20
4 0 1.25 33.75 -20 0.75 35 -20 2.25 35.5 -20 2.5 34.25 -20
4 0 -5.5 32.75 -20 -4.5 32.25 -20 -6.25 31.25 -20 -7.25 32.75 -20
4 0 -6.25 33.5 -20 -5.5 32.75 -20 -7.25 32.75 -20 -7.75 34.25 -20
4 0 -6.75 34.75 -20 -6.25 33.5 -20 -7.75 34.25 -20 -7.75 35.75 -20
4 0 -6.75 36 -20 -6.75 34.75 -20 -7.75 35.75 -20 -7.25 37 -20
3 0 -6.75 36 -20 -7.25 37 -20 -6.25 37 -20
4 0 -7.25 37 -20 -7.75 35.75 -20 -8.75 36.25 -20 -8.5 37.5 -20
4 0 -8.5 37.5 -20 -8.75 36.25 -20 -9.75 37 -20 -9.5 38.25 -20
4 0 -9.5 38.25 -20 -9.75 37 -20 -10.5 37.75 -20 -10 39 -20
4 0 -10 39 -20 -10.5 37.75 -20 -11.25 38.75 -20 -10 40 -20
4 0 -10 40 -20 -11.25 38.75 -20 -11.5 39.75 -20 -11.5 41 -20
4 0 -9.5 41 -20 -10 40 -20 -11.5 41 -20 -9.25 42.5 -20
4 0 -9.25 42.5 -20 -11.5 41 -20 -11.75 42.25 -20 -10.25 44 -20
4 0 -10.25 44 -20 -11.75 42.25 -20 -12.75 45 -20 -11 46 -20
4 0 -13 41.25 -20 -11.75 42.25 -20 -11.5 41 -20 -12.5 40 -20
4 0 -13.75 40.25 -20 -13 41.25 -20 -12.5 40 -20 -12.75 38.75 -20
4 0 -14 39 -20 -13.75 40.25 -20 -12.75 38.75 -20 -13 37.25 -20
4 0 -14 39 -20 -13 37.25 -20 -14.25 37.75 -20 -15.25 39.25 -20
4 0 -15.25 39.25 -20 -14.25 37.75 -20 -15.75 38 -20 -16.75 39 -20
4 0 -16.75 39 -20 -15.75 38 -20 -17 37.5 -20 -18.25 38.25 -20
4 0 -18.25 38.25 -20 -17 37.5 -20 -18 36.75 -20 -19 37.25 -20
3 0 -18.25 36 -20 -19 37.25 -20 -18 36.75 -20
3 0 -9.5 41 -20 -9.25 42.5 -20 -8.5 41.5 -20
4 0 -7 41.5 -20 -8.5 41.5 -20 -9.25 42.5 -20 -6 42.75 -20
4 0 -6 41.25 -20 -7 41.5 -20 -6 42.75 -20 -5 41.75 -20
3 0 -5 40.5 -20 -6 41.25 -20 -5 41.75 -20
4 0 -4.5 42.75 -20 -5 41.75 -20 -6 42.75 -20 -5 44.25 -20
4 0 -3.75 43.75 -20 -4.5 42.75 -20 -5 44.25 -20 -4 46 -20
4 0 -4 46 -20 -5 44.25 -20 -5.75 46.75 -20 -4.75 47.25 -20
4 0 -4.75 47.25 -20 -5.75 46.75 -20 -6 48.75 -20 -5 49 -20
4 0 -5 49 -20 -6 48.75 -20 -5.75 50.75 -20 -5.25 50.75 -20
4 0 -3.75 43.75 -20 -4 46 -20 -2.75 45.5 -20 -2.5 44.25 -20
4 0 -1.5 44.25 -20 -2.5 44.25 -20 -2.75 45.5 -20 -1 45.5 -20
4 0 -0.75 43.5 -20 -1.5 44.25 -20 -1 45.5 -20 0.25 44.75 -20
4 0 0 42.25 -20 -0.75 43.5 -20 0.25 44.75 -20 1 43.25 -20
4 0 0 42.25 -20 1 43.25 -20 2.25 40.5 -20 0 41 -20
4 0 0 41 -20 2.25 40.5 -20 0.75 39.75 -20 -0.5 39.75 -20
4 0 2 39 -20 0.75 39.75 -20 2.25 40.5 -20 2.75 39.75 -20
3 0 2.75 38 -20 2 39 -20 2.75 39.75 -20
4 0 4.75 42.25 -20 2.25 40.5 -20 1 43.25 -20 4.75 43.75 -20
4 0 6.75 44 -20 4.75 42.25 -20 4.75 43.75 -20 6.5 45.25 -20
4 0 8.75 46.25 -20 6.75 44 -20 6.5 45.25 -20 8.25 47 -20
4 0 4.75 43.75 -20 1 43.25 -20 2.5 44.75 -20 5.5 47 -20
4 0 5.5 47 -20 2.5 44.75 -20 3.25 47.25 -20 5.5 50.25 -20
4 0 5.5 50.25 -20 3.25 47.25 -20 3.5 50.25 -20 5.25 53.5 -20
3 0 3.5 50.25 -20 3 53.5 -20 5.25 53.5 -20
4 0 -18 75 -20 -23 73 -20 -24.5 75 -20 -18.5 77 -20
4 0 -10.75 76.25 -20 -18 75 -20 -18.5 77 -20 -10.75 78.25 -20
4 0 -4 76.75 -20 -10.75 76.25 -20 -10.75 78.25 -20 -3.25 79 -20
4 0 4 76.75 -20 -4 76.75 -20 -3.25 79 -20 3.25 79 -20
4 0 11.25 75.75 -20 4 76.75 -20 3.25 79 -20 11.25 78.25 -20
4 0 17 74.5 -20 11.25 75.75 -20 11.25 78.25 -20 17.5 76.75 -20
4 0 21.25 73 -20 17 74.5 -20 17.5 76.75 -20 22.5 74.75 -20
4 0 -10 84.5 -20 -18.25 83 -20 -17.25 85.5 -20 -11 86.5 -20
4 0 -2.75 84.75 -20 -10 84.5 -20 -11 86.5 -20 -3.5 86.75 -20
4 0 2.75 84.75 -20 -2.75 84.75 -20 -3.5 86.75 -20 3.5 86.75 -20
4 0 9.5 84 -20 2.75 84.75 -20 3.5 86.75 -20 10.75 85.75 -20
4 0 16.25 83 -20 9.5 84 -20 10.75 85.75 -20 16.75 84.75 -20
4 0 16.25 83 -20 16.75 84.75 -20 20 83.75 -20 22.5 80.5 -20
4 16 40 0 -20 -40 0 -20 -12.5 11.75 -20 -9.25 12 -20
3 16 -40 0 -20 -15.5 13 -20 -12.5 11.75 -20
3 16 -40 0 -20 -18 15.5 -20 -15.5 13 -20
3 16 -40 0 -20 -19.5 18.5 -20 -18 15.5 -20
3 16 -40 0 -20 -20 21.25 -20 -19.5 18.5 -20
4 16 -20.25 23.75 -20 -20 21.25 -20 -40 0 -20 -23.25 23.75 -20
3 16 -40 0 -20 -26 24.75 -20 -23.25 23.75 -20
3 16 -40 0 -20 -28.75 26 -20 -26 24.75 -20
3 16 -40 0 -20 -31 28.25 -20 -28.75 26 -20
3 16 -40 0 -20 -32.75 30.75 -20 -31 28.25 -20
3 16 -40 0 -20 -33.25 33.5 -20 -32.75 30.75 -20
3 16 -40 0 -20 -40 96 -20 -33.25 33.5 -20
4 16 -32.5 36.5 -20 -33.25 33.5 -20 -40 96 -20 -31.25 48 -20
4 16 -32.5 36.5 -20 -31.25 48 -20 -30.5 45 -20 -30.75 38.75 -20
3 16 -30.75 38.75 -20 -30.5 45 -20 -29.5 42.5 -20
3 16 -30.75 38.75 -20 -29.5 42.5 -20 -27.75 40.25 -20
3 16 -31.25 48 -20 -40 96 -20 -31 51.5 -20
3 16 -31 51.5 -20 -40 96 -20 -30 54.25 -20
3 16 -30 54.25 -20 -40 96 -20 -27.5 56 -20
4 16 -25.25 57 -20 -27.5 56 -20 -40 96 -20 -26 71.75 -20
3 16 -25.25 57 -20 -26 71.75 -20 -25.25 71 -20
3 16 -26 71.75 -20 -40 96 -20 -26.5 73.25 -20
3 16 -26.5 73.25 -20 -40 96 -20 -26.5 81.25 -20
3 16 -26.5 81.25 -20 -40 96 -20 -25.5 82.5 -20
4 16 -24 83 -20 -25.5 82.5 -20 -40 96 -20 -24 87 -20
3 16 -24 87 -20 -40 96 -20 -23.5 88.25 -20
3 16 -23.5 88.25 -20 -40 96 -20 -22.5 89 -20
3 16 -22.5 89 -20 -40 96 -20 -17.25 90.5 -20
3 16 -17.25 90.5 -20 -40 96 -20 -9 91.5 -20
4 16 0 91.75 -20 -9 91.5 -20 -40 96 -20 40 96 -20
3 16 8.25 91.25 -20 0 91.75 -20 40 96 -20
3 16 14.25 90.25 -20 8.25 91.25 -20 40 96 -20
3 16 19.25 89 -20 14.25 90.25 -20 40 96 -20
3 16 21.5 88 -20 19.25 89 -20 40 96 -20
3 16 22.25 87 -20 21.5 88 -20 40 96 -20
4 16 22.25 82.75 -20 22.25 87 -20 40 96 -20 23.75 82 -20
3 16 24.5 80.5 -20 23.75 82 -20 40 96 -20
4 16 24.5 73 -20 24.5 80.5 -20 40 96 -20 29.25 49.75 -20
4 16 24.25 71.5 -20 24.5 73 -20 29.25 49.75 -20 26.5 52 -20
4 16 23.5 70.75 -20 24.25 71.5 -20 26.5 52 -20 23.5 52.75 -20
3 16 30.75 47.5 -20 29.25 49.75 -20 40 96 -20
4 16 31 44.5 -20 30.75 47.5 -20 40 96 -20 32 35.25 -20
4 16 31 44.5 -20 32 35.25 -20 30.25 37.5 -20 30 41.5 -20
3 16 30.25 37.5 -20 27.75 39.25 -20 30 41.5 -20
4 16 32.5 32.5 -20 32 35.25 -20 40 96 -20 40 0 -20
3 16 40 0 -20 31.75 29.5 -20 32.5 32.5 -20
3 16 40 0 -20 29.25 27.25 -20 31.75 29.5 -20
3 16 40 0 -20 26.25 25.75 -20 29.25 27.25 -20
4 16 23.25 25 -20 26.25 25.75 -20 40 0 -20 21.5 23 -20
3 16 40 0 -20 21.5 19.25 -20 21.5 23 -20
3 16 40 0 -20 20.25 16 -20 21.5 19.25 -20
3 16 40 0 -20 17.75 13.25 -20 20.25 16 -20
3 16 40 0 -20 13.5 11.75 -20 17.75 13.25 -20
4 16 10.25 12.25 -20 13.5 11.75 -20 40 0 -20 -5.5 13.5 -20
3 16 40 0 -20 -9.25 12 -20 -5.5 13.5 -20
3 16 10.25 12.25 -20 -5.5 13.5 -20 6.75 13.25 -20
4 16 6.75 13.25 -20 -5.5 13.5 -20 -2.5 16.25 -20 4 15.25 -20
3 16 4 15.25 -20 -2.5 16.25 -20 2 17 -20
3 16 -2.5 16.25 -20 0 19 -20 2 17 -20
