0 Duplo Brick  1 x  2 x  2 with Banana Peeled Pattern
0 Name: 4066bp14.dat
0 Author: Takeshi Takahashi [RainbowDolphin]
0 !LDRAW_ORG Part UPDATE 2020-03
0 !LICENSE Redistributable under CCAL version 2.0 : see CAreadme.txt

0 BFC CERTIFY CCW

0 !CATEGORY Brick
0 !KEYWORDS Zoo, Monkey, Set 2668, bricklink 4066pb090

0 !HISTORY 2020-12-29 [PTadmin] Official Update 2020-03

1 16 0 0 0 1 0 0 0 1 0 0 0 1 s\4066bs01.dat
4 15 -10.25 13.25 -20 -11.75 14.5 -20 -12.5 16.5 -20 -8 12.75 -20
4 15 -8 12.75 -20 -12.5 16.5 -20 -12 18.5 -20 -5.5 13 -20
4 15 -5.5 13 -20 -12 18.5 -20 -10.25 20.5 -20 -2.5 14.25 -20
4 15 -2.5 14.25 -20 -10.25 20.5 -20 -7.75 23.75 -20 2 18.25 -20
4 15 2 18.25 -20 -7.75 23.75 -20 -5.25 28 -20 6.75 24 -20
4 15 6.75 24 -20 -5.25 28 -20 -3.25 32.75 -20 10.25 31.75 -20
4 15 10.25 31.75 -20 -3.25 32.75 -20 -2 37.5 -20 12.5 39.75 -20
4 15 12.5 39.75 -20 -2 37.5 -20 -2 41.25 -20 9.25 41.25 -20
4 15 9.25 41.25 -20 -2 41.25 -20 0 44.25 -20 6.5 44 -20
4 15 6.5 44 -20 0 44.25 -20 1.25 47.5 -20 4.75 47.5 -20
4 15 4.75 47.5 -20 1.25 47.5 -20 2 51.5 -20 3.25 51.5 -20
4 14 14.25 30.75 -20 12 31.75 -20 13.75 37.25 -20 17.25 34.75 -20
4 14 17 30.5 -20 14.25 30.75 -20 17.25 34.75 -20 19.75 34 -20
4 14 20.5 30.75 -20 17 30.5 -20 19.75 34 -20 21.75 33.75 -20
4 14 23.75 32.5 -20 20.5 30.75 -20 21.75 33.75 -20 24.25 33.75 -20
4 14 21.5 35.5 -20 20 36 -20 21.5 37.25 -20 23.5 35 -20
4 14 23.5 35 -20 21.5 37.25 -20 23.5 38.25 -20 25.5 35 -20
4 14 25.5 35 -20 23.5 38.25 -20 25 38.75 -20 26.5 35.75 -20
4 14 26.5 35.75 -20 25 38.75 -20 26.25 38.25 -20 27 37 -20
4 14 -3 47.25 -20 -0.25 47 -20 -1.5 44.5 -20 -3.25 42.25 -20
4 14 -5.75 47.75 -20 -3 47.25 -20 -3.25 42.25 -20 -5.25 40.75 -20
4 14 -8 48.75 -20 -5.75 47.75 -20 -5.25 40.75 -20 -7.5 41.25 -20
4 14 -8 48.75 -20 -7.5 41.25 -20 -10.75 42.5 -20 -10.25 50.5 -20
4 14 -10.25 50.5 -20 -10.75 42.5 -20 -14 45 -20 -11.75 52.75 -20
4 14 -11.75 52.75 -20 -14 45 -20 -16.75 48 -20 -13 55.25 -20
4 14 -13 55.25 -20 -16.75 48 -20 -18.5 52 -20 -13.5 57.75 -20
4 14 -13.5 57.75 -20 -18.5 52 -20 -19 55.5 -20 -14 59.75 -20
4 14 -14 59.75 -20 -19 55.5 -20 -18.25 59 -20 -14.5 61.25 -20
4 14 -14.5 61.25 -20 -18.25 59 -20 -17 61 -20 -15.5 61.75 -20
4 14 7.75 45.25 -20 6.5 47.5 -20 9 48.75 -20 9.75 43.25 -20
4 14 9.75 43.25 -20 9 48.75 -20 11.25 50.5 -20 12.5 41.5 -20
4 14 12.5 41.5 -20 11.25 50.5 -20 13.25 52.75 -20 15 40.75 -20
4 14 17.25 41.25 -20 15 40.75 -20 13.25 52.75 -20 15 55.75 -20
4 14 20.25 44.5 -20 17.25 41.25 -20 15 55.75 -20 23 49 -20
4 14 23 49 -20 15 55.75 -20 16 59.75 -20 24.25 53.5 -20
4 14 24.75 57.75 -20 24.25 53.5 -20 16 59.75 -20 16.25 64 -20
4 14 23.75 62.25 -20 24.75 57.75 -20 16.25 64 -20 16.25 67.5 -20
4 14 21.5 66.5 -20 23.75 62.25 -20 16.25 67.5 -20 16.75 68.5 -20
4 14 20.25 68.5 -20 21.5 66.5 -20 16.75 68.5 -20 17.75 69.25 -20
3 14 20.25 68.5 -20 17.75 69.25 -20 19 69.25 -20
4 14 -1.5 49 -20 -3.25 49 -20 -3.75 53.25 -20 0.5 50 -20
4 14 0.5 50 -20 -3.75 53.25 -20 -5 57.25 -20 1 52.5 -20
4 14 0.25 55.75 -20 1 52.5 -20 -5 57.25 -20 -7.25 61.5 -20
4 14 -1 58.5 -20 0.25 55.75 -20 -7.25 61.5 -20 -2.5 60.75 -20
4 14 -2.5 60.75 -20 -7.25 61.5 -20 -10.25 66 -20 -1.5 61 -20
4 14 7.75 50 -20 6 49.5 -20 3.25 54.75 -20 10.25 51.75 -20
4 14 10.25 51.75 -20 3.25 54.75 -20 1 58 -20 12.5 54.75 -20
4 14 13.75 57.25 -20 12.5 54.75 -20 1 58 -20 -1.5 61 -20
4 14 14.5 60.25 -20 13.75 57.25 -20 -1.5 61 -20 11.5 65.5 -20
4 14 11.5 65.5 -20 -1.5 61 -20 -10.25 66 -20 8.5 70.5 -20
4 14 -10.25 66 -20 -9.75 71.5 -20 -9 71.75 -20 8.5 70.5 -20
4 14 -9.75 71.5 -20 -10.25 66 -20 -14.5 70.75 -20 -12.5 74.25 -20
4 14 -12.5 74.25 -20 -14.5 70.75 -20 -19.75 75 -20 -18.25 78 -20
4 14 -18.25 78 -20 -19.75 75 -20 -25 78 -20 -22 79.75 -20
4 14 -24.75 80 -20 -22 79.75 -20 -25 78 -20 -25.75 79 -20
4 14 3.75 76.25 -20 8.5 70.5 -20 -9 71.75 -20 -11.5 74.75 -20
4 14 -2.75 81.25 -20 3.75 76.25 -20 -11.5 74.75 -20 -16 78.25 -20
4 14 -8.75 84.25 -20 -2.75 81.25 -20 -16 78.25 -20 -20.25 80.5 -20
4 14 -14 86 -20 -8.75 84.25 -20 -20.25 80.5 -20 -23.5 81.25 -20
4 14 -19.5 86.5 -20 -14 86 -20 -23.5 81.25 -20 -25.5 81.75 -20
4 14 -23.75 85.75 -20 -19.5 86.5 -20 -25.5 81.75 -20 -26.5 82.75 -20
3 14 -26.5 82.75 -20 -26.5 84 -20 -23.75 85.75 -20
4 0 -10.25 13.25 -20 -8 12.75 -20 -8.75 11 -20 -11.75 12 -20
4 0 -11.75 14.5 -20 -10.25 13.25 -20 -11.75 12 -20 -13.5 13.75 -20
4 0 -12.5 16.5 -20 -11.75 14.5 -20 -13.5 13.75 -20 -14.25 16 -20
4 0 -12.5 16.5 -20 -14.25 16 -20 -14 18.5 -20 -12 18.5 -20
4 0 -12 18.5 -20 -14 18.5 -20 -12.5 20.75 -20 -10.25 20.5 -20
4 0 -10.25 20.5 -20 -12.5 20.75 -20 -10.25 23.5 -20 -7.75 23.75 -20
4 0 -7.75 23.75 -20 -10.25 23.5 -20 -8 27 -20 -5.25 28 -20
4 0 -5.25 28 -20 -8 27 -20 -6 31 -20 -3.25 32.75 -20
4 0 -3.25 32.75 -20 -6 31 -20 -4.75 35 -20 -2 37.5 -20
4 0 -2 37.5 -20 -4.75 35 -20 -4.25 38.5 -20 -2 41.25 -20
4 0 -5.25 40.75 -20 -2 41.25 -20 -4.25 38.5 -20 -6.75 38.75 -20
4 0 -7.5 41.25 -20 -5.25 40.75 -20 -6.75 38.75 -20 -9.75 39.75 -20
4 0 -10.75 42.5 -20 -7.5 41.25 -20 -9.75 39.75 -20 -13.25 41.75 -20
4 0 -14 45 -20 -10.75 42.5 -20 -13.25 41.75 -20 -16.5 44.75 -20
4 0 -16.75 48 -20 -14 45 -20 -16.5 44.75 -20 -19.5 49.5 -20
4 0 -18.5 52 -20 -16.75 48 -20 -19.5 49.5 -20 -20.5 53.5 -20
4 0 -19 55.5 -20 -18.5 52 -20 -20.5 53.5 -20 -20.25 57.75 -20
4 0 -18.25 59 -20 -19 55.5 -20 -20.25 57.75 -20 -19.25 60.75 -20
4 0 -17 61 -20 -18.25 59 -20 -19.25 60.75 -20 -17.5 62.75 -20
4 0 -15.5 61.75 -20 -17 61 -20 -17.5 62.75 -20 -15 63.25 -20
4 0 -14.5 61.25 -20 -15.5 61.75 -20 -15 63.25 -20 -13.25 62.5 -20
4 0 -14 59.75 -20 -14.5 61.25 -20 -13.25 62.5 -20 -12.5 59.5 -20
4 0 -13.5 57.75 -20 -14 59.75 -20 -12.5 59.5 -20 -11.5 56.5 -20
4 0 -13 55.25 -20 -13.5 57.75 -20 -11.5 56.5 -20 -10.75 54.75 -20
4 0 -11.75 52.75 -20 -13 55.25 -20 -10.75 54.75 -20 -9.25 52.5 -20
4 0 -10.25 50.5 -20 -11.75 52.75 -20 -9.25 52.5 -20 -7.5 51 -20
4 0 -8 48.75 -20 -10.25 50.5 -20 -7.5 51 -20 -5.5 50.5 -20
4 0 -5.75 47.75 -20 -8 48.75 -20 -5.5 50.5 -20 -3.25 49 -20
4 0 -3.75 53.25 -20 -3.25 49 -20 -5.5 50.5 -20 -6.25 54.75 -20
4 0 -5 57.25 -20 -3.75 53.25 -20 -6.25 54.75 -20 -7.75 58.5 -20
4 0 -7.25 61.5 -20 -5 57.25 -20 -7.75 58.5 -20 -10 62.5 -20
4 0 -10.25 66 -20 -7.25 61.5 -20 -10 62.5 -20 -13.5 66.5 -20
4 0 -14.5 70.75 -20 -10.25 66 -20 -13.5 66.5 -20 -17.75 70.75 -20
4 0 -19.75 75 -20 -14.5 70.75 -20 -17.75 70.75 -20 -23 74.5 -20
4 0 -25 78 -20 -19.75 75 -20 -23 74.5 -20 -28.25 77.5 -20
4 0 -25.75 79 -20 -25 78 -20 -28.25 77.5 -20 -29 79.75 -20
4 0 -25.5 81.75 -20 -25.75 79 -20 -29 79.75 -20 -30.5 80.75 -20
4 0 -26.5 82.75 -20 -25.5 81.75 -20 -30.5 80.75 -20 -30.75 82.5 -20
4 0 -26.5 84 -20 -26.5 82.75 -20 -30.75 82.5 -20 -29.25 84.5 -20
4 0 -26.5 84 -20 -29.25 84.5 -20 -26.25 86.25 -20 -23.75 85.75 -20
4 0 -23.75 85.75 -20 -26.25 86.25 -20 -22 87.75 -20 -19.5 86.5 -20
4 0 -19.5 86.5 -20 -22 87.75 -20 -16.25 88 -20 -14 86 -20
4 0 -14 86 -20 -16.25 88 -20 -10.75 87 -20 -8.75 84.25 -20
4 0 -8.75 84.25 -20 -10.75 87 -20 -4.5 84.5 -20 -2.75 81.25 -20
4 0 -2.75 81.25 -20 -4.5 84.5 -20 1.75 80.5 -20 3.75 76.25 -20
4 0 3.75 76.25 -20 1.75 80.5 -20 8.25 74 -20 8.5 70.5 -20
4 0 8.5 70.5 -20 8.25 74 -20 12 69.25 -20 11.5 65.5 -20
4 0 11.5 65.5 -20 12 69.25 -20 14.5 65.5 -20 14.5 60.25 -20
4 0 14.5 60.25 -20 14.5 65.5 -20 16.25 64 -20 16 59.75 -20
4 0 16.25 64 -20 14.5 65.5 -20 14.5 68 -20 16.25 67.5 -20
4 0 16.25 67.5 -20 14.5 68 -20 15 69.75 -20 16.75 68.5 -20
4 0 16.75 68.5 -20 15 69.75 -20 16.25 70.75 -20 17.75 69.25 -20
4 0 17.75 69.25 -20 16.25 70.75 -20 18.25 71.25 -20 19 69.25 -20
4 0 19 69.25 -20 18.25 71.25 -20 20 70.5 -20 20.25 68.5 -20
4 0 20.25 68.5 -20 20 70.5 -20 22 68.5 -20 21.5 66.5 -20
4 0 21.5 66.5 -20 22 68.5 -20 24.25 65.25 -20 23.75 62.25 -20
4 0 23.75 62.25 -20 24.25 65.25 -20 26 60.5 -20 24.75 57.75 -20
4 0 24.75 57.75 -20 26 60.5 -20 26.5 54.75 -20 24.25 53.5 -20
4 0 24.25 53.5 -20 26.5 54.75 -20 25.75 50 -20 23 49 -20
4 0 23 49 -20 25.75 50 -20 23.25 45 -20 20.25 44.5 -20
4 0 20.25 44.5 -20 23.25 45 -20 20.25 41 -20 17.25 41.25 -20
4 0 17.25 41.25 -20 20.25 41 -20 16.5 38.25 -20 15 40.75 -20
4 0 15 40.75 -20 16.5 38.25 -20 13.75 37.25 -20 12.5 39.75 -20
4 0 13.75 37.25 -20 16.5 38.25 -20 17.75 37.25 -20 17.25 34.75 -20
4 0 20 36 -20 17.25 34.75 -20 17.75 37.25 -20 19.75 38.25 -20
4 0 21.5 37.25 -20 20 36 -20 19.75 38.25 -20 21.75 39.5 -20
4 0 23.5 38.25 -20 21.5 37.25 -20 21.75 39.5 -20 24 40.5 -20
4 0 25 38.75 -20 23.5 38.25 -20 24 40.5 -20 26.25 40.25 -20
4 0 26.25 38.25 -20 25 38.75 -20 26.25 40.25 -20 28 38.75 -20
4 0 27 37 -20 26.25 38.25 -20 28 38.75 -20 28.5 36.75 -20
4 0 26.5 35.75 -20 27 37 -20 28.5 36.75 -20 28 34.5 -20
4 0 25.5 35 -20 26.5 35.75 -20 28 34.5 -20 26.5 32 -20
4 0 24.25 33.75 -20 25.5 35 -20 26.5 32 -20 23.75 32.5 -20
4 0 23.75 32.5 -20 26.5 32 -20 23 29.75 -20 20.5 30.75 -20
4 0 20.5 30.75 -20 23 29.75 -20 19 28.75 -20 17 30.5 -20
4 0 17 30.5 -20 19 28.75 -20 15.5 28.75 -20 14.25 30.75 -20
4 0 14.25 30.75 -20 15.5 28.75 -20 11.5 29.25 -20 12 31.75 -20
4 0 10.25 31.75 -20 12 31.75 -20 11.5 29.25 -20 10 26 -20
4 0 6.75 24 -20 10.25 31.75 -20 10 26 -20 6 19.5 -20
4 0 2 18.25 -20 6.75 24 -20 6 19.5 -20 1 14.5 -20
4 0 -2.5 14.25 -20 2 18.25 -20 1 14.5 -20 -3.25 11.75 -20
4 0 -5.5 13 -20 -2.5 14.25 -20 -3.25 11.75 -20 -6.75 11 -20
4 0 -8 12.75 -20 -5.5 13 -20 -6.75 11 -20 -8.75 11 -20
4 0 -2 41.25 -20 -5.25 40.75 -20 -3.25 42.25 -20 0 44.25 -20
4 0 0 44.25 -20 -3.25 42.25 -20 -1.5 44.5 -20 1.25 47.5 -20
3 0 -1.5 44.5 -20 -0.25 47 -20 1.25 47.5 -20
4 0 1.25 47.5 -20 -0.25 47 -20 0.5 50 -20 2 51.5 -20
4 0 2 51.5 -20 0.5 50 -20 1 52.5 -20 3.25 54.75 -20
3 0 3.25 51.5 -20 2 51.5 -20 3.25 54.75 -20
4 0 3.25 51.5 -20 3.25 54.75 -20 6 49.5 -20 4.75 47.5 -20
4 0 4.75 47.5 -20 6 49.5 -20 6.5 47.5 -20 6.5 44 -20
4 0 6.5 44 -20 6.5 47.5 -20 7.75 45.25 -20 9.25 41.25 -20
3 0 9.25 41.25 -20 7.75 45.25 -20 9.75 43.25 -20
4 0 9.25 41.25 -20 9.75 43.25 -20 12.5 41.5 -20 12.5 39.75 -20
3 0 12.5 39.75 -20 12.5 41.5 -20 15 40.75 -20
4 0 10.25 31.75 -20 12.5 39.75 -20 13.75 37.25 -20 12 31.75 -20
4 0 6.5 47.5 -20 6 49.5 -20 7.75 50 -20 9 48.75 -20
4 0 9 48.75 -20 7.75 50 -20 10.25 51.75 -20 11.25 50.5 -20
4 0 13.25 52.75 -20 11.25 50.5 -20 10.25 51.75 -20 12.5 54.75 -20
4 0 15 55.75 -20 13.25 52.75 -20 12.5 54.75 -20 13.75 57.25 -20
4 0 16 59.75 -20 15 55.75 -20 13.75 57.25 -20 14.5 60.25 -20
4 0 3.25 54.75 -20 1 52.5 -20 0.25 55.75 -20 1 58 -20
4 0 1 58 -20 0.25 55.75 -20 -1 58.5 -20 -1.5 61 -20
3 0 -1 58.5 -20 -2.5 60.75 -20 -1.5 61 -20
4 0 -1.5 49 -20 0.5 50 -20 -0.25 47 -20 -3 47.25 -20
4 0 -3.25 49 -20 -1.5 49 -20 -3 47.25 -20 -5.75 47.75 -20
3 0 -25.75 79 -20 -25.5 81.75 -20 -24.75 80 -20
4 0 -24.75 80 -20 -25.5 81.75 -20 -23.5 81.25 -20 -22 79.75 -20
4 0 -22 79.75 -20 -23.5 81.25 -20 -20.25 80.5 -20 -18.25 78 -20
4 0 -18.25 78 -20 -20.25 80.5 -20 -16 78.25 -20 -12.5 74.25 -20
4 0 -12.5 74.25 -20 -16 78.25 -20 -11.5 74.75 -20 -9.75 71.5 -20
3 0 -9.75 71.5 -20 -11.5 74.75 -20 -9 71.75 -20
4 0 19.75 34 -20 17.25 34.75 -20 20 36 -20 21.5 35.5 -20
4 0 21.75 33.75 -20 19.75 34 -20 21.5 35.5 -20 23.5 35 -20
4 0 24.25 33.75 -20 21.75 33.75 -20 23.5 35 -20 25.5 35 -20
4 16 -8.75 11 -20 0 0 -20 -40 0 -20 -11.75 12 -20
3 16 -40 0 -20 -13.5 13.75 -20 -11.75 12 -20
3 16 -40 0 -20 -14.25 16 -20 -13.5 13.75 -20
4 16 -14 18.5 -20 -14.25 16 -20 -40 0 -20 -40 48 -20
3 16 -14 18.5 -20 -40 48 -20 -12.5 20.75 -20
4 16 -10.25 23.5 -20 -12.5 20.75 -20 -40 48 -20 -8 27 -20
4 16 -6 31 -20 -8 27 -20 -40 48 -20 -9.75 39.75 -20
4 16 -4.75 35 -20 -6 31 -20 -9.75 39.75 -20 -6.75 38.75 -20
3 16 -4.75 35 -20 -6.75 38.75 -20 -4.25 38.5 -20
3 16 -9.75 39.75 -20 -40 48 -20 -13.25 41.75 -20
3 16 -13.25 41.75 -20 -40 48 -20 -16.5 44.75 -20
3 16 -16.5 44.75 -20 -40 48 -20 -19.5 49.5 -20
3 16 -40 48 -20 -20.5 53.5 -20 -19.5 49.5 -20
4 16 -20.25 57.75 -20 -20.5 53.5 -20 -40 48 -20 -28.25 77.5 -20
4 16 -19.25 60.75 -20 -20.25 57.75 -20 -28.25 77.5 -20 -23 74.5 -20
4 16 -17.5 62.75 -20 -19.25 60.75 -20 -23 74.5 -20 -17.75 70.75 -20
4 16 -15 63.25 -20 -17.5 62.75 -20 -17.75 70.75 -20 -13.5 66.5 -20
4 16 -13.25 62.5 -20 -15 63.25 -20 -13.5 66.5 -20 -10 62.5 -20
4 16 -12.5 59.5 -20 -13.25 62.5 -20 -10 62.5 -20 -7.75 58.5 -20
4 16 -11.5 56.5 -20 -12.5 59.5 -20 -7.75 58.5 -20 -6.25 54.75 -20
4 16 -10.75 54.75 -20 -11.5 56.5 -20 -6.25 54.75 -20 -9.25 52.5 -20
4 16 -9.25 52.5 -20 -6.25 54.75 -20 -5.5 50.5 -20 -7.5 51 -20
4 16 -29 79.75 -20 -28.25 77.5 -20 -40 48 -20 -30.5 80.75 -20
4 16 -30.75 82.5 -20 -30.5 80.75 -20 -40 48 -20 -40 96 -20
3 16 -30.75 82.5 -20 -40 96 -20 -29.25 84.5 -20
3 16 -29.25 84.5 -20 -40 96 -20 -26.25 86.25 -20
3 16 -26.25 86.25 -20 -40 96 -20 -22 87.75 -20
4 16 -16.25 88 -20 -22 87.75 -20 -40 96 -20 0 96 -20
3 16 -10.75 87 -20 -16.25 88 -20 0 96 -20
3 16 -4.5 84.5 -20 -10.75 87 -20 0 96 -20
3 16 1.75 80.5 -20 -4.5 84.5 -20 0 96 -20
4 16 8.25 74 -20 1.75 80.5 -20 0 96 -20 40 96 -20
4 16 8.25 74 -20 40 96 -20 18.25 71.25 -20 16.25 70.75 -20
4 16 8.25 74 -20 16.25 70.75 -20 15 69.75 -20 12 69.25 -20
3 16 14.5 68 -20 12 69.25 -20 15 69.75 -20
3 16 14.5 65.5 -20 12 69.25 -20 14.5 68 -20
3 16 20 70.5 -20 18.25 71.25 -20 40 96 -20
3 16 22 68.5 -20 20 70.5 -20 40 96 -20
3 16 24.25 65.25 -20 22 68.5 -20 40 96 -20
4 16 26 60.5 -20 24.25 65.25 -20 40 96 -20 40 48 -20
3 16 40 48 -20 26.5 54.75 -20 26 60.5 -20
3 16 40 48 -20 25.75 50 -20 26.5 54.75 -20
4 16 23.25 45 -20 25.75 50 -20 40 48 -20 26.25 40.25 -20
3 16 26.25 40.25 -20 24 40.5 -20 23.25 45 -20
4 16 23.25 45 -20 24 40.5 -20 21.75 39.5 -20 20.25 41 -20
4 16 20.25 41 -20 21.75 39.5 -20 19.75 38.25 -20 16.5 38.25 -20
3 16 17.75 37.25 -20 16.5 38.25 -20 19.75 38.25 -20
3 16 28 38.75 -20 26.25 40.25 -20 40 48 -20
3 16 28.5 36.75 -20 28 38.75 -20 40 48 -20
4 16 28 34.5 -20 28.5 36.75 -20 40 48 -20 40 0 -20
3 16 40 0 -20 26.5 32 -20 28 34.5 -20
3 16 40 0 -20 23 29.75 -20 26.5 32 -20
3 16 40 0 -20 19 28.75 -20 23 29.75 -20
3 16 40 0 -20 15.5 28.75 -20 19 28.75 -20
4 16 11.5 29.25 -20 15.5 28.75 -20 40 0 -20 10 26 -20
4 16 6 19.5 -20 10 26 -20 40 0 -20 0 0 -20
3 16 0 0 -20 1 14.5 -20 6 19.5 -20
3 16 0 0 -20 -3.25 11.75 -20 1 14.5 -20
3 16 0 0 -20 -6.75 11 -20 -3.25 11.75 -20
3 16 0 0 -20 -8.75 11 -20 -6.75 11 -20
