0 Technic Arm  3 x  2 with Gear 36 Tooth Double Bevel Quarter
0 Name: 41667.dat
0 Author: Guy Vivan [guyvivan]
0 !LDRAW_ORG Part UPDATE 2024-02
0 !LICENSE Licensed under CC BY 2.0 and CC BY 4.0 : see CAreadme.txt

0 BFC CERTIFY CCW

0 !HISTORY 2012-03-30 [PTadmin] Official Update 2012-01
0 !HISTORY 2022-04-18 [MagFors] Reworked axlehole, removed surface bleeding
0 !HISTORY 2022-05-07 [PTadmin] Official Update 2022-03
0 !HISTORY 2024-03-23 [OrionP] Updated ring primitives
0 !HISTORY 2024-03-24 [OrionP] Official Update 2024-02

1 16 39.392 -6.946 0 .17365 .98481 0 .98481 -.17365 0 0 0 -1 toothb12.dat
1 16 37.587 -13.681 0 .34202 .93969 0 .93969 -.34202 0 0 0 -1 toothb12.dat
1 16 34.64 -20 0 .5 .86603 0 .86603 -.5 0 0 0 -1 toothb12.dat
1 16 30.641 -25.711 0 .64279 .76604 0 .76604 -.64279 0 0 0 -1 toothb12.dat
1 16 25.711 -30.641 0 .76604 .64279 0 .64279 -.76604 0 0 0 -1 toothb12.dat
1 16 20 -34.64 0 .86603 .5 0 .5 -.86603 0 0 0 -1 toothb12.dat
1 16 13.681 -37.587 0 .93969 .34202 0 .34202 -.93969 0 0 0 -1 toothb12.dat
1 16 6.946 -39.392 0 .98481 .17365 0 .17365 -.98481 0 0 0 -1 toothb12.dat

4 16 8.2205 -39.0759 -10 5.6403 -39.5308 -10 5.643 -37.537 -10 9.8344 -36.7042 -10
4 16 12.4186 -37.9503 -3 8.2206 -39.0751 -3 8.2205 -39.0759 -10 12.4186 -37.9503 -10
4 16 12.6165 -38.9711 -3 8.5605 -40.0578 -3 8.2206 -39.0751 -3 12.4186 -37.9503 -3
4 16 14.8812 -37.0544 -10 12.4186 -37.9503 -10 9.8344 -36.7042 -10 14.5426 -35.1082 -10
4 16 14.8812 -37.0544 -10 14.5426 -35.1082 -10 19 -32.908 -10 18.8205 -35.2171 -10
4 16 18.8205 -35.2171 -3 14.8813 -37.0538 -3 14.8812 -37.0544 -10 18.8205 -35.2171 -10
4 16 18.8205 -35.2171 -3 19.192 -36.1884 -3 15.3857 -37.9635 -3 14.8813 -37.0538 -3
4 16 21.0888 -33.9071 -10 19 -32.908 -10 23.1344 -30.1492 -10 24.6491 -31.4144 -10
1 16 22.86895 -32.66075 -6.5 -1.78015 0 0 -1.24635 1 0 0 0 -3.5 rect2p.dat
4 16 26.6561 -29.7304 -10 24.6491 -31.4144 -10 23.1344 -30.1492 -10 26.8698 -26.8698 -10
1 16 28.1927 -28.1939 -6.5 -1.5366 0 0 -1.5365 1 0 0 0 -3.5 rect2p.dat
4 16 29.7293 -26.6574 -3 30.4111 -27.4425 -3 27.4418 -30.4115 -3 26.6561 -29.7304 -3
4 16 31.4141 -24.6496 -10 29.7293 -26.6574 -10 26.8698 -26.8698 -10 30.1492 -23.1344 -10
4 16 33.9071 -21.0895 -10 31.4141 -24.6496 -10 30.1492 -23.1344 -10 32.908 -19 -10
4 16 31.4138 -24.6497 -3 31.4141 -24.6496 -10 33.9071 -21.0895 -10 33.9071 -21.0895 -3
4 16 31.4138 -24.6497 -3 33.9071 -21.0895 -3 34.7144 -21.745 -3 32.3055 -25.1853 -3
4 16 35.2171 -18.8205 -10 32.908 -19 -10 35.1082 -14.5426 -10 37.0544 -14.8812 -10
4 16 35.218 -18.82 -3 35.2171 -18.8205 -10 37.0544 -14.8812 -10 37.055 -14.881 -3
4 16 37.9505 -12.4192 -10 37.0544 -14.8812 -10 35.1082 -14.5426 -10 36.7042 -9.8344 -10
4 16 37.951 -12.419 -3 37.9505 -12.4192 -10 39.0759 -8.2205 -10 39.076 -8.221 -3
4 16 39.076 -8.221 -3 40.059 -8.56 -3 38.972 -12.616 -3 37.951 -12.419 -3
4 16 39.5308 -5.6403 -10 39.0759 -8.2205 -10 36.7042 -9.8344 -10 37.6732 -4.959 -10
4 16 39.5308 -5.6403 -10 37.6732 -4.959 -10 38 0 -10 40 0 -10
4 16 39.531 -5.64 -3 39.5308 -5.6403 -10 40 0 -10 40 0 -3
4 16 39.531 -5.64 -3 40 0 -3 41 0 -3 40.571 -5.658 -3
4 16 36.19 -19.192 -3 35.218 -18.82 -3 37.055 -14.881 -3 37.964 -15.386 -3
3 16 36.7042 -9.8344 -10 39.0759 -8.2205 -10 37.9505 -12.4192 -10
3 16 32.908 -19 -10 35.2171 -18.8205 -10 33.9071 -21.0895 -10
3 16 26.8698 -26.8698 -10 29.7293 -26.6574 -10 26.6561 -29.7304 -10
3 16 19 -32.908 -10 21.0888 -33.9071 -10 18.8205 -35.2171 -10
3 16 9.8344 -36.7042 -10 12.4186 -37.9503 -10 8.2205 -39.0759 -10
4 16 21.0888 -33.9071 -3 24.6491 -31.4144 -3 25.1838 -32.3063 -3 21.7445 -34.7153 -3

4 16 5.643 -37.537 10 5.6403 -39.5308 10 8.2205 -39.0759 10 9.8344 -36.7042 10
4 16 8.2205 -39.0759 10 8.2206 -39.0751 3 12.4186 -37.9503 3 12.4186 -37.9503 10
4 16 8.2206 -39.0751 3 8.5605 -40.0578 3 12.6165 -38.9711 3 12.4186 -37.9503 3
4 16 9.8344 -36.7042 10 12.4186 -37.9503 10 14.8812 -37.0544 10 14.5426 -35.1082 10
4 16 19 -32.908 10 14.5426 -35.1082 10 14.8812 -37.0544 10 18.8205 -35.2171 10
4 16 14.8812 -37.0544 10 14.8813 -37.0538 3 18.8205 -35.2171 3 18.8205 -35.2171 10
4 16 15.3857 -37.9635 3 19.192 -36.1884 3 18.8205 -35.2171 3 14.8813 -37.0538 3
4 16 23.1344 -30.1492 10 19 -32.908 10 21.0888 -33.9071 10 24.6491 -31.4144 10
1 16 22.86895 -32.66075 6.5 1.78015 0 0 1.24635 1 0 0 0 3.5 rect2p.dat
4 16 23.1344 -30.1492 10 24.6491 -31.4144 10 26.6561 -29.7304 10 26.8698 -26.8698 10
1 16 28.1927 -28.1939 6.5 1.5366 0 0 1.5365 1 0 0 0 3.5 rect2p.dat
4 16 27.4418 -30.4115 3 30.4111 -27.4425 3 29.7293 -26.6574 3 26.6561 -29.7304 3
4 16 26.8698 -26.8698 10 29.7293 -26.6574 10 31.4141 -24.6496 10 30.1492 -23.1344 10
4 16 30.1492 -23.1344 10 31.4141 -24.6496 10 33.9071 -21.0895 10 32.908 -19 10
4 16 33.9071 -21.0895 10 31.4141 -24.6496 10 31.4138 -24.6497 3 33.9071 -21.0895 3
4 16 34.7144 -21.745 3 33.9071 -21.0895 3 31.4138 -24.6497 3 32.3055 -25.1853 3
4 16 35.1082 -14.5426 10 32.908 -19 10 35.2171 -18.8205 10 37.0544 -14.8812 10
4 16 37.0544 -14.8812 10 35.2171 -18.8205 10 35.218 -18.82 3 37.055 -14.881 3
4 16 35.1082 -14.5426 10 37.0544 -14.8812 10 37.9505 -12.4192 10 36.7042 -9.8344 10
4 16 39.0759 -8.2205 10 37.9505 -12.4192 10 37.951 -12.419 3 39.076 -8.221 3
4 16 38.972 -12.616 3 40.059 -8.56 3 39.076 -8.221 3 37.951 -12.419 3
4 16 36.7042 -9.8344 10 39.0759 -8.2205 10 39.5308 -5.6403 10 37.6732 -4.959 10
4 16 38 0 10 37.6732 -4.959 10 39.5308 -5.6403 10 40 0 10
4 16 40 0 10 39.5308 -5.6403 10 39.531 -5.64 3 40 0 3
4 16 41 0 3 40 0 3 39.531 -5.64 3 40.571 -5.658 3
4 16 37.055 -14.881 3 35.218 -18.82 3 36.19 -19.192 3 37.964 -15.386 3
3 16 39.0759 -8.2205 10 36.7042 -9.8344 10 37.9505 -12.4192 10
3 16 35.2171 -18.8205 10 32.908 -19 10 33.9071 -21.0895 10
3 16 29.7293 -26.6574 10 26.8698 -26.8698 10 26.6561 -29.7304 10
3 16 21.0888 -33.9071 10 19 -32.908 10 18.8205 -35.2171 10
3 16 12.4186 -37.9503 10 9.8344 -36.7042 10 8.2205 -39.0759 10
4 16 24.6491 -31.4144 3 21.0888 -33.9071 3 21.7445 -34.7153 3 25.1838 -32.3063 3

1 16 40.7855 -2.829 0 0 0 -.2145 0 1 -2.829 3 0 0 rect3.dat
1 16 39.5155 -10.588 0 0 0 -.5435 0 1 -2.028 3 0 0 rect.dat
1 16 37.077 -17.289 0 -.887 0 0 -1.903 1 0 0 0 -3 rect.dat
1 16 33.50995 -23.46515 0 1.20445 0 0 1.72015 1 0 0 0 3 rect.dat
1 16 28.92645 -28.927 0 -1.48465 0 0 -1.4845 1 0 0 0 -3 rect.dat
1 16 17.28885 -37.07595 0 0 0 -1.90315 0 1 -.88755 3 0 0 rect.dat
1 16 10.5885 -39.51445 0 -2.028 0 0 -.54335 1 0 0 0 -3 rect.dat
1 16 23.46415 -33.5108 0 -1.71965 0 0 -1.2045 1 0 0 0 -3 rect.dat

2 24 5.6406 -39.5301 -3 5.6577 -40.5698 -3
2 24 5.6577 -40.5698 -3 5.6577 -40.5698 3
2 24 5.6577 -40.5698 3 5.6406 -39.5301 3
2 24 8.2206 -39.0751 3 8.5605 -40.0578 3
2 24 8.5605 -40.0578 -3 8.2206 -39.0751 -3
2 24 8.2206 -39.0751 -3 12.4186 -37.9503 -3
2 24 12.4186 -37.9503 -3 12.6165 -38.9711 -3
2 24 12.6165 -38.9711 3 12.4186 -37.9503 3
2 24 12.4186 -37.9503 3 8.2206 -39.0751 3
2 24 14.8813 -37.0538 3 15.3857 -37.9635 3
2 24 14.8813 -37.0538 3 18.8205 -35.2171 3
2 24 18.8205 -35.2171 3 19.192 -36.1884 3
2 24 15.3857 -37.9635 -3 14.8813 -37.0538 -3
2 24 14.8813 -37.0538 -3 18.8205 -35.2171 -3
2 24 18.8205 -35.2171 -3 19.192 -36.1884 -3
2 24 21.0888 -33.9071 3 21.7445 -34.7153 3
2 24 24.6491 -31.4144 3 25.1838 -32.3063 3
2 24 25.1838 -32.3063 -3 24.6491 -31.4144 -3
2 24 21.0888 -33.9071 -3 21.7445 -34.7153 -3
2 24 29.7293 -26.6574 3 30.4111 -27.4425 3
2 24 27.4418 -30.4115 3 26.6561 -29.7304 3
2 24 27.4418 -30.4115 -3 26.6561 -29.7304 -3
2 24 29.7293 -26.6574 -3 30.4111 -27.4425 -3
2 24 32.3055 -25.1853 -3 31.4138 -24.6497 -3
2 24 31.4138 -24.6497 -3 33.9071 -21.0895 -3
2 24 33.9071 -21.0895 -3 34.7144 -21.745 -3
2 24 31.4138 -24.6497 3 32.3055 -25.1853 3
2 24 31.4138 -24.6497 3 33.9071 -21.0895 3
2 24 33.9071 -21.0895 3 34.7144 -21.745 3
2 24 35.218 -18.82 3 36.19 -19.192 3
2 24 35.218 -18.82 3 37.055 -14.881 3
2 24 37.055 -14.881 3 37.964 -15.386 3
2 24 35.218 -18.82 -3 36.19 -19.192 -3
2 24 35.218 -18.82 -3 37.055 -14.881 -3
2 24 37.055 -14.881 -3 37.964 -15.386 -3
2 24 37.951 -12.419 3 38.972 -12.616 3
2 24 37.951 -12.419 3 39.076 -8.221 3
2 24 39.076 -8.221 3 40.059 -8.56 3
2 24 38.972 -12.616 -3 37.951 -12.419 -3
2 24 37.951 -12.419 -3 39.076 -8.221 -3
2 24 39.076 -8.221 -3 40.059 -8.56 -3
2 24 40 0 -3 39.531 -5.64 -3
2 24 39.531 -5.64 -3 40.571 -5.658 -3
2 24 40.571 -5.658 3 39.531 -5.64 3
2 24 39.531 -5.64 3 40 0 3

5 24 40 0 10 40 0 3 40 5 3 39.5308 -5.6403 10
5 24 41 0 -3 41 0 3 40.571 -5.658 -3 41 5 -3
5 24 40 0 -10 40 0 -3 40 5 -10 39.5308 -5.6403 -10
2 24 8.2205 -39.0759 -10 12.4186 -37.9503 -10
2 24 14.8812 -37.0544 -10 18.8205 -35.2171 -10
2 24 31.4141 -24.6496 -10 33.9071 -21.0895 -10
2 24 35.2171 -18.8205 -10 37.0544 -14.8812 -10
2 24 37.9505 -12.4192 -10 39.0759 -8.2205 -10
2 24 39.5308 -5.6403 -10 40 0 -10
2 24 8.2205 -39.0759 10 12.4186 -37.9503 10
2 24 14.8812 -37.0544 10 18.8205 -35.2171 10
2 24 31.4141 -24.6496 10 33.9071 -21.0895 10
2 24 35.2171 -18.8205 10 37.0544 -14.8812 10
2 24 37.9505 -12.4192 10 39.0759 -8.2205 10
2 24 39.5308 -5.6403 10 40 0 10

0 BFC INVERTNEXT
1 16 0 0 -10 38 0 0 0 0 -38 0 20 0 48\5-24cylo.dat

1 16 0 0 0 1 0 0 0 0 1 0 1 0 connhole.dat
1 16 0 0 10 -6.36396 0 -6.36396 6.36396 0 -6.36396 0 -8 0 1-4cylo.dat
1 16 0 0 -10 -6.36396 0 -6.36396 6.36396 0 -6.36396 0 8 0 1-4cylo.dat
1 16 -40 0 -2 6.36396 0 6.36396 -6.36396 0 6.36396 0 1 0 1-4edge.dat
1 16 -40 0 2 6.36396 0 6.36396 -6.36396 0 6.36396 0 1 0 1-4edge.dat
1 16 -40 0 10 6.36396 0 6.36396 -6.36396 0 6.36396 0 -8 0 1-4cyli.dat
1 16 -40 0 -10 6.36396 0 6.36396 -6.36396 0 6.36396 0 8 0 1-4cyli.dat
1 16 -40 0 10 0 0 9 -9 0 0 0 1 0 1-8edge.dat
1 16 -40 0 -10 0 0 9 -9 0 0 0 1 0 1-8edge.dat

1 16 -40 0 -.5 0 0 1 -1 0 0 0 1 0 axl2hol2.dat
1 16 -40 0 -18 0 0 1 -1 0 0 0 1 0 axl2hol3.dat
1 16 -40 0 -18 0 0 1 -1 0 0 0 1 0 axl2hol9.dat
1 16 -40 0 -.5 0 0 1 -1 0 0 0 1 0 axl2hol9.dat
1 16 -40 0 -18 0 0 1 -1 0 0 0 17.5 0 axl2hol8.dat
1 16 -40 0 -18 0 0 1 -1 0 0 0 1 0 axl2ho10.dat

1 16 -40 0 .5 0 0 1 -1 0 0 0 -1 0 axl2hol2.dat
1 16 -40 0 18 0 0 1 -1 0 0 0 -1 0 axl2hol3.dat
1 16 -40 0 18 0 0 1 -1 0 0 0 -1 0 axl2hol9.dat
1 16 -40 0 .5 0 0 1 -1 0 0 0 -1 0 axl2hol9.dat
1 16 -40 0 18 0 0 1 -1 0 0 0 -17.5 0 axl2hol8.dat
1 16 -40 0 18 0 0 1 -1 0 0 0 -1 0 axl2ho10.dat

1 16 -40 0 20 0 0 6 -6 0 0 0 1 0 4-4edge.dat
1 16 -40 0 -20 0 0 6 -6 0 0 0 1 0 4-4edge.dat
0 BFC INVERTNEXT
1 16 -40 0 -20 0 0 6 -6 0 0 0 2 0 4-4cyli.dat
0 BFC INVERTNEXT
1 16 -40 0 20 0 0 6 -6 0 0 0 -2 0 4-4cyli.dat
0 BFC INVERTNEXT
1 16 -40 0 -.5 0 0 3.5 -3.5 0 0 0 1 0 4-4cylo.dat
1 16 -40 0 .5 0 0 .5 -.5 0 0 0 -1 0 4-4ring7.dat
1 16 -40 0 -.5 0 0 .5 -.5 0 0 0 1 0 4-4ring7.dat
1 16 -40 0 -.5 0 0 2 -2 0 0 0 1 0 4-4ring2.dat
1 16 -40 0 .5 0 0 2 -2 0 0 0 -1 0 4-4ring2.dat
1 16 -40 0 -20 0 0 -9 9 0 0 0 1 0 7-8edge.dat
1 16 -40 0 20 0 0 -9 9 0 0 0 1 0 7-8edge.dat
1 16 -40 0 20 0 0 3 -3 0 0 0 -1 0 4-4ring2.dat
1 16 -40 0 -20 0 0 3 -3 0 0 0 1 0 4-4ring2.dat
1 16 -40 0 20 0 0 9 9 0 0 0 -1 0 1-8tndis.dat
1 16 -40 0 -20 0 0 9 9 0 0 0 1 0 1-8tndis.dat
1 16 -40 0 -20 0 0 -9 9 0 0 0 40 0 2-4cyli.dat
1 16 -40 0 -20 0 0 9 -9 0 0 0 10 0 3-8cyli.dat
1 16 -40 0 20 0 0 9 -9 0 0 0 -10 0 3-8cyli.dat
4 16 -30 9 20 -10 9 10 -10 9 -10 -30 9 -20
1 16 -20 7.682 -15 10 0 0 0 0 1.3185 5 1 0 rect3.dat
1 16 -20 7.682 15 10 0 0 0 0 1.3185 -5 -1 0 rect3.dat
2 24 -30 6.363 2 -25.5 6.363 2
2 24 -14.5 6.363 2 -10 6.363 2
2 24 -30 6.363 -2 -25.5 6.363 -2
2 24 -14.5 6.363 -2 -10 6.363 -2
4 16 -30 6.363 2 -25.5 6.363 2 -25.5 6.363 17.75 -30 6.363 20
4 16 -30 6.363 -20 -25.5 6.363 -17.75 -25.5 6.363 -2 -30 6.363 -2
4 16 -22.5 6.363 2 -17.5 6.363 2 -17.5 6.363 13.75 -22.5 6.363 16.25
4 16 -22.5 6.363 -16.25 -17.5 6.363 -13.75 -17.5 6.363 -2 -22.5 6.363 -2
4 16 -14.5 6.363 2 -10 6.363 2 -10 6.363 10 -14.5 6.363 12.25
4 16 -14.5 6.363 -12.25 -10 6.363 -10 -10 6.363 -2 -14.5 6.363 -2
4 16 -25.5 -9 10 -25.5 -9 -10 -22.5 -9 -10 -22.5 -9 10
4 16 -25.5 -9 -10 -25.5 -9 -11.75 -22.5 -9 -10.25 -22.5 -9 -10
4 16 -22.5 -9 10 -22.5 -9 10.25 -25.5 -9 11.75 -25.5 -9 10
4 16 -22.5 -9 -10 -17.5 -9 -10 -17.5 -9 10 -22.5 -9 10
3 16 -17.5 -9 -10 -17.5 -9 -11.5 -14.5 -9 -10
4 16 -17.5 -9 10 -17.5 -9 -10 -14.5 -9 -10 -14.5 -9 10
3 16 -14.5 -9 10 -17.5 -9 11.5 -17.5 -9 10
2 24 -25.5 -6.363 -2 -25.5 6.363 -2
2 24 -25.5 -6.363 2 -25.5 6.363 2
2 24 -22.5 -6.363 -2 -22.5 6.363 -2
2 24 -22.5 -6.363 2 -22.5 6.363 2
2 24 -17.5 -6.363 -2 -17.5 6.363 -2
2 24 -17.5 -6.363 2 -17.5 6.363 2
2 24 -14.5005 -6.363 -2 -14.5 6.363 -2
2 24 -14.4995 -6.363 2 -14.5 6.363 2
2 24 -25.5 6.363 -2 -25.5 6.363 -17.75
2 24 -25.5 6.363 2 -25.5 6.363 17.75
2 24 -30 6.363 20 -25.5 6.363 17.75
2 24 -30 6.363 -20 -25.5 6.363 -17.75
2 24 -22.5 6.363 2 -22.5 6.363 16.25
2 24 -22.5 6.363 -2 -22.5 6.363 -16.25
2 24 -17.5 6.363 -2 -17.5 6.363 -13.75
2 24 -17.5 6.363 2 -17.5 6.363 13.75
2 24 -22.5 6.363 16.25 -17.5 6.363 13.75
2 24 -22.5 6.363 -16.25 -17.5 6.363 -13.75
2 24 -14.5 6.363 2 -14.5 6.363 12.25
2 24 -14.5 6.363 -2 -14.5 6.363 -12.25
2 24 -10 6.363 -10 -14.5 6.363 -12.25
2 24 -10 6.363 10 -14.5 6.363 12.25
1 16 -35 9 0 5 0 0 0 -1 0 0 0 20 rect2p.dat
1 16 13 9 0 23 0 0 0 -1 0 0 0 10 rect2p.dat
1 16 21.1815 6.363 0 0 0 -14.8185 0 1 0 10 0 0 rect3.dat
1 16 0 0 10 0 0 9 9 0 0 0 -1 0 1-8tndis.dat
1 16 0 0 -10 0 0 9 9 0 0 0 1 0 1-8tndis.dat
4 16 38 6.363 -10 6.363 6.363 -10 6.3639 9 -10 36 9 -10
4 16 36 9 10 6.3639 9 10 6.363 6.363 10 38 6.363 10
1 16 -32.75 -9 0 7.25 0 0 0 1 0 0 0 10 rect2p.dat
1 16 -12.5735 -9 0 1.9265 0 0 0 1 0 0 0 10 rect2p.dat
1 16 -8.1815 6.363 6 0 0 1.8185 0 1 0 -4 0 0 rect3.dat
1 16 -8.1815 6.363 -6 0 0 1.8185 0 1 0 -4 0 0 rect3.dat
1 16 -31.8185 6.363 -11 0 0 -1.8185 0 1 0 9 0 0 rect3.dat
1 16 -31.8185 6.363 11 0 0 -1.8185 0 1 0 9 0 0 rect3.dat
1 16 -29.5685 -6.363 6 0 0 -4.0685 0 -1 0 4 0 0 rect.dat
1 16 -29.5685 -6.363 -6 0 0 -4.0685 0 -1 0 4 0 0 rect.dat
1 16 -10.432 -6.363 -6 0 0 4.0685 0 -1 0 -4 0 0 rect.dat
1 16 -10.431 -6.363 6 0 0 4.0685 0 -1 0 -4 0 0 rect.dat
1 16 -20 -7.6815 -6 -2.5 0 0 0 1.3185 0 0 0 -4 box2-5.dat
1 16 -20 -7.682 6 2.5 0 0 0 1.3185 0 0 0 4 box2-5.dat
1 16 -20 0 -2 -2.5 0 0 0 0 6.363 0 1 0 rect3.dat
1 16 -20 0 2 -2.5 0 0 0 0 6.363 0 -1 0 rect3.dat
1 16 36 5 10 0 0 4 4 0 0 0 1 0 1-4edge.dat
1 16 36 5 3 0 0 4 4 0 0 0 1 0 1-4edge.dat
1 16 36 5 -3 0 0 4 4 0 0 0 1 0 1-4edge.dat
1 16 36 5 -10 0 0 4 4 0 0 0 1 0 1-4edge.dat
1 16 36 5 -10 0 0 4 4 0 0 0 1 0 1-4chrd.dat
1 16 36 5 10 0 0 4 4 0 0 0 -1 0 1-4chrd.dat
1 16 36 5 -10 0 0 4 4 0 0 0 7 0 1-4cyli.dat
1 16 36 5 10 0 0 4 4 0 0 0 -7 0 1-4cyli.dat
1 16 37 5 3 0 0 4 4 0 0 0 1 0 1-4edge.dat
1 16 37 5 -3 0 0 4 4 0 0 0 1 0 1-4edge.dat
1 16 37 5 -3 0 0 4 4 0 0 0 1 0 1-4chrd.dat
1 16 37 5 3 0 0 4 4 0 0 0 -1 0 1-4chrd.dat
4 16 41 5 -3 40 5 -3 36 9 -3 37 9 -3
4 16 37 9 3 36 9 3 40 5 3 41 5 3
1 16 37 5 3 0 0 4 4 0 0 0 -6 0 1-4cyli.dat
1 16 36.5 9 0 .5 0 0 0 -1 0 0 0 3 rect2p.dat
1 16 40 2.5 -6.5 0 -1 0 0 0 -2.5 -3.5 0 0 rect1.dat
1 16 40 2.5 6.5 0 -1 0 0 0 2.5 3.5 0 0 rect1.dat
1 16 40 2.5 0 0 1 0 -2.5 0 0 0 0 3 box3u8p.dat
4 16 40 5 10 38 6.363 10 38 0 10 40 0 10
4 16 40 0 -10 38 0 -10 38 6.363 -10 40 5 -10
3 16 40 5 -10 38 6.363 -10 36 9 -10
3 16 36 9 10 38 6.363 10 40 5 10
1 16 36 4.363 -10 0 0 2 2 0 0 0 1 0 1-4edge.dat
1 16 36 4.363 10 0 0 2 2 0 0 0 1 0 1-4edge.dat
0 BFC INVERTNEXT
1 16 36 4.363 10 0 0 2 2 0 0 0 -20 0 1-4cyli.dat
1 16 38 2.1815 0 0 1 0 2.1815 0 0 0 0 10 rect2p.dat
1 16 36 4.363 -10 0 0 2 2 0 0 0 1 0 1-4ndis.dat
1 16 36 4.363 10 0 0 2 2 0 0 0 -1 0 1-4ndis.dat
1 16 0 0 10 0 0 -9 9 0 0 0 -1 0 1-8tndis.dat
1 16 0 0 -10 0 0 -9 9 0 0 0 1 0 1-8tndis.dat
1 16 0 0 10 0 0 -9 -9 0 0 0 -1 0 1-8tndis.dat
1 16 0 0 -10 0 0 -9 -9 0 0 0 1 0 1-8tndis.dat
4 16 -6.363 6.363 -10 -10 6.363 -10 -10 9 -10 -6.3639 9 -10
4 16 -6.3639 9 10 -10 9 10 -10 6.363 10 -6.363 6.363 10
4 16 -33.637 6.363 20 -30 6.363 20 -30 9 20 -33.6361 9 20
4 16 -33.6361 9 -20 -30 9 -20 -30 6.363 -20 -33.637 6.363 -20
4 16 -33.637 -6.363 -10 -25.5 -6.363 -10 -25.5 -9 -10 -40 -9 -10
4 16 -40 -9 10 -25.5 -9 10 -25.5 -6.363 10 -33.637 -6.363 10
2 24 -25.5 -9 -10 -25.5 -6.363 -10
2 24 -25.5 -9 10 -25.5 -6.363 10
4 16 -6.364 -6.364 10 -14.4995 -6.363 10 -14.5 -9 10 -6.3639 -9 10
4 16 -6.3639 -9 -10 -14.5 -9 -10 -14.5005 -6.363 -10 -6.364 -6.364 -10
2 24 -14.5 -9 10 -14.4995 -6.363 10
2 24 -14.5 -9 -10 -14.5005 -6.363 -10
4 16 -25.5 -6.363 -2 -33.637 -6.363 -2 -31.0001 0 -2 -25.5 0 -2
4 16 -25.5 0 -2 -31.0001 0 -2 -33.637 6.363 -2 -25.5 6.363 -2
4 16 -6.364 -6.364 -2 -14.5005 -6.363 -2 -14.5 0 -2 -8.9999 0 -2
4 16 -8.9999 0 -2 -14.5 0 -2 -14.5 6.363 -2 -6.363 6.363 -2
4 16 -14.4995 -6.363 2 -6.364 -6.364 2 -8.9999 0 2 -14.5 0 2
4 16 -14.5 0 2 -8.9999 0 2 -6.363 6.363 2 -14.5 6.363 2
4 16 -33.637 -6.363 2 -25.5 -6.363 2 -25.5 0 2 -31.0001 0 2
4 16 -31.0001 0 2 -25.5 0 2 -25.5 6.363 2 -33.637 6.363 2
1 16 -22.5 -3 -10.25 0 1 0 0 0 -6 -6 0 0 1-4edge.dat
1 16 -22.5 -3 -10.25 0 -1 0 0 0 -6 -6 0 0 1-4chrd.dat
1 16 -25.5 -3 -11.75 0 1 0 0 0 -6 -6 0 0 1-4edge.dat
1 16 -25.5 -3 -11.75 0 1 0 0 0 -6 -6 0 0 1-4chrd.dat
1 16 -25.5 -3 -11.75 0 3 0 0 0 -6 -6 1.5 0 1-4cyli.dat
2 24 -25.5 -9 -10 -25.5 -9 -11.75
4 16 -25.5 -9 -11.75 -25.5 -9 -10 -25.5 -6.363 -10 -25.5 -3 -17.75
4 16 -25.5 -3 -17.75 -25.5 -6.363 -10 -25.5 -6.363 -2 -25.5 6.363 -2
3 16 -25.5 -3 -17.75 -25.5 6.363 -2 -25.5 6.363 -17.75
2 24 -22.5 -9 -10 -22.5 -9 -10.25
4 16 -22.5 -9 -10 -22.5 -9 -10.25 -22.5 -3 -16.25 -22.5 -6.363 -10
4 16 -22.5 -6.363 -2 -22.5 -6.363 -10 -22.5 -3 -16.25 -22.5 6.363 -2
3 16 -22.5 -3 -16.25 -22.5 6.363 -16.25 -22.5 6.363 -2
1 16 -22.5 -3 10.25 0 1 0 0 0 -6 6 0 0 1-4edge.dat
1 16 -22.5 -3 10.25 0 -1 0 0 0 -6 6 0 0 1-4chrd.dat
1 16 -25.5 -3 11.75 0 1 0 0 0 -6 6 0 0 1-4edge.dat
1 16 -25.5 -3 11.75 0 1 0 0 0 -6 6 0 0 1-4chrd.dat
1 16 -22.5 -3 10.25 0 -3 0 0 0 -6 6 1.5 0 1-4cyli.dat
2 24 -25.5 -9 10 -25.5 -9 11.75
4 16 -25.5 -3 17.75 -25.5 -6.363 10 -25.5 -9 10 -25.5 -9 11.75
4 16 -25.5 6.363 2 -25.5 -6.363 2 -25.5 -6.363 10 -25.5 -3 17.75
3 16 -25.5 6.363 17.75 -25.5 6.363 2 -25.5 -3 17.75
2 24 -22.5 -9 10 -22.5 -9 10.25
4 16 -22.5 -6.3635 10 -22.5 -3 16.25 -22.5 -9 10.25 -22.5 -9 10
4 16 -22.5 6.363 2 -22.5 -3 16.25 -22.5 -6.3635 10 -22.5 -6.363 2
3 16 -22.5 6.363 2 -22.5 6.363 16.25 -22.5 -3 16.25
2 24 -22.5 -3 -16.25 -22.5 6.363 -16.25
2 24 -25.5 -3 -17.75 -25.5 6.363 -17.75
4 16 -22.5 6.363 -16.25 -22.5 -3 -16.25 -25.5 -3 -17.75 -25.5 6.363 -17.75
2 24 -22.5 -3 16.25 -22.5 6.363 16.25
2 24 -25.5 -3 17.75 -25.5 6.363 17.75
4 16 -25.5 6.363 17.75 -25.5 -3 17.75 -22.5 -3 16.25 -22.5 6.363 16.25
1 16 -14.5 -6.75 -10 0 1 0 0 0 -2.25 -2.25 0 0 1-4edge.dat
1 16 -14.5 -6.75 -10 0 -1 0 0 0 -2.25 -2.25 0 0 1-4chrd.dat
1 16 -17.5 -6.75 -11.5 0 1 0 0 0 -2.25 -2.25 0 0 1-4edge.dat
1 16 -17.5 -6.75 -11.5 0 1 0 0 0 -2.25 -2.25 0 0 1-4chrd.dat
1 16 -17.5 -6.75 -11.5 0 3 0 0 0 -2.25 -2.25 1.5 0 1-4cyli.dat
2 24 -14.5 -6.75 -12.25 -14.5 6.363 -12.25
2 24 -17.5 -6.75 -13.75 -17.5 6.363 -13.75
4 16 -14.5 6.363 -12.25 -14.5 -6.75 -12.25 -17.5 -6.75 -13.75 -17.5 6.363 -13.75
2 24 -17.5 -9 -10 -17.5 -9 -11.5
4 16 -17.5 -9 -11.5 -17.5 -9 -10 -17.5 -6.363 -10 -17.5 -6.75 -13.75
4 16 -17.5 6.363 -13.75 -17.5 -6.363 -10 -17.5 -6.363 -2 -17.5 6.363 -2
3 16 -17.5 -6.75 -13.75 -17.5 -6.363 -10 -17.5 6.363 -13.75
4 16 -14.5 -9 -10 -14.5 -6.75 -12.25 -14.5 6.363 -12.25 -14.5005 -6.363 -10
4 16 -14.5005 -6.363 -2 -14.5005 -6.363 -10 -14.5 6.363 -12.25 -14.5 6.363 -2
1 16 -14.5 -6.75 10 0 1 0 0 0 -2.25 2.25 0 0 1-4edge.dat
1 16 -14.5 -6.75 10 0 -1 0 0 0 -2.25 2.25 0 0 1-4chrd.dat
1 16 -17.5 -6.75 11.5 0 1 0 0 0 -2.25 2.25 0 0 1-4edge.dat
1 16 -17.5 -6.75 11.5 0 1 0 0 0 -2.25 2.25 0 0 1-4chrd.dat
1 16 -14.5 -6.75 10 0 -3 0 0 0 -2.25 2.25 1.5 0 1-4cyli.dat
2 24 -14.5 -6.75 12.25 -14.5 6.363 12.25
2 24 -17.5 -6.75 13.75 -17.5 6.363 13.75
4 16 -17.5 6.363 13.75 -17.5 -6.75 13.75 -14.5 -6.75 12.25 -14.5 6.363 12.25
2 24 -17.5 -9 10 -17.5 -9 11.5
4 16 -17.5 -6.75 13.75 -17.5 -6.3635 10 -17.5 -9 10 -17.5 -9 11.5
4 16 -17.5 6.363 2 -17.5 -6.363 2 -17.5 -6.3635 10 -17.5 6.363 13.75
3 16 -17.5 6.363 13.75 -17.5 -6.3635 10 -17.5 -6.75 13.75
4 16 -14.4995 -6.363 10 -14.5 6.363 12.25 -14.5 -6.75 12.25 -14.5 -9 10
4 16 -14.5 6.363 2 -14.5 6.363 12.25 -14.4995 -6.363 10 -14.4995 -6.363 2
2 24 -4.568 -9 -10 3.7952 -36.3024 -10
2 24 -4.568 -9 10 3.7952 -36.3024 10
4 16 -4.568 -9 -10 -4.568 -9 10 3.7952 -36.3024 10 3.7952 -36.3024 -10
2 24 -.594 -22 -1.5 -4.568 -9 -1.5
2 24 -.594 -22 1.5 -4.568 -9 1.5
2 24 -.594 -22 1.5 0 -22 1.5
2 24 -.594 -22 -1.5 0 -22 -1.5
2 24 -.594 -22 -2 0 -22 -2
2 24 -.594 -22 2 0 -22 2
2 24 -.594 -22 2 .018 -24 2
2 24 -.594 -22 -2 .018 -24 -2
4 16 0 -22 -1.5 -.594 -22 -1.5 -4.568 -9 -1.5 0 -9 -1.5
4 16 0 -9 1.5 -4.568 -9 1.5 -.594 -22 1.5 0 -22 1.5
3 16 -.594 -22 -2 0 -22 -2 0 -24 -2
3 16 0 -24 2 0 -22 2 -.594 -22 2
2 24 -.594 -22 2 -.594 -22 1.5
2 24 -.594 -22 -2 -.594 -22 -1.5
4 16 0 -22 2 0 -22 1.5 -.594 -22 1.5 -.594 -22 2
4 16 -.594 -22 -2 -.594 -22 -1.5 0 -22 -1.5 0 -22 -2
3 16 -4.568 -9 -10 -6.9514 -11.4692 -10 -6.647 -9 -10
3 16 -6.647 -9 10 -6.9514 -11.4692 10 -4.568 -9 10
1 16 -2.284 -9 5.75 0 0 -2.284 0 1 0 4.25 0 0 rect3.dat
1 16 -2.284 -9 -5.75 0 0 -2.284 0 1 0 4.25 0 0 rect3.dat
1 16 0 0 -10 0 0 9 -9 0 0 0 8.5 0 3-8cyli.dat
1 16 0 0 10 0 0 9 -9 0 0 0 -8.5 0 3-8cyli.dat
1 16 0 0 10 0 0 9 -9 0 0 0 1 0 3-8edge.dat
1 16 0 0 1.5 0 0 9 -9 0 0 0 1 0 3-8edge.dat
1 16 0 0 -1.5 0 0 9 -9 0 0 0 1 0 3-8edge.dat
1 16 0 0 -10 0 0 9 -9 0 0 0 1 0 3-8edge.dat
1 16 -10.647 -13 -10 0 0 4 4 0 0 0 1 0 3-16edge.dat
1 16 -10.647 -13 10 0 0 4 4 0 0 0 1 0 3-16edge.dat
1 16 -10.647 -13 -10 0 0 4 4 0 0 0 1 0 3-16ndis.dat
1 16 -10.647 -13 10 0 0 4 4 0 0 0 -1 0 3-16ndis.dat
0 BFC INVERTNEXT
1 16 -10.647 -13 10 0 0 4 4 0 0 0 -20 0 3-16cyli.dat
1 16 0 0 -2 0 0 2 -2 0 0 0 1 0 48\1-4ring11.dat
1 16 0 0 2 0 0 2 -2 0 0 0 -1 0 48\1-4ring11.dat
1 16 0 0 -1.5 0 0 9 -9 0 0 0 1 0 1-4ring1.dat
1 16 0 0 1.5 0 0 9 -9 0 0 0 -1 0 1-4ring1.dat
1 16 0 0 -1.5 0 0 4.5 -4.5 0 0 0 1 0 1-4ring4.dat
1 16 0 0 1.5 0 0 4.5 -4.5 0 0 0 -1 0 1-4ring4.dat
1 16 0 0 0 0 0 24 -24 0 0 0 24 0 48\tm04o0833.dat
1 16 0 0 0 0 0 24 -24 0 0 0 -24 0 48\tm04o0833.dat
1 16 24 6.363 0 0 0 2 0 -1 0 -2 0 0 2-4edge.dat
1 16 24 6.363 0 0 0 2 0 -6.363 0 -2 0 0 2-4cyli.dat
2 24 22 6.363 -2 24 6.363 -2
2 24 22 6.363 2 24 6.363 2
2 24 22 6.363 2 22 6.363 1.5
2 24 22 6.363 -2 22 6.363 -1.5
2 24 22 0 -1.5 22 6.363 -1.5
2 24 22 0 1.5 22 6.363 1.5
2 24 22 0 2 22 6.363 2
2 24 22 0 -2 22 6.363 -2
4 16 22 0 1.5 22 0 2 22 6.363 2 22 6.363 1.5
4 16 22 6.363 -1.5 22 6.363 -2 22 0 -2 22 0 -1.5
4 16 22 0 -2 22 6.363 -2 24 6.363 -2 24 0 -2
4 16 24 0 2 24 6.363 2 22 6.363 2 22 0 2
4 16 22 0 -1.5 9 0 -1.5 6.3639 6.3639 -1.5 22 6.363 -1.5
4 16 22 6.363 1.5 6.3639 6.3639 1.5 9 0 1.5 22 0 1.5
2 24 6.3639 6.3639 -1.5 22 6.363 -1.5
2 24 6.3639 6.3639 1.5 22 6.363 1.5
0 BFC INVERTNEXT
1 16 0 0 -2 0 0 22 -22 0 0 0 .5 0 48\1-4cylo.dat
0 BFC INVERTNEXT
1 16 0 0 2 0 0 22 -22 0 0 0 -.5 0 48\1-4cylo.dat
1 16 .018 -24 0 0 -1 .59 0 0 -1.9 -2 0 0 2-4edge.dat

1 16 5.643 -35.537 -10 0 0 -2 -2 0 0 0 1 0 3-16edge.dat
1 16 5.643 -35.537 10 0 0 -2 -2 0 0 0 1 0 3-16edge.dat
1 16 5.643 -35.537 10 0 0 -2 -2 0 0 0 -1 0 3-16ndis.dat
1 16 5.643 -35.537 -10 0 0 -2 -2 0 0 0 1 0 3-16ndis.dat
4 16 5.64070708 -39.53163508 -10 3.183 -39.79 -10 3.643 -37.537 -10 5.643 -37.537 -10
4 16 5.643 -37.537 10 3.643 -37.537 10 3.183 -39.79 10 5.64070708 -39.53163508 10
4 16 3.7952 -36.3024 -10 3.643 -37.537 -10 3.183 -39.79 -10 1.3352 -38.5554 -10
4 16 1.3352 -38.5554 10 3.183 -39.79 10 3.643 -37.537 10 3.7952 -36.3024 10
4 16 -4.568 -9 -10 3.7952 -36.3024 -10 1.3352 -38.5554 -10 -6.9514 -11.4692 -10
4 16 -6.9514 -11.4692 10 1.3352 -38.5554 10 3.7952 -36.3024 10 -4.568 -9 10
0 BFC INVERTNEXT
1 16 5.643 -35.537 10 0 0 -2 -2 0 0 0 -20 0 3-16cyli.dat
2 24 9.8344 -36.7042 -10 5.643 -37.537 -10
2 24 9.8344 -36.7042 10 5.643 -37.537 10
4 16 9.8344 -36.7042 -10 5.643 -37.537 -10 5.643 -37.537 10 9.8344 -36.7042 10
1 16 3.183 -37.79 -10 0 0 -2 -2 0 0 0 1 0 3-16edge.dat
1 16 3.183 -37.79 -3 0 0 -2 -2 0 0 0 1 0 3-16edge.dat
1 16 3.183 -37.79 3 0 0 -2 -2 0 0 0 1 0 3-16edge.dat
1 16 3.183 -37.79 10 0 0 -2 -2 0 0 0 1 0 3-16edge.dat
1 16 3.183 -37.79 -10 0 0 -2 -2 0 0 0 7 0 3-16cyli.dat
1 16 3.183 -37.79 10 0 0 -2 -2 0 0 0 -7 0 3-16cyli.dat
1 16 3.183 -37.79 -10 0 0 -2 -2 0 0 0 1 0 3-16chrd.dat
1 16 3.183 -37.79 10 0 0 -2 -2 0 0 0 -1 0 3-16chrd.dat
2 24 5.64070708 -39.53163508 -10 3.183 -39.79 -10
2 24 5.640554 -39.53013 -3 3.183 -39.79 -3
2 24 5.640554 -39.53013 3 3.183 -39.79 3
2 24 5.64070708 -39.53163508 10 3.183 -39.79 10
4 16 5.640554 -39.53013 -3 3.183 -39.79 -3 3.183 -39.79 -10 5.64070708 -39.53163508 -10
4 16 5.64070708 -39.53163508 10 3.183 -39.79 10 3.183 -39.79 3 5.640554 -39.53013 3
4 16 5.657724 -40.569824 -3 3.483 -40.77 -3 3.183 -39.79 -3 5.640554 -39.53013 -3
4 16 5.640554 -39.53013 3 3.183 -39.79 3 3.483 -40.77 3 5.657724 -40.569824 3
4 16 1.3352 -38.5554 -3 3.183 -39.79 -3 3.483 -40.77 -3 1.6352 -39.5354 -3
4 16 1.6352 -39.5354 3 3.483 -40.77 3 3.183 -39.79 3 1.3352 -38.5554 3
1 16 3.483 -38.77 -3 0 0 -2 -2 0 0 0 1 0 3-16edge.dat
1 16 3.483 -38.77 3 0 0 -2 -2 0 0 0 1 0 3-16edge.dat
1 16 3.483 -38.77 3 0 0 -2 -2 0 0 0 -6 0 3-16cyli.dat
1 16 3.483 -38.77 -3 0 0 -2 -2 0 0 0 1 0 3-16chrd.dat
1 16 3.483 -38.77 3 0 0 -2 -2 0 0 0 -1 0 3-16chrd.dat
2 24 5.657724 -40.569824 -3 3.483 -40.77 -3
2 24 5.657724 -40.569824 3 3.483 -40.77 3
4 16 5.657724 -40.569824 3 3.483 -40.77 3 3.483 -40.77 -3 5.657724 -40.569824 -3
2 24 -6.9514 -11.4692 -10 1.3352 -38.5554 -10
2 24 -6.9514 -11.4692 10 1.3352 -38.5554 10
4 16 -6.9514 -11.4692 -10 1.3352 -38.5554 -10 1.3352 -38.5554 10 -6.9514 -11.4692 10
2 24 1.6352 -39.5354 3 1.3352 -38.5554 3
2 24 1.6352 -39.5354 -3 1.3352 -38.5554 -3
4 16 1.6352 -39.5354 3 1.3352 -38.5554 3 1.3352 -38.5554 -3 1.6352 -39.5354 -3
5 24 9.8344 -36.7042 10 9.8344 -36.7042 -10 14.5426 -35.1082 10 5.643 -37.537 10
5 24 3.183 -39.79 -10 3.183 -39.79 -3 2.4176 -39.6378 -10 5.6402704 -39.5308486 -10
5 24 3.483 -40.77 -3 3.483 -40.77 3 2.7176 -40.6178 -3 5.6577 -40.5698 -3
5 24 3.183 -39.79 10 3.183 -39.79 3 2.4176 -39.6378 10 5.6402704 -39.5308486 10
5 24 1.3352 -38.5554 10 1.3352 -38.5554 -10 1.7688 -39.2042 10 -6.9514 -11.4692 10
5 24 1.6352 -39.5354 -3 1.6352 -39.5354 3 2.0688 -40.1842 3 1.3352 -38.5554 3
