0 Technic Tooth  1 x  3 with Axlehole
0 Name: 41669.dat
0 Author: Guy Vivan [guyvivan]
0 !LDRAW_ORG Part UPDATE 2022-03
0 !LICENSE Redistributable under CCAL version 2.0 : see CAreadme.txt

0 BFC CERTIFY CCW

0 !HISTORY 2010-04-05 [PTadmin] Official Update 2010-01
0 !HISTORY 2022-02-01 [MagFors] Reworked axlehole, edge and conditional lines
0 !HISTORY 2022-05-07 [PTadmin] Official Update 2022-03

1 16 0 -10 0 -9 0 0 0 1 0 0 0 9 2-4edge.dat
2 24 0 -10 -9 -3.44215 -10 -8.31255
2 24 -3.44215 -10 -8.31255 -6.36195 -10 -6.36195
2 24 -6.36195 -10 -6.36195 -8.31255 -10 -3.44215
2 24 -8.31255 -10 -3.44215 -9 -10 0
2 24 9 -10 0 8.31255 -10 -3.44215
2 24 8.31255 -10 -3.44215 6.36195 -10 -6.36195
2 24 6.36195 -10 -6.36195 3.44215 -10 -8.31255
2 24 3.44215 -10 -8.31255 0 -10 -9
1 16 0 10 0 -9 0 0 0 1 0 0 0 9 2-4edge.dat
1 16 0 10 0 -3 0 0 0 -1 0 0 0 3 2-4ring2.dat
1 16 0 10 0 -6 0 0 0 -1 0 0 0 -6 1-4tang.dat
1 16 0 10 0 6 0 0 0 -1 0 0 0 -6 1-4tang.dat
4 16 6 10 -1.1934 6 10 0 9 10 0 8.87 10 -6.94
4 16 5.8088 10 -6.7281 3.444 10 -8.315 3.399 10 -5.0868 5.0868 10 -3.399
4 16 6 10 -1.1934 8.87 10 -6.94 5.8088 10 -6.7281 5.0868 10 -3.399
4 16 1.1934 10 -6 3.399 10 -5.0868 3.444 10 -8.315 0 10 -9
4 16 -9 10 0 -6 10 0 -6 10 -1.1934 -8.87 10 -6.94
4 16 -3.444 10 -8.315 -5.8119 10 -6.7328 -5.0868 10 -3.399 -3.399 10 -5.0868
4 16 -6 10 -1.1934 -5.0868 10 -3.399 -5.8119 10 -6.7328 -8.87 10 -6.94
4 16 -3.444 10 -8.315 -3.399 10 -5.0868 -1.1934 10 -6 0 10 -9
3 16 -1.1934 10 -6 1.1934 10 -6 0 10 -9
1 16 0 -10 0 -3 0 0 0 1 0 0 0 3 2-4ring2.dat
1 16 0 -10 0 -6 0 0 0 1 0 0 0 -6 1-4tang.dat
1 16 0 -10 0 6 0 0 0 1 0 0 0 -6 1-4tang.dat
4 16 9 -10 0 6 -10 0 6 -10 -1.1934 8.31255 -10 -3.44215
4 16 8.31255 -10 -3.44215 6 -10 -1.1934 5.0868 -10 -3.399 6.36195 -10 -6.36195
4 16 6.36195 -10 -6.36195 5.0868 -10 -3.399 3.399 -10 -5.0868 3.44215 -10 -8.31255
4 16 3.44215 -10 -8.31255 3.399 -10 -5.0868 1.1934 -10 -6 0 -10 -9
4 16 -6 -10 -1.1934 -6 -10 0 -9 -10 0 -8.31255 -10 -3.44215
4 16 -5.0868 -10 -3.399 -6 -10 -1.1934 -8.31255 -10 -3.44215 -6.36195 -10 -6.36195
4 16 -5.0868 -10 -3.399 -6.36195 -10 -6.36195 -3.44215 -10 -8.31255 -3.399 -10 -5.0868
4 16 -1.1934 -10 -6 -3.399 -10 -5.0868 -3.44215 -10 -8.31255 0 -10 -9
3 16 1.1934 -10 -6 -1.1934 -10 -6 0 -10 -9
1 16 0 10 0 0 0 -6 0 1 0 -6 0 0 4-4edge.dat
1 16 0 -10 0 0 0 -6 0 1 0 -6 0 0 4-4edge.dat
1 16 0 -10 0 -9 0 0 0 20 0 0 0 9 2-4cyli.dat
0 BFC INVERTNEXT
1 16 0 -10 0 0 0 -6 0 2 0 -6 0 0 4-4cyli.dat
0 BFC INVERTNEXT
1 16 0 10 0 0 0 6 0 -2 0 -6 0 0 4-4cyli.dat

1 16 0 -8 0 0 0 -1 0 1 0 -1 0 0 axl2hol9.dat
1 16 0 8 0 0 0 -1 0 1 0 -1 0 0 axl2hol9.dat
1 16 0 -8 0 0 0 -1 0 16 0 -1 0 0 axl2hol8.dat
1 16 0 -8 0 0 0 -1 0 1 0 -1 0 0 axl2ho10.dat
1 16 0 8 0 0 0 -1 0 -1 0 -1 0 0 axl2ho10.dat
1 16 0 -8 0 0 0 -1 0 1 0 -1 0 0 axl2hol3.dat
1 16 0 8 0 0 0 -1 0 1 0 -1 0 0 axl2hol3.dat

2 24 3 10 -48 -3 10 -48
2 24 3 10 -48 2.19 7.08 -48
2 24 0 5 -48 2.19 7.08 -48
2 24 -3 10 -48 -2.19 7.08 -48
2 24 0 5 -48 -2.19 7.08 -48
3 16 2.19 7.08 -48 0 5 -48 -2.19 7.08 -48
4 16 3 10 -48 2.19 7.08 -48 -2.19 7.08 -48 -3 10 -48
2 24 0 -10 -9 0 -9.77 -14.05
2 24 0 -9.77 -14.05 0 -9.11 -19.07
2 24 0 -9.11 -19.07 0 -8.02 -24.01
2 24 0 -8.02 -24.01 0 -6.5 -28.83
2 24 0 -6.5 -28.83 0 -4.56 -33.51
2 24 0 -4.56 -33.51 0 -2.22 -38
2 24 0 -2.22 -38 0 0.48 -42.26
2 24 0 .48 -42.26 0 3.56 -46.28
2 24 0 3.56 -46.28 0 5 -48
2 24 0 -3 -9 0 -2.83 -12.74
2 24 0 -2.83 -12.74 0 -2.34 -16.46
2 24 0 -2.34 -16.46 0 -1.53 -20.12
2 24 0 -1.53 -20.12 0 -0.4 -23.7
2 24 0 -0.4 -23.7 0 1.02 -27.17
2 24 0 1.02 -27.17 0 2.76 -30.5
2 24 0 2.76 -30.5 0 4.77 -33.66
2 24 0 4.77 -33.66 0 7.06 -36.63
2 24 0 7.06 -36.63 0 10 -40
2 24 -9 10 0 -8.87 10 -6.94
2 24 -8.87 10 -6.94 -8.51 10 -13.88
2 24 -8.51 10 -13.88 -7.9 10 -20.8
2 24 -7.9 10 -20.8 -7.06 10 -27.6925
2 24 -7.06 10 -27.6925 -5.97 10 -34.55
2 24 -5.97 10 -34.55 -4.65 10 -41.37
2 24 -4.65 10 -41.37 -3 10 -48
2 24 9 10 0 8.87 10 -6.94
2 24 8.87 10 -6.94 8.51 10 -13.88
2 24 8.51 10 -13.88 7.9 10 -20.8
2 24 7.9 10 -20.8 7.06 10 -27.69
2 24 7.06 10 -27.69 5.97 10 -34.55
2 24 5.97 10 -34.55 4.65 10 -41.37
2 24 4.65 10 -41.37 3 10 -48
2 24 -5.8119 10 -6.7328 -5.66 10 -9.48
2 24 -5.66 10 -9.48 -5.25 10 -14.21
2 24 -5.25 10 -14.21 -4.67 10 -18.92
2 24 -4.67 10 -18.92 -3.93 10 -23.61
2 24 -3.93 10 -23.61 -3.02 10 -28.27
2 24 -3.02 10 -28.27 -1.96 10 -32.9
2 24 -1.96 10 -32.9 -.7305 10 -37.48
2 24 -.7305 10 -37.48 0 10 -40
2 24 5.8088 10 -6.7281 5.66 10 -9.48
2 24 5.66 10 -9.48 5.25 10 -14.21
2 24 5.25 10 -14.21 4.67 10 -18.92
2 24 4.67 10 -18.92 3.93 10 -23.61
2 24 3.93 10 -23.61 3.02 10 -28.27
2 24 3.02 10 -28.27 1.96 10 -32.9
2 24 1.96 10 -32.9 0.73 10 -37.48
2 24 .73 10 -37.48 0 10 -40
2 24 3.44 -5.8 -8.31 0 -10 -9
2 24 6.36 -0.95 -6.36 3.44 -5.8 -8.31
2 24 8.31 4.39 -3.44 6.36 -0.95 -6.36
2 24 9 10 0 8.31 4.39 -3.44
2 24 -3.44 -5.8 -8.31 0 -10 -9
2 24 -6.36 -0.95 -6.36 -3.44 -5.8 -8.31
2 24 -8.31 4.39 -3.44 -6.36 -0.95 -6.36
2 24 -9 10 0 -8.31 4.39 -3.44
2 24 -3.444 10 -8.315 -5.8119 10 -6.7328
2 24 0 10 -9 -3.444 10 -8.315
2 24 3.444 10 -8.315 0 10 -9
2 24 5.8088 10 -6.7281 3.444 10 -8.315
2 24 3.444 4.7 -8.315 0 -3 -9
2 24 5.8088 10 -6.7281 3.444 4.7 -8.315
2 24 -3.444 4.7 -8.315 0 -3 -9
2 24 -5.8119 10 -6.7328 -3.444 4.7 -8.315
4 16 -9 10 0 -8.31 4.39 -3.44 -8.31255 -10 -3.44215 -9 -10 0
4 16 -8.31 4.39 -3.44 -6.36 -.95 -6.36 -6.36195 -10 -6.36195 -8.31255 -10 -3.44215
4 16 -6.36 -.95 -6.36 -3.44 -5.8 -8.31 -3.44215 -10 -8.31255 -6.36195 -10 -6.36195
3 16 -3.44 -5.8 -8.31 0 -10 -9 -3.44215 -10 -8.31255
4 16 8.31 4.39 -3.44 9 10 0 9 -10 0 8.31255 -10 -3.44215
4 16 6.36 -.95 -6.36 8.31 4.39 -3.44 8.31255 -10 -3.44215 6.36195 -10 -6.36195
4 16 3.44 -5.8 -8.31 6.36 -.95 -6.36 6.36195 -10 -6.36195 3.44215 -10 -8.31255
3 16 3.44 -5.8 -8.31 3.44215 -10 -8.31255 0 -10 -9
4 16 0 -3 -9 -3.444 4.7 -8.315 -3.444 10 -8.315 0 10 -9
3 16 -5.8119 10 -6.7328 -3.444 10 -8.315 -3.444 4.7 -8.315
4 16 3.444 4.7 -8.315 0 -3 -9 0 10 -9 3.444 10 -8.315
3 16 5.8088 10 -6.7281 3.444 4.7 -8.315 3.444 10 -8.315
4 16 5.8088 10 -6.7281 8.87 10 -6.94 8.51 10 -13.88 5.66 10 -9.48
4 16 -8.87 10 -6.94 -5.8119 10 -6.7328 -5.66 10 -9.48 -8.51 10 -13.88
3 16 5.66 10 -9.48 8.51 10 -13.88 5.25 10 -14.21
3 16 -8.51 10 -13.88 -5.66 10 -9.48 -5.25 10 -14.21
4 16 5.25 10 -14.21 8.51 10 -13.88 7.9 10 -20.8 4.67 10 -18.92
4 16 -8.51 10 -13.88 -5.25 10 -14.21 -4.67 10 -18.92 -7.9 10 -20.8
4 16 4.67 10 -18.92 7.9 10 -20.8 7.06 10 -27.69 3.93 10 -23.61
4 16 -7.9 10 -20.8 -4.67 10 -18.92 -3.93 10 -23.61 -7.06 10 -27.6925
4 16 3.93 10 -23.61 7.06 10 -27.69 5.97 10 -34.55 3.02 10 -28.27
4 16 -7.06 10 -27.6925 -3.93 10 -23.61 -3.02 10 -28.27 -5.97 10 -34.55
3 16 3.02 10 -28.27 5.97 10 -34.55 1.96 10 -32.9
3 16 -3.02 10 -28.27 -1.96 10 -32.9 -5.97 10 -34.55
4 16 1.96 10 -32.9 5.97 10 -34.55 4.65 10 -41.37 0.73 10 -37.48
4 16 -5.97 10 -34.55 -1.96 10 -32.9 -.7305 10 -37.48 -4.65 10 -41.37
3 16 0 10 -40 .73 10 -37.48 4.65 10 -41.37
3 16 -.7305 10 -37.48 0 10 -40 -4.65 10 -41.37
4 16 -4.65 10 -41.37 4.65 10 -41.37 3 10 -48 -3 10 -48
3 16 -4.65 10 -41.37 0 10 -40 4.65 10 -41.37
3 16 5.8088 10 -6.7281 5.66 10 -9.48 3.444 4.7 -8.315
3 16 -5.66 10 -9.48 -5.8119 10 -6.7328 -3.444 4.7 -8.315
4 16 0 -3 -9 3.444 4.7 -8.315 5.66 10 -9.48 5.25 10 -14.21
4 16 0 -3 -9 -5.25 10 -14.21 -5.66 10 -9.48 -3.444 4.7 -8.315
3 16 0 -2.83 -12.74 0 -3 -9 5.25 10 -14.21
3 16 0 -3 -9 0 -2.83 -12.74 -5.25 10 -14.21
3 16 0 -2.34 -16.46 0 -2.83 -12.74 5.25 10 -14.21
3 16 0 -2.83 -12.74 0 -2.34 -16.46 -5.25 10 -14.21
3 16 0 -2.34 -16.46 5.25 10 -14.21 4.67 10 -18.92
3 16 0 -2.34 -16.46 -4.67 10 -18.92 -5.25 10 -14.21
3 16 0 -2.34 -16.46 4.67 10 -18.92 0 -1.53 -20.12
3 16 0 -1.53 -20.12 -4.67 10 -18.92 0 -2.34 -16.46
3 16 4.67 10 -18.92 3.93 10 -23.61 0 -1.53 -20.12
3 16 -3.93 10 -23.61 -4.67 10 -18.92 0 -1.53 -20.12
3 16 3.93 10 -23.61 0 -0.4 -23.7 0 -1.53 -20.12
3 16 -3.93 10 -23.61 0 -1.53 -20.12 0 -0.4 -23.7
3 16 3.02 10 -28.27 0 -0.4 -23.7 3.93 10 -23.61
3 16 -3.93 10 -23.61 0 -0.4 -23.7 -3.02 10 -28.27
3 16 0 1.02 -27.17 0 -0.4 -23.7 3.02 10 -28.27
3 16 0 -0.4 -23.7 0 1.02 -27.17 -3.02 10 -28.27
3 16 0 2.76 -30.5 0 1.02 -27.17 3.02 10 -28.27
3 16 0 1.02 -27.17 0 2.76 -30.5 -3.02 10 -28.27
3 16 1.96 10 -32.9 0 2.76 -30.5 3.02 10 -28.27
3 16 -3.02 10 -28.27 0 2.76 -30.5 -1.96 10 -32.9
3 16 1.96 10 -32.9 0 4.77 -33.66 0 2.76 -30.5
3 16 -1.96 10 -32.9 0 2.76 -30.5 0 4.77 -33.66
3 16 1.96 10 -32.9 0.73 10 -37.48 0 4.77 -33.66
3 16 -.7305 10 -37.48 -1.96 10 -32.9 0 4.77 -33.66
3 16 0 4.77 -33.66 0.73 10 -37.48 0 7.06 -36.63
3 16 0 7.06 -36.63 -.7305 10 -37.48 0 4.77 -33.66
3 16 0 7.06 -36.63 .73 10 -37.48 0 10 -40
3 16 0 7.06 -36.63 0 10 -40 -.7305 10 -37.48
3 16 8.87 10 -6.94 9 10 0 8.31 4.39 -3.44
5 24 8.87 10 -6.94 8.31 4.39 -3.44 9 10 0 8.09 4.64 -12.64
5 24 -8.87 10 -6.94 -8.31 4.39 -3.44 -9 10 0 -8.09 4.64 -12.64
3 16 8.09 4.64 -12.64 8.87 10 -6.94 8.31 4.39 -3.44
5 24 8.09 4.64 -12.64 8.87 10 -6.94 8.31 4.39 -3.44 8.51 10 -13.88
5 24 -8.09 4.64 -12.64 -8.87 10 -6.94 -8.31 4.39 -3.44 -8.51 10 -13.88
3 16 8.87 10 -6.94 8.09 4.64 -12.64 8.51 10 -13.88
5 24 8.09 4.64 -12.64 8.51 10 -13.88 8.87 10 -6.94 7.9 10 -20.8
5 24 -8.09 4.64 -12.64 -8.51 10 -13.88 -8.87 10 -6.94 -7.9 10 -20.8
3 16 8.09 4.64 -12.64 7.41 5.38 -21.82 8.51 10 -13.88
3 16 7.41 5.38 -21.82 7.9 10 -20.8 8.51 10 -13.88
5 24 7.41 5.38 -21.82 8.51 10 -13.88 7.9 10 -20.8 8.09 4.64 -12.64
5 24 -7.41 5.38 -21.82 -8.51 10 -13.88 -7.9 10 -20.8 -8.09 4.64 -12.64
3 16 7.9 10 -20.8 7.41 5.38 -21.82 7.06 10 -27.69
5 24 7.41 5.38 -21.82 7.06 10 -27.69 7.9 10 -20.8 6.29 6.62 -30.95
5 24 -7.41 5.38 -21.82 -7.06 10 -27.6925 -7.9 10 -20.8 -6.29 6.62 -30.95
5 24 7.9 10 -20.8 7.41 5.38 -21.82 7.06 10 -27.69 8.09 4.64 -12.64
5 24 -7.9 10 -20.8 -7.41 5.38 -21.82 -7.06 10 -27.6925 -8.09 4.64 -12.64
3 16 7.41 5.38 -21.82 6.29 6.62 -30.95 7.06 10 -27.69
5 24 6.29 6.62 -30.95 7.06 10 -27.69 7.41 5.38 -21.82 5.97 10 -34.55
5 24 -6.29 6.62 -30.95 -7.06 10 -27.6925 -7.41 5.38 -21.82 -5.97 10 -34.55
3 16 6.29 6.62 -30.95 5.97 10 -34.55 7.06 10 -27.69
5 24 6.29 6.62 -30.95 5.97 10 -34.55 7.06 10 -27.69 4.72 8.2 -40.02
5 24 -6.29 6.62 -30.95 -5.97 10 -34.55 -7.06 10 -27.6925 -4.72 8.2 -40.02
3 16 5.97 10 -34.55 6.29 6.62 -30.95 4.72 8.2 -40.02
5 24 5.97 10 -34.55 4.72 8.2 -40.02 6.29 6.62 -30.95 4.65 10 -41.37
5 24 -5.97 10 -34.55 -4.72 8.2 -40.02 -6.29 6.62 -30.95 -4.65 10 -41.37
3 16 4.65 10 -41.37 5.97 10 -34.55 4.72 8.2 -40.02
3 16 3 10 -48 4.65 10 -41.37 4.72 8.2 -40.02
5 24 4.65 10 -41.37 4.72 8.2 -40.02 3 10 -48 6.29 6.62 -30.95
5 24 -4.65 10 -41.37 -4.72 8.2 -40.02 -3 10 -48 -6.29 6.62 -30.95
3 16 -9 10 0 -8.87 10 -6.94 -8.31 4.39 -3.44
3 16 -8.87 10 -6.94 -8.09 4.64 -12.64 -8.31 4.39 -3.44
3 16 -8.09 4.64 -12.64 -8.87 10 -6.94 -8.51 10 -13.88
3 16 -8.09 4.64 -12.64 -8.51 10 -13.88 -7.41 5.38 -21.82
3 16 -7.9 10 -20.8 -7.41 5.38 -21.82 -8.51 10 -13.88
3 16 -7.41 5.38 -21.82 -7.9 10 -20.8 -7.06 10 -27.6925
3 16 -6.29 6.62 -30.95 -7.41 5.38 -21.82 -7.06 10 -27.6925
3 16 -6.29 6.62 -30.95 -7.06 10 -27.6925 -5.97 10 -34.55
3 16 -6.29 6.62 -30.95 -5.97 10 -34.55 -4.72 8.2 -40.02
3 16 -5.97 10 -34.55 -4.65 10 -41.37 -4.72 8.2 -40.02
3 16 -4.65 10 -41.37 -3 10 -48 -4.72 8.2 -40.02
3 16 8.09 4.64 -12.64 8.31 4.39 -3.44 6.36 -0.95 -6.36
5 24 8.09 4.64 -12.64 6.36 -0.95 -6.36 8.31 4.39 -3.44 6.36 -0.69 -14.55
5 24 -8.09 4.64 -12.64 -6.36 -0.95 -6.36 -8.31 4.39 -3.44 -6.36 -0.69 -14.55
3 16 6.36 -0.69 -14.55 8.09 4.64 -12.64 6.36 -0.95 -6.36
5 24 8.09 4.64 -12.64 6.36 -0.69 -14.55 6.36 -0.95 -6.36 7.41 5.38 -21.82
5 24 -8.09 4.64 -12.64 -6.36 -0.69 -14.55 -6.36 -0.95 -6.36 -7.41 5.38 -21.82
3 16 8.09 4.64 -12.64 6.36 -0.69 -14.55 7.41 5.38 -21.82
5 24 6.36 -0.69 -14.55 7.41 5.38 -21.82 8.09 4.64 -12.64 5.74 0.16 -22.73
5 24 -6.36 -0.69 -14.55 -7.41 5.38 -21.82 -8.09 4.64 -12.64 -5.74 0.16 -22.73
3 16 6.36 -0.69 -14.55 5.74 0.16 -22.73 7.41 5.38 -21.82
3 16 5.74 0.16 -22.73 6.29 6.62 -30.95 7.41 5.38 -21.82
5 24 5.74 0.16 -22.73 6.29 6.62 -30.95 7.41 5.38 -21.82 4.96 1.7 -30.89
5 24 -5.74 0.16 -22.73 -6.29 6.62 -30.95 -7.41 5.38 -21.82 -4.96 1.7 -30.89
5 24 5.74 0.16 -22.73 7.41 5.38 -21.82 6.29 6.62 -30.95 6.36 -0.69 -14.55
5 24 -5.74 0.16 -22.73 -7.41 5.38 -21.82 -6.29 6.62 -30.95 -6.36 -0.69 -14.55
3 16 6.29 6.62 -30.95 5.74 0.16 -22.73 4.96 1.7 -30.89
5 24 6.29 6.62 -30.95 4.96 1.7 -30.89 5.74 0.16 -22.73 4.72 8.2 -40.02
5 24 -6.29 6.62 -30.95 -4.96 1.7 -30.89 -5.74 0.16 -22.73 -4.72 8.2 -40.02
3 16 4.72 8.2 -40.02 6.29 6.62 -30.95 4.96 1.7 -30.89
3 16 3.88 3.9 -39.01 4.72 8.2 -40.02 4.96 1.7 -30.89
5 24 4.72 8.2 -40.02 4.96 1.7 -30.89 3.88 3.9 -39.01 6.26 6.62 -30.95
5 24 -4.72 8.2 -40.02 -4.96 1.7 -30.89 -3.88 3.9 -39.01 -6.26 6.62 -30.95
3 16 4.72 8.2 -40.02 3.88 3.9 -39.01 3 10 -48
5 24 3.88 3.9 -39.01 3 10 -48 4.72 8.2 -40.02 2.19 7.08 -48
5 24 -3.88 3.9 -39.01 -3 10 -48 -4.72 8.2 -40.02 -2.19 7.08 -48
5 24 4.72 8.2 -40.02 3.88 3.9 -39.01 3 10 -48 4.96 1.7 -30.89
5 24 -4.72 8.2 -40.02 -3.88 3.9 -39.01 -3 10 -48 -4.96 1.7 -30.89
3 16 2.19 7.08 -48 3 10 -48 3.88 3.9 -39.01
3 16 -8.31 4.39 -3.44 -8.09 4.64 -12.64 -6.36 -0.95 -6.36
3 16 -8.09 4.64 -12.64 -6.36 -0.69 -14.55 -6.36 -0.95 -6.36
3 16 -6.36 -0.69 -14.55 -8.09 4.64 -12.64 -7.41 5.38 -21.82
3 16 -5.74 0.16 -22.73 -6.36 -0.69 -14.55 -7.41 5.38 -21.82
3 16 -6.29 6.62 -30.95 -5.74 0.16 -22.73 -7.41 5.38 -21.82
3 16 -5.74 0.16 -22.73 -6.29 6.62 -30.95 -4.96 1.7 -30.89
3 16 -6.29 6.62 -30.95 -4.72 8.2 -40.02 -4.96 1.7 -30.89
3 16 -4.72 8.2 -40.02 -3.88 3.9 -39.01 -4.96 1.7 -30.89
3 16 -4.72 8.2 -40.02 -3 10 -48 -3.88 3.9 -39.01
3 16 -2.19 7.08 -48 -3.88 3.9 -39.01 -3 10 -48
3 16 6.36 -0.69 -14.55 6.36 -0.95 -6.36 3.44 -5.8 -8.31
5 24 6.36 -0.69 -14.55 3.44 -5.8 -8.31 6.36 -0.95 -6.36 3.31 -5.37 -16.44
5 24 -6.36 -0.69 -14.55 -3.44 -5.8 -8.31 -6.36 -0.95 -6.36 -3.31 -5.37 -16.44
3 16 3.31 -5.37 -16.44 6.36 -0.69 -14.55 3.44 -5.8 -8.31
5 24 6.36 -0.69 -14.55 3.31 -5.37 -16.44 3.44 -5.8 -8.31 5.74 0.16 -22.73
5 24 -6.36 -0.69 -14.55 -3.31 -5.37 -16.44 -3.44 -5.8 -8.31 -5.74 0.16 -22.73
3 16 6.36 -0.69 -14.55 3.31 -5.37 -16.44 5.74 0.16 -22.73
5 24 3.31 -5.37 -16.44 5.74 0.16 -22.73 6.36 -0.69 -14.55 2.92 -4.1 -24.05
5 24 -3.31 -5.37 -16.44 -5.74 0.16 -22.73 -6.36 -0.69 -14.55 -2.92 -4.1 -24.05
3 16 3.31 -5.37 -16.44 2.92 -4.1 -24.05 5.74 0.16 -22.73
3 16 2.92 -4.1 -24.05 4.96 1.7 -30.89 5.74 0.16 -22.73
5 24 2.92 -4.1 -24.05 4.96 1.7 -30.89 5.74 0.16 -22.73 2.27 -1.99 -32.35
5 24 -2.92 -4.1 -24.05 -4.96 1.7 -30.89 -5.74 0.16 -22.73 -2.27 -1.99 -32.35
5 24 2.92 -4.1 -24.05 5.74 0.16 -22.73 4.96 1.7 -30.89 3.31 -5.37 -16.44
5 24 -2.92 -4.1 -24.05 -5.74 0.16 -22.73 -4.96 1.7 -30.89 -3.31 -5.37 -16.44
3 16 4.96 1.7 -30.89 2.92 -4.1 -24.05 2.27 -1.99 -32.35
5 24 4.96 1.7 -30.89 2.27 -1.99 -32.35 2.92 -4.1 -24.05 3.88 3.9 -39.01
5 24 -4.96 1.7 -30.89 -2.27 -1.99 -32.35 -2.92 -4.1 -24.05 -3.88 3.9 -39.01
3 16 3.88 3.9 -39.01 4.96 1.7 -30.89 2.27 -1.99 -32.35
3 16 1.35 0.92 -39.96 3.88 3.9 -39.01 2.27 -1.99 -32.35
5 24 3.88 3.9 -39.01 2.27 -1.99 -32.35 1.35 0.92 -39.96 4.96 1.7 -30.89
5 24 -3.88 3.9 -39.01 -2.27 -1.99 -32.35 -1.35 0.92 -39.96 -4.96 1.7 -30.89
3 16 3.88 3.9 -39.01 1.35 0.92 -39.96 2.19 7.08 -48
5 24 1.35 .92 -39.96 2.19 7.08 -48 3.88 3.9 -39.01 0 .48 -42.26
5 24 -1.35 .92 -39.96 -2.19 7.08 -48 -3.88 3.9 -39.01 0 .48 -42.26
5 24 3.88 3.9 -39.01 1.35 0.92 -39.96 2.19 7.08 -48 2.27 -1.99 -32.35
5 24 -3.88 3.9 -39.01 -1.35 0.92 -39.96 -2.19 7.08 -48 -2.27 -1.99 -32.35
3 16 2.19 7.08 -48 1.35 .92 -39.96 0 .48 -42.26
3 16 -6.36 -0.95 -6.36 -6.36 -0.69 -14.55 -3.44 -5.8 -8.31
3 16 -6.36 -0.69 -14.55 -3.31 -5.37 -16.44 -3.44 -5.8 -8.31
3 16 -3.31 -5.37 -16.44 -6.36 -0.69 -14.55 -5.74 0.16 -22.73
3 16 -2.92 -4.1 -24.05 -3.31 -5.37 -16.44 -5.74 0.16 -22.73
3 16 -2.92 -4.1 -24.05 -5.74 0.16 -22.73 -4.96 1.7 -30.89
3 16 -2.92 -4.1 -24.05 -4.96 1.7 -30.89 -2.27 -1.99 -32.35
3 16 -4.96 1.7 -30.89 -3.88 3.9 -39.01 -2.27 -1.99 -32.35
3 16 -3.88 3.9 -39.01 -1.35 0.92 -39.96 -2.27 -1.99 -32.35
3 16 -1.35 0.92 -39.96 -3.88 3.9 -39.01 -2.19 7.08 -48
3 16 0 3.56 -46.28 0 .48 -42.26 -2.19 7.08 -48
3 16 0 5 -48 0 3.56 -46.28 -2.19 7.08 -48
3 16 0 -10 -9 0 -9.77 -14.05 3.44 -5.8 -8.31
5 24 0 -9.77 -14.05 3.44 -5.8 -8.31 0 -10 -9 3.31 -5.37 -16.44
5 24 0 -9.77 -14.05 -3.44 -5.8 -8.31 0 -10 -9 -3.31 -5.37 -16.44
3 16 0 -9.77 -14.05 3.31 -5.37 -16.44 3.44 -5.8 -8.31
5 24 3.31 -5.37 -16.44 0 -9.77 -14.05 3.44 -5.8 -8.31 0 -9.11 -19.07
5 24 -3.31 -5.37 -16.44 0 -9.77 -14.05 -3.44 -5.8 -8.31 0 -9.11 -19.07
3 16 3.31 -5.37 -16.44 0 -9.77 -14.05 0 -9.11 -19.07
5 24 3.31 -5.37 -16.44 0 -9.11 -19.07 0 -9.77 -14.05 2.92 -4.1 -24.05
5 24 -3.31 -5.37 -16.44 0 -9.11 -19.07 0 -9.77 -14.05 -2.92 -4.1 -24.05
3 16 3.31 -5.37 -16.44 0 -9.11 -19.07 2.92 -4.1 -24.05
5 24 0 -9.11 -19.07 2.92 -4.1 -24.05 3.31 -5.37 -16.44 0 -8.02 -24.01
5 24 0 -9.11 -19.07 -2.92 -4.1 -24.05 -3.31 -5.37 -16.44 0 -8.02 -24.01
3 16 0 -8.02 -24.01 2.92 -4.1 -24.05 0 -9.11 -19.07
3 16 0 -8.02 -24.01 0 -6.5 -28.83 2.92 -4.1 -24.05
5 24 0 -6.5 -28.83 2.92 -4.1 -24.05 0 -8.02 -24.01 2.27 -1.99 -32.35
5 24 0 -6.5 -28.83 -2.92 -4.1 -24.05 0 -8.02 -24.01 -2.27 -1.99 -32.35
5 24 0 -8.02 -24.01 2.92 -4.1 -24.05 0 -6.5 -28.83 3.31 -5.37 -16.44
5 24 0 -8.02 -24.01 -2.92 -4.1 -24.05 0 -6.5 -28.83 -3.31 -5.37 -16.44
3 16 2.27 -1.99 -32.35 2.92 -4.1 -24.05 0 -6.5 -28.83
5 24 0 -6.5 -28.83 2.27 -1.99 -32.35 2.92 -4.1 -24.05 0 -4.56 -33.51
5 24 0 -6.5 -28.83 -2.27 -1.99 -32.35 -2.92 -4.1 -24.05 0 -4.56 -33.51
3 16 0 -4.56 -33.51 2.27 -1.99 -32.35 0 -6.5 -28.83
5 24 2.27 -1.99 -32.35 0 -4.56 -33.51 0 -6.5 -28.83 1.35 0.92 -39.96
5 24 -2.27 -1.99 -32.35 0 -4.56 -33.51 0 -6.5 -28.83 -1.35 0.92 -39.96
3 16 2.27 -1.99 -32.35 0 -4.56 -33.51 0 -2.22 -38
5 24 2.27 -1.99 -32.35 0 -2.22 -38 0 -4.56 -33.51 1.35 0.92 -39.96
5 24 -2.27 -1.99 -32.35 0 -2.22 -38 0 -4.56 -33.51 -1.35 0.92 -39.96
3 16 2.27 -1.99 -32.35 0 -2.22 -38 1.35 0.92 -39.96
3 16 0 0.48 -42.26 1.35 0.92 -39.96 0 -2.22 -38
5 24 1.35 0.92 -39.96 0 -2.22 -38 0 0.48 -42.26 2.27 -1.99 -32.35
5 24 -1.35 0.92 -39.96 0 -2.22 -38 0 0.48 -42.26 -2.27 -1.99 -32.35
3 16 0 3.56 -46.28 0 5 -48 2.19 7.08 -48
3 16 0 .48 -42.26 0 3.56 -46.28 2.19 7.08 -48
5 24 0 .48 -42.26 1.35 .92 -39.96 0 -4.56 -33.51 2.19 7.08 -48
5 24 0 .48 -42.26 -1.35 .92 -39.96 0 -4.56 -33.51 -2.19 7.08 -48
3 16 0 -9.77 -14.05 0 -10 -9 -3.44 -5.8 -8.31
3 16 -3.31 -5.37 -16.44 0 -9.77 -14.05 -3.44 -5.8 -8.31
3 16 -3.31 -5.37 -16.44 0 -9.11 -19.07 0 -9.77 -14.05
3 16 -3.31 -5.37 -16.44 -2.92 -4.1 -24.05 0 -9.11 -19.07
3 16 0 -9.11 -19.07 -2.92 -4.1 -24.05 0 -8.02 -24.01
3 16 0 -8.02 -24.01 -2.92 -4.1 -24.05 0 -6.5 -28.83
3 16 -2.27 -1.99 -32.35 0 -6.5 -28.83 -2.92 -4.1 -24.05
3 16 -2.27 -1.99 -32.35 0 -4.56 -33.51 0 -6.5 -28.83
3 16 -2.27 -1.99 -32.35 0 -2.22 -38 0 -4.56 -33.51
3 16 -2.27 -1.99 -32.35 -1.35 0.92 -39.96 0 -2.22 -38
3 16 0 -2.22 -38 -1.35 0.92 -39.96 0 0.48 -42.26
3 16 0 .48 -42.26 -1.35 .92 -39.96 -2.19 7.08 -48
5 24 8.31255 -10 -3.44215 8.31 4.39 -3.44 9 -10 0 6.36195 -10 -6.36195
5 24 6.36195 -10 -6.36195 6.36 -.95 -6.36 8.3 -10 -3.44 3.44215 -10 -8.31255
5 24 3.44215 -10 -8.31255 3.44 -5.8 -8.31 6.36195 -10 -6.36195 0 -10 -9
5 24 -8.31255 -10 -3.44215 -8.31 4.39 -3.44 -9 -10 0 -6.36195 -10 -6.36195
5 24 -6.36195 -10 -6.36195 -6.36 -.95 -6.36 -8.3 -10 -3.44 -3.44215 -10 -8.31255
5 24 -3.44215 -10 -8.31255 -3.44 -5.8 -8.31 -6.36195 -10 -6.36195 0 -10 -9
5 24 0 10 -9 0 -3 -9 -3.444 10 -8.315 3.444 10 -8.315
5 24 -9 10 0 -9 -10 0 -8.31 4.39 -3.44 -8.3151 10 3.4443
5 24 9 10 0 9 -10 0 8.3151 10 3.4443 8.31 4.39 -3.44
5 24 -3.444 4.7 -8.315 -5.66 10 -9.48 -5.8119 10 -6.7328 -5.25 10 -14.21
5 24 0 3.56 -46.28 2.19 7.08 -48 0 5 -48 0 .48 -42.26
5 24 2.27 -1.99 -32.35 1.35 .92 -39.96 0 -2.22 -38 3.88 3.9 -39.01
5 24 3.93 10 -23.61 0 -1.53 -20.12 4.67 10 -18.92 0 -.4 -23.7
5 24 0 4.77 -33.66 .73 10 -37.48 0 7.06 -36.63 1.96 10 -32.9
5 24 8.09 4.64 -12.64 7.41 5.38 -21.82 8.51 10 -13.88 6.36 -.69 -14.55
5 24 0 2.76 -30.5 -1.96 10 -32.9 0 4.77 -33.66 -3.02 10 -28.27
5 24 0 4.77 -33.66 -.7305 10 -37.48 0 7.06 -36.63 -1.96 10 -32.9
5 24 3.88 3.9 -39.01 2.19 7.08 -48 3 10 -48 1.35 .92 -39.96
5 24 -2.19 7.08 -48 0 3.56 -46.28 0 5 -48 0 .48 -42.26
5 24 -5.25 10 -14.21 0 -2.83 -12.74 0 -3 -9 0 -2.34 -16.46
5 24 0 -.4 -23.7 3.93 10 -23.61 0 -1.53 -20.12 3.02 10 -28.27
5 24 6.29 6.62 -30.95 4.72 8.2 -40.02 4.96 1.7 -30.89 5.97 10 -34.55
5 24 0 -1.53 -20.12 4.67 10 -18.92 0 -2.34 -16.46 3.93 10 -23.61
5 24 4.67 10 -18.92 0 -2.34 -16.46 0 -1.53 -20.12 5.25 10 -14.21
5 24 5.25 10 -14.21 0 -2.83 -12.74 0 -2.34 -16.46 0 -3 -9
5 24 -3.02 10 -28.27 0 -.4 -23.7 -3.93 10 -23.61 0 1.02 -27.17
5 24 0 1.02 -27.17 3.02 10 -28.27 0 2.76 -30.5 0 -.4 -23.7
5 24 -1.96 10 -32.9 0 4.77 -33.66 -.7305 10 -37.48 0 2.76 -30.5
5 24 8.31 4.39 -3.44 8.09 4.64 -12.64 6.36 -.95 -6.36 8.87 10 -6.94
5 24 -3.93 10 -23.61 0 -1.53 -20.12 -4.67 10 -18.92 0 -.4 -23.7
5 24 -2.19 7.08 -48 -3.88 3.9 -39.01 -3 10 -48 -1.35 .92 -39.96
5 24 0 -3 -9 -5.25 10 -14.21 0 -2.83 -12.74 -3.444 4.7 -8.315
5 24 2.92 -4.1 -24.05 2.27 -1.99 -32.35 0 -6.5 -28.83 4.96 1.7 -30.89
5 24 -7.41 5.38 -21.82 -8.09 4.64 -12.64 -6.36 -.69 -14.55 -8.51 10 -13.88
5 24 -3.02 10 -28.27 0 1.02 -27.17 0 2.76 -30.5 0 -.4 -23.7
5 24 -3.88 3.9 -39.01 -4.96 1.7 -30.89 -4.72 8.2 -40.02 -2.27 -1.99 -32.35
5 24 -3.44 -5.8 -8.31 -3.31 -5.37 -16.44 -6.36 -.69 -14.55 0 -9.77 -14.05
5 24 -3.31 -5.37 -16.44 -2.92 -4.1 -24.05 -5.74 .16 -22.73 0 -9.11 -19.07
5 24 .73 10 -37.48 0 7.06 -36.63 0 4.77 -33.66 0 10 -40
5 24 6.36 -.69 -14.55 6.36 -.95 -6.36 8.09 4.64 -12.64 3.44 -5.8 -8.31
5 24 7.41 5.38 -21.82 6.29 6.62 -30.95 7.06 10 -27.69 5.74 .16 -22.73
5 24 0 -1.53 -20.12 -4.67 10 -18.92 0 -2.34 -16.46 -3.93 10 -23.61
5 24 2.19 7.08 -48 0 .48 -42.26 1.35 .92 -39.96 0 3.56 -46.28
5 24 0 -2.34 -16.46 -5.25 10 -14.21 -4.67 10 -18.92 0 -2.83 -12.74
5 24 3.31 -5.37 -16.44 2.92 -4.1 -24.05 5.74 .16 -22.73 0 -9.11 -19.07
5 24 -3.02 10 -28.27 0 2.76 -30.5 -1.96 10 -32.9 0 1.02 -27.17
5 24 5.74 .16 -22.73 6.36 -.69 -14.55 3.31 -5.37 -16.44 7.41 5.38 -21.82
5 24 -8.09 4.64 -12.64 -8.31 4.39 -3.44 -6.36 -.95 -6.36 -8.87 10 -6.94
5 24 -4.72 8.2 -40.02 -3 10 -48 -3.88 3.9 -39.01 -4.65 10 -41.37
5 24 -2.27 -1.99 -32.35 -1.35 .92 -39.96 -3.88 3.9 -39.01 0 -2.22 -38
5 24 4.72 8.2 -40.02 3 10 -48 4.65 10 -41.37 3.88 3.9 -39.01
5 24 0 2.76 -30.5 3.02 10 -28.27 0 1.02 -27.17 1.96 10 -32.9
5 24 -5.74 .16 -22.73 -6.36 -.69 -14.55 -3.31 -5.37 -16.44 -7.41 5.38 -21.82
5 24 -6.29 6.62 -30.95 -4.72 8.2 -40.02 -4.96 1.7 -30.89 -5.97 10 -34.55
5 24 1.96 10 -32.9 0 4.77 -33.66 0 2.76 -30.5 .73 10 -37.48
5 24 3.44 -5.8 -8.31 3.31 -5.37 -16.44 6.36 -.69 -14.55 0 -9.77 -14.05
5 24 -2.19 7.08 -48 0 .48 -42.26 0 3.56 -46.28 -1.35 .92 -39.96
5 24 0 -2.34 -16.46 5.25 10 -14.21 4.67 10 -18.92 0 -2.83 -12.74
5 24 0 -.4 -23.7 -3.93 10 -23.61 0 -1.53 -20.12 -3.02 10 -28.27
5 24 0 -3 -9 5.25 10 -14.21 0 -2.83 -12.74 3.444 4.7 -8.315
5 24 4.96 1.7 -30.89 5.74 .16 -22.73 6.29 6.62 -30.95 2.92 -4.1 -24.05
5 24 3.88 3.9 -39.01 4.96 1.7 -30.89 4.72 8.2 -40.02 2.27 -1.99 -32.35
5 24 0 2.76 -30.5 1.96 10 -32.9 0 4.77 -33.66 3.02 10 -28.27
5 24 3.02 10 -28.27 0 -.4 -23.7 3.93 10 -23.61 0 1.02 -27.17
5 24 -4.96 1.7 -30.89 -5.74 .16 -22.73 -2.92 -4.1 -24.05 -6.29 6.62 -30.95
5 24 -2.92 -4.1 -24.05 -2.27 -1.99 -32.35 -4.96 1.7 -30.89 0 -6.5 -28.83
5 24 -7.41 5.38 -21.82 -6.29 6.62 -30.95 -5.74 .16 -22.73 -7.06 10 -27.6925
5 24 -6.36 -.69 -14.55 -6.36 -.95 -6.36 -3.44 -5.8 -8.31 -8.09 4.64 -12.64
5 24 3.444 4.7 -8.315 5.66 10 -9.48 5.8088 10 -6.7281 5.25 10 -14.21
5 24 -4.67 10 -18.92 0 -2.34 -16.46 -5.25 10 -14.21 0 -1.53 -20.12
5 24 -.7305 10 -37.48 0 7.06 -36.63 0 4.77 -33.66 0 10 -40
5 24 -3.444 4.7 -8.315 -3.444 10 -8.315 0 -3 -9 -5.8119 10 -6.7328
5 24 3.444 4.7 -8.315 3.444 10 -8.315 0 -3 -9 5.8088 10 -6.7281
