0 Sticker  1.9 x  8.9 Elliptical with Rectangular Extensions with Black "SANTA FE" on Yellow Background and Black Outlines (Formed)
0 Name: 4174735bc01.dat
0 Author: Gerald Lasser [GeraldLasser]
0 !LDRAW_ORG Part UPDATE 2024-04
0 !LICENSE Licensed under CC BY 4.0 : see CAreadme.txt

0 BFC CERTIFY CCW

0 !KEYWORDS Bricklink 10020stk01, Brickowl 672398, Limited Edition
0 !KEYWORDS Rebrickable 43822, Set 10020, stamp, Super Chief

0 !HISTORY 2023-10-05 [Holly-Wood] Added conds, added keywords
0 !HISTORY 2024-05-28 [OrionP] Official Update 2024-04

0 // Condlines Outside
5 24 -60.25 40 6.5 -60.25 40 -6.5 -60.25 45.32 -6.5 -59.904 34.747 -6.5
5 24 -59.904 34.747 6.5 -59.904 34.747 -6.5 -60.25 40 -6.5 -58.877 29.583 -6.5
5 24 -58.877 29.583 6.5 -58.877 29.583 -6.5 -59.904 34.747 -6.5 -57.187 24.596 -6.5
5 24 -57.187 24.596 6.5 -57.187 24.596 -6.5 -58.877 29.583 6.5 -54.856 19.875 6.5
5 24 -54.856 19.875 6.5 -54.856 19.875 -6.5 -51.934 15.496 -6.5 -57.187 24.596 -6.5
5 24 -51.934 15.496 6.5 -51.934 15.496 -6.5 -54.856 19.875 6.5 -50.5125 13.8764 -8
5 24 -48.461 11.539 9.9 -48.461 11.539 -9.9 -51.934 15.496 -6.5 -44.504 8.066 -12.15
5 24 -44.504 8.066 12.15 -44.504 8.066 -12.15 -40.125 5.144 -14 -48.461 11.539 -9.9
5 24 -40.125 5.144 14 -40.125 5.144 -14 -35.4085 2.8152 -15.4 -44.504 8.066 -12.15
5 24 -35.4087 2.8146 15.4 -35.4085 2.8152 -15.4 -30.417 1.123 -16.6 -40.125 5.144 -14
5 24 -30.417 1.123 -16.6 -30.417 1.123 16.6 -25.253 .096 17.45 -35.4087 2.8146 15.4
5 24 -25.253 .096 17.45 -25.253 .096 -17.45 -30.417 1.123 -16.6 -20 -.25 -18.2
5 24 -20 -.25 -18.2 -20 -.25 18.2 -25.253 .096 17.45 -12.3 -.25 18.85
5 24 20 -.25 18.2 20 -.25 -18.2 12.3 -.25 -18.85 25.253 .096 -17.45
5 24 25.253 .096 17.45 25.253 .096 -17.45 20 -.25 -18.2 30.417 1.123 -16.6
5 24 30.417 1.123 16.6 30.417 1.123 -16.6 25.253 .096 -17.45 35.4085 2.8152 -15.4
5 24 35.4085 2.8152 15.4 35.4085 2.8152 -15.4 30.417 1.123 -16.6 40.125 5.144 -14
5 24 40.125 5.144 14 40.125 5.144 -14 35.4085 2.8152 -15.4 44.504 8.066 -12.15
5 24 44.504 8.066 12.15 44.504 8.066 -12.15 48.4676 11.5465 -9.9 40.125 5.144 -14
5 24 48.4676 11.5465 -9.9 48.4676 11.5465 9.9 44.504 8.066 12.15 50.5125 13.8764 8
5 24 51.934 15.496 -6.5 51.934 15.496 6.5 48.4676 11.5465 -9.9 54.856 19.875 -6.5
5 24 54.856 19.875 -6.5 54.856 19.875 6.5 51.934 15.496 6.5 57.187 24.596 6.5
5 24 57.187 24.596 -6.5 57.187 24.596 6.5 54.856 19.875 6.5 58.877 29.583 6.5
5 24 58.877 29.583 -6.5 58.877 29.583 6.5 57.187 24.596 6.5 59.904 34.747 6.5
5 24 59.904 34.747 -6.5 59.904 34.747 6.5 58.877 29.583 6.5 60.25 40 6.5
5 24 60.25 40 -6.5 60.25 40 6.5 59.904 34.747 6.5 60.25 45.32 6.5

0 // Condlines Inside
5 24 60 40 -6.5 60 40 6.5 59.656 34.78 -6.5 60 45.32 6.5
5 24 56.956 24.692 6.5 56.956 24.692 -6.5 54.64 20 -6.5 58.636 29.648 6.5
5 24 44.352 8.264 12.15 44.352 8.264 -12.15 46.6112 10.2474 10.9 42.265 6.8714 -13.1
5 24 -30.352 1.364 -16.6 -30.352 1.364 16.6 -35.308 3.044 -15.4 -25.22 .344 17.45
5 24 30.352 1.364 16.6 30.352 1.364 -16.6 25.22 .344 -17.45 35.308 3.044 15.4
5 24 -60 40 -6.5 -60 40 6.5 -60 45.32 -6.5 -59.656 34.78 6.5
5 24 -59.656 34.78 6.5 -59.656 34.78 -6.5 -60 40 -6.5 -58.636 29.648 6.5
5 24 -20 0 -18.2 -20 0 18.2 -12.3 0 18.85 -25.22 .344 -17.45
5 24 40 5.36 -14 40 5.36 14 42.265 6.8714 13.1 35.308 3.044 -15.4
5 24 59.656 34.78 6.5 59.656 34.78 -6.5 58.636 29.648 -6.5 60 40 6.5
5 24 -56.956 24.692 6.5 -56.956 24.692 -6.5 -58.636 29.648 -6.5 -54.64 20 6.5
5 24 -51.736 15.648 -6.5 -51.736 15.648 6.5 -54.64 20 -6.5 -50.3231 14.0386 8
5 24 35.308 3.044 15.4 35.308 3.044 -15.4 40 5.36 14 30.352 1.364 -16.6
5 24 25.22 .344 17.45 25.22 .344 -17.45 20 0 -18.2 30.352 1.364 16.6
5 24 -54.64 20 -6.5 -54.64 20 6.5 -51.736 15.648 6.5 -56.956 24.692 -6.5
5 24 48.284 11.716 -9.9 48.284 11.716 9.9 50.3231 14.0386 8 46.6112 10.2474 -10.9
5 24 54.64 20 6.5 54.64 20 -6.5 56.956 24.692 6.5 51.736 15.648 -6.5
5 24 58.636 29.648 -6.5 58.636 29.648 6.5 59.656 34.78 6.5 56.956 24.692 -6.5
5 24 -58.636 29.648 -6.5 -58.636 29.648 6.5 -56.956 24.692 6.5 -59.656 34.78 -6.5
5 24 -40 5.36 -14 -40 5.36 14 -35.308 3.044 15.4 -42.265 6.8714 -13.1
5 24 51.736 15.648 -6.5 51.736 15.648 6.5 50.3231 14.0386 -8 54.64 20 6.5
5 24 -35.308 3.044 -15.4 -35.308 3.044 15.4 -30.352 1.364 16.6 -40 5.36 -14
5 24 20 0 18.2 20 0 -18.2 25.22 .344 17.45 12.3 0 -18.85
5 24 -25.22 .344 -17.45 -25.22 .344 17.45 -20 0 18.2 -30.352 1.364 -16.6
5 24 -44.352 8.264 -12.15 -44.352 8.264 12.15 -42.265 6.8714 13.1 -46.6112 10.2474 -10.9
5 24 -48.284 11.716 -9.9 -48.284 11.716 9.9 -50.3231 14.0386 -8 -46.6112 10.2474 10.9

0 // Condlines Side
5 24 35.308 3.044 -15.4 35.4085 2.8152 -15.4 30.417 1.123 -16.6 40 5.36 -14
5 24 -51.934 15.496 -6.5 -51.736 15.648 -6.5 -50.3231 14.0386 -8 -54.856 19.875 -6.5
5 24 25.253 .096 -17.45 25.22 .344 -17.45 20 0 -18.2 30.417 1.123 -16.6
5 24 -6.2 0 18.9 -6.2 -.25 18.9 0 -.25 19 -12.3 0 18.85
5 24 -46.6112 10.2474 -10.9 -44.504 8.066 -12.15 -44.352 8.264 -12.15 -46.7775 10.0614 -10.9
5 24 -44.504 8.066 12.15 -44.352 8.264 12.15 -42.265 6.8714 13.1 -46.7775 10.0614 10.9
5 24 -46.6112 10.2474 -10.9 -48.461 11.539 -9.9 -46.7775 10.0614 -10.9 -48.284 11.716 -9.9
5 24 -48.461 11.539 9.9 -48.284 11.716 9.9 -46.6112 10.2474 10.9 -50.5125 13.8764 8
5 24 -40.125 5.144 14 -40 5.36 14 -42.4039 6.6647 13.1 -35.308 3.044 15.4
5 24 -25.253 .096 -17.45 -25.22 .344 -17.45 -30.352 1.364 -16.6 -20 -.25 -18.2
5 24 30.417 1.123 -16.6 35.308 3.044 -15.4 35.4085 2.8152 -15.4 30.352 1.364 -16.6
5 24 40 5.36 -14 35.4085 2.8152 -15.4 35.308 3.044 -15.4 40.125 5.144 -14
5 24 20 0 -18.2 25.253 .096 -17.45 25.22 .344 -17.45 20 -.25 -18.2
5 24 25.22 .344 17.45 25.253 .096 17.45 20 0 18.2 30.417 1.123 16.6
5 24 -6.2 0 -18.9 -6.2 -.25 -18.9 -12.3 -.25 -18.85 0 0 -19
5 24 -25.22 .344 17.45 -30.417 1.123 16.6 -30.352 1.364 16.6 -25.253 .096 17.45
5 24 -46.6112 10.2474 10.9 -48.461 11.539 9.9 -48.284 11.716 9.9 -46.7775 10.0614 10.9
5 24 0 -.25 19 0 0 19 6.2 -.25 18.9 -6.2 0 18.9
5 24 -48.284 11.716 9.9 -50.5125 13.8764 8 -50.3231 14.0386 8 -48.461 11.539 9.9
5 24 30.352 1.364 -16.6 30.417 1.123 -16.6 35.308 3.044 -15.4 25.22 .344 -17.45
5 24 -35.308 3.044 -15.4 -30.417 1.123 -16.6 -35.4085 2.8152 -15.4 -30.352 1.364 -16.6
5 24 42.4039 6.6647 13.1 40 5.36 14 42.265 6.8714 13.1 40.125 5.144 14
5 24 -40 5.36 14 -42.4039 6.6647 13.1 -40.125 5.144 14 -42.265 6.8714 13.1
5 24 0 -.25 -19 0 0 -19 -6.2 -.25 -18.9 6.2 0 -18.9
5 24 40 5.36 -14 40.125 5.144 -14 35.4085 2.8152 -15.4 42.265 6.8714 -13.1
5 24 -35.308 3.044 15.4 -40.125 5.144 14 -35.4087 2.8146 15.4 -40 5.36 14
5 24 -25.22 .344 -17.45 -20 -.25 -18.2 -20 0 -18.2 -25.253 .096 -17.45
5 24 48.284 11.716 -9.9 50.5125 13.8764 -8 50.3231 14.0386 -8 48.4676 11.5465 -9.9
5 24 -51.736 15.648 6.5 -51.934 15.496 6.5 -50.3231 14.0386 8 -54.64 20 6.5
5 24 50.5125 13.8764 -8 50.3231 14.0386 -8 51.934 15.496 -6.5 48.284 11.716 -9.9
5 24 40 5.36 14 40.125 5.144 14 42.4039 6.6647 13.1 35.308 3.044 15.4
5 24 -46.7775 10.0614 10.9 -46.6112 10.2474 10.9 -44.352 8.264 12.15 -48.461 11.539 9.9
5 24 -50.5125 13.8764 8 -50.3231 14.0386 8 -48.284 11.716 9.9 -51.934 15.496 6.5
5 24 -46.7775 10.0614 -10.9 -46.6112 10.2474 -10.9 -48.461 11.539 -9.9 -44.504 8.066 -12.15
5 24 -25.253 .096 17.45 -25.22 .344 17.45 -20 0 18.2 -30.417 1.123 16.6
5 24 -50.3231 14.0386 8 -51.934 15.496 6.5 -51.736 15.648 6.5 -50.5125 13.8764 8
5 24 30.417 1.123 16.6 25.22 .344 17.45 25.253 .096 17.45 30.352 1.364 16.6
5 24 35.4085 2.8152 15.4 30.352 1.364 16.6 35.308 3.044 15.4 30.417 1.123 16.6
5 24 30.417 1.123 -16.6 25.22 .344 -17.45 30.352 1.364 -16.6 25.253 .096 -17.45
5 24 -48.461 11.539 -9.9 -48.284 11.716 -9.9 -46.6112 10.2474 -10.9 -50.5125 13.8764 -8
5 24 20 0 18.2 20 -.25 18.2 25.253 .096 17.45 12.3 0 18.85
5 24 30.352 1.364 16.6 30.417 1.123 16.6 35.4085 2.8152 15.4 25.22 .344 17.45
5 24 -50.5125 13.8764 -8 -48.284 11.716 -9.9 -50.3231 14.0386 -8 -48.461 11.539 -9.9
5 24 51.934 15.496 6.5 50.3231 14.0386 8 50.5125 13.8764 8 51.736 15.648 6.5
5 24 25.253 .096 17.45 20 0 18.2 20 -.25 18.2 25.22 .344 17.45
5 24 51.736 15.648 -6.5 51.934 15.496 -6.5 54.64 20 -6.5 50.3231 14.0386 -8
5 24 6.2 0 -18.9 6.2 -.25 -18.9 0 -.25 -19 12.3 0 -18.85
5 24 -20 0 -18.2 -20 -.25 -18.2 -25.22 .344 -17.45 -12.3 0 -18.85
5 24 -12.3 -.25 18.85 -12.3 0 18.85 -6.2 -.25 18.9 -20 0 18.2
5 24 46.7775 10.0614 -10.9 44.352 8.264 -12.15 44.504 8.066 -12.15 46.6112 10.2474 -10.9
5 24 44.352 8.264 -12.15 44.504 8.066 -12.15 42.4039 6.6647 -13.1 46.7775 10.0614 -10.9
5 24 -42.4039 6.6647 13.1 -42.265 6.8714 13.1 -40 5.36 14 -44.504 8.066 12.15
5 24 46.6112 10.2474 10.9 46.7775 10.0614 10.9 48.4676 11.5465 9.9 44.352 8.264 12.15
5 24 12.3 -.25 18.85 12.3 0 18.85 20 -.25 18.2 6.2 0 18.9
5 24 50.3231 14.0386 8 50.5125 13.8764 8 48.284 11.716 9.9 51.934 15.496 6.5
5 24 -40 5.36 -14 -35.4085 2.8152 -15.4 -40.125 5.144 -14 -35.308 3.044 -15.4
5 24 -40 5.36 -14 -42.4039 6.6647 -13.1 -40.125 5.144 -14 -42.265 6.8714 -13.1
5 24 40.125 5.144 -14 42.265 6.8714 -13.1 40 5.36 -14 42.4039 6.6647 -13.1
5 24 46.7775 10.0614 10.9 44.352 8.264 12.15 46.6112 10.2474 10.9 44.504 8.066 12.15
5 24 -42.4039 6.6647 -13.1 -42.265 6.8714 -13.1 -44.504 8.066 -12.15 -40 5.36 -14
5 24 -51.934 15.496 -6.5 -50.3231 14.0386 -8 -51.736 15.648 -6.5 -50.5125 13.8764 -8
5 24 -12.3 -.25 -18.85 -12.3 0 -18.85 -20 -.25 -18.2 -6.2 0 -18.9
5 24 50.3231 14.0386 -8 51.934 15.496 -6.5 50.5125 13.8764 -8 51.736 15.648 -6.5
5 24 42.4039 6.6647 -13.1 44.352 8.264 -12.15 42.265 6.8714 -13.1 44.504 8.066 -12.15
5 24 40.125 5.144 14 35.308 3.044 15.4 40 5.36 14 35.4085 2.8152 15.4
5 24 -35.4087 2.8146 15.4 -35.308 3.044 15.4 -30.352 1.364 16.6 -40.125 5.144 14
5 24 51.934 15.496 6.5 51.736 15.648 6.5 50.3231 14.0386 8 54.856 19.875 6.5
5 24 12.3 -.25 -18.85 12.3 0 -18.85 6.2 -.25 -18.9 20 0 -18.2
5 24 50.5125 13.8764 8 48.284 11.716 9.9 48.4676 11.5465 9.9 50.3231 14.0386 8
5 24 -50.3231 14.0386 -8 -50.5125 13.8764 -8 -51.934 15.496 -6.5 -48.284 11.716 -9.9
5 24 48.284 11.716 9.9 48.4676 11.5465 9.9 50.5125 13.8764 8 46.6112 10.2474 10.9
5 24 42.265 6.8714 -13.1 42.4039 6.6647 -13.1 40.125 5.144 -14 44.352 8.264 -12.15
5 24 -30.417 1.123 -16.6 -30.352 1.364 -16.6 -35.308 3.044 -15.4 -25.253 .096 -17.45
5 24 -40.125 5.144 -14 -40 5.36 -14 -42.4039 6.6647 -13.1 -35.4085 2.8152 -15.4
5 24 44.352 8.264 12.15 44.504 8.066 12.15 46.7775 10.0614 10.9 42.265 6.8714 13.1
5 24 46.6112 10.2474 -10.9 46.7775 10.0614 -10.9 44.352 8.264 -12.15 48.4676 11.5465 -9.9
5 24 6.2 0 18.9 6.2 -.25 18.9 12.3 -.25 18.85 0 0 19
5 24 -44.352 8.264 12.15 -46.7775 10.0614 10.9 -46.6112 10.2474 10.9 -44.504 8.066 12.15
5 24 -42.265 6.8714 -13.1 -44.504 8.066 -12.15 -42.4039 6.6647 -13.1 -44.352 8.264 -12.15
5 24 -42.265 6.8714 13.1 -44.504 8.066 12.15 -44.352 8.264 12.15 -42.4039 6.6647 13.1
5 24 -35.4085 2.8152 -15.4 -35.308 3.044 -15.4 -40 5.36 -14 -30.417 1.123 -16.6
5 24 -20 0 18.2 -25.253 .096 17.45 -25.22 .344 17.45 -20 -.25 18.2
5 24 42.265 6.8714 13.1 42.4039 6.6647 13.1 44.504 8.066 12.15 40 5.36 14
5 24 44.504 8.066 12.15 42.265 6.8714 13.1 44.352 8.264 12.15 42.4039 6.6647 13.1
5 24 48.4676 11.5465 -9.9 46.6112 10.2474 -10.9 46.7775 10.0614 -10.9 48.284 11.716 -9.9
5 24 -20 -.25 18.2 -20 0 18.2 -12.3 -.25 18.85 -25.253 .096 17.45
5 24 48.4676 11.5465 -9.9 48.284 11.716 -9.9 50.5125 13.8764 -8 46.6112 10.2474 -10.9
5 24 -30.352 1.364 -16.6 -25.253 .096 -17.45 -25.22 .344 -17.45 -30.417 1.123 -16.6
5 24 20 -.25 -18.2 20 0 -18.2 12.3 -.25 -18.85 25.253 .096 -17.45
5 24 35.308 3.044 15.4 35.4085 2.8152 15.4 40.125 5.144 14 30.352 1.364 16.6
5 24 -44.504 8.066 -12.15 -44.352 8.264 -12.15 -46.6112 10.2474 -10.9 -42.265 6.8714 -13.1
5 24 -30.417 1.123 16.6 -30.352 1.364 16.6 -25.22 .344 17.45 -35.4087 2.8146 15.4
5 24 48.4676 11.5465 9.9 46.6112 10.2474 10.9 48.284 11.716 9.9 46.7775 10.0614 10.9
5 24 -30.352 1.364 16.6 -35.4087 2.8146 15.4 -35.308 3.044 15.4 -30.417 1.123 16.6

0 // Box
4 16 -60 40 6.5 -60 40 -6.5 -60 45.32 -6.5 -60 45.32 6.5
4 16 -25.22 .344 17.45 -20 0 18.2 -20 0 -18.2 -25.22 .344 -17.45
4 16 -30.352 1.364 16.6 -25.22 .344 17.45 -25.22 .344 -17.45 -30.352 1.364 -16.6
4 16 -35.308 3.044 15.4 -30.352 1.364 16.6 -30.352 1.364 -16.6 -35.308 3.044 -15.4
4 16 -40 5.36 14 -35.308 3.044 15.4 -35.308 3.044 -15.4 -40 5.36 -14
4 16 -44.352 8.264 12.15 -42.265 6.8714 13.1 -42.265 6.8714 -13.1 -44.352 8.264 -12.15
4 16 -40 5.36 -14 -42.265 6.8714 -13.1 -42.265 6.8714 13.1 -40 5.36 14
4 16 -48.284 11.716 -9.9 -48.284 11.716 9.9 -46.6112 10.2474 10.9 -46.6112 10.2474 -10.9
4 16 -44.352 8.264 12.15 -44.352 8.264 -12.15 -46.6112 10.2474 -10.9 -46.6112 10.2474 10.9
4 16 -51.736 15.648 6.5 -50.3231 14.0386 8 -50.3231 14.0386 -8 -51.736 15.648 -6.5
4 16 -48.284 11.716 -9.9 -50.3231 14.0386 -8 -50.3231 14.0386 8 -48.284 11.716 9.9
4 16 -54.64 20 6.5 -51.736 15.648 6.5 -51.736 15.648 -6.5 -54.64 20 -6.5
4 16 -56.956 24.692 6.5 -54.64 20 6.5 -54.64 20 -6.5 -56.956 24.692 -6.5
4 16 -58.636 29.648 6.5 -56.956 24.692 6.5 -56.956 24.692 -6.5 -58.636 29.648 -6.5
4 16 -59.656 34.78 6.5 -58.636 29.648 6.5 -58.636 29.648 -6.5 -59.656 34.78 -6.5
4 16 -60 40 6.5 -59.656 34.78 6.5 -59.656 34.78 -6.5 -60 40 -6.5
4 16 60 45.32 -6.5 60 40 -6.5 60 40 6.5 60 45.32 6.5
4 16 12.3 0 -18.85 12.3 0 18.85 20 0 18.2 20 0 -18.2
4 16 12.3 0 18.85 12.3 0 -18.85 6.2 0 -18.9 6.2 0 18.9
4 16 0 0 19 6.2 0 18.9 6.2 0 -18.9 0 0 -19
4 16 0 0 19 0 0 -19 -6.2 0 -18.9 -6.2 0 18.9
4 16 -12.3 0 18.85 -6.2 0 18.9 -6.2 0 -18.9 -12.3 0 -18.85
4 16 -12.3 0 18.85 -12.3 0 -18.85 -20 0 -18.2 -20 0 18.2
4 16 -60 45.32 6.5 -60.25 45.32 6.5 -60.25 40 6.5 -60 40 6.5
4 16 -60 40 6.5 -60.25 40 6.5 -59.904 34.747 6.5 -59.656 34.78 6.5
4 16 -59.656 34.78 6.5 -59.904 34.747 6.5 -58.877 29.583 6.5 -58.636 29.648 6.5
4 16 -58.636 29.648 6.5 -58.877 29.583 6.5 -57.187 24.596 6.5 -56.956 24.692 6.5
4 16 -56.956 24.692 6.5 -57.187 24.596 6.5 -54.856 19.875 6.5 -54.64 20 6.5

4 16 20 0 -18.2 20 0 18.2 25.22 .344 17.45 25.22 .344 -17.45
4 16 25.22 .344 -17.45 25.22 .344 17.45 30.352 1.364 16.6 30.352 1.364 -16.6
4 16 30.352 1.364 -16.6 30.352 1.364 16.6 35.308 3.044 15.4 35.308 3.044 -15.4
4 16 35.308 3.044 -15.4 35.308 3.044 15.4 40 5.36 14 40 5.36 -14
4 16 42.265 6.8714 -13.1 42.265 6.8714 13.1 44.352 8.264 12.15 44.352 8.264 -12.15
4 16 42.265 6.8714 13.1 42.265 6.8714 -13.1 40 5.36 -14 40 5.36 14
4 16 -54.64 20 6.5 -54.856 19.875 6.5 -51.934 15.496 6.5 -51.736 15.648 6.5
3 16 -51.934 15.496 6.5 -50.5125 13.8764 8 -50.3231 14.0386 8
3 16 -50.3231 14.0386 8 -51.736 15.648 6.5 -51.934 15.496 6.5
3 16 -50.5125 13.8764 8 -48.461 11.539 9.9 -48.284 11.716 9.9
3 16 -48.284 11.716 9.9 -50.3231 14.0386 8 -50.5125 13.8764 8
3 16 -48.461 11.539 9.9 -46.7775 10.0614 10.9 -46.6112 10.2474 10.9
3 16 -46.6112 10.2474 10.9 -48.284 11.716 9.9 -48.461 11.539 9.9
3 16 -46.7775 10.0614 10.9 -44.504 8.066 12.15 -44.352 8.264 12.15
3 16 -44.352 8.264 12.15 -46.6112 10.2474 10.9 -46.7775 10.0614 10.9
3 16 -44.504 8.066 12.15 -42.4039 6.6647 13.1 -42.265 6.8714 13.1
3 16 -42.265 6.8714 13.1 -44.352 8.264 12.15 -44.504 8.066 12.15
3 16 -42.4039 6.6647 13.1 -40.125 5.144 14 -40 5.36 14
3 16 -40 5.36 14 -42.265 6.8714 13.1 -42.4039 6.6647 13.1
3 16 -40.125 5.144 14 -35.4087 2.8146 15.4 -35.308 3.044 15.4
3 16 -35.308 3.044 15.4 -40 5.36 14 -40.125 5.144 14
3 16 -35.4087 2.8146 15.4 -30.417 1.123 16.6 -30.352 1.364 16.6
3 16 -30.352 1.364 16.6 -35.308 3.044 15.4 -35.4087 2.8146 15.4
3 16 -30.417 1.123 16.6 -25.253 .096 17.45 -25.22 .344 17.45
3 16 -25.22 .344 17.45 -30.352 1.364 16.6 -30.417 1.123 16.6
3 16 -25.253 .096 17.45 -20 -.25 18.2 -20 0 18.2
3 16 -20 0 18.2 -25.22 .344 17.45 -25.253 .096 17.45
4 16 -20 0 18.2 -20 -.25 18.2 -12.3 -.25 18.85 -12.3 0 18.85
4 16 -12.3 0 18.85 -12.3 -.25 18.85 -6.2 -.25 18.9 -6.2 0 18.9
4 16 -6.2 0 18.9 -6.2 -.25 18.9 0 -.25 19 0 0 19
4 16 0 0 19 0 -.25 19 6.2 -.25 18.9 6.2 0 18.9
4 16 6.2 0 18.9 6.2 -.25 18.9 12.3 -.25 18.85 12.3 0 18.85
4 16 12.3 0 18.85 12.3 -.25 18.85 20 -.25 18.2 20 0 18.2
3 16 20 0 18.2 20 -.25 18.2 25.253 .096 17.45
3 16 25.253 .096 17.45 25.22 .344 17.45 20 0 18.2
3 16 25.22 .344 17.45 25.253 .096 17.45 30.417 1.123 16.6
3 16 30.417 1.123 16.6 30.352 1.364 16.6 25.22 .344 17.45
3 16 30.352 1.364 16.6 30.417 1.123 16.6 35.4085 2.8152 15.4
3 16 35.4085 2.8152 15.4 35.308 3.044 15.4 30.352 1.364 16.6
3 16 35.308 3.044 15.4 35.4085 2.8152 15.4 40.125 5.144 14
3 16 40.125 5.144 14 40 5.36 14 35.308 3.044 15.4
3 16 40 5.36 14 40.125 5.144 14 42.4039 6.6647 13.1
3 16 42.4039 6.6647 13.1 42.265 6.8714 13.1 40 5.36 14
3 16 42.265 6.8714 13.1 42.4039 6.6647 13.1 44.504 8.066 12.15
3 16 44.504 8.066 12.15 44.352 8.264 12.15 42.265 6.8714 13.1
3 16 44.352 8.264 12.15 44.504 8.066 12.15 46.7775 10.0614 10.9
3 16 46.7775 10.0614 10.9 46.6112 10.2474 10.9 44.352 8.264 12.15
3 16 46.6112 10.2474 10.9 46.7775 10.0614 10.9 48.4676 11.5465 9.9
3 16 48.4676 11.5465 9.9 48.284 11.716 9.9 46.6112 10.2474 10.9
3 16 48.284 11.716 9.9 48.4676 11.5465 9.9 50.5125 13.8764 8
3 16 50.5125 13.8764 8 50.3231 14.0386 8 48.284 11.716 9.9
3 16 50.3231 14.0386 8 50.5125 13.8764 8 51.934 15.496 6.5
3 16 51.934 15.496 6.5 51.736 15.648 6.5 50.3231 14.0386 8
4 16 54.64 20 6.5 51.736 15.648 6.5 51.934 15.496 6.5 54.856 19.875 6.5
4 16 56.956 24.692 6.5 54.64 20 6.5 54.856 19.875 6.5 57.187 24.596 6.5
4 16 58.636 29.648 6.5 56.956 24.692 6.5 57.187 24.596 6.5 58.877 29.583 6.5
4 16 59.656 34.78 6.5 58.636 29.648 6.5 58.877 29.583 6.5 59.904 34.747 6.5
4 16 60 40 6.5 59.656 34.78 6.5 59.904 34.747 6.5 60.25 40 6.5
4 16 60 45.32 6.5 60 40 6.5 60.25 40 6.5 60.25 45.32 6.5
4 16 60 45.32 -6.5 60 45.32 6.5 60.25 45.32 6.5 60.25 45.32 -6.5
4 16 60 40 -6.5 60 45.32 -6.5 60.25 45.32 -6.5 60.25 40 -6.5
4 16 60.25 40 -6.5 59.904 34.747 -6.5 59.656 34.78 -6.5 60 40 -6.5
4 16 58.636 29.648 -6.5 59.656 34.78 -6.5 59.904 34.747 -6.5 58.877 29.583 -6.5
4 16 56.956 24.692 -6.5 58.636 29.648 -6.5 58.877 29.583 -6.5 57.187 24.596 -6.5
4 16 54.64 20 -6.5 56.956 24.692 -6.5 57.187 24.596 -6.5 54.856 19.875 -6.5
4 16 51.736 15.648 -6.5 54.64 20 -6.5 54.856 19.875 -6.5 51.934 15.496 -6.5
3 16 50.3231 14.0386 -8 51.736 15.648 -6.5 51.934 15.496 -6.5
3 16 51.934 15.496 -6.5 50.5125 13.8764 -8 50.3231 14.0386 -8
3 16 48.284 11.716 -9.9 50.3231 14.0386 -8 50.5125 13.8764 -8
3 16 50.5125 13.8764 -8 48.4676 11.5465 -9.9 48.284 11.716 -9.9
3 16 46.6112 10.2474 -10.9 48.284 11.716 -9.9 48.4676 11.5465 -9.9

3 16 48.4676 11.5465 -9.9 46.7775 10.0614 -10.9 46.6112 10.2474 -10.9
3 16 44.352 8.264 -12.15 46.6112 10.2474 -10.9 46.7775 10.0614 -10.9
3 16 46.7775 10.0614 -10.9 44.504 8.066 -12.15 44.352 8.264 -12.15
3 16 44.352 8.264 -12.15 44.504 8.066 -12.15 42.4039 6.6647 -13.1
3 16 42.4039 6.6647 -13.1 42.265 6.8714 -13.1 44.352 8.264 -12.15
3 16 42.265 6.8714 -13.1 42.4039 6.6647 -13.1 40.125 5.144 -14
3 16 40.125 5.144 -14 40 5.36 -14 42.265 6.8714 -13.1
3 16 40 5.36 -14 40.125 5.144 -14 35.4085 2.8152 -15.4
3 16 35.4085 2.8152 -15.4 35.308 3.044 -15.4 40 5.36 -14
3 16 35.308 3.044 -15.4 35.4085 2.8152 -15.4 30.417 1.123 -16.6
3 16 30.417 1.123 -16.6 30.352 1.364 -16.6 35.308 3.044 -15.4
3 16 25.22 .344 -17.45 30.352 1.364 -16.6 30.417 1.123 -16.6
3 16 30.417 1.123 -16.6 25.253 .096 -17.45 25.22 .344 -17.45
3 16 25.253 .096 -17.45 20 -.25 -18.2 20 0 -18.2
3 16 20 0 -18.2 25.22 .344 -17.45 25.253 .096 -17.45
4 16 20 0 -18.2 20 -.25 -18.2 12.3 -.25 -18.85 12.3 0 -18.85
4 16 12.3 0 -18.85 12.3 -.25 -18.85 6.2 -.25 -18.9 6.2 0 -18.9
4 16 6.2 0 -18.9 6.2 -.25 -18.9 0 -.25 -19 0 0 -19
4 16 0 0 -19 0 -.25 -19 -6.2 -.25 -18.9 -6.2 0 -18.9
4 16 -6.2 0 -18.9 -6.2 -.25 -18.9 -12.3 -.25 -18.85 -12.3 0 -18.85
4 16 -12.3 0 -18.85 -12.3 -.25 -18.85 -20 -.25 -18.2 -20 0 -18.2
3 16 -20 -.25 -18.2 -25.253 .096 -17.45 -25.22 .344 -17.45
3 16 -25.22 .344 -17.45 -20 0 -18.2 -20 -.25 -18.2
3 16 -25.253 .096 -17.45 -30.417 1.123 -16.6 -30.352 1.364 -16.6
3 16 -30.352 1.364 -16.6 -25.22 .344 -17.45 -25.253 .096 -17.45
3 16 -30.417 1.123 -16.6 -35.4085 2.8152 -15.4 -35.308 3.044 -15.4
3 16 -35.308 3.044 -15.4 -30.352 1.364 -16.6 -30.417 1.123 -16.6
3 16 -35.4085 2.8152 -15.4 -40.125 5.144 -14 -40 5.36 -14
3 16 -40 5.36 -14 -35.308 3.044 -15.4 -35.4085 2.8152 -15.4
3 16 -42.4039 6.6647 -13.1 -42.265 6.8714 -13.1 -40 5.36 -14
3 16 -40 5.36 -14 -40.125 5.144 -14 -42.4039 6.6647 -13.1
3 16 -44.504 8.066 -12.15 -44.352 8.264 -12.15 -42.265 6.8714 -13.1
3 16 -42.265 6.8714 -13.1 -42.4039 6.6647 -13.1 -44.504 8.066 -12.15
3 16 -44.504 8.066 -12.15 -46.7775 10.0614 -10.9 -46.6112 10.2474 -10.9
3 16 -46.6112 10.2474 -10.9 -44.352 8.264 -12.15 -44.504 8.066 -12.15
3 16 -48.461 11.539 -9.9 -48.284 11.716 -9.9 -46.6112 10.2474 -10.9
3 16 -46.6112 10.2474 -10.9 -46.7775 10.0614 -10.9 -48.461 11.539 -9.9
4 16 -60 45.32 -6.5 -60.25 45.32 -6.5 -60.25 45.32 6.5 -60 45.32 6.5
4 16 -60 40 -6.5 -60.25 40 -6.5 -60.25 45.32 -6.5 -60 45.32 -6.5
4 16 -59.904 34.747 -6.5 -60.25 40 -6.5 -60 40 -6.5 -59.656 34.78 -6.5
4 16 -58.877 29.583 -6.5 -59.904 34.747 -6.5 -59.656 34.78 -6.5 -58.636 29.648 -6.5
4 16 -57.187 24.596 -6.5 -58.877 29.583 -6.5 -58.636 29.648 -6.5 -56.956 24.692 -6.5
4 16 -54.856 19.875 -6.5 -57.187 24.596 -6.5 -56.956 24.692 -6.5 -54.64 20 -6.5
4 16 -51.736 15.648 -6.5 -51.934 15.496 -6.5 -54.856 19.875 -6.5 -54.64 20 -6.5
3 16 -51.934 15.496 -6.5 -51.736 15.648 -6.5 -50.3231 14.0386 -8
3 16 -50.3231 14.0386 -8 -50.5125 13.8764 -8 -51.934 15.496 -6.5
3 16 -50.5125 13.8764 -8 -50.3231 14.0386 -8 -48.284 11.716 -9.9
3 16 -48.284 11.716 -9.9 -48.461 11.539 -9.9 -50.5125 13.8764 -8
4 16 46.6112 10.2474 10.9 48.284 11.716 9.9 48.284 11.716 -9.9 46.6112 10.2474 -10.9
4 16 46.6112 10.2474 -10.9 44.352 8.264 -12.15 44.352 8.264 12.15 46.6112 10.2474 10.9
4 16 50.3231 14.0386 -8 50.3231 14.0386 8 51.736 15.648 6.5 51.736 15.648 -6.5
4 16 50.3231 14.0386 8 50.3231 14.0386 -8 48.284 11.716 -9.9 48.284 11.716 9.9
4 16 51.736 15.648 -6.5 51.736 15.648 6.5 54.64 20 6.5 54.64 20 -6.5
4 16 54.64 20 -6.5 54.64 20 6.5 56.956 24.692 6.5 56.956 24.692 -6.5
4 16 56.956 24.692 -6.5 56.956 24.692 6.5 58.636 29.648 6.5 58.636 29.648 -6.5
4 16 58.636 29.648 -6.5 58.636 29.648 6.5 59.656 34.78 6.5 59.656 34.78 -6.5
4 16 59.656 34.78 -6.5 59.656 34.78 6.5 60 40 6.5 60 40 -6.5
4 16 -60.25 40 -5.9 -60.25 45.32 -5.9 -60.25 45.32 -6.5 -60.25 40 -6.5
4 16 -59.904 34.747 -5.9 -60.25 40 -5.9 -60.25 40 -6.5 -59.904 34.747 -6.5
4 16 -58.877 29.583 -5.9 -59.904 34.747 -5.9 -59.904 34.747 -6.5 -58.877 29.583 -6.5
3 16 -17.3 -.25 17.45 -12.3 -.25 17.85 -12.3 -.25 18.85
4 16 51.934 15.496 -6.5 51.934 15.496 -5.9 50.8093 14.2146 -5.9 49.8199 13.0872 -7.05
4 16 -57.187 24.596 -5.8984 -58.877 29.583 -5.9 -58.877 29.583 -6.5 -57.187 24.596 -6.5
4 16 -54.856 19.875 -5.8991 -57.187 24.596 -5.8984 -57.187 24.596 -6.5 -54.856 19.875 -6.5
4 16 -54.856 19.875 -5.8991 -54.856 19.875 -6.5 -51.934 15.496 -6.5 -51.934 15.496 -5.9
4 16 -50.5125 13.8764 -8 -48.461 11.539 -9.9 -48.461 11.539 -8.35 -51.934 15.496 -6.5
4 16 -50.8093 14.2146 -5.9 -51.934 15.496 -5.9 -51.934 15.496 -6.5 -49.8199 13.0872 -7
3 16 -49.8199 13.0872 -7 -51.934 15.496 -6.5 -48.461 11.539 -8.35
4 16 -46.7775 10.0614 -10.9 -44.504 8.066 -12.15 -44.504 8.066 -10.9601 -48.461 11.539 -9.9
3 16 -46.7023 9.9954 -9.65 -48.461 11.539 -9.9 -44.504 8.066 -10.9601
3 16 -48.461 11.539 -8.35 -48.461 11.539 -9.9 -46.7023 9.9954 -9.65
3 16 -40.125 5.144 8.4654 -40.6989 5.5269 8.2 -40.125 5.144 8.2
3 16 -40.125 5.144 -8.35 -40.9151 5.6712 -8.35 -40.125 5.144 -8.6624
4 16 -42.4039 6.6647 -13.1 -40.125 5.144 -14 -40.125 5.144 -12.9 -44.504 8.066 -12.15
3 16 -42.3623 6.6369 -12 -44.504 8.066 -12.15 -40.125 5.144 -12.9
3 16 -44.504 8.066 -10.9601 -44.504 8.066 -12.15 -42.3623 6.6369 -12
4 16 -40.125 5.144 8.4654 -40.125 5.144 8.2 -35.404 2.813 8.2 -37.964 4.077 9.25
4 16 -35.404 2.813 -8.35 -40.125 5.144 -8.35 -40.125 5.144 -8.6624 -37.9192 4.0549 -9.45
3 16 -35.404 2.813 -8.35 -37.9192 4.0549 -9.45 -35.404 2.813 -10.2142
3 16 -35.404 2.813 10.1099 -37.964 4.077 9.25 -35.404 2.813 8.2
4 16 -40.125 5.144 -14 -35.4085 2.8152 -15.4 -38.0537 4.1213 -13.6 -40.125 5.144 -12.9
3 16 -38.0537 4.1213 -13.6 -35.4085 2.8152 -15.4 -35.404 2.813 -14.35
4 16 -30.417 1.123 8.2 -30.417 1.123 11.3971 -32.6903 1.8934 10.8221 -35.404 2.813 10.1099
4 16 -30.417 1.123 -8.35 -35.404 2.813 -8.35 -35.404 2.813 -10.2142 -32.6903 1.8934 -10.9221
3 16 -30.417 1.123 -8.35 -32.6903 1.8934 -10.9221 -30.417 1.123 -11.4971
3 16 -35.404 2.813 10.1099 -35.404 2.813 8.2 -30.417 1.123 8.2
4 16 -35.4085 2.8152 -15.4 -30.417 1.123 -16.6 -32.9934 1.9961 -14.95 -35.404 2.813 -14.35
3 16 -32.9934 1.9961 -14.95 -30.417 1.123 -16.6 -30.417 1.123 -15.5891
4 16 -25.9249 .2296 8.2 -25.9249 .2296 12.25 -28.5731 .7563 11.8 -30.417 1.123 11.3971
3 16 -30.417 1.123 11.3971 -30.417 1.123 8.2 -25.9249 .2296 8.2
4 16 -25.9249 .2296 -8.35 -30.417 1.123 -8.35 -30.417 1.123 -11.4971 -28.5731 .7563 -11.9
3 16 -25.9249 .2296 -8.35 -28.5731 .7563 -11.9 -25.9249 .2296 -12.35
4 16 -27.9355 .6295 -16.05 -30.417 1.123 -15.5891 -30.417 1.123 -16.6 -25.253 .096 -17.45
3 16 -27.9355 .6295 -16.05 -25.253 .096 -17.45 -25.253 .096 -16.5
4 16 -20 -.25 -18.2 -20 -.25 -17.25 -22.5941 -.0791 -16.9 -25.253 .096 -17.45
3 16 -25.253 .096 -16.5 -25.253 .096 -17.45 -22.5941 -.0791 -16.9
4 16 20 -.25 -18.2 20 -.25 -17.2 16.4 -.25 -17.5 12.3 -.25 -18.85
4 16 12.3 -.25 -18.85 16.4 -.25 -17.5 12.3 -.25 -17.9 6.2 -.25 -18.9
4 16 0 -.25 -18.4 0 -.25 -19 6.2 -.25 -18.9 6.2 -.25 -18.25
3 16 12.3 -.25 -17.9 6.2 -.25 -18.25 6.2 -.25 -18.9
4 16 -6.2 -.25 -18.9 0 -.25 -19 0 -.25 -18.4 -6.2 -.25 -18.25
4 16 -6.2 -.25 -18.9 -6.2 -.25 -18.25 -12.3 -.25 -17.95 -12.3 -.25 -18.85
4 16 -17.3 -.25 -17.5 -20 -.25 -17.25 -20 -.25 -18.2 -12.3 -.25 -18.85
3 16 -17.3 -.25 -17.5 -12.3 -.25 -18.85 -12.3 -.25 -17.95
4 16 59.904 34.747 -6.5 60.25 40 -6.5 60.25 40 -5.9 59.904 34.747 -5.9
4 16 58.877 29.583 -6.5 59.904 34.747 -6.5 59.904 34.747 -5.9 58.877 29.583 -5.9
4 16 57.187 24.596 -6.5 58.877 29.583 -6.5 58.877 29.583 -5.9 57.187 24.596 -5.9
4 16 54.856 19.875 -6.5 57.187 24.596 -6.5 57.187 24.596 -5.9 54.856 19.875 -5.9
4 16 51.934 15.496 -6.5 54.856 19.875 -6.5 54.856 19.875 -5.9 51.934 15.496 -5.9
4 16 51.934 15.496 -6.5 49.8199 13.0872 -7.05 48.461 11.539 -8.45 50.5125 13.8764 -8
3 16 48.461 11.539 -8.45 48.4676 11.5465 -9.9 50.5125 13.8764 -8
3 16 48.461 11.539 -8.45 46.7023 9.9954 -9.7 48.4676 11.5465 -9.9
4 16 48.4676 11.5465 -9.9 46.7023 9.9954 -9.7 44.504 8.066 -11.0077 46.7775 10.0614 -10.9
3 16 44.504 8.066 -11.0077 44.504 8.066 -12.15 46.7775 10.0614 -10.9
3 16 40.125 5.144 8.4654 40.125 5.144 8.2 40.6989 5.5269 8.2
3 16 40.9068 5.6657 -8.35 40.125 5.144 -8.35 40.125 5.144 -8.6624
3 16 44.504 8.066 -11.0077 42.3623 6.6369 -12 44.504 8.066 -12.15
4 16 44.504 8.066 -12.15 42.3623 6.6369 -12 40.125 5.144 -12.9 42.4039 6.6647 -13.1
3 16 40.125 5.144 -12.9 40.125 5.144 -14 42.4039 6.6647 -13.1
4 16 37.964 4.077 9.25 35.404 2.813 10.1099 35.404 2.813 8.2 40.125 5.144 8.4654
3 16 40.125 5.144 8.4654 35.404 2.813 8.2 40.125 5.144 8.2
4 16 35.404 2.813 -8.35 35.404 2.813 -10.2142 37.9192 4.0549 -9.45 40.125 5.144 -8.6624
3 16 40.125 5.144 -8.35 35.404 2.813 -8.35 40.125 5.144 -8.6624
4 16 40.125 5.144 -14 40.125 5.144 -12.9 38.0537 4.1213 -13.6 35.4085 2.8152 -15.4
3 16 38.0537 4.1213 -13.6 35.4085 2.8152 -14.4 35.4085 2.8152 -15.4
4 16 35.404 2.813 10.1099 32.6903 1.8934 10.8221 30.417 1.123 8.2 35.404 2.813 8.2
3 16 30.417 1.123 11.3971 30.417 1.123 8.2 32.6903 1.8934 10.8221
4 16 30.417 1.123 -8.35 30.417 1.123 -11.4971 32.6903 1.8934 -10.9221 35.404 2.813 -10.2142
3 16 35.404 2.813 -8.35 30.417 1.123 -8.35 35.404 2.813 -10.2142
4 16 35.4085 2.8152 -15.4 35.4085 2.8152 -14.4 32.9934 1.9961 -15 30.417 1.123 -16.6
3 16 32.9934 1.9961 -15 30.417 1.123 -15.6 30.417 1.123 -16.6
4 16 28.5731 .7563 11.8 25.9249 .2296 12.25 25.9249 .2296 8.2 30.417 1.123 11.3971
3 16 30.417 1.123 11.3971 25.9249 .2296 8.2 30.417 1.123 8.2
4 16 25.9249 .2296 -8.35 25.9249 .2296 -12.35 28.5731 .7563 -11.9 30.417 1.123 -11.4971
3 16 30.417 1.123 -8.35 25.9249 .2296 -8.35 30.417 1.123 -11.4971
4 16 30.417 1.123 -16.6 30.417 1.123 -15.6 27.9355 .6295 -16 25.253 .096 -17.45
3 16 27.9355 .6295 -16 25.253 .096 -16.45 25.253 .096 -17.45
4 16 25.253 .096 -17.45 25.253 .096 -16.45 22.5941 -.0791 -16.85 20 -.25 -18.2
3 16 22.5941 -.0791 -16.85 20 -.25 -17.2 20 -.25 -18.2
4 16 60.25 45.32 -5.9 60.25 40 -5.9 60.25 40 -6.5 60.25 45.32 -6.5
4 16 60.25 45.32 5.7 60.25 45.32 6.5 60.25 40 6.5 60.25 40 5.7
4 16 60.25 40 5.7 60.25 40 6.5 59.904 34.747 6.5 59.904 34.747 5.7
4 16 59.904 34.747 5.7 59.904 34.747 6.5 58.877 29.583 6.5 58.877 29.583 5.7
4 16 58.877 29.583 5.7 58.877 29.583 6.5 57.187 24.596 6.5 57.187 24.596 5.7
4 16 57.187 24.596 5.7 57.187 24.596 6.5 54.856 19.875 6.5 54.856 19.875 5.7
4 16 51.934 15.496 6.5 51.934 15.496 5.7 54.856 19.875 5.7 54.856 19.875 6.5
4 16 50.8423 14.2522 5.7 51.934 15.496 5.7 51.934 15.496 6.5 49.8199 13.0872 6.9
4 16 51.934 15.496 6.5 50.5125 13.8764 8 48.461 11.539 8.2786 49.8199 13.0872 6.9
3 16 48.4676 11.5465 9.9 48.461 11.539 8.2786 50.5125 13.8764 8
3 16 48.4676 11.5465 9.9 46.7023 9.9954 9.55 48.461 11.539 8.2786
4 16 48.4676 11.5465 9.9 46.7775 10.0614 10.9 44.504 8.066 10.8711 46.7023 9.9954 9.55
3 16 44.504 8.066 12.15 44.504 8.066 10.8711 46.7775 10.0614 10.9
3 16 44.504 8.066 12.15 42.3623 6.6369 11.9 44.504 8.066 10.8711
4 16 42.4039 6.6647 13.1 40.125 5.144 14 40.125 5.144 12.7967 44.504 8.066 12.15
3 16 44.504 8.066 12.15 40.125 5.144 12.7967 42.3623 6.6369 11.9
4 16 38.0537 4.1213 13.5 40.125 5.144 12.7967 40.125 5.144 14 35.4085 2.8152 15.4
3 16 35.4085 2.8152 15.4 35.404 2.813 14.3168 38.0537 4.1213 13.5
4 16 32.9934 1.9961 14.9 35.404 2.813 14.3168 35.4085 2.8152 15.4 30.417 1.123 16.6
3 16 30.417 1.123 16.6 30.417 1.123 15.5 32.9934 1.9961 14.9
4 16 27.9355 .6295 16 30.417 1.123 15.5 30.417 1.123 16.6 25.253 .096 17.45
3 16 25.253 .096 17.45 25.253 .096 16.45 27.9355 .6295 16
4 16 22.5941 -.0791 16.85 25.253 .096 16.45 25.253 .096 17.45 20 -.25 18.2
3 16 20 -.25 18.2 20 -.25 17.2 22.5941 -.0791 16.85
4 16 17.3 -.25 17.45 20 -.25 17.2 20 -.25 18.2 12.3 -.25 18.85
4 16 12.3 -.25 17.85 17.3 -.25 17.45 12.3 -.25 18.85 6.2 -.25 18.9
3 16 6.2 -.25 18.9 6.2 -.25 18.2 12.3 -.25 17.85
4 16 0 -.25 18.3 6.2 -.25 18.2 6.2 -.25 18.9 0 -.25 19
4 16 0 -.25 18.3 0 -.25 19 -6.2 -.25 18.9 -6.2 -.25 18.2
4 16 -6.2 -.25 18.9 -12.3 -.25 18.85 -12.3 -.25 17.85 -6.2 -.25 18.2
4 16 -17.3 -.25 17.45 -12.3 -.25 18.85 -20 -.25 18.2 -20 -.25 17.2
4 16 -22.5941 -.0791 16.85 -20 -.25 17.2 -20 -.25 18.2 -25.253 .096 17.45
3 16 -25.253 .096 17.45 -25.253 .096 16.45 -22.5941 -.0791 16.85
4 16 -27.9355 .6295 16 -25.253 .096 17.45 -30.417 1.123 16.6 -30.417 1.123 15.5
3 16 -25.253 .096 17.45 -27.9355 .6295 16 -25.253 .096 16.45
4 16 -32.9934 1.9961 14.9 -30.417 1.123 15.5 -30.417 1.123 16.6 -35.4087 2.8146 15.4
3 16 -35.4087 2.8146 15.4 -35.404 2.813 14.3168 -32.9934 1.9961 14.9
4 16 -38.0537 4.1213 13.5 -35.404 2.813 14.3168 -35.4087 2.8146 15.4 -40.125 5.144 14
3 16 -40.125 5.144 14 -40.125 5.144 12.7967 -38.0537 4.1213 13.5
4 16 -40.125 5.144 12.7967 -40.125 5.144 14 -42.4039 6.6647 13.1 -44.504 8.066 12.15
3 16 -44.504 8.066 12.15 -42.3623 6.6369 11.9 -40.125 5.144 12.7967
3 16 -44.504 8.066 12.15 -44.504 8.066 10.8711 -42.3623 6.6369 11.9
4 16 -44.504 8.066 10.8711 -44.504 8.066 12.15 -46.7775 10.0614 10.9 -48.461 11.539 9.9
3 16 -48.461 11.539 9.9 -46.7023 9.9954 9.55 -44.504 8.066 10.8711
3 16 -48.461 11.539 9.9 -48.461 11.539 8.2786 -46.7023 9.9954 9.55
4 16 -48.461 11.539 8.2786 -48.461 11.539 9.9 -50.5125 13.8764 8 -51.934 15.496 6.5
3 16 -48.461 11.539 8.2786 -51.934 15.496 6.5 -49.8199 13.0872 6.9
4 16 -50.8423 14.2522 5.7 -49.8199 13.0872 6.9 -51.934 15.496 6.5 -51.934 15.496 5.7
4 16 -54.856 19.875 5.7 -51.934 15.496 5.7 -51.934 15.496 6.5 -54.856 19.875 6.5
4 16 -54.856 19.875 5.7 -54.856 19.875 6.5 -57.187 24.596 6.5 -57.187 24.596 5.7
4 16 -57.187 24.596 5.7 -57.187 24.596 6.5 -58.877 29.583 6.5 -58.877 29.583 5.7
4 16 -58.877 29.583 5.7 -58.877 29.583 6.5 -59.904 34.747 6.5 -59.904 34.747 5.7
4 16 -59.904 34.747 5.7 -59.904 34.747 6.5 -60.25 40 6.5 -60.25 40 5.7
4 16 -60.25 40 5.7 -60.25 40 6.5 -60.25 45.32 6.5 -60.25 45.32 5.7

0 BFC NOCLIP

0 // Pattern
0 // Yellow
4 14 -60.25 45.32 2 -60.25 45.32 -2 -60.25 40 -2 -60.25 40 2
4 14 -60.25 45.32 4.5 -60.25 45.32 2.6 -60.25 40 2.6 -60.25 40 4.5
4 14 -60.25 40 -2.6 -60.25 45.32 -2.6 -60.25 45.32 -4.3 -60.25 40 -4.3
4 14 -59.904 34.747 2 -60.25 40 2 -60.25 40 -2 -59.904 34.747 -2
4 14 -60.25 40 4.5 -60.25 40 2.6 -59.904 34.747 2.6 -59.904 34.747 4.5
4 14 -59.904 34.747 -2.6 -60.25 40 -2.6 -60.25 40 -4.3 -59.904 34.747 -4.3
4 14 -59.904 34.747 -2 -58.877 29.583 -2 -58.877 29.583 2 -59.904 34.747 2
4 14 -59.904 34.747 4.5 -59.904 34.747 2.6 -58.877 29.583 2.6 -58.877 29.583 4.5
4 14 -58.877 29.583 -2.6 -59.904 34.747 -2.6 -59.904 34.747 -4.3 -58.877 29.583 -4.3
4 14 -58.877 29.583 2 -58.877 29.583 -2 -57.187 24.596 -2 -57.187 24.596 2
4 14 -58.877 29.583 4.5 -58.877 29.583 2.6 -57.187 24.596 2.6 -57.187 24.596 4.5
4 14 -57.187 24.596 -2.6 -58.877 29.583 -2.6 -58.877 29.583 -4.3 -57.187 24.596 -4.3
4 14 -57.187 24.596 2 -57.187 24.596 -2 -55.8774 21.9436 -2 -55.8774 21.9436 2
4 14 -55.798 21.7829 1.6333 -55.8774 21.9436 2 -55.8774 21.9436 -2 -55.798 21.7829 -1.6333
4 14 -55.6515 21.486 1.3022 -55.798 21.7829 1.6333 -55.798 21.7829 -1.6333 -55.6515 21.486 -1.3022
4 14 -55.4599 21.0982 1.1231 -55.6515 21.486 1.3022 -55.6515 21.486 -1.3022 -55.4599 21.0982 -1.1231
4 14 -55.4599 21.0982 1.1231 -55.4599 21.0982 -1.1231 -55.2526 20.6783 -1.1231 -55.2526 20.6783 1.1231
3 14 -55.798 21.7829 3.0167 -57.187 24.596 2.6 -55.8774 21.9436 2.6
3 14 -55.6515 21.486 3.2978 -57.187 24.596 2.6 -55.798 21.7829 3.0167
4 14 -57.187 24.596 2.6 -55.6515 21.486 3.2978 -55.4599 21.0982 3.4769 -57.187 24.596 4.5
4 14 -55.2526 20.6783 3.4769 -54.856 19.875 4.5 -57.187 24.596 4.5 -55.4599 21.0982 3.4769
4 14 -55.0611 20.2904 1.3022 -55.2526 20.6783 1.1231 -55.2526 20.6783 -1.1231 -55.0611 20.2904 -1.3022
4 14 -54.9146 19.9936 1.6333 -55.0611 20.2904 1.3022 -55.0611 20.2904 -1.3022 -54.9146 19.9936 -1.6333
3 14 -54.856 19.875 4.5 -55.2526 20.6783 3.4769 -55.0611 20.2904 3.2978
4 14 -54.9146 19.9936 1.6333 -54.9146 19.9936 -1.6333 -54.856 19.875 -1.9526 -54.856 19.875 1.9526
3 14 -54.856 19.875 -2.6474 -54.9146 19.9936 -2.9667 -54.856 19.875 -4.3
3 14 -54.9146 19.9936 -2.9667 -55.0611 20.2904 -3.2978 -54.856 19.875 -4.3
3 14 -55.0611 20.2904 -3.2978 -55.2526 20.6783 -3.4769 -54.856 19.875 -4.3
4 14 -54.856 19.875 -4.3 -55.2526 20.6783 -3.4769 -55.4599 21.0982 -3.4769 -57.187 24.596 -4.3
3 14 -55.6515 21.486 -3.2978 -57.187 24.596 -4.3 -55.4599 21.0982 -3.4769
3 14 -55.798 21.7829 -2.9667 -57.187 24.596 -4.3 -55.6515 21.486 -3.2978
4 14 -57.187 24.596 -4.3 -55.798 21.7829 -2.9667 -55.8774 21.9436 -2.6 -57.187 24.596 -2.6
3 14 -54.856 19.875 4.5 -55.0611 20.2904 3.2978 -54.9146 19.9936 2.9667
3 14 -54.856 19.875 4.5 -54.9146 19.9936 2.9667 -54.856 19.875 2.6474
4 14 -51.934 15.496 4.5 -54.856 19.875 4.5 -54.856 19.875 2.6474 -54.83 19.836 2.5341
3 14 -51.934 15.496 4.5 -54.83 19.836 2.5341 -54.83 19.836 2.0659
4 14 -51.934 15.496 4.5 -54.83 19.836 2.0659 -54.856 19.875 1.9526 -51.934 15.496 -4.3
4 14 -51.934 15.496 -4.3 -54.856 19.875 1.9526 -54.856 19.875 -1.9526 -54.83 19.836 -2.0659
3 14 -54.83 19.836 -2.0659 -54.83 19.836 -2.5341 -51.934 15.496 -4.3
4 14 -51.934 15.496 -4.3 -54.83 19.836 -2.5341 -54.856 19.875 -2.6474 -54.856 19.875 -4.3
4 14 -50.5455 13.914 4.5 -51.934 15.496 4.5 -51.934 15.496 -4.3 -50.3476 13.6885 -4.3
4 14 -49.7539 13.0121 5.45 -50.5455 13.914 4.5 -50.3476 13.6885 -4.3 -49.7539 13.0121 -5
4 14 -48.461 11.539 6.8183 -49.7539 13.0121 5.45 -49.7539 13.0121 -5 -48.461 11.539 -6.3683
3 14 -44.504 8.066 9.5803 -44.5604 8.1155 8.15 -44.504 8.066 8.1805
4 14 -44.7858 8.3134 7.85 -44.5604 8.1155 8.15 -44.504 8.066 9.5803 -46.7023 9.9954 8.15
4 14 -44.861 8.3793 7.5 -44.7858 8.3134 7.85 -46.7023 9.9954 8.15 -48.461 11.539 6.8183
3 14 -44.861 8.3793 7.5 -48.461 11.539 6.8183 -44.7858 8.3134 7.25
4 14 -44.6731 8.2144 7.1 -44.7858 8.3134 7.25 -48.461 11.539 6.8183 -44.504 8.066 4.9
3 14 -44.6731 8.2144 7.1 -44.504 8.066 4.9 -44.504 8.066 7
3 14 -48.461 11.539 6.8183 -45.9132 9.3028 4.9 -44.504 8.066 4.9
3 14 -48.461 11.539 6.8183 -46.4393 9.7646 4.7 -45.9132 9.3028 4.9
3 14 -48.461 11.539 6.8183 -46.6648 9.9625 4.3 -46.4393 9.7646 4.7
3 14 -48.461 11.539 6.8183 -46.8151 10.0944 3.8 -46.6648 9.9625 4.3
4 14 -46.8151 10.0944 3.8 -48.461 11.539 6.8183 -48.461 11.539 -6.3683 -46.6648 9.9625 3.2
3 14 -46.8151 10.0944 -3.9 -48.461 11.539 -6.3683 -46.8151 10.0944 -4.7
4 14 -44.504 8.066 -4.7 -46.8151 10.0944 -4.7 -48.461 11.539 -6.3683 -46.7023 9.9954 -7.8
3 14 -46.6648 9.9625 3.2 -48.461 11.539 -6.3683 -46.8151 10.0944 -3.9
4 14 -44.504 8.066 -.5043 -46.6648 9.9625 3.2 -46.8151 10.0944 -3.9 -44.504 8.066 -3.9
4 14 -44.7107 8.2474 -6.95 -44.504 8.066 -6.8 -44.504 8.066 -4.7 -46.7023 9.9954 -7.8
3 14 -44.7107 8.2474 -6.95 -46.7023 9.9954 -7.8 -44.861 8.3793 -7.3
3 14 -44.861 8.3793 -7.3 -46.7023 9.9954 -7.8 -44.7858 8.3134 -7.65
4 14 -44.6355 8.1814 -7.85 -44.7858 8.3134 -7.65 -46.7023 9.9954 -7.8 -44.504 8.066 -9.2303
3 14 -44.6355 8.1814 -7.85 -44.504 8.066 -9.2303 -44.504 8.066 -7.9805
4 14 -40.125 5.144 10.1105 -40.125 5.144 11.4795 -42.3623 6.6369 10.55 -42.1128 6.4704 9.35
4 14 -42.1128 6.4704 9.35 -42.3623 6.6369 10.55 -44.504 8.066 9.5803 -44.504 8.066 8.1805
4 14 -40.125 5.144 4.9 -40.125 5.144 7 -44.504 8.066 7 -44.504 8.066 4.9
4 14 -40.125 5.144 4.1 -42.0712 6.4427 4.1 -42.1544 6.4982 4 -42.0712 6.4427 3.8
3 14 -40.125 5.144 4.1 -42.0712 6.4427 3.8 -40.125 5.144 .737
4 14 -44.504 8.066 -3.9 -42.5703 6.7757 -3.9 -42.4871 6.7202 -3.8 -42.5703 6.7757 -3.6
3 14 -44.504 8.066 -.5043 -44.504 8.066 -3.9 -42.5703 6.7757 -3.6
4 14 -42.1128 6.4704 -9.15 -44.504 8.066 -7.9805 -44.504 8.066 -9.2303 -42.3623 6.6369 -10.2
4 14 -40.125 5.144 -9.9105 -42.1128 6.4704 -9.15 -42.3623 6.6369 -10.2 -40.125 5.144 -11.1295
4 14 -40.125 5.144 -6.8 -40.125 5.144 -4.7 -44.504 8.066 -4.7 -44.504 8.066 -6.8
4 14 -35.404 2.813 11.7377 -35.404 2.813 13.0621 -38.0537 4.1213 12.2 -38.3227 4.2541 10.75
4 14 -38.3227 4.2541 10.75 -38.0537 4.1213 12.2 -40.125 5.144 11.4795 -40.125 5.144 10.1105
4 14 -40.125 5.144 7 -40.125 5.144 4.9 -37.5605 3.8778 4.9 -35.404 2.813 7
4 14 -35.404 2.813 7 -37.5605 3.8778 4.9 -37.5605 3.8778 4.1 -35.404 2.813 -3.008
4 14 -35.404 2.813 -3.008 -37.5605 3.8778 4.1 -40.125 5.144 4.1 -40.125 5.144 .737
3 14 -40.125 5.144 .737 -37.8295 4.0106 -2.6 -35.404 2.813 -3.008
3 14 -37.8295 4.0106 -2.6 -37.5605 3.8778 -3.2 -35.404 2.813 -3.008
4 14 -35.404 2.813 -3.008 -37.5605 3.8778 -3.2 -37.5605 3.8778 -3.7 -36.0362 3.1251 -4.7
3 14 -37.5605 3.8778 -3.7 -37.7398 3.9663 -4.2 -36.0362 3.1251 -4.7
4 14 -36.0362 3.1251 -4.7 -37.7398 3.9663 -4.2 -38.3675 4.2762 -4.7 -35.404 2.813 -6.8
4 14 -37.964 4.077 -10.7 -40.125 5.144 -9.9105 -40.125 5.144 -11.1295 -38.0537 4.1213 -11.85
4 14 -35.404 2.813 -11.5377 -37.964 4.077 -10.7 -38.0537 4.1213 -11.85 -35.404 2.813 -12.7121
4 14 -40.125 5.144 -4.7 -40.125 5.144 -6.8 -35.404 2.813 -6.8 -38.3675 4.2762 -4.7
3 14 -35.404 2.813 -4.7 -36.0362 3.1251 -4.7 -35.404 2.813 -6.8
3 14 -32.6619 1.8837 2.1 -33.9879 2.3331 -1.5 -31.2411 1.4023 -1.5
4 14 -30.9569 1.306 -2.3 -34.3668 2.4615 -2.3 -35.314 2.7825 -4.7 -30.417 1.123 -3.82
3 14 -30.417 1.123 -3.82 -35.314 2.7825 -4.7 -30.417 1.123 -4.7
4 14 -30.417 1.123 12.9606 -30.417 1.123 14.25 -32.9934 1.9961 13.7 -33.2775 2.0924 12.25
4 14 -33.2775 2.0924 12.25 -32.9934 1.9961 13.7 -35.404 2.813 13.0621 -35.404 2.813 11.7377
3 14 -35.404 2.813 7 -35.404 2.813 -3.008 -32.283 1.7554 4.9
4 14 -30.417 1.123 7 -35.404 2.813 7 -32.283 1.7554 4.9 -30.417 1.123 4.9
4 14 -33.2775 2.0924 -12.05 -35.404 2.813 -11.5377 -35.404 2.813 -12.7121 -32.9934 1.9961 -13.35
4 14 -30.417 1.123 -12.7606 -33.2775 2.0924 -12.05 -32.9934 1.9961 -13.35 -30.417 1.123 -13.95
4 14 -35.314 2.7825 -4.7 -35.404 2.813 -4.7 -35.404 2.813 -6.8 -30.417 1.123 -6.8
3 14 -30.417 1.123 -4.7 -35.314 2.7825 -4.7 -30.417 1.123 -6.8
3 14 -30.417 1.123 -3.82 -30.417 1.123 -4.7 -30.0933 1.0586 -4.7
3 14 -25.253 .096 7 -29.2106 .8831 4.9 -25.2873 .1028 -4.7
4 14 -25.253 .096 13.9356 -25.253 .096 15.2 -27.9355 .6295 14.75 -26.2829 .3008 13.7674
4 14 -29.2106 .8831 13.25 -26.2829 .3008 13.7674 -27.9355 .6295 14.75 -30.417 1.123 14.25
3 14 -30.417 1.123 14.25 -30.417 1.123 12.9606 -29.2106 .8831 13.25
4 14 -30.417 1.123 7 -30.417 1.123 4.9 -29.2106 .8831 4.9 -25.253 .096 7
4 14 -29.2106 .8831 -13.05 -30.417 1.123 -12.7606 -30.417 1.123 -13.95 -27.9355 .6295 -14.45
4 14 -26.2829 .3008 -13.5674 -29.2106 .8831 -13.05 -27.9355 .6295 -14.45 -25.253 .096 -14.9
3 14 -26.2829 .3008 -13.5674 -25.253 .096 -14.9 -25.5325 .1516 -13.7
3 14 -25.5325 .1516 -13.7 -25.253 .096 -14.9 -25.253 .096 -13.7356
4 14 -25.253 .096 -6.8 -25.2873 .1028 -4.7 -30.0933 1.0586 -4.7 -30.417 1.123 -6.8
3 14 -30.0933 1.0586 -4.7 -30.417 1.123 -4.7 -30.417 1.123 -6.8
4 14 -25.253 .096 7 -25.2873 .1028 -4.7 -23.6916 -.0069 -4.7 -23.6916 -.0069 4.9
4 14 -20 -.25 -1.9509 -22.7936 -.066 .9 -22.7936 -.066 -4.7 -20 -.25 -15.65
4 14 -20 -.25 4.9 -20 -.25 15.95 -22.5941 -.0791 15.6 -24.6394 .0556 13.35
3 14 -22.5941 -.0791 15.6 -24.6893 .0589 13.65 -24.6394 .0556 13.35
4 14 -24.9387 .0753 13.9 -24.6893 .0589 13.65 -22.5941 -.0791 15.6 -25.253 .096 15.2
3 14 -25.253 .096 15.2 -25.253 .096 13.9356 -24.9387 .0753 13.9
3 14 -25.0884 .0852 7 -25.253 .096 7 -23.6916 -.0069 4.9
3 14 -24.7891 .0654 7.1 -25.0884 .0852 7 -23.6916 -.0069 4.9
4 14 -24.6394 .0556 7.35 -24.7891 .0654 7.1 -23.6916 -.0069 4.9 -20 -.25 4.9
3 14 -24.6394 .0556 13.35 -24.6394 .0556 7.35 -20 -.25 4.9
4 14 -22.5941 -.0791 -15.3 -20 -.25 -15.65 -22.7936 -.066 -4.7 -24.6394 .0556 -7.2
4 14 -24.9886 .0786 -13.7 -25.253 .096 -13.7356 -25.253 .096 -14.9 -22.5941 -.0791 -15.3
3 14 -24.6893 .0589 -13.45 -24.9886 .0786 -13.7 -22.5941 -.0791 -15.3
3 14 -24.6394 .0556 -13.15 -24.6893 .0589 -13.45 -22.5941 -.0791 -15.3
3 14 -24.6394 .0556 -7.2 -24.6394 .0556 -13.15 -22.5941 -.0791 -15.3
4 14 -24.6394 .0556 -7.2 -22.7936 -.066 -4.7 -23.6916 -.0069 -4.7 -24.7392 .0622 -7
3 14 -23.6916 -.0069 -4.7 -24.9886 .0786 -6.85 -24.7392 .0622 -7
4 14 -25.253 .096 -6.8 -24.9886 .0786 -6.85 -23.6916 -.0069 -4.7 -25.2873 .1028 -4.7
3 14 5.5 -.25 2.1 4.1 -.25 -1.5 7 -.25 -1.5
4 14 7.3 -.25 -2.3 3.7 -.25 -2.3 2.7 -.25 -4.7 8.2 -.25 -4.7
4 14 9.1 -.25 4.9 13.1 -.25 -4.7 20 -.25 15.95 17.3 -.25 16.25
4 14 -2.9 -.25 4.1 -2.9 -.25 -4.7 1.9 -.25 -4.7 .3 -.25 4.1
4 14 .3 -.25 4.1 1.9 -.25 -4.7 5.9 -.25 4.9 .3 -.25 4.9
4 14 -18.8 -.25 4.9 -13.3 -.25 -.7 -13.3 -.25 4.9 -17.3 -.25 16.25
4 14 -12.5 -.25 -4.7 -7.7 -.25 -4.7 -7.7 -.25 4.1 -10.9 -.25 4.1
4 14 -10.9 -.25 4.1 -10.9 -.25 4.9 -12.5 -.25 4.9 -12.5 -.25 -4.7
4 14 0 -.25 17.1 .3 -.25 4.9 5.9 -.25 4.9 6.2 -.25 17
3 14 0 -.25 17.1 -10.9 -.25 4.9 .3 -.25 4.9
3 14 0 -.25 17.1 -12.5 -.25 4.9 -10.9 -.25 4.9
4 14 -13.3 -.25 4.9 -12.5 -.25 4.9 0 -.25 17.1 -6.2 -.25 17
4 14 -13.3 -.25 4.9 -6.2 -.25 17 -12.3 -.25 16.65 -17.3 -.25 16.25
4 14 -20 -.25 4.9 -18.8 -.25 4.9 -17.3 -.25 16.25 -20 -.25 15.95
4 14 9.1 -.25 4.9 17.3 -.25 16.25 12.3 -.25 16.65 6.2 -.25 17
3 14 6.2 -.25 17 5.9 -.25 4.9 9.1 -.25 4.9
4 14 20 -.25 -15.65 20 -.25 15.95 13.1 -.25 -4.7 16.4 -.25 -16
4 14 12.3 -.25 -16.35 16.4 -.25 -16 13.1 -.25 -4.7 8.2 -.25 -4.7
4 14 6.2 -.25 -16.7 12.3 -.25 -16.35 8.2 -.25 -4.7 2.7 -.25 -4.7
4 14 0 -.25 -16.8 6.2 -.25 -16.7 2.7 -.25 -4.7 1.9 -.25 -4.7
4 14 0 -.25 -16.8 1.9 -.25 -4.7 -2.9 -.25 -4.7 -6.2 -.25 -16.7
4 14 -6.2 -.25 -16.7 -2.9 -.25 -4.7 -7.7 -.25 -4.7 -12.3 -.25 -16.35
4 14 -12.3 -.25 -16.35 -7.7 -.25 -4.7 -12.5 -.25 -4.7 -17.3 -.25 -15.95
4 14 -17.3 -.25 -15.95 -12.5 -.25 -4.7 -17.3 -.25 -4.7 -20 -.25 -15.65
3 14 -20 -.25 -1.9509 -20 -.25 -15.65 -17.3 -.25 -4.7
4 14 60.25 40 -2 60.25 40 2 59.904 34.747 2 59.904 34.747 -2
4 14 59.904 34.747 2.6 60.25 40 2.6 60.25 40 4.5 59.904 34.747 4.5
4 14 60.25 40 -4.3 60.25 40 -2.6 59.904 34.747 -2.6 59.904 34.747 -4.3
4 14 58.877 29.583 2 58.877 29.583 -2 59.904 34.747 -2 59.904 34.747 2
4 14 58.877 29.583 2.6 59.904 34.747 2.6 59.904 34.747 4.5 58.877 29.583 4.5
4 14 59.904 34.747 -4.3 59.904 34.747 -2.6 58.877 29.583 -2.6 58.877 29.583 -4.3
4 14 57.187 24.596 -2 58.877 29.583 -2 58.877 29.583 2 57.187 24.596 2
4 14 57.187 24.596 2.6 58.877 29.583 2.6 58.877 29.583 4.5 57.187 24.596 4.5
4 14 58.877 29.583 -4.3 58.877 29.583 -2.6 57.187 24.596 -2.6 57.187 24.596 -4.3
4 14 55.8774 21.9436 -2 57.187 24.596 -2 57.187 24.596 2 55.8774 21.9436 2
4 14 55.8774 21.9436 -2 55.8774 21.9436 2 55.798 21.7829 1.6333 55.798 21.7829 -1.6333
4 14 55.798 21.7829 -1.6333 55.798 21.7829 1.6333 55.6515 21.486 1.3022 55.6515 21.486 -1.3022
4 14 55.6515 21.486 -1.3022 55.6515 21.486 1.3022 55.4599 21.0982 1.1231 55.4599 21.0982 -1.1231
4 14 55.2526 20.6783 -1.1231 55.4599 21.0982 -1.1231 55.4599 21.0982 1.1231 55.2526 20.6783 1.1231
3 14 55.798 21.7829 2.9667 55.8774 21.9436 2.6 57.187 24.596 2.6
3 14 55.6515 21.486 3.2978 55.798 21.7829 2.9667 57.187 24.596 2.6
4 14 55.4599 21.0982 3.4769 55.6515 21.486 3.2978 57.187 24.596 2.6 57.187 24.596 4.5
4 14 57.187 24.596 4.5 54.856 19.875 4.5 55.2526 20.6783 3.4769 55.4599 21.0982 3.4769
4 14 55.2526 20.6783 -1.1231 55.2526 20.6783 1.1231 55.0611 20.2904 1.3022 55.0611 20.2904 -1.3022
4 14 55.0611 20.2904 -1.3022 55.0611 20.2904 1.3022 54.9146 19.9936 1.6333 54.9146 19.9936 -1.6333
3 14 54.856 19.875 4.5 55.0611 20.2904 3.2978 55.2526 20.6783 3.4769
4 14 54.856 19.875 -1.9026 54.9146 19.9936 -1.6333 54.9146 19.9936 1.6333 54.856 19.875 1.9526
3 14 54.856 19.875 -2.6474 54.856 19.875 -4.3 54.9146 19.9936 -2.9667
3 14 54.9146 19.9936 -2.9667 54.856 19.875 -4.3 55.0611 20.2904 -3.2978
3 14 55.0611 20.2904 -3.2978 54.856 19.875 -4.3 55.2526 20.6783 -3.4769
4 14 55.4599 21.0982 -3.4769 55.2526 20.6783 -3.4769 54.856 19.875 -4.3 57.187 24.596 -4.3
3 14 55.6515 21.486 -3.2978 55.4599 21.0982 -3.4769 57.187 24.596 -4.3
3 14 55.798 21.7829 -2.9667 55.6515 21.486 -3.2978 57.187 24.596 -4.3
4 14 55.8774 21.9436 -2.6 55.798 21.7829 -2.9667 57.187 24.596 -4.3 57.187 24.596 -2.6
3 14 54.856 19.875 4.5 54.856 19.875 2.6474 54.9146 19.9936 2.9667
3 14 54.856 19.875 4.5 54.9146 19.9936 2.9667 55.0611 20.2904 3.2978
4 14 54.856 19.875 2.6474 54.856 19.875 4.5 51.934 15.496 4.5 54.83 19.836 2.5341
3 14 51.934 15.496 4.5 54.83 19.836 2.0659 54.83 19.836 2.5341
4 14 54.856 19.875 1.9526 54.83 19.836 2.0659 51.934 15.496 4.5 51.934 15.496 -4.3
4 14 54.856 19.875 -1.9026 54.856 19.875 1.9526 51.934 15.496 -4.3 54.83 19.836 -2.0159
3 14 54.83 19.836 -2.0159 51.934 15.496 -4.3 54.83 19.836 -2.5341
4 14 54.856 19.875 -2.6474 54.83 19.836 -2.5341 51.934 15.496 -4.3 54.856 19.875 -4.3
4 14 51.934 15.496 4.5 50.5455 13.914 4.5 50.5784 13.9515 -4.3 51.934 15.496 -4.3
4 14 50.5784 13.9515 -4.3 50.5455 13.914 4.5 49.7539 13.0121 5.45 48.461 11.539 6.8183
4 14 50.5784 13.9515 -4.3 48.461 11.539 6.8183 48.461 11.539 -6.6683 49.7539 13.0121 -5.3
4 14 44.504 8.066 .5 47.0405 10.2923 .5 47.1157 10.3583 4.1 44.504 8.066 4.1
3 14 48.461 11.539 6.8183 47.1157 10.3583 4.9 47.1157 10.3583 4.1
4 14 47.1157 10.3583 4.9 48.461 11.539 6.8183 46.7023 9.9954 8.15 44.504 8.066 4.9
4 14 48.461 11.539 6.8183 47.1157 10.3583 4.1 47.0405 10.2923 .5 48.461 11.539 -6.6683
3 14 47.0405 10.2923 .5 47.0405 10.2923 -.3 48.461 11.539 -6.6683
4 14 44.7107 8.2474 7.15 44.504 8.066 7 44.504 8.066 4.9 46.7023 9.9954 8.15
3 14 46.7023 9.9954 8.15 44.861 8.3793 7.5 44.7107 8.2474 7.15
3 14 46.7023 9.9954 8.15 44.7858 8.3134 7.85 44.861 8.3793 7.5
4 14 44.6355 8.1814 8.05 44.7858 8.3134 7.85 46.7023 9.9954 8.15 44.504 8.066 9.5803
3 14 44.504 8.066 9.5803 44.504 8.066 8.1805 44.6355 8.1814 8.05
4 14 44.504 8.066 -.3 44.504 8.066 -3.9 47.0405 10.2923 -3.9 47.0405 10.2923 -.3
3 14 47.0405 10.2923 -.3 47.0405 10.2923 -3.9 48.461 11.539 -6.6683
4 14 44.6355 8.1814 -7.85 44.504 8.066 -7.9805 44.504 8.066 -9.3803 46.7023 9.9954 -8
3 14 47.0405 10.2923 -3.9 47.0405 10.2923 -4.7 48.461 11.539 -6.6683
4 14 46.7023 9.9954 -8 48.461 11.539 -6.6683 47.0405 10.2923 -4.7 44.861 8.3793 -7.3
3 14 44.7858 8.3134 -7.65 44.6355 8.1814 -7.85 46.7023 9.9954 -8
3 14 44.861 8.3793 -7.3 44.7858 8.3134 -7.65 46.7023 9.9954 -8
3 14 47.0405 10.2923 -4.7 44.7107 8.2474 -6.95 44.861 8.3793 -7.3
4 14 44.504 8.066 -6.8 44.7107 8.2474 -6.95 47.0405 10.2923 -4.7 44.504 8.066 -4.7
4 14 44.504 8.066 .5 44.504 8.066 4.1 41.9881 6.3872 4.1 41.9881 6.3872 .5
4 14 40.125 5.144 4.9 44.504 8.066 4.9 44.504 8.066 7 40.125 5.144 7
4 14 42.1128 6.4704 9.35 44.504 8.066 8.1805 44.504 8.066 9.5803 42.3623 6.6369 10.55
4 14 42.1128 6.4704 9.35 42.3623 6.6369 10.55 40.125 5.144 11.4795 40.125 5.144 10.1105
4 14 41.9881 6.3872 -.3 41.9881 6.3872 -3.9 44.504 8.066 -3.9 44.504 8.066 -.3
4 14 44.504 8.066 -9.3803 44.504 8.066 -7.9805 42.1128 6.4704 -9.15 42.3623 6.6369 -10.35
4 14 40.125 5.144 -11.2795 42.3623 6.6369 -10.35 42.1128 6.4704 -9.15 40.125 5.144 -9.9105
4 14 40.125 5.144 -6.8 44.504 8.066 -6.8 44.504 8.066 -4.7 40.125 5.144 -4.7
3 14 40.125 5.144 7 37.8295 4.0106 4.9 40.125 5.144 4.9
4 14 37.8295 4.0106 4.9 36.3948 3.3022 4.1 36.3052 3.258 .5 37.8295 4.0106 -4.7
4 14 36.3948 3.3022 4.9 36.3948 3.3022 4.1 37.8295 4.0106 4.9 40.125 5.144 7
4 14 35.404 2.813 -4.7 37.8295 4.0106 -4.7 36.3052 3.258 -.3 35.404 2.813 -.3
3 14 36.3052 3.258 .5 36.3052 3.258 -.3 37.8295 4.0106 -4.7
4 14 35.404 2.813 4.1 35.404 2.813 .5 36.3052 3.258 .5 36.3948 3.3022 4.1
4 14 35.404 2.813 7 35.404 2.813 4.9 36.3948 3.3022 4.9 40.125 5.144 7
4 14 38.0537 4.1213 12.2 35.404 2.813 13.0621 35.404 2.813 11.7377 37.964 4.077 10.9
4 14 40.125 5.144 11.4795 38.0537 4.1213 12.2 37.964 4.077 10.9 40.125 5.144 10.1105
4 14 35.404 2.813 -11.5377 35.404 2.813 -12.8121 38.0537 4.1213 -12 37.964 4.077 -10.7
4 14 37.964 4.077 -10.7 38.0537 4.1213 -12 40.125 5.144 -11.2795 40.125 5.144 -9.9105
4 14 35.404 2.813 -6.8 40.125 5.144 -6.8 40.125 5.144 -4.7 37.8295 4.0106 -4.7
3 14 37.8295 4.0106 -4.7 35.404 2.813 -4.7 35.404 2.813 -6.8
4 14 35.404 2.813 4.1 30.417 1.123 4.1 30.417 1.123 .5 35.404 2.813 .5
4 14 30.417 1.123 -4.7 35.404 2.813 -4.7 35.404 2.813 -.3 30.417 1.123 -.3
4 14 30.417 1.123 14.25 30.417 1.123 12.9606 33.2775 2.0924 12.25 32.9934 1.9961 13.7
4 14 30.417 1.123 7 30.417 1.123 4.9 35.404 2.813 4.9 35.404 2.813 7
4 14 35.404 2.813 13.0621 32.9934 1.9961 13.7 33.2775 2.0924 12.25 35.404 2.813 11.7377
4 14 33.2775 2.0924 -12.05 32.9934 1.9961 -13.45 35.404 2.813 -12.8121 35.404 2.813 -11.5377
4 14 30.417 1.123 -6.8 35.404 2.813 -6.8 35.404 2.813 -4.7 30.417 1.123 -4.7
4 14 30.417 1.123 -12.7606 30.417 1.123 -13.95 32.9934 1.9961 -13.45 33.2775 2.0924 -12.05
4 14 25.253 .096 7 25.6797 .1809 4.1 30.0933 1.0586 4.9 30.417 1.123 7
4 14 25.253 .096 15.2 26.2829 .3008 13.7674 29.2106 .8831 13.25 27.9355 .6295 14.75
4 14 30.417 1.123 14.25 27.9355 .6295 14.75 29.2106 .8831 13.25 30.417 1.123 12.9606
3 14 25.253 .096 15.2 25.5325 .1516 13.9 26.2829 .3008 13.7674
3 14 30.417 1.123 7 30.0933 1.0586 4.9 30.417 1.123 4.9
4 14 25.253 .096 -6.8 30.417 1.123 -6.8 30.417 1.123 -4.7 25.6797 .1809 -4.7
3 14 25.253 .096 15.2 25.253 .096 13.9356 25.5325 .1516 13.9
3 14 25.5325 .1516 -13.7 25.253 .096 -13.7356 25.253 .096 -14.9
4 14 26.2829 .3008 -13.5674 25.5325 .1516 -13.7 25.253 .096 -14.9 27.9355 .6295 -14.45
4 14 29.2106 .8831 -13.05 26.2829 .3008 -13.5674 27.9355 .6295 -14.45 30.417 1.123 -13.95
3 14 30.417 1.123 -12.7606 29.2106 .8831 -13.05 30.417 1.123 -13.95
3 14 25.253 .096 7 25.253 .096 -6.8 25.6797 .1809 4.1
3 14 25.253 .096 -6.8 25.6797 .1809 -4.7 25.6797 .1809 4.1
4 14 25.253 .096 7 25.0884 .0852 7 25.0884 .0852 -6.8 25.253 .096 -6.8
4 14 24.7891 .0654 7.1 24.7891 .0654 -6.9 25.0884 .0852 -6.8 25.0884 .0852 7
3 14 25.253 .096 15.2 24.9886 .0786 13.9 25.253 .096 13.9356
4 14 24.6893 .0589 13.65 24.9886 .0786 13.9 25.253 .096 15.2 22.5941 -.0791 15.6
4 14 22.5941 -.0791 15.6 20 -.25 15.95 24.6394 .0556 13.35 24.6893 .0589 13.65
4 14 24.6394 .0556 -7.15 20 -.25 15.95 20 -.25 -15.65 24.6394 .0556 -13.15
4 14 24.6394 .0556 -13.15 20 -.25 -15.65 22.5941 -.0791 -15.3 24.6893 .0589 -13.45
4 14 22.5941 -.0791 -15.3 25.253 .096 -14.9 24.9886 .0786 -13.7 24.6893 .0589 -13.45
3 14 24.9886 .0786 -13.7 25.253 .096 -14.9 25.253 .096 -13.7356
4 14 24.7891 .0654 -6.9 24.7891 .0654 7.1 24.6394 .0556 7.35 24.6394 .0556 -7.15
3 14 20 -.25 15.95 24.6394 .0556 7.35 24.6394 .0556 13.35
3 14 20 -.25 15.95 24.6394 .0556 -7.15 24.6394 .0556 7.35
4 14 60.25 40 -2 60.25 45.32 -2 60.25 45.32 2 60.25 40 2
4 14 60.25 40 2.6 60.25 45.32 2.6 60.25 45.32 4.5 60.25 40 4.5
4 14 60.25 45.32 -4.3 60.25 45.32 -2.6 60.25 40 -2.6 60.25 40 -4.3

0 // Black
4 0 -60.25 40 -5.5 -60.25 40 -4.3 -60.25 45.32 -4.3 -60.25 45.32 -5.5
4 0 -60.25 45.32 4.5 -60.25 40 4.5 -60.25 40 5.7 -60.25 45.32 5.7
4 0 -60.25 40 2.6 -60.25 45.32 2.6 -60.25 45.32 2 -60.25 40 2
4 0 -60.25 45.32 -2 -60.25 45.32 -2.6 -60.25 40 -2.6 -60.25 40 -2
4 0 -60.25 40 -4.3 -60.25 40 -5.5 -59.904 34.747 -5.5 -59.904 34.747 -4.3
4 0 -59.904 34.747 5.7 -60.25 40 5.7 -60.25 40 4.5 -59.904 34.747 4.5
4 0 -59.904 34.747 2.6 -60.25 40 2.6 -60.25 40 2 -59.904 34.747 2
4 0 -60.25 40 -2 -60.25 40 -2.6 -59.904 34.747 -2.6 -59.904 34.747 -2
4 0 -59.904 34.747 -4.3 -59.904 34.747 -5.5 -58.877 29.583 -5.5 -58.877 29.583 -4.3
4 0 -58.877 29.583 5.7 -59.904 34.747 5.7 -59.904 34.747 4.5 -58.877 29.583 4.5
4 0 -58.877 29.583 2.6 -59.904 34.747 2.6 -59.904 34.747 2 -58.877 29.583 2
4 0 -59.904 34.747 -2 -59.904 34.747 -2.6 -58.877 29.583 -2.6 -58.877 29.583 -2
4 0 -58.877 29.583 -4.3 -58.877 29.583 -5.5 -57.187 24.596 -5.5 -57.187 24.596 -4.3
4 0 -57.187 24.596 5.7 -58.877 29.583 5.7 -58.877 29.583 4.5 -57.187 24.596 4.5
4 0 -57.187 24.596 2.6 -58.877 29.583 2.6 -58.877 29.583 2 -57.187 24.596 2
4 0 -58.877 29.583 -2 -58.877 29.583 -2.6 -57.187 24.596 -2.6 -57.187 24.596 -2
4 0 -57.187 24.596 -4.3 -57.187 24.596 -5.5 -54.856 19.875 -5.5 -54.856 19.875 -4.3
4 0 -54.856 19.875 5.7 -57.187 24.596 5.7 -57.187 24.596 4.5 -54.856 19.875 4.5
4 0 -55.4599 21.0982 1.1231 -55.2526 20.6783 1.1231 -55.3563 20.8882 2.3 -55.6515 21.486 1.3022
4 0 -55.798 21.7829 1.6333 -55.6515 21.486 1.3022 -55.3563 20.8882 2.3 -55.8774 21.9436 2
4 0 -55.8774 21.9436 2.6 -55.8774 21.9436 2 -55.3563 20.8882 2.3 -55.798 21.7829 3.0167
4 0 -55.6515 21.486 3.2978 -55.798 21.7829 3.0167 -55.3563 20.8882 2.3 -55.4599 21.0982 3.4769
4 0 -55.2526 20.6783 3.4769 -55.4599 21.0982 3.4769 -55.3563 20.8882 2.3 -55.0611 20.2904 3.2978
4 0 -55.4599 21.0982 -3.4769 -55.2526 20.6783 -3.4769 -55.3563 20.8882 -2.3 -55.6515 21.486 -3.2978
4 0 -55.798 21.7829 -2.9667 -55.6515 21.486 -3.2978 -55.3563 20.8882 -2.3 -55.8774 21.9436 -2.6
4 0 -55.8774 21.9436 -2 -55.8774 21.9436 -2.6 -55.3563 20.8882 -2.3 -55.798 21.7829 -1.6333
4 0 -55.6515 21.486 -1.3022 -55.798 21.7829 -1.6333 -55.3563 20.8882 -2.3 -55.4599 21.0982 -1.1231
4 0 -55.2526 20.6783 -1.1231 -55.4599 21.0982 -1.1231 -55.3563 20.8882 -2.3 -55.0611 20.2904 -1.3022
4 0 -55.8774 21.9436 2 -55.8774 21.9436 2.6 -57.187 24.596 2.6 -57.187 24.596 2
4 0 -55.8774 21.9436 -2 -57.187 24.596 -2 -57.187 24.596 -2.6 -55.8774 21.9436 -2.6
4 0 -55.3563 20.8882 2.3 -54.856 19.875 2.6474 -54.9146 19.9936 2.9667 -55.0611 20.2904 3.2978
4 0 -54.9146 19.9936 1.6333 -54.856 19.875 1.9526 -55.3563 20.8882 2.3 -55.0611 20.2904 1.3022
3 0 -55.3563 20.8882 2.3 -55.2526 20.6783 1.1231 -55.0611 20.2904 1.3022
4 0 -54.9146 19.9936 -1.6333 -55.0611 20.2904 -1.3022 -55.3563 20.8882 -2.3 -54.856 19.875 -1.9526
4 0 -54.9146 19.9936 -2.9667 -54.856 19.875 -2.6474 -55.3563 20.8882 -2.3 -55.0611 20.2904 -3.2978
3 0 -55.3563 20.8882 -2.3 -55.2526 20.6783 -3.4769 -55.0611 20.2904 -3.2978
3 0 -54.856 19.875 -1.9526 -55.3563 20.8882 -2.3 -54.856 19.875 -2.6474
3 0 -54.856 19.875 2.6474 -55.3563 20.8882 2.3 -54.856 19.875 1.9526
4 0 -54.856 19.875 -4.3 -54.856 19.875 -5.5 -51.934 15.496 -5.5 -51.934 15.496 -4.3
4 0 -51.934 15.496 5.7 -54.856 19.875 5.7 -54.856 19.875 4.5 -51.934 15.496 4.5
4 0 -54.856 19.875 -1.9526 -54.856 19.875 -2.6474 -54.83 19.836 -2.5341 -54.83 19.836 -2.0659
4 0 -54.856 19.875 2.6474 -54.856 19.875 1.9526 -54.83 19.836 2.0659 -54.83 19.836 2.5341
4 0 -49.8199 13.0872 -6.45 -48.461 11.539 -7.8286 -48.461 11.539 -6.3683 -49.7539 13.0121 -5
4 0 -50.6114 13.9891 -5.5 -49.8199 13.0872 -6.45 -49.7539 13.0121 -5 -50.3476 13.6885 -4.3
4 0 -51.934 15.496 -5.5 -50.6114 13.9891 -5.5 -50.3476 13.6885 -4.3 -51.934 15.496 -4.3
4 0 -50.5455 13.914 4.5 -50.8423 14.2522 5.7 -51.934 15.496 5.7 -51.934 15.496 4.5
4 0 -50.8423 14.2522 5.7 -50.5455 13.914 4.5 -49.7539 13.0121 5.45 -49.8199 13.0872 6.9
4 0 -49.8199 13.0872 6.9 -49.7539 13.0121 5.45 -48.461 11.539 6.8183 -48.461 11.539 8.2786
4 0 -44.504 8.066 4.9 -45.9132 9.3028 4.9 -46.4393 9.7646 4.7 -46.6648 9.9625 4.3
4 0 -44.504 8.066 4.9 -46.6648 9.9625 4.3 -46.8151 10.0944 3.8 -46.6648 9.9625 3.2
3 0 -44.504 8.066 4.9 -46.6648 9.9625 3.2 -44.504 8.066 -.5043
4 0 -46.8151 10.0944 -4.7 -44.504 8.066 -4.7 -44.504 8.066 -3.9 -46.8151 10.0944 -3.9
4 0 -46.7023 9.9954 -7.8 -48.461 11.539 -6.3683 -48.461 11.539 -7.8286 -46.7023 9.9954 -9.2
4 0 -44.504 8.066 -9.2303 -46.7023 9.9954 -7.8 -46.7023 9.9954 -9.2 -44.504 8.066 -10.5211
4 0 -48.461 11.539 8.2786 -48.461 11.539 6.8183 -46.7023 9.9954 8.15 -46.7023 9.9954 9.55
4 0 -46.7023 9.9954 9.55 -46.7023 9.9954 8.15 -44.504 8.066 9.5803 -44.504 8.066 10.8711
4 0 -44.5604 8.1155 8.15 -44.7858 8.3134 7.85 -44.504 8.066 7 -44.504 8.066 8.1805
4 0 -44.504 8.066 7 -44.7858 8.3134 7.85 -44.861 8.3793 7.5 -44.7858 8.3134 7.25
3 0 -44.7858 8.3134 7.25 -44.6731 8.2144 7.1 -44.504 8.066 7
4 0 -44.504 8.066 -6.8 -44.7858 8.3134 -7.65 -44.6355 8.1814 -7.85 -44.504 8.066 -7.9805
4 0 -44.861 8.3793 -7.3 -44.7858 8.3134 -7.65 -44.504 8.066 -6.8 -44.7107 8.2474 -6.95
4 0 -42.0712 6.4427 4.1 -40.125 5.144 4.1 -40.125 5.144 4.9 -44.504 8.066 4.9
3 0 -44.504 8.066 4.9 -42.1544 6.4982 4 -42.0712 6.4427 4.1
4 0 -42.0712 6.4427 3.8 -42.1544 6.4982 4 -44.504 8.066 4.9 -44.504 8.066 -.5043
4 0 -42.0712 6.4427 3.8 -44.504 8.066 -.5043 -42.5703 6.7757 -3.6 -40.125 5.144 .737
4 0 -40.125 5.144 -4.7 -40.125 5.144 .737 -42.5703 6.7757 -3.6 -42.4871 6.7202 -3.8
3 0 -42.4871 6.7202 -3.8 -42.5703 6.7757 -3.9 -40.125 5.144 -4.7
4 0 -40.125 5.144 -4.7 -42.5703 6.7757 -3.9 -44.504 8.066 -3.9 -44.504 8.066 -4.7
4 0 -42.3623 6.6369 -10.2 -44.504 8.066 -9.2303 -44.504 8.066 -10.5211 -42.3623 6.6369 -11.55
4 0 -40.125 5.144 -11.1295 -42.3623 6.6369 -10.2 -42.3623 6.6369 -11.55 -40.125 5.144 -12.4467
4 0 -42.1128 6.4704 9.35 -41.6554 6.1652 8.2 -40.9983 5.7267 8.4844 -40.125 5.144 10.1105
4 0 -41.6554 6.1652 8.2 -42.1128 6.4704 9.35 -44.504 8.066 8.1805 -44.504 8.066 7
4 0 -41.6554 6.1652 8.2 -44.504 8.066 7 -40.125 5.144 7 -40.6989 5.5269 8.2
3 0 -40.125 5.144 10.1105 -40.9983 5.7267 8.4844 -40.125 5.144 8.8624
3 0 -40.125 5.144 8.2 -40.6989 5.5269 8.2 -40.125 5.144 7
4 0 -40.125 5.144 11.4795 -40.125 5.144 12.7967 -42.3623 6.6369 11.9 -42.3623 6.6369 10.55
4 0 -42.3623 6.6369 10.55 -42.3623 6.6369 11.9 -44.504 8.066 10.8711 -44.504 8.066 9.5803
4 0 -41.6554 6.1652 -8 -40.125 5.144 -8 -40.125 5.144 -6.8 -44.504 8.066 -6.8
4 0 -41.6554 6.1652 -8 -44.504 8.066 -6.8 -44.504 8.066 -7.9805 -42.1128 6.4704 -9.15
4 0 -40.9151 5.6712 -8.35 -41.6554 6.1652 -8 -42.1128 6.4704 -9.15 -40.125 5.144 -9.9105
3 0 -40.9151 5.6712 -8.35 -40.125 5.144 -9.9105 -40.125 5.144 -8.6624
3 0 -35.404 2.813 -3.008 -36.0362 3.1251 -4.7 -35.404 2.813 -4.7
4 0 -40.125 5.144 4.1 -37.5605 3.8778 4.1 -37.5605 3.8778 4.9 -40.125 5.144 4.9
4 0 -37.8295 4.0106 -2.6 -40.125 5.144 .737 -40.125 5.144 -4.7 -37.5605 3.8778 -3.2
4 0 -37.5605 3.8778 -3.7 -37.5605 3.8778 -3.2 -40.125 5.144 -4.7 -37.7398 3.9663 -4.2
3 0 -37.7398 3.9663 -4.2 -40.125 5.144 -4.7 -38.3675 4.2762 -4.7
4 0 -38.0537 4.1213 -11.85 -40.125 5.144 -11.1295 -40.125 5.144 -12.4467 -38.0537 4.1213 -13.2
4 0 -35.404 2.813 -12.7121 -38.0537 4.1213 -11.85 -38.0537 4.1213 -13.2 -35.404 2.813 -13.9668
4 0 -35.404 2.813 13.0621 -35.404 2.813 14.3168 -38.0537 4.1213 13.5 -38.0537 4.1213 12.2
4 0 -35.404 2.813 10.4142 -35.404 2.813 11.7377 -38.3227 4.2541 10.75 -37.9192 4.0549 9.65
4 0 -37.9192 4.0549 9.65 -38.3227 4.2541 10.75 -40.125 5.144 10.1105 -40.125 5.144 8.8624
4 0 -40.125 5.144 8.2 -40.125 5.144 7 -35.404 2.813 7 -35.404 2.813 8.2
4 0 -38.0537 4.1213 12.2 -38.0537 4.1213 13.5 -40.125 5.144 12.7967 -40.125 5.144 11.4795
4 0 -40.125 5.144 -8 -35.404 2.813 -8 -35.404 2.813 -6.8 -40.125 5.144 -6.8
4 0 -37.9192 4.0549 -9.45 -40.125 5.144 -8.6624 -40.125 5.144 -9.9105 -37.964 4.077 -10.7
4 0 -35.404 2.813 -10.2142 -37.9192 4.0549 -9.45 -37.964 4.077 -10.7 -35.404 2.813 -11.5377
4 0 -35.404 2.813 -4.7 -35.314 2.7825 -4.7 -34.3668 2.4615 -2.3 -35.404 2.813 -3.008
4 0 -32.6619 1.8837 2.1 -32.283 1.7554 4.9 -35.404 2.813 -3.008 -33.9879 2.3331 -1.5
3 0 -33.9879 2.3331 -1.5 -35.404 2.813 -3.008 -34.3668 2.4615 -2.3
4 0 -32.6619 1.8837 2.1 -31.2411 1.4023 -1.5 -30.417 1.123 4.9 -32.283 1.7554 4.9
3 0 -30.417 1.123 4.9 -30.9569 1.306 -2.3 -30.417 1.123 -3.82
3 0 -30.417 1.123 4.9 -31.2411 1.4023 -1.5 -30.9569 1.306 -2.3
4 0 -30.9569 1.306 -2.3 -31.2411 1.4023 -1.5 -33.9879 2.3331 -1.5 -34.3668 2.4615 -2.3
4 0 -32.9934 1.9961 -13.35 -35.404 2.813 -12.7121 -35.404 2.813 -13.9668 -32.9934 1.9961 -14.55
4 0 -30.417 1.123 -13.95 -32.9934 1.9961 -13.35 -32.9934 1.9961 -14.55 -30.417 1.123 -15.2
4 0 -35.404 2.813 14.3168 -35.404 2.813 13.0621 -32.9934 1.9961 13.7 -32.9934 1.9961 14.9
4 0 -32.9934 1.9961 14.9 -32.9934 1.9961 13.7 -30.417 1.123 14.25 -30.417 1.123 15.5
4 0 -35.404 2.813 10.4142 -32.6903 1.8934 11.1221 -33.2775 2.0924 12.25 -35.404 2.813 11.7377
4 0 -35.404 2.813 8.2 -35.404 2.813 7 -30.417 1.123 7 -30.417 1.123 8.2
4 0 -32.6903 1.8934 11.1221 -30.417 1.123 11.6971 -30.417 1.123 12.9606 -33.2775 2.0924 12.25
4 0 -35.404 2.813 -8 -30.417 1.123 -8 -30.417 1.123 -6.8 -35.404 2.813 -6.8
4 0 -35.404 2.813 -10.2142 -35.404 2.813 -11.5377 -33.2775 2.0924 -12.05 -32.6903 1.8934 -10.9221
4 0 -30.417 1.123 -12.7606 -30.417 1.123 -11.4971 -32.6903 1.8934 -10.9221 -33.2775 2.0924 -12.05
4 0 -30.417 1.123 -3.82 -30.0933 1.0586 -4.7 -29.2106 .8831 4.9 -30.417 1.123 4.9
3 0 -29.2106 .8831 4.9 -30.0933 1.0586 -4.7 -25.2873 .1028 -4.7
4 0 -27.9355 .6295 -14.45 -30.417 1.123 -13.95 -30.417 1.123 -15.2 -27.9355 .6295 -15.7
4 0 -25.253 .096 -14.9 -27.9355 .6295 -14.45 -27.9355 .6295 -15.7 -25.253 .096 -16.15
4 0 -30.417 1.123 15.5 -30.417 1.123 14.25 -27.9355 .6295 14.75 -27.9355 .6295 16
4 0 -27.9355 .6295 16 -27.9355 .6295 14.75 -25.253 .096 15.2 -25.253 .096 16.45
4 0 -25.9249 .2296 12.55 -26.2829 .3008 13.7674 -29.2106 .8831 13.25 -28.5731 .7563 12.1
4 0 -28.5731 .7563 12.1 -29.2106 .8831 13.25 -30.417 1.123 12.9606 -30.417 1.123 11.6971
4 0 -25.9249 .2296 8.2 -30.417 1.123 8.2 -30.417 1.123 7 -25.253 .096 7
4 0 -25.9249 .2296 12.25 -25.9249 .2296 8.2 -25.253 .096 7 -25.253 .096 13.9356
3 0 -25.253 .096 13.9356 -25.9249 .2296 12.55 -25.9249 .2296 12.25
3 0 -25.253 .096 13.9356 -26.2829 .3008 13.7674 -25.9249 .2296 12.55
4 0 -29.2106 .8831 -13.05 -26.2829 .3008 -13.5674 -25.9249 .2296 -12.35 -28.5731 .7563 -11.9
4 0 -30.417 1.123 -12.7606 -29.2106 .8831 -13.05 -28.5731 .7563 -11.9 -30.417 1.123 -11.4971
4 0 -30.417 1.123 -6.8 -30.417 1.123 -8 -25.9249 .2296 -8 -25.253 .096 -6.8
4 0 -25.253 .096 -6.8 -25.9249 .2296 -8 -25.9249 .2296 -8.35 -25.253 .096 -13.7356
4 0 -25.253 .096 -13.7356 -25.9249 .2296 -8.35 -25.9249 .2296 -12.35 -25.5325 .1516 -13.7
3 0 -25.9249 .2296 -12.35 -26.2829 .3008 -13.5674 -25.5325 .1516 -13.7
4 0 -22.7936 -.066 .9 -20 -.25 -1.9509 -20 -.25 4.9 -23.6916 -.0069 4.9
4 0 -22.7936 -.066 .9 -23.6916 -.0069 4.9 -23.6916 -.0069 -4.7 -22.7936 -.066 -4.7
4 0 -22.5941 -.0791 -15.3 -25.253 .096 -14.9 -25.253 .096 -16.15 -22.5941 -.0791 -16.55
4 0 -20 -.25 -15.65 -22.5941 -.0791 -15.3 -22.5941 -.0791 -16.55 -20 -.25 -16.9
4 0 -25.253 .096 16.45 -25.253 .096 15.2 -22.5941 -.0791 15.6 -22.5941 -.0791 16.85
4 0 -22.5941 -.0791 16.85 -22.5941 -.0791 15.6 -20 -.25 15.95 -20 -.25 17.2
4 0 -24.6394 .0556 7.35 -24.6394 .0556 13.35 -25.253 .096 13.9356 -25.253 .096 7
4 0 -25.253 .096 13.9356 -24.6394 .0556 13.35 -24.6893 .0589 13.65 -24.9387 .0753 13.9
4 0 -25.253 .096 7 -25.0884 .0852 7 -24.7891 .0654 7.1 -24.6394 .0556 7.35
4 0 -25.253 .096 -13.7356 -24.6394 .0556 -13.15 -24.6394 .0556 -7.2 -25.253 .096 -6.8
4 0 -24.6893 .0589 -13.45 -24.6394 .0556 -13.15 -25.253 .096 -13.7356 -24.9886 .0786 -13.7
4 0 -24.7392 .0622 -7 -24.9886 .0786 -6.85 -25.253 .096 -6.8 -24.6394 .0556 -7.2
4 0 -20 -.25 4.9 -20 -.25 -1.9509 -17.3 -.25 -4.7 -13.3 -.25 -.7
4 0 20 -.25 17.2 17.3 -.25 17.45 17.3 -.25 16.25 20 -.25 15.95
4 0 12.3 -.25 16.65 17.3 -.25 16.25 17.3 -.25 17.45 12.3 -.25 17.85
4 0 6.2 -.25 17 12.3 -.25 16.65 12.3 -.25 17.85 6.2 -.25 18.2
4 0 0 -.25 17.1 6.2 -.25 17 6.2 -.25 18.2 0 -.25 18.3
4 0 5.5 -.25 2.1 5.9 -.25 4.9 1.9 -.25 -4.7 4.1 -.25 -1.5
3 0 4.1 -.25 -1.5 1.9 -.25 -4.7 3.7 -.25 -2.3
3 0 3.7 -.25 -2.3 1.9 -.25 -4.7 2.7 -.25 -4.7
4 0 5.5 -.25 2.1 7 -.25 -1.5 9.1 -.25 4.9 5.9 -.25 4.9
4 0 8.2 -.25 -4.7 13.1 -.25 -4.7 9.1 -.25 4.9 7.3 -.25 -2.3
3 0 9.1 -.25 4.9 7 -.25 -1.5 7.3 -.25 -2.3
4 0 7.3 -.25 -2.3 7 -.25 -1.5 4.1 -.25 -1.5 3.7 -.25 -2.3
4 0 -2.9 -.25 4.1 .3 -.25 4.1 .3 -.25 4.9 -10.9 -.25 4.9
3 0 -10.9 -.25 4.9 -7.7 -.25 4.1 -2.9 -.25 4.1
3 0 -10.9 -.25 4.9 -10.9 -.25 4.1 -7.7 -.25 4.1
4 0 -7.7 -.25 -4.7 -2.9 -.25 -4.7 -2.9 -.25 4.1 -7.7 -.25 4.1
4 0 -12.5 -.25 4.9 -13.3 -.25 4.9 -13.3 -.25 -.7 -12.5 -.25 -4.7
3 0 -13.3 -.25 -.7 -17.3 -.25 -4.7 -12.5 -.25 -4.7
3 0 -18.8 -.25 4.9 -20 -.25 4.9 -13.3 -.25 -.7
4 0 16.4 -.25 -16 16.4 -.25 -17.2 20 -.25 -16.9 20 -.25 -15.65
4 0 16.4 -.25 -17.2 16.4 -.25 -16 12.3 -.25 -16.35 12.3 -.25 -17.55
4 0 12.3 -.25 -17.55 12.3 -.25 -16.35 6.2 -.25 -16.7 6.2 -.25 -17.9
4 0 6.2 -.25 -17.9 6.2 -.25 -16.7 0 -.25 -16.8 0 -.25 -18
4 0 -20 -.25 -16.9 -17.3 -.25 -17.15 -17.3 -.25 -15.95 -20 -.25 -15.65
4 0 -12.3 -.25 -16.35 -17.3 -.25 -15.95 -17.3 -.25 -17.15 -12.3 -.25 -17.55
4 0 -6.2 -.25 -16.7 -12.3 -.25 -16.35 -12.3 -.25 -17.55 -6.2 -.25 -17.9
4 0 0 -.25 -16.8 -6.2 -.25 -16.7 -6.2 -.25 -17.9 0 -.25 -18
4 0 -17.3 -.25 16.25 -17.3 -.25 17.45 -20 -.25 17.2 -20 -.25 15.95
4 0 -17.3 -.25 17.45 -17.3 -.25 16.25 -12.3 -.25 16.65 -12.3 -.25 17.85
4 0 -12.3 -.25 17.85 -12.3 -.25 16.65 -6.2 -.25 17 -6.2 -.25 18.2
4 0 -6.2 -.25 18.2 -6.2 -.25 17 0 -.25 17.1 0 -.25 18.3
4 0 60.25 40 2 60.25 40 2.6 59.904 34.747 2.6 59.904 34.747 2
4 0 59.904 34.747 -2.6 60.25 40 -2.6 60.25 40 -2 59.904 34.747 -2
4 0 60.25 40 4.5 60.25 40 5.7 59.904 34.747 5.7 59.904 34.747 4.5
4 0 59.904 34.747 -5.5 60.25 40 -5.5 60.25 40 -4.3 59.904 34.747 -4.3
4 0 59.904 34.747 2 59.904 34.747 2.6 58.877 29.583 2.6 58.877 29.583 2
4 0 58.877 29.583 -2.6 59.904 34.747 -2.6 59.904 34.747 -2 58.877 29.583 -2
4 0 59.904 34.747 4.5 59.904 34.747 5.7 58.877 29.583 5.7 58.877 29.583 4.5
4 0 58.877 29.583 -5.5 59.904 34.747 -5.5 59.904 34.747 -4.3 58.877 29.583 -4.3
4 0 58.877 29.583 2 58.877 29.583 2.6 57.187 24.596 2.6 57.187 24.596 2
4 0 57.187 24.596 -2.6 58.877 29.583 -2.6 58.877 29.583 -2 57.187 24.596 -2
4 0 58.877 29.583 4.5 58.877 29.583 5.7 57.187 24.596 5.7 57.187 24.596 4.5
4 0 57.187 24.596 -5.5 58.877 29.583 -5.5 58.877 29.583 -4.3 57.187 24.596 -4.3
4 0 55.3563 20.8882 2.3 55.2526 20.6783 1.1231 55.4599 21.0982 1.1231 55.6515 21.486 1.3022
4 0 55.3563 20.8882 2.3 55.6515 21.486 1.3022 55.798 21.7829 1.6333 55.8774 21.9436 2
4 0 55.3563 20.8882 2.3 55.8774 21.9436 2 55.8774 21.9436 2.6 55.798 21.7829 2.9667
4 0 55.3563 20.8882 2.3 55.798 21.7829 2.9667 55.6515 21.486 3.2978 55.4599 21.0982 3.4769
4 0 55.3563 20.8882 2.3 55.4599 21.0982 3.4769 55.2526 20.6783 3.4769 55.0611 20.2904 3.2978
4 0 55.3563 20.8882 -2.3 55.2526 20.6783 -3.4769 55.4599 21.0982 -3.4769 55.6515 21.486 -3.2978
4 0 55.3563 20.8882 -2.3 55.6515 21.486 -3.2978 55.798 21.7829 -2.9667 55.8774 21.9436 -2.6
4 0 55.3563 20.8882 -2.3 55.8774 21.9436 -2.6 55.8774 21.9436 -2 55.798 21.7829 -1.6333
4 0 55.3563 20.8882 -2.3 55.798 21.7829 -1.6333 55.6515 21.486 -1.3022 55.4599 21.0982 -1.1231
4 0 55.3563 20.8882 -2.3 55.4599 21.0982 -1.1231 55.2526 20.6783 -1.1231 55.0611 20.2904 -1.3022
4 0 57.187 24.596 2.6 55.8774 21.9436 2.6 55.8774 21.9436 2 57.187 24.596 2
4 0 57.187 24.596 -2.6 57.187 24.596 -2 55.8774 21.9436 -2 55.8774 21.9436 -2.6
4 0 57.187 24.596 4.5 57.187 24.596 5.7 54.856 19.875 5.7 54.856 19.875 4.5
4 0 54.856 19.875 -5.5 57.187 24.596 -5.5 57.187 24.596 -4.3 54.856 19.875 -4.3
4 0 55.3563 20.8882 2.3 54.856 19.875 1.9526 54.9146 19.9936 1.6333 55.0611 20.2904 1.3022
3 0 55.3563 20.8882 2.3 55.0611 20.2904 1.3022 55.2526 20.6783 1.1231
4 0 55.3563 20.8882 2.3 55.0611 20.2904 3.2978 54.9146 19.9936 2.9667 54.856 19.875 2.6474
4 0 55.3563 20.8882 -2.3 55.0611 20.2904 -1.3022 54.9146 19.9936 -1.6333 54.856 19.875 -1.9026
4 0 55.3563 20.8882 -2.3 54.856 19.875 -2.6474 54.9146 19.9936 -2.9667 55.0611 20.2904 -3.2978
3 0 55.3563 20.8882 -2.3 55.0611 20.2904 -3.2978 55.2526 20.6783 -3.4769
3 0 54.856 19.875 2.6474 54.856 19.875 1.9526 55.3563 20.8882 2.3
3 0 54.856 19.875 -1.9026 54.856 19.875 -2.6474 55.3563 20.8882 -2.3
4 0 54.856 19.875 4.5 54.856 19.875 5.7 51.934 15.496 5.7 51.934 15.496 4.5
4 0 51.934 15.496 -5.5 54.856 19.875 -5.5 54.856 19.875 -4.3 51.934 15.496 -4.3
4 0 54.83 19.836 2.0659 54.856 19.875 1.9526 54.856 19.875 2.6474 54.83 19.836 2.5341
4 0 54.83 19.836 -2.5341 54.856 19.875 -2.6474 54.856 19.875 -1.9026 54.83 19.836 -2.0159
4 0 49.8199 13.0872 6.9 48.461 11.539 8.2786 48.461 11.539 6.8183 49.7539 13.0121 5.45
4 0 51.934 15.496 5.7 50.8423 14.2522 5.7 50.5455 13.914 4.5 51.934 15.496 4.5
4 0 50.8423 14.2522 5.7 49.8199 13.0872 6.9 49.7539 13.0121 5.45 50.5455 13.914 4.5
4 0 50.5784 13.9515 -4.3 50.8423 14.2522 -5.55 51.934 15.496 -5.5 51.934 15.496 -4.3
4 0 50.8423 14.2522 -5.55 50.5784 13.9515 -4.3 49.7539 13.0121 -5.3 49.8199 13.0872 -6.75
4 0 49.8199 13.0872 -6.75 49.7539 13.0121 -5.3 48.461 11.539 -6.6683 48.461 11.539 -8.1286
4 0 46.7023 9.9954 8.15 48.461 11.539 6.8183 48.461 11.539 8.2786 46.7023 9.9954 9.55
4 0 44.504 8.066 9.5803 46.7023 9.9954 8.15 46.7023 9.9954 9.55 44.504 8.066 10.8711
4 0 44.504 8.066 -4.7 47.0405 10.2923 -4.7 47.0405 10.2923 -3.9 44.504 8.066 -3.9
4 0 44.504 8.066 4.1 47.1157 10.3583 4.1 47.1157 10.3583 4.9 44.504 8.066 4.9
4 0 47.0405 10.2923 -.3 47.0405 10.2923 .5 44.504 8.066 .5 44.504 8.066 -.3
4 0 44.504 8.066 7 44.7858 8.3134 7.85 44.6355 8.1814 8.05 44.504 8.066 8.1805
4 0 44.861 8.3793 7.5 44.7858 8.3134 7.85 44.504 8.066 7 44.7107 8.2474 7.15
4 0 48.461 11.539 -8.1286 48.461 11.539 -6.6683 46.7023 9.9954 -8 46.7023 9.9954 -9.35
4 0 46.7023 9.9954 -9.35 46.7023 9.9954 -8 44.504 8.066 -9.3803 44.504 8.066 -10.7211
4 0 44.6355 8.1814 -7.85 44.7858 8.3134 -7.65 44.504 8.066 -6.8 44.504 8.066 -7.9805
4 0 44.504 8.066 -6.8 44.7858 8.3134 -7.65 44.861 8.3793 -7.3 44.7107 8.2474 -6.95
4 0 42.3623 6.6369 10.55 44.504 8.066 9.5803 44.504 8.066 10.8711 42.3623 6.6369 11.9
4 0 40.125 5.144 11.4795 42.3623 6.6369 10.55 42.3623 6.6369 11.9 40.125 5.144 12.7967
4 0 41.9881 6.3872 -3.9 40.125 5.144 -4.7 44.504 8.066 -4.7 44.504 8.066 -3.9
3 0 41.9881 6.3872 -.3 40.125 5.144 -4.7 41.9881 6.3872 -3.9
4 0 40.125 5.144 -4.7 41.9881 6.3872 -.3 41.9881 6.3872 .5 40.125 5.144 4.9
4 0 44.504 8.066 .5 41.9881 6.3872 .5 41.9881 6.3872 -.3 44.504 8.066 -.3
4 0 41.9881 6.3872 4.1 44.504 8.066 4.1 44.504 8.066 4.9 40.125 5.144 4.9
4 0 40.9983 5.7267 8.4844 41.6554 6.1652 8.2 42.1128 6.4704 9.35 40.125 5.144 10.1105
4 0 44.504 8.066 8.1805 42.1128 6.4704 9.35 41.6554 6.1652 8.2 44.504 8.066 7
4 0 40.125 5.144 7 44.504 8.066 7 41.6554 6.1652 8.2 40.6989 5.5269 8.2
3 0 40.125 5.144 4.9 41.9881 6.3872 .5 41.9881 6.3872 4.1
3 0 40.125 5.144 10.1105 40.125 5.144 8.8624 40.9983 5.7267 8.4844
3 0 40.6989 5.5269 8.2 40.125 5.144 8.2 40.125 5.144 7
4 0 44.504 8.066 -10.7211 44.504 8.066 -9.3803 42.3623 6.6369 -10.35 42.3623 6.6369 -11.7
4 0 42.3623 6.6369 -11.7 42.3623 6.6369 -10.35 40.125 5.144 -11.2795 40.125 5.144 -12.5967
4 0 40.125 5.144 -8.6624 40.125 5.144 -9.9105 42.1128 6.4704 -9.15 40.9068 5.6657 -8.35
4 0 41.6554 6.1652 -8 42.1128 6.4704 -9.15 44.504 8.066 -7.9805 44.504 8.066 -6.8
4 0 41.6554 6.1652 -8 44.504 8.066 -6.8 40.125 5.144 -6.8 40.125 5.144 -8
3 0 41.6554 6.1652 -8 40.9068 5.6657 -8.35 42.1128 6.4704 -9.15
4 0 38.0537 4.1213 12.2 40.125 5.144 11.4795 40.125 5.144 12.7967 38.0537 4.1213 13.5
4 0 35.404 2.813 13.0621 38.0537 4.1213 12.2 38.0537 4.1213 13.5 35.404 2.813 14.3168
4 0 40.125 5.144 4.9 37.8295 4.0106 4.9 37.8295 4.0106 -4.7 40.125 5.144 -4.7
4 0 37.964 4.077 10.9 35.404 2.813 11.7377 35.404 2.813 10.4142 37.9192 4.0549 9.65
4 0 40.125 5.144 10.1105 37.964 4.077 10.9 37.9192 4.0549 9.65 40.125 5.144 8.8624
4 0 35.404 2.813 7 40.125 5.144 7 40.125 5.144 8.2 35.404 2.813 8.2
4 0 35.404 2.813 4.1 36.3948 3.3022 4.1 36.3948 3.3022 4.9 35.404 2.813 4.9
4 0 35.404 2.813 -.3 36.3052 3.258 -.3 36.3052 3.258 .5 35.404 2.813 .5
4 0 40.125 5.144 -12.5967 40.125 5.144 -11.2795 38.0537 4.1213 -12 38.0537 4.1213 -13.3
4 0 38.0537 4.1213 -13.3 38.0537 4.1213 -12 35.404 2.813 -12.8121 35.404 2.813 -14.0668
4 0 35.404 2.813 -10.2142 35.404 2.813 -11.5377 37.964 4.077 -10.7 37.9192 4.0549 -9.45
4 0 37.9192 4.0549 -9.45 37.964 4.077 -10.7 40.125 5.144 -9.9105 40.125 5.144 -8.6624
4 0 40.125 5.144 -8 40.125 5.144 -6.8 35.404 2.813 -6.8 35.404 2.813 -8
4 0 32.9934 1.9961 13.7 35.404 2.813 13.0621 35.404 2.813 14.3168 32.9934 1.9961 14.9
4 0 30.417 1.123 14.25 32.9934 1.9961 13.7 32.9934 1.9961 14.9 30.417 1.123 15.5
4 0 35.404 2.813 4.9 30.417 1.123 4.9 30.417 1.123 4.1 35.404 2.813 4.1
4 0 35.404 2.813 .5 30.417 1.123 .5 30.417 1.123 -.3 35.404 2.813 -.3
4 0 33.2775 2.0924 12.25 32.6903 1.8934 11.1221 35.404 2.813 10.4142 35.404 2.813 11.7377
4 0 30.417 1.123 7 35.404 2.813 7 35.404 2.813 8.2 30.417 1.123 8.2
4 0 30.417 1.123 12.9606 30.417 1.123 11.6971 32.6903 1.8934 11.1221 33.2775 2.0924 12.25
4 0 35.404 2.813 -14.0668 35.404 2.813 -12.8121 32.9934 1.9961 -13.45 32.9934 1.9961 -14.7
4 0 32.9934 1.9961 -14.7 32.9934 1.9961 -13.45 30.417 1.123 -13.95 30.417 1.123 -15.25
4 0 35.404 2.813 -10.2142 32.6903 1.8934 -10.9221 33.2775 2.0924 -12.05 35.404 2.813 -11.5377
4 0 35.404 2.813 -8 35.404 2.813 -6.8 30.417 1.123 -6.8 30.417 1.123 -8
4 0 32.6903 1.8934 -10.9221 30.417 1.123 -11.4971 30.417 1.123 -12.7606 33.2775 2.0924 -12.05
4 0 27.9355 .6295 14.75 30.417 1.123 14.25 30.417 1.123 15.5 27.9355 .6295 16
4 0 25.253 .096 15.2 27.9355 .6295 14.75 27.9355 .6295 16 25.253 .096 16.45
4 0 25.6797 .1809 4.1 25.6797 .1809 -4.7 30.417 1.123 -4.7 30.417 1.123 -.3
3 0 25.6797 .1809 4.1 30.417 1.123 -.3 30.417 1.123 .5
4 0 25.6797 .1809 4.1 30.417 1.123 .5 30.417 1.123 4.1 30.0933 1.0586 4.9
3 0 30.417 1.123 4.9 30.0933 1.0586 4.9 30.417 1.123 4.1
4 0 29.2106 .8831 13.25 26.2829 .3008 13.7674 25.9249 .2296 12.55 28.5731 .7563 12.1
4 0 30.417 1.123 12.9606 29.2106 .8831 13.25 28.5731 .7563 12.1 30.417 1.123 11.6971
4 0 30.417 1.123 7 30.417 1.123 8.2 25.9249 .2296 8.2 25.253 .096 7
4 0 25.9249 .2296 8.2 25.9249 .2296 12.25 25.253 .096 13.9356 25.253 .096 7
4 0 25.253 .096 13.9356 25.9249 .2296 12.25 25.9249 .2296 12.55 25.5325 .1516 13.9
3 0 25.5325 .1516 13.9 25.9249 .2296 12.55 26.2829 .3008 13.7674
4 0 30.417 1.123 -15.25 30.417 1.123 -13.95 27.9355 .6295 -14.45 27.9355 .6295 -15.7
4 0 27.9355 .6295 -15.7 27.9355 .6295 -14.45 25.253 .096 -14.9 25.253 .096 -16.15
4 0 25.9249 .2296 -12.35 26.2829 .3008 -13.5674 29.2106 .8831 -13.05 28.5731 .7563 -11.9
4 0 28.5731 .7563 -11.9 29.2106 .8831 -13.05 30.417 1.123 -12.7606 30.417 1.123 -11.4971
4 0 25.9249 .2296 -8 30.417 1.123 -8 30.417 1.123 -6.8 25.253 .096 -6.8
4 0 25.9249 .2296 -8.35 25.9249 .2296 -8 25.253 .096 -6.8 25.253 .096 -13.7356
4 0 25.9249 .2296 -12.35 25.9249 .2296 -8.35 25.253 .096 -13.7356 25.5325 .1516 -13.7
3 0 25.9249 .2296 -12.35 25.5325 .1516 -13.7 26.2829 .3008 -13.5674
4 0 20 -.25 15.95 22.5941 -.0791 15.6 22.5941 -.0791 16.85 20 -.25 17.2
4 0 24.6394 .0556 13.35 24.6394 .0556 7.35 25.253 .096 13.9356 24.6893 .0589 13.65
3 0 25.253 .096 13.9356 24.9886 .0786 13.9 24.6893 .0589 13.65
4 0 24.7891 .0654 7.1 25.0884 .0852 7 25.253 .096 13.9356 24.6394 .0556 7.35
3 0 25.253 .096 13.9356 25.0884 .0852 7 25.253 .096 7
4 0 25.253 .096 -16.15 25.253 .096 -14.9 22.5941 -.0791 -15.3 22.5941 -.0791 -16.55
4 0 22.5941 -.0791 -16.55 22.5941 -.0791 -15.3 20 -.25 -15.65 20 -.25 -16.9
4 0 24.6394 .0556 -7.15 24.6394 .0556 -13.15 25.253 .096 -13.7356 25.253 .096 -6.8
4 0 25.253 .096 -13.7356 24.6394 .0556 -13.15 24.6893 .0589 -13.45 24.9886 .0786 -13.7
4 0 25.253 .096 -6.8 25.0884 .0852 -6.8 24.7891 .0654 -6.9 24.6394 .0556 -7.15
4 0 25.253 .096 16.45 22.5941 -.0791 16.85 22.5941 -.0791 15.6 25.253 .096 15.2
4 0 60.25 45.32 2 60.25 45.32 2.6 60.25 40 2.6 60.25 40 2
4 0 60.25 40 -2.6 60.25 45.32 -2.6 60.25 45.32 -2 60.25 40 -2
4 0 60.25 40 5.7 60.25 40 4.5 60.25 45.32 4.5 60.25 45.32 5.7
4 0 60.25 45.32 -4.3 60.25 40 -4.3 60.25 40 -5.5 60.25 45.32 -5.5

0 // Metallic Silver
4 80 -60.25 40 -5.9 -60.25 40 -5.5 -60.25 45.32 -5.5 -60.25 45.32 -5.9
4 80 -59.904 34.747 -5.9 -59.904 34.747 -5.5 -60.25 40 -5.5 -60.25 40 -5.9
4 80 -58.877 29.583 -5.9 -58.877 29.583 -5.5 -59.904 34.747 -5.5 -59.904 34.747 -5.9
4 80 -57.187 24.596 -5.8984 -57.187 24.596 -5.5 -58.877 29.583 -5.5 -58.877 29.583 -5.9
4 80 -54.856 19.875 -5.8991 -54.856 19.875 -5.5 -57.187 24.596 -5.5 -57.187 24.596 -5.8984
4 80 -51.934 15.496 -5.9 -51.934 15.496 -5.5 -54.856 19.875 -5.5 -54.856 19.875 -5.8991
4 80 -48.461 11.539 -8.35 -48.461 11.539 -7.8286 -49.8199 13.0872 -6.45 -49.8199 13.0872 -7
4 80 -49.8199 13.0872 -7 -49.8199 13.0872 -6.45 -50.6114 13.9891 -5.5 -50.8093 14.2146 -5.9
4 80 -50.8093 14.2146 -5.9 -50.6114 13.9891 -5.5 -51.934 15.496 -5.5 -51.934 15.496 -5.9
4 80 -44.504 8.066 -10.9601 -44.504 8.066 -10.5211 -46.7023 9.9954 -9.2 -46.7023 9.9954 -9.65
4 80 -46.7023 9.9954 -9.65 -46.7023 9.9954 -9.2 -48.461 11.539 -7.8286 -48.461 11.539 -8.35
3 80 -40.9983 5.7267 8.4844 -41.6554 6.1652 8.2 -40.6989 5.5269 8.2
4 80 -40.6989 5.5269 8.2 -40.125 5.144 8.4654 -40.125 5.144 8.8624 -40.9983 5.7267 8.4844
4 80 -40.125 5.144 -8 -41.6554 6.1652 -8 -40.9151 5.6712 -8.35 -40.125 5.144 -8.35
4 80 -40.125 5.144 -12.9 -40.125 5.144 -12.4467 -42.3623 6.6369 -11.55 -42.3623 6.6369 -12
4 80 -42.3623 6.6369 -12 -42.3623 6.6369 -11.55 -44.504 8.066 -10.5211 -44.504 8.066 -10.9601
4 80 -35.404 2.813 10.1099 -35.404 2.813 10.4142 -37.9192 4.0549 9.65 -37.964 4.077 9.25
4 80 -37.964 4.077 9.25 -37.9192 4.0549 9.65 -40.125 5.144 8.8624 -40.125 5.144 8.4654
4 80 -35.404 2.813 -8 -40.125 5.144 -8 -40.125 5.144 -8.35 -35.404 2.813 -8.35
4 80 -35.404 2.813 -14.35 -35.404 2.813 -13.9668 -38.0537 4.1213 -13.2 -38.0537 4.1213 -13.6
4 80 -38.0537 4.1213 -13.6 -38.0537 4.1213 -13.2 -40.125 5.144 -12.4467 -40.125 5.144 -12.9
4 80 -32.6903 1.8934 10.8221 -32.6903 1.8934 11.1221 -35.404 2.813 10.4142 -35.404 2.813 10.1099
4 80 -32.6903 1.8934 11.1221 -32.6903 1.8934 10.8221 -30.417 1.123 11.3971 -30.417 1.123 11.6971
4 80 -30.417 1.123 -8 -35.404 2.813 -8 -35.404 2.813 -8.35 -30.417 1.123 -8.35
4 80 -30.417 1.123 -15.5891 -30.417 1.123 -15.2 -32.9934 1.9961 -14.55 -32.9934 1.9961 -14.95
4 80 -32.9934 1.9961 -14.95 -32.9934 1.9961 -14.55 -35.404 2.813 -13.9668 -35.404 2.813 -14.35
4 80 -28.5731 .7563 12.1 -28.5731 .7563 11.8 -25.9249 .2296 12.25 -25.9249 .2296 12.55
4 80 -28.5731 .7563 11.8 -28.5731 .7563 12.1 -30.417 1.123 11.6971 -30.417 1.123 11.3971
4 80 -30.417 1.123 -8 -30.417 1.123 -8.35 -25.9249 .2296 -8.35 -25.9249 .2296 -8
4 80 -25.253 .096 -16.5 -25.253 .096 -16.15 -27.9355 .6295 -15.7 -27.9355 .6295 -16.05
4 80 -27.9355 .6295 -16.05 -27.9355 .6295 -15.7 -30.417 1.123 -15.2 -30.417 1.123 -15.5891
4 80 -20 -.25 -17.25 -20 -.25 -16.9 -22.5941 -.0791 -16.55 -22.5941 -.0791 -16.9
4 80 -22.5941 -.0791 -16.9 -22.5941 -.0791 -16.55 -25.253 .096 -16.15 -25.253 .096 -16.5
4 80 20 -.25 -17.2 20 -.25 -16.9 16.4 -.25 -17.2 16.4 -.25 -17.5
4 80 16.4 -.25 -17.5 16.4 -.25 -17.2 12.3 -.25 -17.55 12.3 -.25 -17.9
4 80 12.3 -.25 -17.9 12.3 -.25 -17.55 6.2 -.25 -17.9 6.2 -.25 -18.25
4 80 6.2 -.25 -18.25 6.2 -.25 -17.9 0 -.25 -18 0 -.25 -18.4
4 80 0 -.25 -18.4 0 -.25 -18 -6.2 -.25 -17.9 -6.2 -.25 -18.25
4 80 -6.2 -.25 -18.25 -6.2 -.25 -17.9 -12.3 -.25 -17.55 -12.3 -.25 -17.95
4 80 -12.3 -.25 -17.95 -12.3 -.25 -17.55 -17.3 -.25 -17.15 -17.3 -.25 -17.5
4 80 -17.3 -.25 -17.5 -17.3 -.25 -17.15 -20 -.25 -16.9 -20 -.25 -17.25
4 80 59.904 34.747 -5.9 60.25 40 -5.9 60.25 40 -5.5 59.904 34.747 -5.5
4 80 58.877 29.583 -5.5 58.877 29.583 -5.9 59.904 34.747 -5.9 59.904 34.747 -5.5
4 80 57.187 24.596 -5.5 57.187 24.596 -5.9 58.877 29.583 -5.9 58.877 29.583 -5.5
4 80 54.856 19.875 -5.9 57.187 24.596 -5.9 57.187 24.596 -5.5 54.856 19.875 -5.5
4 80 54.856 19.875 -5.9 54.856 19.875 -5.5 51.934 15.496 -5.5 51.934 15.496 -5.9
4 80 51.934 15.496 -5.5 50.8423 14.2522 -5.55 50.8093 14.2146 -5.9 51.934 15.496 -5.9
4 80 50.8093 14.2146 -5.9 50.8423 14.2522 -5.55 49.8199 13.0872 -6.75 49.8199 13.0872 -7.05
4 80 49.8199 13.0872 -7.05 49.8199 13.0872 -6.75 48.461 11.539 -8.1286 48.461 11.539 -8.45
4 80 48.461 11.539 -8.45 48.461 11.539 -8.1286 46.7023 9.9954 -9.35 46.7023 9.9954 -9.7
4 80 46.7023 9.9954 -9.7 46.7023 9.9954 -9.35 44.504 8.066 -10.7211 44.504 8.066 -11.0077
4 80 40.6989 5.5269 8.2 41.6554 6.1652 8.2 40.9983 5.7267 8.4844 40.125 5.144 8.4654
3 80 40.125 5.144 8.8624 40.125 5.144 8.4654 40.9983 5.7267 8.4844
4 80 41.6554 6.1652 -8 40.125 5.144 -8 40.125 5.144 -8.35 40.9068 5.6657 -8.35
4 80 44.504 8.066 -11.0077 44.504 8.066 -10.7211 42.3623 6.6369 -11.7 42.3623 6.6369 -12
4 80 42.3623 6.6369 -12 42.3623 6.6369 -11.7 40.125 5.144 -12.5967 40.125 5.144 -12.9
4 80 37.9192 4.0549 9.65 35.404 2.813 10.4142 35.404 2.813 10.1099 37.964 4.077 9.25
4 80 37.9192 4.0549 9.65 37.964 4.077 9.25 40.125 5.144 8.4654 40.125 5.144 8.8624
4 80 40.125 5.144 -8 35.404 2.813 -8 35.404 2.813 -8.35 40.125 5.144 -8.35
4 80 40.125 5.144 -12.9 40.125 5.144 -12.5967 38.0537 4.1213 -13.3 38.0537 4.1213 -13.6
4 80 38.0537 4.1213 -13.6 38.0537 4.1213 -13.3 35.404 2.813 -14.0668 35.4085 2.8152 -14.4
4 80 35.404 2.813 10.4142 32.6903 1.8934 11.1221 32.6903 1.8934 10.8221 35.404 2.813 10.1099
4 80 30.417 1.123 11.3971 32.6903 1.8934 10.8221 32.6903 1.8934 11.1221 30.417 1.123 11.6971
4 80 35.404 2.813 -8 30.417 1.123 -8 30.417 1.123 -8.35 35.404 2.813 -8.35
4 80 35.4085 2.8152 -14.4 35.404 2.813 -14.0668 32.9934 1.9961 -14.7 32.9934 1.9961 -15
4 80 32.9934 1.9961 -15 32.9934 1.9961 -14.7 30.417 1.123 -15.25 30.417 1.123 -15.6
4 80 25.9249 .2296 12.25 28.5731 .7563 11.8 28.5731 .7563 12.1 25.9249 .2296 12.55
4 80 30.417 1.123 11.6971 28.5731 .7563 12.1 28.5731 .7563 11.8 30.417 1.123 11.3971
4 80 25.9249 .2296 -8 25.9249 .2296 -8.35 30.417 1.123 -8.35 30.417 1.123 -8
4 80 30.417 1.123 -15.6 30.417 1.123 -15.25 27.9355 .6295 -15.7 27.9355 .6295 -16
4 80 27.9355 .6295 -16 27.9355 .6295 -15.7 25.253 .096 -16.15 25.253 .096 -16.45
4 80 25.253 .096 -16.45 25.253 .096 -16.15 22.5941 -.0791 -16.55 22.5941 -.0791 -16.85
4 80 22.5941 -.0791 -16.85 22.5941 -.0791 -16.55 20 -.25 -16.9 20 -.25 -17.2
4 80 60.25 40 -5.9 60.25 45.32 -5.9 60.25 45.32 -5.5 60.25 40 -5.5

