0 Duplo Brick  2 x  4 x  2 with Rounded Ends with Cat Face Plain Pattern
0 Name: 4198p09.dat
0 Author: Takeshi Takahashi [RainbowDolphin]
0 !LDRAW_ORG Part UPDATE 2020-03
0 !LICENSE Redistributable under CCAL version 2.0 : see CAreadme.txt

0 BFC CERTIFY CCW

0 !CATEGORY Brick
0 !KEYWORDS Set 1482, bricklink 4198pb14

0 !HISTORY 2020-12-29 [PTadmin] Official Update 2020-03

1 16 0 0 0 1 0 0 0 1 0 0 0 1 s\4198s01.dat
4 15 -18.25 51 -40 -21.02 49.85 -40 -21.25 51 -40 -21.02 52.15 -40
4 15 -18.25 51 -40 -21.02 52.15 -40 -20.37 53.12 -40 -19.4 53.77 -40
4 15 -18.25 51 -40 -19.4 53.77 -40 -18.25 54 -40 -17.1 53.77 -40
4 15 -18.25 51 -40 -17.1 53.77 -40 -16.13 53.12 -40 -15.48 52.15 -40
4 15 -18.25 51 -40 -15.48 52.15 -40 -15.25 51 -40 -15.48 49.85 -40
4 15 -18.25 51 -40 -15.48 49.85 -40 -16.13 48.88 -40 -17.1 48.23 -40
4 15 -18.25 51 -40 -17.1 48.23 -40 -18.25 48 -40 -19.4 48.23 -40
4 15 -18.25 51 -40 -19.4 48.23 -40 -20.37 48.88 -40 -21.02 49.85 -40
4 0 -29 47.5 -40 -28.39 44.44 -40 -31.16 43.29 -40 -32 47.5 -40
4 0 -28.39 50.56 -40 -29 47.5 -40 -32 47.5 -40 -31.16 51.71 -40
4 0 -26.66 53.16 -40 -28.39 50.56 -40 -31.16 51.71 -40 -28.78 55.28 -40
4 0 -24.06 54.89 -40 -26.66 53.16 -40 -28.78 55.28 -40 -25.21 57.66 -40
4 0 -21 55.5 -40 -24.06 54.89 -40 -25.21 57.66 -40 -21 58.5 -40
4 0 -13.61 50.56 -40 -13.22 55.28 -40 -10.84 51.71 -40 -13 47.5 -40
4 0 -13 47.5 -40 -10.84 51.71 -40 -10 47.5 -40 -13.61 44.44 -40
4 0 -13.61 44.44 -40 -10 47.5 -40 -10.84 43.29 -40 -15.34 41.84 -40
4 0 -15.34 41.84 -40 -10.84 43.29 -40 -13.22 39.72 -40 -17.94 40.11 -40
4 0 -17.94 40.11 -40 -13.22 39.72 -40 -16.79 37.34 -40 -21 39.5 -40
4 0 -21 39.5 -40 -16.79 37.34 -40 -21 36.5 -40 -24.06 40.11 -40
4 0 -24.06 40.11 -40 -21 36.5 -40 -25.21 37.34 -40 -26.66 41.84 -40
4 0 -26.66 41.84 -40 -25.21 37.34 -40 -28.78 39.72 -40 -28.39 44.44 -40
3 0 -28.78 39.72 -40 -31.16 43.29 -40 -28.39 44.44 -40
4 15 -24.06 40.11 -40 -26.66 41.84 -40 -23.99 45.26 -40 -22.05 43.96 -40
4 15 -21 39.5 -40 -24.06 40.11 -40 -22.05 43.96 -40 -19.75 43.5 -40
4 15 -17.94 40.11 -40 -21 39.5 -40 -19.75 43.5 -40 -17.45 43.96 -40
4 15 -15.34 41.84 -40 -17.94 40.11 -40 -17.45 43.96 -40 -15.51 45.26 -40
4 15 -13.61 44.44 -40 -15.34 41.84 -40 -15.51 45.26 -40 -14.21 47.2 -40
4 15 -13 47.5 -40 -13.61 44.44 -40 -14.21 47.2 -40 -13.75 49.5 -40
3 15 -13 47.5 -40 -13.75 49.5 -40 -13.61 50.56 -40
4 15 -25.29 47.2 -40 -23.99 45.26 -40 -26.66 41.84 -40 -28.39 44.44 -40
4 15 -25.75 49.5 -40 -25.29 47.2 -40 -28.39 44.44 -40 -29 47.5 -40
4 15 -25.29 51.8 -40 -25.75 49.5 -40 -29 47.5 -40 -28.39 50.56 -40
4 15 -23.99 53.74 -40 -25.29 51.8 -40 -28.39 50.56 -40 -26.66 53.16 -40
4 15 -22.05 55.04 -40 -23.99 53.74 -40 -26.66 53.16 -40 -24.06 54.89 -40
3 15 -24.06 54.89 -40 -21 55.5 -40 -22.05 55.04 -40
4 0 -22.05 43.96 -40 -23.99 45.26 -40 -20.37 48.88 -40 -19.4 48.23 -40
4 0 -19.75 43.5 -40 -22.05 43.96 -40 -19.4 48.23 -40 -18.25 48 -40
4 0 -17.45 43.96 -40 -19.75 43.5 -40 -18.25 48 -40 -17.1 48.23 -40
4 0 -15.51 45.26 -40 -17.45 43.96 -40 -17.1 48.23 -40 -16.13 48.88 -40
4 0 -14.21 47.2 -40 -15.51 45.26 -40 -16.13 48.88 -40 -15.48 49.85 -40
4 0 -13.75 49.5 -40 -14.21 47.2 -40 -15.48 49.85 -40 -15.25 51 -40
4 0 -13.61 50.56 -40 -13.75 49.5 -40 -15.25 51 -40 -15.48 52.15 -40
4 0 -13.22 55.28 -40 -13.61 50.56 -40 -15.48 52.15 -40 -16.13 53.12 -40
4 0 -16.79 57.66 -40 -13.22 55.28 -40 -16.13 53.12 -40 -17.1 53.77 -40
4 0 -21 58.5 -40 -16.79 57.66 -40 -17.1 53.77 -40 -18.25 54 -40
4 0 -21 55.5 -40 -21 58.5 -40 -18.25 54 -40 -19.4 53.77 -40
4 0 -22.05 55.04 -40 -21 55.5 -40 -19.4 53.77 -40 -20.37 53.12 -40
4 0 -23.99 53.74 -40 -22.05 55.04 -40 -20.37 53.12 -40 -21.02 52.15 -40
4 0 -25.29 51.8 -40 -23.99 53.74 -40 -21.02 52.15 -40 -21.25 51 -40
4 0 -25.75 49.5 -40 -25.29 51.8 -40 -21.25 51 -40 -21.02 49.85 -40
4 0 -25.29 47.2 -40 -25.75 49.5 -40 -21.02 49.85 -40 -20.37 48.88 -40
3 0 -23.99 45.26 -40 -25.29 47.2 -40 -20.37 48.88 -40
4 15 23.75 51 -40 20.98 49.85 -40 20.75 51 -40 20.98 52.15 -40
4 15 23.75 51 -40 20.98 52.15 -40 21.63 53.12 -40 22.6 53.77 -40
4 15 23.75 51 -40 22.6 53.77 -40 23.75 54 -40 24.9 53.77 -40
4 15 23.75 51 -40 24.9 53.77 -40 25.87 53.12 -40 26.52 52.15 -40
4 15 23.75 51 -40 26.52 52.15 -40 26.75 51 -40 26.52 49.85 -40
4 15 23.75 51 -40 26.52 49.85 -40 25.87 48.88 -40 24.9 48.23 -40
4 15 23.75 51 -40 24.9 48.23 -40 23.75 48 -40 22.6 48.23 -40
4 15 23.75 51 -40 22.6 48.23 -40 21.63 48.88 -40 20.98 49.85 -40
4 0 13 47.5 -40 13.61 44.44 -40 10.84 43.29 -40 10 47.5 -40
4 0 13.61 50.56 -40 13 47.5 -40 10 47.5 -40 10.84 51.71 -40
4 0 15.34 53.16 -40 13.61 50.56 -40 10.84 51.71 -40 13.22 55.28 -40
4 0 17.94 54.89 -40 15.34 53.16 -40 13.22 55.28 -40 16.79 57.66 -40
4 0 21 55.5 -40 17.94 54.89 -40 16.79 57.66 -40 21 58.5 -40
4 0 28.39 50.56 -40 28.78 55.28 -40 31.16 51.71 -40 29 47.5 -40
4 0 29 47.5 -40 31.16 51.71 -40 32 47.5 -40 28.39 44.44 -40
4 0 28.39 44.44 -40 32 47.5 -40 31.16 43.29 -40 26.66 41.84 -40
4 0 26.66 41.84 -40 31.16 43.29 -40 28.78 39.72 -40 24.06 40.11 -40
4 0 24.06 40.11 -40 28.78 39.72 -40 25.21 37.34 -40 21 39.5 -40
4 0 21 39.5 -40 25.21 37.34 -40 21 36.5 -40 17.94 40.11 -40
4 0 17.94 40.11 -40 21 36.5 -40 16.79 37.34 -40 15.34 41.84 -40
4 0 15.34 41.84 -40 16.79 37.34 -40 13.22 39.72 -40 13.61 44.44 -40
3 0 13.22 39.72 -40 10.84 43.29 -40 13.61 44.44 -40
4 15 17.94 40.11 -40 15.34 41.84 -40 18.01 45.26 -40 19.95 43.96 -40
4 15 21 39.5 -40 17.94 40.11 -40 19.95 43.96 -40 22.25 43.5 -40
4 15 24.06 40.11 -40 21 39.5 -40 22.25 43.5 -40 24.55 43.96 -40
4 15 26.66 41.84 -40 24.06 40.11 -40 24.55 43.96 -40 26.49 45.26 -40
4 15 28.39 44.44 -40 26.66 41.84 -40 26.49 45.26 -40 27.79 47.2 -40
4 15 29 47.5 -40 28.39 44.44 -40 27.79 47.2 -40 28.25 49.5 -40
3 15 29 47.5 -40 28.25 49.5 -40 28.39 50.56 -40
4 15 16.71 47.2 -40 18.01 45.26 -40 15.34 41.84 -40 13.61 44.44 -40
4 15 16.25 49.5 -40 16.71 47.2 -40 13.61 44.44 -40 13 47.5 -40
4 15 16.71 51.8 -40 16.25 49.5 -40 13 47.5 -40 13.61 50.56 -40
4 15 18.01 53.74 -40 16.71 51.8 -40 13.61 50.56 -40 15.34 53.16 -40
4 15 19.95 55.04 -40 18.01 53.74 -40 15.34 53.16 -40 17.94 54.89 -40
3 15 17.94 54.89 -40 21 55.5 -40 19.95 55.04 -40
4 0 19.95 43.96 -40 18.01 45.26 -40 21.63 48.88 -40 22.6 48.23 -40
4 0 22.25 43.5 -40 19.95 43.96 -40 22.6 48.23 -40 23.75 48 -40
4 0 24.55 43.96 -40 22.25 43.5 -40 23.75 48 -40 24.9 48.23 -40
4 0 26.49 45.26 -40 24.55 43.96 -40 24.9 48.23 -40 25.87 48.88 -40
4 0 27.79 47.2 -40 26.49 45.26 -40 25.87 48.88 -40 26.52 49.85 -40
4 0 28.25 49.5 -40 27.79 47.2 -40 26.52 49.85 -40 26.75 51 -40
4 0 28.39 50.56 -40 28.25 49.5 -40 26.75 51 -40 26.52 52.15 -40
4 0 28.78 55.28 -40 28.39 50.56 -40 26.52 52.15 -40 25.87 53.12 -40
4 0 25.21 57.66 -40 28.78 55.28 -40 25.87 53.12 -40 24.9 53.77 -40
4 0 21 58.5 -40 25.21 57.66 -40 24.9 53.77 -40 23.75 54 -40
4 0 21 55.5 -40 21 58.5 -40 23.75 54 -40 22.6 53.77 -40
4 0 19.95 55.04 -40 21 55.5 -40 22.6 53.77 -40 21.63 53.12 -40
4 0 18.01 53.74 -40 19.95 55.04 -40 21.63 53.12 -40 20.98 52.15 -40
4 0 16.71 51.8 -40 18.01 53.74 -40 20.98 52.15 -40 20.75 51 -40
4 0 16.25 49.5 -40 16.71 51.8 -40 20.75 51 -40 20.98 49.85 -40
4 0 16.71 47.2 -40 16.25 49.5 -40 20.98 49.85 -40 21.63 48.88 -40
3 0 18.01 45.26 -40 16.71 47.2 -40 21.63 48.88 -40
4 0 0 57 -40 -9.5 57.5 -40 -11.5 58 -40 -12.25 59 -40
4 0 0 57 -40 -12.25 59 -40 -12.25 60 -40 -11.5 61.5 -40
4 0 0 57 -40 -11.5 61.5 -40 -8.5 65.5 -40 -4 69 -40
3 0 0 57 -40 -4 69 -40 -2 70 -40
4 0 0 57 -40 -2 70 -40 0 78.75 -40 2 70 -40
4 0 0 78.75 -40 -2 70 -40 -3 75.5 -40 -2.5 79.5 -40
4 0 -2.5 79.5 -40 -3 75.5 -40 -6 78.5 -40 -6 81.75 -40
4 0 -6 81.75 -40 -6 78.5 -40 -10.75 81 -40 -7.75 84 -40
4 0 -3.75 85.25 -40 -6 81.75 -40 -7.75 84 -40 -5.75 87.75 -40
4 0 -2 87.75 -40 -3.75 85.25 -40 -5.75 87.75 -40 -3.25 90.75 -40
4 0 0 89 -40 -2 87.75 -40 -3.25 90.75 -40 0 91.75 -40
4 0 -7.75 84 -40 -10.75 81 -40 -13 82 -40 -12.75 84.5 -40
4 0 -12.75 84.5 -40 -13 82 -40 -15.75 81.75 -40 -16.75 84 -40
4 0 -16.75 84 -40 -15.75 81.75 -40 -18 79.75 -40 -22.25 81 -40
4 0 -25 79 -40 -22.25 81 -40 -18 79.75 -40 -21.5 78 -40
4 0 -16 76.5 -40 -21.5 78 -40 -18 79.75 -40 -14.25 79 -40
4 0 -11.75 75.25 -40 -16 76.5 -40 -14.25 79 -40 -10.25 77.25 -40
3 0 -11.75 75.25 -40 -10.25 77.25 -40 -9.75 75.75 -40
4 0 -28.5 82.75 -40 -22.25 81 -40 -25 79 -40 -30.75 80.25 -40
4 0 -33.5 84 -40 -28.5 82.75 -40 -30.75 80.25 -40 -35.75 82.25 -40
3 0 -35.75 82.25 -40 -36 84 -40 -33.5 84 -40
4 0 -27.25 75.25 -40 -25 79 -40 -21.5 78 -40 -23.25 74.5 -40
4 0 -29.25 73 -40 -27.25 75.25 -40 -23.25 74.5 -40 -24.25 72.25 -40
4 0 -29.25 73 -40 -24.25 72.25 -40 -25.75 70.75 -40 -28.75 71.5 -40
4 0 -34.75 75.5 -40 -27.25 75.25 -40 -29.25 73 -40 -37.5 73.25 -40
4 0 -43.75 76.75 -40 -34.75 75.5 -40 -37.5 73.25 -40 -45.75 74.25 -40
4 0 -49.75 77.25 -40 -43.75 76.75 -40 -45.75 74.25 -40 -53.5 75.25 -40
4 0 -49.75 77.25 -40 -53.5 75.25 -40 -55.25 77 -40 -54 78.5 -40
4 0 -15 70.75 -40 -24.25 72.25 -40 -23.25 74.5 -40 -11.75 73.5 -40
4 0 -15 70.75 -40 -11.75 73.5 -40 -7 72.75 -40 -7.25 70 -40
3 0 -7.25 70 -40 -7 72.75 -40 -6 71.25 -40
4 0 -15 70.75 -40 -7.25 70 -40 -11.25 67.25 -40 -16.5 68.5 -40
4 0 -16.5 68.5 -40 -11.25 67.25 -40 -14.5 65.5 -40 -24.75 68.5 -40
4 0 -24.75 68.5 -40 -14.5 65.5 -40 -27 64.25 -40 -35.75 67.25 -40
4 0 -35.75 67.25 -40 -27 64.25 -40 -40.5 62.75 -40 -46.5 65.5 -40
4 0 -46.5 65.5 -40 -40.5 62.75 -40 -51.25 62 -40 -52 65.25 -40
3 0 -51.25 62 -40 -53 63.5 -40 -52 65.25 -40
4 4 -2 87.75 -40 0 89 -40 0 78.75 -40 -2.5 79.5 -40
4 4 -3.75 85.25 -40 -2 87.75 -40 -2.5 79.5 -40 -6 81.75 -40
4 0 -57.25 33.5 -40 -56.5 36 -40 -54 35.25 -40 -55.25 28 -40
4 0 -55.25 28 -40 -54 35.25 -40 -51 26.25 -40 -51.25 20.75 -40
4 0 -51.25 20.75 -40 -51 26.25 -40 -45.25 19 -40 -44.25 12.75 -40
4 0 -44.25 12.75 -40 -45.25 19 -40 -39.5 14 -40 -39 10 -40
4 0 -39 10 -40 -39.5 14 -40 -37.25 14 -40 -35.75 10.25 -40
4 0 -35.75 10.25 -40 -37.25 14 -40 -33.5 16.5 -40 -30.5 13.75 -40
4 0 -30.5 13.75 -40 -33.5 16.5 -40 -28.5 21 -40 -24.75 18.75 -40
4 0 -24.75 18.75 -40 -28.5 21 -40 -24.5 25.5 -40 -21.25 23.25 -40
3 0 -21.25 23.25 -40 -24.5 25.5 -40 -21.75 25.5 -40
4 0 54 35.25 -40 57.25 33.5 -40 55.25 28 -40 51 26.25 -40
4 0 51 26.25 -40 55.25 28 -40 51.25 20.75 -40 45.25 19 -40
4 0 45.25 19 -40 51.25 20.75 -40 44.25 12.75 -40 39.5 14 -40
4 0 39.5 14 -40 44.25 12.75 -40 39 10 -40 37.25 14 -40
4 0 37.25 14 -40 39 10 -40 35.75 10.25 -40 33.5 16.5 -40
4 0 33.5 16.5 -40 35.75 10.25 -40 30.5 13.75 -40 28.5 21 -40
4 0 28.5 21 -40 30.5 13.75 -40 24.75 18.75 -40 24.5 25.5 -40
4 0 24.5 25.5 -40 24.75 18.75 -40 21.25 23.25 -40 21.75 25.5 -40
3 0 57.25 33.5 -40 54 35.25 -40 56.5 36 -40
4 0 11.5 58 -40 9.5 57.5 -40 0 57 -40 12.25 59 -40
4 0 12.25 60 -40 12.25 59 -40 0 57 -40 11.5 61.5 -40
4 0 8.5 65.5 -40 11.5 61.5 -40 0 57 -40 4 69 -40
3 0 0 57 -40 2 70 -40 4 69 -40
4 0 3 75.5 -40 2 70 -40 0 78.75 -40 2.5 79.5 -40
4 0 6 78.5 -40 3 75.5 -40 2.5 79.5 -40 6 81.75 -40
4 0 10.75 81 -40 6 78.5 -40 6 81.75 -40 7.75 84 -40
4 0 7.75 84 -40 6 81.75 -40 3.75 85.25 -40 5.75 87.75 -40
4 0 5.75 87.75 -40 3.75 85.25 -40 2 87.75 -40 3.25 90.75 -40
4 0 3.25 90.75 -40 2 87.75 -40 0 89 -40 0 91.75 -40
4 0 13 82 -40 10.75 81 -40 7.75 84 -40 12.75 84.5 -40
4 0 15.75 81.75 -40 13 82 -40 12.75 84.5 -40 16.75 84 -40
4 0 18 79.75 -40 15.75 81.75 -40 16.75 84 -40 22.25 81 -40
4 0 18 79.75 -40 22.25 81 -40 25 79 -40 21.5 78 -40
4 0 18 79.75 -40 21.5 78 -40 16 76.5 -40 14.25 79 -40
4 0 14.25 79 -40 16 76.5 -40 11.75 75.25 -40 10.25 77.25 -40
3 0 11.75 75.25 -40 9.75 75.75 -40 10.25 77.25 -40
4 0 25 79 -40 22.25 81 -40 28.5 82.75 -40 30.75 80.25 -40
4 0 30.75 80.25 -40 28.5 82.75 -40 33.5 84 -40 35.75 82.25 -40
3 0 35.75 82.25 -40 33.5 84 -40 36 84 -40
4 0 21.5 78 -40 25 79 -40 27.25 75.25 -40 23.25 74.5 -40
4 0 23.25 74.5 -40 27.25 75.25 -40 29.25 73 -40 24.25 72.25 -40
4 0 25.75 70.75 -40 24.25 72.25 -40 29.25 73 -40 28.75 71.5 -40
4 0 29.25 73 -40 27.25 75.25 -40 34.75 75.5 -40 37.5 73.25 -40
4 0 37.5 73.25 -40 34.75 75.5 -40 43.75 76.75 -40 45.75 74.25 -40
4 0 45.75 74.25 -40 43.75 76.75 -40 49.75 77.25 -40 53.5 75.25 -40
4 0 55.25 77 -40 53.5 75.25 -40 49.75 77.25 -40 54 78.5 -40
4 0 23.25 74.5 -40 24.25 72.25 -40 15 70.75 -40 11.75 73.5 -40
4 0 7 72.75 -40 11.75 73.5 -40 15 70.75 -40 7.25 70 -40
3 0 7.25 70 -40 6 71.25 -40 7 72.75 -40
4 0 11.25 67.25 -40 7.25 70 -40 15 70.75 -40 16.5 68.5 -40
4 0 14.5 65.5 -40 11.25 67.25 -40 16.5 68.5 -40 24.75 68.5 -40
4 0 27 64.25 -40 14.5 65.5 -40 24.75 68.5 -40 35.75 67.25 -40
4 0 40.5 62.75 -40 27 64.25 -40 35.75 67.25 -40 46.5 65.5 -40
4 0 51.25 62 -40 40.5 62.75 -40 46.5 65.5 -40 52 65.25 -40
3 0 51.25 62 -40 52 65.25 -40 53 63.5 -40
4 4 0 78.75 -40 0 89 -40 2 87.75 -40 2.5 79.5 -40
4 4 2.5 79.5 -40 2 87.75 -40 3.75 85.25 -40 6 81.75 -40
4 16 40 0 -40 -40 0 -40 -35.75 10.25 -40 35.75 10.25 -40
4 16 -39 10 -40 -35.75 10.25 -40 -40 0 -40 -44.4224 0.8641 -40
4 16 -44.25 12.75 -40 -39 10 -40 -44.4224 0.8641 -40 -50.3696 2.91368 -40
4 16 -44.25 12.75 -40 -50.3696 2.91368 -40 -56 5.7392 -40 -51.25 20.75 -40
4 16 -51.25 20.75 -40 -56 5.7392 -40 -61.2224 9.28208 -40 -55.25 28 -40
4 16 -55.25 28 -40 -61.2224 9.28208 -40 -65.9408 13.49352 -40 -57.25 33.5 -40
4 16 -57.25 33.5 -40 -65.9408 13.49352 -40 -70.0832 18.29056 -40 -73.568 23.6 -40
4 16 -56.5 36 -40 -57.25 33.5 -40 -73.568 23.6 -40 -76.3472 29.32424 -40
4 16 -56.5 36 -40 -76.3472 29.32424 -40 -78.3632 35.37056 -40 -79.5872 41.6316 -40
4 16 -56.5 36 -40 -79.5872 41.6316 -40 -80 48 -40 -53 63.5 -40
4 16 -53 63.5 -40 -80 48 -40 -79.656 54.264 -40 -78.636 60.4224 -40
4 16 -52 65.25 -40 -53 63.5 -40 -78.636 60.4224 -40 -76.956 66.3696 -40
4 16 -52 65.25 -40 -76.956 66.3696 -40 -74.64 72 -40 -53.5 75.25 -40
4 16 -55.25 77 -40 -53.5 75.25 -40 -74.64 72 -40 -71.736 77.2224 -40
4 16 -54 78.5 -40 -55.25 77 -40 -71.736 77.2224 -40 -68.284 81.9408 -40
3 16 -54 78.5 -40 -68.284 81.9408 -40 -64.352 86.0832 -40
4 16 -49.75 77.25 -40 -54 78.5 -40 -64.352 86.0832 -40 -60 89.568 -40
4 16 -43.75 76.75 -40 -49.75 77.25 -40 -60 89.568 -40 -55.308 92.3472 -40
4 16 -36 84 -40 -43.75 76.75 -40 -55.308 92.3472 -40 -50.352 94.3632 -40
4 16 -33.5 84 -40 -36 84 -40 -50.352 94.3632 -40 -45.22 95.5872 -40
4 16 -28.5 82.75 -40 -33.5 84 -40 -45.22 95.5872 -40 -40 96 -40
4 16 -22.25 81 -40 -28.5 82.75 -40 -40 96 -40 -16.75 84 -40
4 16 -16.75 84 -40 -40 96 -40 -3.25 90.75 -40 -12.75 84.5 -40
3 16 -3.25 90.75 -40 -40 96 -40 0 91.75 -40
3 16 0 91.75 -40 -40 96 -40 40 96 -40
3 16 3.25 90.75 -40 0 91.75 -40 40 96 -40
4 16 3.25 90.75 -40 40 96 -40 16.75 84 -40 5.75 87.75 -40
4 16 22.25 81 -40 16.75 84 -40 40 96 -40 28.5 82.75 -40
4 16 28.5 82.75 -40 40 96 -40 45.22 95.5872 -40 33.5 84 -40
4 16 33.5 84 -40 45.22 95.5872 -40 50.352 94.3632 -40 36 84 -40
4 16 36 84 -40 50.352 94.3632 -40 55.308 92.3472 -40 43.75 76.75 -40
4 16 43.75 76.75 -40 55.308 92.3472 -40 60 89.568 -40 49.75 77.25 -40
4 16 49.75 77.25 -40 60 89.568 -40 64.352 86.0832 -40 54 78.5 -40
4 16 54 78.5 -40 64.352 86.0832 -40 68.284 81.9408 -40 55.25 77 -40
4 16 55.25 77 -40 68.284 81.9408 -40 71.736 77.2224 -40 53.5 75.25 -40
4 16 53.5 75.25 -40 71.736 77.2224 -40 74.64 72 -40 52 65.25 -40
4 16 52 65.25 -40 74.64 72 -40 76.956 66.3696 -40 53 63.5 -40
4 16 53 63.5 -40 76.956 66.3696 -40 78.636 60.4224 -40 51.25 62 -40
4 16 51.25 62 -40 78.636 60.4224 -40 79.656 54.264 -40 80 48 -40
4 16 56.5 36 -40 51.25 62 -40 80 48 -40 79.5872 41.6316 -40
4 16 57.25 33.5 -40 56.5 36 -40 79.5872 41.6316 -40 78.3632 35.37056 -40
4 16 55.25 28 -40 57.25 33.5 -40 78.3632 35.37056 -40 76.3472 29.32424 -40
4 16 55.25 28 -40 76.3472 29.32424 -40 73.568 23.6 -40 51.25 20.75 -40
4 16 51.25 20.75 -40 73.568 23.6 -40 70.0832 18.29056 -40 65.9408 13.49352 -40
4 16 51.25 20.75 -40 65.9408 13.49352 -40 61.2224 9.28208 -40 44.25 12.75 -40
4 16 44.25 12.75 -40 61.2224 9.28208 -40 56 5.7392 -40 50.3696 2.91368 -40
4 16 39 10 -40 44.25 12.75 -40 50.3696 2.91368 -40 44.4224 0.8641 -40
4 16 35.75 10.25 -40 39 10 -40 44.4224 0.8641 -40 40 0 -40
4 16 -56.5 36 -40 -53 63.5 -40 -51.25 62 -40 -54 35.25 -40
4 16 -54 35.25 -40 -51.25 62 -40 -32 47.5 -40 -31.16 43.29 -40
4 16 -51 26.25 -40 -54 35.25 -40 -31.16 43.29 -40 -28.78 39.72 -40
4 16 -51 26.25 -40 -28.78 39.72 -40 -28.5 21 -40 -45.25 19 -40
4 16 -45.25 19 -40 -28.5 21 -40 -33.5 16.5 -40 -37.25 14 -40
3 16 -37.25 14 -40 -39.5 14 -40 -45.25 19 -40
4 16 -28.5 21 -40 -28.78 39.72 -40 -25.21 37.34 -40 -24.5 25.5 -40
4 16 -24.5 25.5 -40 -25.21 37.34 -40 -21 36.5 -40 -21.75 25.5 -40
4 16 21.75 25.5 -40 -21.75 25.5 -40 -21 36.5 -40 21 36.5 -40
4 16 -21.75 25.5 -40 21.75 25.5 -40 21.25 23.25 -40 -21.25 23.25 -40
4 16 -21.25 23.25 -40 21.25 23.25 -40 24.75 18.75 -40 -24.75 18.75 -40
4 16 -24.75 18.75 -40 24.75 18.75 -40 30.5 13.75 -40 -30.5 13.75 -40
4 16 -30.5 13.75 -40 30.5 13.75 -40 35.75 10.25 -40 -35.75 10.25 -40
4 16 24.5 25.5 -40 21.75 25.5 -40 21 36.5 -40 25.21 37.34 -40
4 16 28.5 21 -40 24.5 25.5 -40 25.21 37.34 -40 28.78 39.72 -40
4 16 28.5 21 -40 28.78 39.72 -40 51 26.25 -40 33.5 16.5 -40
4 16 33.5 16.5 -40 51 26.25 -40 45.25 19 -40 39.5 14 -40
3 16 39.5 14 -40 37.25 14 -40 33.5 16.5 -40
4 16 54 35.25 -40 51 26.25 -40 28.78 39.72 -40 31.16 43.29 -40
4 16 56.5 36 -40 54 35.25 -40 31.16 43.29 -40 32 47.5 -40
4 16 51.25 62 -40 56.5 36 -40 32 47.5 -40 40.5 62.75 -40
3 16 32 47.5 -40 31.16 51.71 -40 40.5 62.75 -40
4 16 40.5 62.75 -40 31.16 51.71 -40 28.78 55.28 -40 27 64.25 -40
3 16 28.78 55.28 -40 25.21 57.66 -40 27 64.25 -40
4 16 27 64.25 -40 25.21 57.66 -40 21 58.5 -40 14.5 65.5 -40
4 16 14.5 65.5 -40 21 58.5 -40 16.79 57.66 -40 12.25 60 -40
4 16 14.5 65.5 -40 12.25 60 -40 11.5 61.5 -40 11.25 67.25 -40
4 16 11.25 67.25 -40 11.5 61.5 -40 8.5 65.5 -40 7.25 70 -40
4 16 7.25 70 -40 8.5 65.5 -40 4 69 -40 6 71.25 -40
4 16 6 71.25 -40 4 69 -40 2 70 -40 3 75.5 -40
4 16 7 72.75 -40 6 71.25 -40 3 75.5 -40 6 78.5 -40
4 16 7 72.75 -40 6 78.5 -40 9.75 75.75 -40 11.75 73.5 -40
3 16 11.75 73.5 -40 9.75 75.75 -40 11.75 75.25 -40
4 16 11.75 73.5 -40 11.75 75.25 -40 16 76.5 -40 23.25 74.5 -40
3 16 23.25 74.5 -40 16 76.5 -40 21.5 78 -40
4 16 10.25 77.25 -40 9.75 75.75 -40 6 78.5 -40 10.75 81 -40
4 16 14.25 79 -40 10.25 77.25 -40 10.75 81 -40 13 82 -40
4 16 14.25 79 -40 13 82 -40 15.75 81.75 -40 18 79.75 -40
4 16 12.25 59 -40 12.25 60 -40 16.79 57.66 -40 13.22 55.28 -40
4 16 11.5 58 -40 12.25 59 -40 13.22 55.28 -40 10.84 51.71 -40
4 16 9.5 57.5 -40 11.5 58 -40 10.84 51.71 -40 10 47.5 -40
4 16 -10 47.5 -40 10 47.5 -40 10.84 43.29 -40 -10.84 43.29 -40
4 16 -10.84 43.29 -40 10.84 43.29 -40 13.22 39.72 -40 -13.22 39.72 -40
4 16 -13.22 39.72 -40 13.22 39.72 -40 16.79 37.34 -40 -16.79 37.34 -40
4 16 -16.79 37.34 -40 16.79 37.34 -40 21 36.5 -40 -21 36.5 -40
4 16 0 57 -40 9.5 57.5 -40 10 47.5 -40 -10 47.5 -40
4 16 -9.5 57.5 -40 0 57 -40 -10 47.5 -40 -10.84 51.71 -40
4 16 -9.5 57.5 -40 -10.84 51.71 -40 -13.22 55.28 -40 -11.5 58 -40
4 16 -11.5 58 -40 -13.22 55.28 -40 -16.79 57.66 -40 -12.25 59 -40
4 16 -12.25 60 -40 -12.25 59 -40 -16.79 57.66 -40 -14.5 65.5 -40
4 16 -11.5 61.5 -40 -12.25 60 -40 -14.5 65.5 -40 -11.25 67.25 -40
4 16 -8.5 65.5 -40 -11.5 61.5 -40 -11.25 67.25 -40 -7.25 70 -40
4 16 -4 69 -40 -8.5 65.5 -40 -7.25 70 -40 -6 71.25 -40
4 16 -2 70 -40 -4 69 -40 -6 71.25 -40 -3 75.5 -40
4 16 -3 75.5 -40 -6 71.25 -40 -7 72.75 -40 -6 78.5 -40
4 16 -9.75 75.75 -40 -6 78.5 -40 -7 72.75 -40 -11.75 73.5 -40
3 16 -11.75 73.5 -40 -11.75 75.25 -40 -9.75 75.75 -40
4 16 -16 76.5 -40 -11.75 75.25 -40 -11.75 73.5 -40 -23.25 74.5 -40
3 16 -23.25 74.5 -40 -21.5 78 -40 -16 76.5 -40
4 16 -6 78.5 -40 -9.75 75.75 -40 -10.25 77.25 -40 -10.75 81 -40
4 16 -10.75 81 -40 -10.25 77.25 -40 -14.25 79 -40 -13 82 -40
4 16 -15.75 81.75 -40 -13 82 -40 -14.25 79 -40 -18 79.75 -40
4 16 -14.5 65.5 -40 -16.79 57.66 -40 -21 58.5 -40 -27 64.25 -40
3 16 -25.21 57.66 -40 -27 64.25 -40 -21 58.5 -40
4 16 -27 64.25 -40 -25.21 57.66 -40 -28.78 55.28 -40 -40.5 62.75 -40
4 16 -40.5 62.75 -40 -28.78 55.28 -40 -31.16 51.71 -40 -51.25 62 -40
3 16 -32 47.5 -40 -51.25 62 -40 -31.16 51.71 -40
4 16 -46.5 65.5 -40 -52 65.25 -40 -53.5 75.25 -40 -45.75 74.25 -40
4 16 -35.75 67.25 -40 -46.5 65.5 -40 -45.75 74.25 -40 -37.5 73.25 -40
4 16 -35.75 67.25 -40 -37.5 73.25 -40 -29.25 73 -40 -28.75 71.5 -40
4 16 -24.75 68.5 -40 -35.75 67.25 -40 -28.75 71.5 -40 -25.75 70.75 -40
4 16 -16.5 68.5 -40 -24.75 68.5 -40 -25.75 70.75 -40 -15 70.75 -40
3 16 -15 70.75 -40 -25.75 70.75 -40 -24.25 72.25 -40
3 16 -43.75 76.75 -40 -36 84 -40 -35.75 82.25 -40
4 16 -34.75 75.5 -40 -43.75 76.75 -40 -35.75 82.25 -40 -30.75 80.25 -40
4 16 -27.25 75.25 -40 -34.75 75.5 -40 -30.75 80.25 -40 -25 79 -40
3 16 -12.75 84.5 -40 -3.25 90.75 -40 -5.75 87.75 -40
3 16 -7.75 84 -40 -12.75 84.5 -40 -5.75 87.75 -40
3 16 16.75 84 -40 12.75 84.5 -40 5.75 87.75 -40
3 16 7.75 84 -40 5.75 87.75 -40 12.75 84.5 -40
3 16 43.75 76.75 -40 35.75 82.25 -40 36 84 -40
4 16 35.75 82.25 -40 43.75 76.75 -40 34.75 75.5 -40 30.75 80.25 -40
4 16 30.75 80.25 -40 34.75 75.5 -40 27.25 75.25 -40 25 79 -40
4 16 45.75 74.25 -40 53.5 75.25 -40 52 65.25 -40 46.5 65.5 -40
4 16 45.75 74.25 -40 46.5 65.5 -40 35.75 67.25 -40 37.5 73.25 -40
4 16 29.25 73 -40 37.5 73.25 -40 35.75 67.25 -40 28.75 71.5 -40
4 16 28.75 71.5 -40 35.75 67.25 -40 24.75 68.5 -40 25.75 70.75 -40
4 16 25.75 70.75 -40 24.75 68.5 -40 16.5 68.5 -40 24.25 72.25 -40
3 16 16.5 68.5 -40 15 70.75 -40 24.25 72.25 -40
