0 Technic Axle Joiner  3L with Two Flat Sides
0 Name: 42195.dat
0 Author: Philippe Hurbain [Philo]
0 !LDRAW_ORG Part UPDATE 2024-04
0 !LICENSE Licensed under CC BY 4.0 : see CAreadme.txt

0 BFC CERTIFY CCW

0 !HISTORY 2024-05-28 [OrionP] Official Update 2024-04


1 16 0 0 0 1 0 0 0 1 0 0 0 1 s\26287s02.dat

2 24 8.4992 -1.1543 -13.5 8.4992 -3.4442 -15
2 24 8.4992 3.444 -15 8.4992 1.1549 -13.5
2 24 8.4992 -1.1543 -13.5 8.4992 1.1549 -13.5
4 16 8.4992 1.1549 -13.5 8.4992 -1.1543 -13.5 8.4992 -3.4442 -15 8.4992 3.444 -15
3 16 8.4992 -3.4442 -15 8.4992 -1.1543 -13.5 6.3747 -2.6405 -10
3 16 6.3747 -2.6405 -10 8.4992 -1.1543 -13.5 6.9002 0 -10
3 16 6.9002 0 -10 8.4992 -1.1543 -13.5 8.4992 1.1549 -13.5
3 16 6.9002 0 -10 8.4992 1.1549 -13.5 6.3747 2.6405 -10
3 16 6.3747 2.6405 -10 8.4992 1.1549 -13.5 8.4992 3.444 -15
1 16 8.49915 0 -22.5 0 -1 0 0 0 3.4441 -7.5 0 0 rect1.dat
5 24 8.4992 -3.4442 -15 6.3747 -2.6405 -10 6.8103 -4.0746 -12.5684 8.4992 -1.1543 -13.5
5 24 6.3747 -2.6405 -10 8.4992 -1.1543 -13.5 8.4992 -3.4442 -15 6.9002 0 -10
5 24 8.4992 -1.1543 -13.5 6.9002 0 -10 6.3747 -2.6405 -10 8.4992 1.1549 -13.5
5 24 8.4992 1.1549 -13.5 6.9002 0 -10 8.4992 -1.1543 -13.5 6.3747 2.6405 -10
5 24 8.4992 1.1549 -13.5 6.3747 2.6405 -10 6.9002 0 -10 8.4992 3.444 -15
5 24 8.4992 3.444 -15 6.3747 2.6405 -10 6.8103 4.0746 -12.5684 8.4992 1.1549 -13.5
2 24 8.4992 -1.1543 13.5 8.4992 -3.4442 15
2 24 8.4992 3.444 15 8.4992 1.1549 13.5
2 24 8.4992 -1.1543 13.5 8.4992 1.1549 13.5
4 16 8.4992 -3.4442 15 8.4992 -1.1543 13.5 8.4992 1.1549 13.5 8.4992 3.444 15
3 16 8.4992 -1.1543 13.5 8.4992 -3.4442 15 6.3747 -2.6405 10
3 16 8.4992 -1.1543 13.5 6.3747 -2.6405 10 6.9002 0 10
3 16 8.4992 -1.1543 13.5 6.9002 0 10 8.4992 1.1549 13.5
3 16 8.4992 1.1549 13.5 6.9002 0 10 6.3747 2.6405 10
3 16 8.4992 1.1549 13.5 6.3747 2.6405 10 8.4992 3.444 15
1 16 8.49915 0 22.5 0 -1 0 0 0 -3.4441 7.5 0 0 rect1.dat
5 24 8.4992 -3.4442 15 6.3747 -2.6405 10 6.8103 -4.0746 12.5684 8.4992 -1.1543 13.5
5 24 6.3747 -2.6405 10 8.4992 -1.1543 13.5 8.4992 -3.4442 15 6.9002 0 10
5 24 8.4992 -1.1543 13.5 6.9002 0 10 6.3747 -2.6405 10 8.4992 1.1549 13.5
5 24 8.4992 1.1549 13.5 6.9002 0 10 8.4992 -1.1543 13.5 6.3747 2.6405 10
5 24 8.4992 1.1549 13.5 6.3747 2.6405 10 6.9002 0 10 8.4992 3.444 15
5 24 8.4992 3.444 15 6.3747 2.6405 10 6.8103 4.0746 12.5684 8.4992 1.1549 13.5
2 24 -8.4992 -1.1543 -13.5 -8.4992 -3.4442 -15
2 24 -8.4992 3.444 -15 -8.4992 1.1549 -13.5
2 24 -8.4992 -1.1543 -13.5 -8.4992 1.1549 -13.5
4 16 -8.4992 -3.4442 -15 -8.4992 -1.1543 -13.5 -8.4992 1.1549 -13.5 -8.4992 3.444 -15
3 16 -8.4992 -1.1543 -13.5 -8.4992 -3.4442 -15 -6.3747 -2.6405 -10
3 16 -8.4992 -1.1543 -13.5 -6.3747 -2.6405 -10 -6.9002 0 -10
3 16 -8.4992 -1.1543 -13.5 -6.9002 0 -10 -8.4992 1.1549 -13.5
3 16 -8.4992 1.1549 -13.5 -6.9002 0 -10 -6.3747 2.6405 -10
3 16 -8.4992 1.1549 -13.5 -6.3747 2.6405 -10 -8.4992 3.444 -15
1 16 -8.49915 0 -22.5 0 1 0 0 0 -3.4441 -7.5 0 0 rect1.dat
5 24 -8.4992 -3.4442 -15 -6.3747 -2.6405 -10 -6.8103 -4.0746 -12.5684 -8.4992 -1.1543 -13.5
5 24 -6.3747 -2.6405 -10 -8.4992 -1.1543 -13.5 -8.4992 -3.4442 -15 -6.9002 0 -10
5 24 -8.4992 -1.1543 -13.5 -6.9002 0 -10 -6.3747 -2.6405 -10 -8.4992 1.1549 -13.5
5 24 -8.4992 1.1549 -13.5 -6.9002 0 -10 -8.4992 -1.1543 -13.5 -6.3747 2.6405 -10
5 24 -8.4992 1.1549 -13.5 -6.3747 2.6405 -10 -6.9002 0 -10 -8.4992 3.444 -15
5 24 -8.4992 3.444 -15 -6.3747 2.6405 -10 -6.8103 4.0746 -12.5684 -8.4992 1.1549 -13.5
2 24 -8.4992 -1.1543 13.5 -8.4992 -3.4442 15
2 24 -8.4992 3.444 15 -8.4992 1.1549 13.5
2 24 -8.4992 -1.1543 13.5 -8.4992 1.1549 13.5
4 16 -8.4992 1.1549 13.5 -8.4992 -1.1543 13.5 -8.4992 -3.4442 15 -8.4992 3.444 15
3 16 -8.4992 -3.4442 15 -8.4992 -1.1543 13.5 -6.3747 -2.6405 10
3 16 -6.3747 -2.6405 10 -8.4992 -1.1543 13.5 -6.9002 0 10
3 16 -6.9002 0 10 -8.4992 -1.1543 13.5 -8.4992 1.1549 13.5
3 16 -6.9002 0 10 -8.4992 1.1549 13.5 -6.3747 2.6405 10
3 16 -6.3747 2.6405 10 -8.4992 1.1549 13.5 -8.4992 3.444 15
1 16 -8.49915 0 22.5 0 1 0 0 0 3.4441 7.5 0 0 rect1.dat
5 24 -8.4992 -3.4442 15 -6.3747 -2.6405 10 -6.8103 -4.0746 12.5684 -8.4992 -1.1543 13.5
5 24 -6.3747 -2.6405 10 -8.4992 -1.1543 13.5 -8.4992 -3.4442 15 -6.9002 0 10
5 24 -8.4992 -1.1543 13.5 -6.9002 0 10 -6.3747 -2.6405 10 -8.4992 1.1549 13.5
5 24 -8.4992 1.1549 13.5 -6.9002 0 10 -8.4992 -1.1543 13.5 -6.3747 2.6405 10
5 24 -8.4992 1.1549 13.5 -6.3747 2.6405 10 -6.9002 0 10 -8.4992 3.444 15
5 24 -8.4992 3.444 15 -6.3747 2.6405 10 -6.8103 4.0746 12.5684 -8.4992 1.1549 13.5
