0 Minifig Plume Triple
0 Name: 4502b.dat
0 Author: Richard Baxter [rbaxter]
0 !LDRAW_ORG Part UPDATE 2009-03
0 !LICENSE Redistributable under CCAL version 2.0 : see CAreadme.txt

0 BFC NOCERTIFY
0 !CATEGORY Minifig Accessory
0 !KEYWORDS pirate, knight, castle, feather, quill

0 !HISTORY 2009-12-29 [PTadmin] Official Update 2009-03

1 16 0 4 0 2 0 0 0 2 0 0 0 2 4-8sphe.dat
1 16 0 0 0 2 0 0 0 4 0 0 0 2 4-4cyli.dat
1 16 0 0 0 -2 0 0 0 4 0 0 0 -2 4-4disc.dat
1 16 0 0 0 -2 0 0 0 4 0 0 0 -2 4-4edge.dat
0 Start Centre of feather
4 16 -1.89 -2.835 3.78 -1.89 -5.67 4.725 -1.89 -6.615 3.78 -1.89 -5.67 0
4 16 -1.89 0 0 -1.89 0 -5.67 -1.89 -3.78 -2.835 -1.89 -5.67 0
4 16 -1.89 0 5.67 -1.89 0 0 -1.89 -5.67 0 -1.89 -2.835 3.78
0 Start Right hand of feather Initial
4 16 -1.89 0 -5.67 -1.89 -3.78 -2.835 -1.89 -5.67 -6.615 -1.89 -1.89 -8.505
4 16 -1.89 -1.89 -8.505 -1.89 -5.67 -6.615 -1.89 -6.615 -9.45 -1.89 -2.835 -10.395
4 16 -1.89 -2.835 -10.395 -1.89 -6.615 -9.45 -1.89 -6.615 -10.395 -1.89 -3.78 -12.285
1 16 -1.89 -6.1425 -12.285 0 -1.116281 0 -0.945 0 1.4175 -0.945 0 -0.945 rect2p.dat
4 16 -1.89 -5.67 -14.175 -1.89 -8.505 -12.285 -1.89 -9.45 -12.285 -1.89 -8.505 -14.175
4 16 -1.89 -11.34 -14.175 -1.89 -8.505 -14.175 -1.89 -9.45 -12.285 -1.89 -13.23 -12.285
4 16 -1.89 -12.285 -11.34 -1.89 -13.23 -12.285 -1.89 -9.45 -12.285 -1.89 -10.395 -11.34
4 16 -1.89 -7.56 -10.395 -1.89 -9.45 -10.395 -1.89 -10.395 -11.34 -1.89 -9.45 -12.285
4 16 -1.89 -7.56 -9.45 -1.89 -9.45 -6.615 -1.89 -9.45 -10.395 -1.89 -7.56 -10.395
0 Start Left hand of feather
4 16 -1.89 -1.89 9.45 -1.89 -3.78 7.56 -1.89 -2.835 3.78 -1.89 0 5.67
4 16 -1.89 -1.89 9.45 -1.89 -1.89 10.395 -1.89 -4.725 10.395 -1.89 -3.78 7.56
4 16 -1.89 -1.89 10.395 -1.89 -1.89 11.34 -1.89 -4.725 13.23 -1.89 -4.725 10.395
4 16 -1.89 -1.89 11.34 -1.89 -0.945 12.757 -1.89 -3.78 16.065 -1.89 -4.725 13.23
4 16 -1.89 0 14.175 -1.89 0 18.9 -1.89 -3.78 16.065 -1.89 -0.945 12.757
4 16 -1.89 0 14.175 -1.89 6.615 19.845 -1.89 4.725 21.735 -1.89 0 18.9
4 16 -1.89 6.615 19.845 -1.89 6.615 23.625 -1.89 4.725 23.625 -1.89 4.725 21.735
4 16 -1.89 4.725 23.625 -1.89 6.615 23.625 -1.89 5.67 25.515 -1.89 3.78 26.46
4 16 -1.89 4.725 23.625 -1.89 3.78 26.46 -1.89 2.835 25.515 -1.89 2.835 23.625
4 16 -1.89 3.78 21.735 -1.89 0.945 21.735 -1.89 2.835 23.625 -1.89 4.725 23.625
4 16 -1.89 3.78 21.735 -1.89 0.945 21.735 -1.89 -3.78 20.79 -1.89 -0.945 18.9
4 16 -1.89 -0.945 18.9 -1.89 -3.78 20.79 -1.89 -7.56 17.955 -1.89 -3.78 17.01
1 16 -1.89 -6.615 16.065 0 -1.041862 0 -0.945 0 1.89 -1.4175 0 -0.4725 rect2p.dat
3 16 -1.89 -5.67 14.175 -1.89 -9.45 15.12 -1.89 -9.45 12.285
4 16 -1.89 -5.67 14.175 -1.89 -9.45 12.285 -1.89 -7.56 7.56 -1.89 -5.67 10.395
4 16 -1.89 -4.725 7.56 -1.89 -5.67 10.395 -1.89 -7.56 7.56 -1.89 -6.615 6.142
4 16 -1.89 -4.725 7.56 -1.89 -2.835 3.78 -1.89 -5.67 4.725 -1.89 -6.615 6.142
4 16 -1.89 -6.615 3.78 -1.89 -11.34 5.67 -1.89 -15.12 0.945 -1.89 -5.67 0
0 start of top of feather
4 16 -1.89 -13.23 7.56 -1.89 -17.955 6.615 -1.89 -17.955 4.725 -1.89 -12.757 7.088
4 16 -1.89 -11.812 6.142 -1.89 -12.757 7.088 -1.89 -17.955 4.725 -1.89 -17.01 2.835
4 16 -1.89 -11.812 6.142 -1.89 -17.01 2.835 -1.89 -15.12 0.945 -1.89 -11.34 5.67
4 16 -1.89 -13.23 7.56 -1.89 -12.285 11.34 -1.89 -16.065 11.34 -1.89 -17.955 6.615
4 16 -1.89 -12.285 11.34 -1.89 -12.285 16.065 -1.89 -16.065 15.12 -1.89 -16.065 11.34
4 16 -1.89 -12.285 16.065 -1.89 -14.175 18.9 -1.89 -17.01 17.01 -1.89 -16.065 15.12
4 16 -1.89 -14.175 18.9 -1.89 -17.01 20.79 -1.89 -18.9 20.79 -1.89 -17.01 17.01
4 16 -1.89 -17.01 17.01 -1.89 -18.9 20.79 -1.89 -19.845 19.845 -1.89 -19.845 18.9
3 16 -1.89 -17.01 17.01 -1.89 -19.845 18.9 -1.89 -17.955 17.01
4 16 -1.89 -17.01 17.01 -1.89 -17.955 17.01 -1.89 -17.955 16.065 -1.89 -17.01 15.12
4 16 -1.89 -17.01 15.12 -1.89 -17.955 16.065 -1.89 -19.845 13.23 -1.89 -17.01 11.34
4 16 -1.89 -17.01 11.34 -1.89 -19.845 13.23 -1.89 -21.735 9.45 -1.89 -18.9 6.615
3 16 -1.89 -18.9 6.615 -1.89 -21.735 9.45 -1.89 -22.68 6.615
1 16 -1.89 -20.79 5.1975 0 -1.07163 0 0 0 -1.89 1.4175 0 0 rect2p.dat
3 16 -1.89 -18.9 3.78 -1.89 -22.68 3.78 -1.89 -21.735 0.945
4 16 -1.89 -16.065 0 -1.89 -18.9 3.78 -1.89 -21.735 0.945 -1.89 -19.845 -1.89
4 16 -1.89 -16.065 0 -1.89 -19.845 -1.89 -1.89 -17.955 -3.78 -1.89 -15.12 -4.725
4 16 -1.89 -16.065 0 -1.89 -15.12 -4.725 -1.89 -12.285 -4.725 -1.89 -5.67 0
3 16 -1.89 -5.67 0 -1.89 -12.285 -4.725 -1.89 -9.45 -3.78
4 16 -1.89 -6.615 -6.615 -1.89 -8.977 -5.67 -1.89 -9.45 -6.615 -1.89 -7.56 -9.45
4 16 -1.89 -6.615 -6.615 -1.89 -8.977 -5.67 -1.89 -8.505 -4.725 -1.89 -3.78 -2.835
4 16 -1.89 -8.505 -4.725 -1.89 -9.45 -3.78 -1.89 -5.67 0 -1.89 -3.78 -2.835
0 start Feather indent Right
3 16 -1.418 -3.78 -2.835 -1.418 -6.615 -6.615 -1.418 -5.67 -6.615
1 16 -1.418 -6.615 -8.0325 0 -2.679075 0 -0.4725 0 0.4725 -1.4175 0 0 rect2p.dat
1 16 -1.418 -7.0875 -9.9225 0 -0.893025 0 0 0 0.4725 -0.4725 0 0 rect2p.dat
1 16 -1.418 -8.0325 -11.34 0 -1.78605 0 -0.4725 0 -0.945 0 0 -0.945 rect3.dat
0 start Feather indent Left
3 16 -1.418 -2.835 3.78 -1.418 -3.78 7.56 -1.418 -4.725 7.56
1 16 -1.418 -4.725 8.9775 0 -2.679075 0 -0.4725 0 -0.4725 1.4175 0 0 rect2p.dat
4 16 -1.418 -4.725 10.395 -1.418 -4.725 13.23 -1.418 -5.67 14.175 -1.418 -5.67 10.395
4 16 -1.418 -4.725 13.23 -1.418 -3.78 16.065 -1.418 -3.78 17.01 -1.418 -5.67 14.175
4 16 -1.418 0 18.9 -1.418 -0.945 18.9 -1.418 -3.78 17.01 -1.418 -3.78 16.065
1 16 -1.418 1.89 20.3175 0 -2.679075 0 2.3625 0 -0.4725 1.4175 0 0 rect2p.dat
3 16 -1.418 4.725 21.735 -1.418 4.725 23.625 -1.418 3.78 21.735
0 start Feather indent Top
3 16 -1.418 -5.67 0 -1.418 -15.12 0.945 -1.418 -16.065 0
4 16 -1.418 -16.065 0 -1.418 -15.12 0.945 -1.418 -17.01 2.835 -1.418 -18.9 3.78
3 16 -1.418 -17.01 2.835 -1.418 -17.955 4.725 -1.418 -18.9 3.78
4 16 -1.418 -17.01 4.725 -1.418 -17.01 6.615 -1.418 -18.9 6.615 -1.418 -18.9 3.78
1 16 -1.418 -17.4825 8.9775 0 -4.465125 0 0.945 0 -0.4725 2.3625 0 0 rect2p.dat
4 16 -1.418 -16.065 11.34 -1.418 -16.065 15.12 -1.418 -17.01 18.9 -1.418 -17.01 11.34
0 start Feather indent sides Right
1 16 -1.654 -5.1975 -4.725 0 0 0.236 -1.4175 1.78416 0 -1.89 -1.33812 0 rect2p.dat
1 16 -1.654 -4.725 -4.725 0 0 0.236 -0.945 1.78416 0 -1.89 -0.89208 0 rect2p.dat
1 16 -1.654 -7.0875 -8.0325 -0.236 0 0 0 1.33812 -0.4725 0 -0.44604 -1.4175 rect1.dat
1 16 -1.654 -6.1425 -8.0325 -0.236 0 0 0 1.33812 -0.4725 0 -0.44604 -1.4175 rect1.dat
1 16 -1.654 -7.56 -9.9225 -0.236 0 0 0 0.44604 0 0 0 -0.4725 rect1.dat
1 16 -1.654 -6.615 -9.9225 -0.236 0 0 0 0.44604 0 0 0 -0.4725 rect1.dat
1 16 -1.654 -8.505 -11.34 -0.236 0 0 0 0.89208 -0.945 0 -0.89208 -0.945 rect1.dat
4 16 -1.89 -6.615 -10.395 -1.89 -8.505 -12.285 -1.418 -8.505 -12.285 -1.418 -6.615 -10.395
1 16 -1.654 -8.9775 -12.285 -0.236 0 0 0 0 -0.4725 0 -0.44604 0 rect1.dat
0 start Feather indent sides Left
1 16 -1.654 -3.78 5.67 0 0 0.236 -0.945 -1.78416 0 1.89 -0.89208 0 rect2p.dat
1 16 -1.654 -3.3075 5.67 0 0 0.236 -0.4725 -1.78416 0 1.89 -0.44604 0 rect2p.dat
1 16 -1.654 -5.1975 8.9775 -0.236 0 0 0 -1.33812 -0.4725 0 -0.44604 1.4175 rect1.dat
1 16 -1.654 -4.2525 8.9775 -0.236 0 0 0 -1.33812 -0.4725 0 -0.44604 1.4175 rect1.dat
1 16 -1.654 -5.67 12.285 0 0 0.236 0 -1.78416 0 1.89 0 0 rect2p.dat
1 16 -1.654 -4.725 11.8125 0 0 0.236 0 -1.33812 0 1.4175 0 0 rect2p.dat
1 16 -1.654 -4.2525 14.6475 0 0 0.236 0.4725 -1.33812 0 1.4175 0.44604 0 rect2p.dat
1 16 -1.654 -4.725 15.5925 0.236 0 0 0 -1.33812 -0.945 0 0.89208 -1.4175 rect1.dat
1 16 -1.654 -2.3625 17.955 0 0 0.236 1.4175 -0.89208 0 0.945 1.33812 0 rect2p.dat
1 16 -1.654 -1.89 17.4825 0 0 0.236 1.89 -1.33812 0 1.4175 1.78416 0 rect2p.dat
1 16 -1.654 1.4175 20.3175 -0.236 0 0 0 -1.33812 2.3625 0 2.2302 1.4175 rect1.dat
1 16 -1.654 2.3625 20.3175 -0.236 0 0 0 -1.33812 2.3625 0 2.2302 1.4175 rect1.dat
1 16 -1.654 4.2525 22.68 0 0 0.236 0.4725 -0.89208 0 0.945 0.44604 0 rect2p.dat
1 16 -1.654 4.725 22.68 0 0 0.236 0 -0.89208 0 0.945 0 0 rect2p.dat
0 start Feather indent sides Top
1 16 -1.654 -10.395 0.4725 0 0 0.236 -4.725 -0.44604 0 0.4725 -4.4604 0 rect2p.dat
1 16 -1.654 -10.8675 0 0 0 0.236 -5.1975 0 0 0 -4.90644 0 rect2p.dat
1 16 -1.654 -16.065 1.89 0 0 0.236 -0.945 -0.89208 0 0.945 -0.89208 0 rect2p.dat
1 16 -1.654 -17.4825 1.89 0 0 0.236 -1.4175 -1.78416 0 1.89 -1.33812 0 rect2p.dat
1 16 -1.654 -17.4825 3.78 0 0 0.236 -0.4725 -0.89208 0 0.945 -0.44604 0 rect2p.dat
1 16 -1.654 -17.955 5.67 0 0 0.236 0 -0.89208 0 0.945 0 0 rect2p.dat
1 16 -1.654 -18.9 5.1975 0.236 0 0 0 -1.33812 0 0 0 -1.4175 rect1.dat
1 16 -1.654 -17.955 8.9775 -0.236 0 0 0 -2.2302 0.945 0 0.89208 2.3625 rect1.dat
1 16 -1.654 -17.01 8.9775 -0.236 0 0 0 -2.2302 0.945 0 0.89208 2.3625 rect1.dat
1 16 -1.654 -17.01 14.175 0 0 0.236 0 -2.67624 0 2.835 0 0 rect2p.dat
1 16 -1.654 -16.065 13.23 0 0 0.236 0 -1.78416 0 1.89 0 0 rect2p.dat
1 16 -1.654 -16.5375 16.065 0 0 0.236 -0.4725 -0.89208 0 0.945 -0.44604 0 rect2p.dat
0 Method A - current method
0 start Feather main sides Optional edge lines 2
2 24 -1.89 0 -5.67 -1.89 0 0
2 24 -1.89 0 5.67 -1.89 0 0
0 StartofMirror
0 Start Centre of feather
4 16 1.89 -2.835 3.78 1.89 -5.67 4.725 1.89 -6.615 3.78 1.89 -5.67 0
4 16 1.89 0 0 1.89 0 -5.67 1.89 -3.78 -2.835 1.89 -5.67 0
4 16 1.89 0 5.67 1.89 0 0 1.89 -5.67 0 1.89 -2.835 3.78
0 Start Right hand of feather Initial
4 16 1.89 0 -5.67 1.89 -3.78 -2.835 1.89 -5.67 -6.615 1.89 -1.89 -8.505
4 16 1.89 -1.89 -8.505 1.89 -5.67 -6.615 1.89 -6.615 -9.45 1.89 -2.835 -10.395
4 16 1.89 -2.835 -10.395 1.89 -6.615 -9.45 1.89 -6.615 -10.395 1.89 -3.78 -12.285
1 16 1.89 -6.1425 -12.285 0 -1.116281 0 -0.945 0 1.4175 -0.945 0 -0.945 rect2p.dat
4 16 1.89 -5.67 -14.175 1.89 -8.505 -12.285 1.89 -9.45 -12.285 1.89 -8.505 -14.175
4 16 1.89 -11.34 -14.175 1.89 -8.505 -14.175 1.89 -9.45 -12.285 1.89 -13.23 -12.285
4 16 1.89 -12.285 -11.34 1.89 -13.23 -12.285 1.89 -9.45 -12.285 1.89 -10.395 -11.34
4 16 1.89 -7.56 -10.395 1.89 -9.45 -10.395 1.89 -10.395 -11.34 1.89 -9.45 -12.285
4 16 1.89 -7.56 -9.45 1.89 -9.45 -6.615 1.89 -9.45 -10.395 1.89 -7.56 -10.395
0 Start Left hand of feather
4 16 1.89 -1.89 9.45 1.89 -3.78 7.56 1.89 -2.835 3.78 1.89 0 5.67
4 16 1.89 -1.89 9.45 1.89 -1.89 10.395 1.89 -4.725 10.395 1.89 -3.78 7.56
4 16 1.89 -1.89 10.395 1.89 -1.89 11.34 1.89 -4.725 13.23 1.89 -4.725 10.395
4 16 1.89 -1.89 11.34 1.89 -0.945 12.757 1.89 -3.78 16.065 1.89 -4.725 13.23
4 16 1.89 0 14.175 1.89 0 18.9 1.89 -3.78 16.065 1.89 -0.945 12.757
4 16 1.89 0 14.175 1.89 6.615 19.845 1.89 4.725 21.735 1.89 0 18.9
4 16 1.89 6.615 19.845 1.89 6.615 23.625 1.89 4.725 23.625 1.89 4.725 21.735
4 16 1.89 4.725 23.625 1.89 6.615 23.625 1.89 5.67 25.515 1.89 3.78 26.46
4 16 1.89 4.725 23.625 1.89 3.78 26.46 1.89 2.835 25.515 1.89 2.835 23.625
4 16 1.89 3.78 21.735 1.89 0.945 21.735 1.89 2.835 23.625 1.89 4.725 23.625
4 16 1.89 3.78 21.735 1.89 0.945 21.735 1.89 -3.78 20.79 1.89 -0.945 18.9
4 16 1.89 -0.945 18.9 1.89 -3.78 20.79 1.89 -7.56 17.955 1.89 -3.78 17.01
1 16 1.89 -6.615 16.065 0 -1.041862 0 -0.945 0 1.89 -1.4175 0 -0.4725 rect2p.dat
3 16 1.89 -5.67 14.175 1.89 -9.45 15.12 1.89 -9.45 12.285
4 16 1.89 -5.67 14.175 1.89 -9.45 12.285 1.89 -7.56 7.56 1.89 -5.67 10.395
4 16 1.89 -4.725 7.56 1.89 -5.67 10.395 1.89 -7.56 7.56 1.89 -6.615 6.142
4 16 1.89 -4.725 7.56 1.89 -2.835 3.78 1.89 -5.67 4.725 1.89 -6.615 6.142
4 16 1.89 -6.615 3.78 1.89 -11.34 5.67 1.89 -15.12 0.945 1.89 -5.67 0
0 start of top of feather
4 16 1.89 -13.23 7.56 1.89 -17.955 6.615 1.89 -17.955 4.725 1.89 -12.757 7.088
4 16 1.89 -11.812 6.142 1.89 -12.757 7.088 1.89 -17.955 4.725 1.89 -17.01 2.835
4 16 1.89 -11.812 6.142 1.89 -17.01 2.835 1.89 -15.12 0.945 1.89 -11.34 5.67
4 16 1.89 -13.23 7.56 1.89 -12.285 11.34 1.89 -16.065 11.34 1.89 -17.955 6.615
4 16 1.89 -12.285 11.34 1.89 -12.285 16.065 1.89 -16.065 15.12 1.89 -16.065 11.34
4 16 1.89 -12.285 16.065 1.89 -14.175 18.9 1.89 -17.01 17.01 1.89 -16.065 15.12
4 16 1.89 -14.175 18.9 1.89 -17.01 20.79 1.89 -18.9 20.79 1.89 -17.01 17.01
4 16 1.89 -17.01 17.01 1.89 -18.9 20.79 1.89 -19.845 19.845 1.89 -19.845 18.9
3 16 1.89 -17.01 17.01 1.89 -19.845 18.9 1.89 -17.955 17.01
4 16 1.89 -17.01 17.01 1.89 -17.955 17.01 1.89 -17.955 16.065 1.89 -17.01 15.12
4 16 1.89 -17.01 15.12 1.89 -17.955 16.065 1.89 -19.845 13.23 1.89 -17.01 11.34
4 16 1.89 -17.01 11.34 1.89 -19.845 13.23 1.89 -21.735 9.45 1.89 -18.9 6.615
3 16 1.89 -18.9 6.615 1.89 -21.735 9.45 1.89 -22.68 6.615
1 16 1.89 -20.79 5.1975 0 -1.07163 0 0 0 -1.89 1.4175 0 0 rect2p.dat
3 16 1.89 -18.9 3.78 1.89 -22.68 3.78 1.89 -21.735 0.945
4 16 1.89 -16.065 0 1.89 -18.9 3.78 1.89 -21.735 0.945 1.89 -19.845 -1.89
4 16 1.89 -16.065 0 1.89 -19.845 -1.89 1.89 -17.955 -3.78 1.89 -15.12 -4.725
4 16 1.89 -16.065 0 1.89 -15.12 -4.725 1.89 -12.285 -4.725 1.89 -5.67 0
3 16 1.89 -5.67 0 1.89 -12.285 -4.725 1.89 -9.45 -3.78
4 16 1.89 -6.615 -6.615 1.89 -8.977 -5.67 1.89 -9.45 -6.615 1.89 -7.56 -9.45
4 16 1.89 -6.615 -6.615 1.89 -8.977 -5.67 1.89 -8.505 -4.725 1.89 -3.78 -2.835
4 16 1.89 -8.505 -4.725 1.89 -9.45 -3.78 1.89 -5.67 0 1.89 -3.78 -2.835
0 start Feather indent Right
3 16 1.418 -3.78 -2.835 1.418 -6.615 -6.615 1.418 -5.67 -6.615
1 16 1.418 -6.615 -8.0325 0 -2.679075 0 -0.4725 0 0.4725 -1.4175 0 0 rect2p.dat
1 16 1.418 -7.0875 -9.9225 0 -0.893025 0 0 0 0.4725 -0.4725 0 0 rect2p.dat
1 16 1.418 -8.0325 -11.34 0 -1.78605 0 -0.4725 0 -0.945 0 0 -0.945 rect3.dat
0 start Feather indent Left
3 16 1.418 -2.835 3.78 1.418 -3.78 7.56 1.418 -4.725 7.56
1 16 1.418 -4.725 8.9775 0 -2.679075 0 -0.4725 0 -0.4725 1.4175 0 0 rect2p.dat
4 16 1.418 -4.725 10.395 1.418 -4.725 13.23 1.418 -5.67 14.175 1.418 -5.67 10.395
4 16 1.418 -4.725 13.23 1.418 -3.78 16.065 1.418 -3.78 17.01 1.418 -5.67 14.175
4 16 1.418 0 18.9 1.418 -0.945 18.9 1.418 -3.78 17.01 1.418 -3.78 16.065
1 16 1.418 1.89 20.3175 0 -2.679075 0 2.3625 0 -0.4725 1.4175 0 0 rect2p.dat
3 16 1.418 4.725 21.735 1.418 4.725 23.625 1.418 3.78 21.735
0 start Feather indent Top
3 16 1.418 -5.67 0 1.418 -15.12 0.945 1.418 -16.065 0
4 16 1.418 -16.065 0 1.418 -15.12 0.945 1.418 -17.01 2.835 1.418 -18.9 3.78
3 16 1.418 -17.01 2.835 1.418 -17.955 4.725 1.418 -18.9 3.78
4 16 1.418 -17.01 4.725 1.418 -17.01 6.615 1.418 -18.9 6.615 1.418 -18.9 3.78
1 16 1.418 -17.4825 8.9775 0 -4.465125 0 0.945 0 -0.4725 2.3625 0 0 rect2p.dat
4 16 1.418 -16.065 11.34 1.418 -16.065 15.12 1.418 -17.01 18.9 1.418 -17.01 11.34
0 start Feather indent sides Right
1 16 1.654 -5.1975 -4.725 0 0 -0.236 -1.4175 -1.78416 0 -1.89 1.33812 0 rect2p.dat
1 16 1.654 -4.725 -4.725 0 0 -0.236 -0.945 -1.78416 0 -1.89 0.89208 0 rect2p.dat
1 16 1.654 -7.0875 -8.0325 0.236 0 0 0 -1.33812 -0.4725 0 0.44604 -1.4175 rect1.dat
1 16 1.654 -6.1425 -8.0325 0.236 0 0 0 -1.33812 -0.4725 0 0.44604 -1.4175 rect1.dat
1 16 1.654 -7.56 -9.9225 0.236 0 0 0 -0.44604 0 0 0 -0.4725 rect1.dat
1 16 1.654 -6.615 -9.9225 0.236 0 0 0 -0.44604 0 0 0 -0.4725 rect1.dat
1 16 1.654 -8.505 -11.34 0.236 0 0 0 -0.89208 -0.945 0 0.89208 -0.945 rect1.dat
4 16 1.89 -6.615 -10.395 1.89 -8.505 -12.285 1.418 -8.505 -12.285 1.418 -6.615 -10.395
1 16 1.654 -8.9775 -12.285 0.236 0 0 0 0 -0.4725 0 0.44604 0 rect1.dat
0 start Feather indent sides Left
1 16 1.654 -3.78 5.67 0 0 -0.236 -0.945 1.78416 0 1.89 0.89208 0 rect2p.dat
1 16 1.654 -3.3075 5.67 0 0 -0.236 -0.4725 1.78416 0 1.89 0.44604 0 rect2p.dat
1 16 1.654 -5.1975 8.9775 0.236 0 0 0 1.33812 -0.4725 0 0.44604 1.4175 rect1.dat
1 16 1.654 -4.2525 8.9775 0.236 0 0 0 1.33812 -0.4725 0 0.44604 1.4175 rect1.dat
1 16 1.654 -5.67 12.285 0 0 -0.236 0 1.78416 0 1.89 0 0 rect2p.dat
1 16 1.654 -4.725 11.8125 0 0 -0.236 0 1.33812 0 1.4175 0 0 rect2p.dat
1 16 1.654 -4.2525 14.6475 0 0 -0.236 0.4725 1.33812 0 1.4175 -0.44604 0 rect2p.dat
1 16 1.654 -4.725 15.5925 -0.236 0 0 0 1.33812 -0.945 0 -0.89208 -1.4175 rect1.dat
1 16 1.654 -2.3625 17.955 0 0 -0.236 1.4175 0.89208 0 0.945 -1.33812 0 rect2p.dat
1 16 1.654 -1.89 17.4825 0 0 -0.236 1.89 1.33812 0 1.4175 -1.78416 0 rect2p.dat
1 16 1.654 1.4175 20.3175 0.236 0 0 0 1.33812 2.3625 0 -2.2302 1.4175 rect1.dat
1 16 1.654 2.3625 20.3175 0.236 0 0 0 1.33812 2.3625 0 -2.2302 1.4175 rect1.dat
1 16 1.654 4.2525 22.68 0 0 -0.236 0.4725 0.89208 0 0.945 -0.44604 0 rect2p.dat
1 16 1.654 4.725 22.68 0 0 -0.236 0 0.89208 0 0.945 0 0 rect2p.dat
0 start Feather indent sides Top
1 16 1.654 -10.395 0.4725 0 0 -0.236 -4.725 0.44604 0 0.4725 4.4604 0 rect2p.dat
1 16 1.654 -10.8675 0 0 0 -0.236 -5.1975 0 0 0 4.90644 0 rect2p.dat
1 16 1.654 -16.065 1.89 0 0 -0.236 -0.945 0.89208 0 0.945 0.89208 0 rect2p.dat
1 16 1.654 -17.4825 1.89 0 0 -0.236 -1.4175 1.78416 0 1.89 1.33812 0 rect2p.dat
1 16 1.654 -17.4825 3.78 0 0 -0.236 -0.4725 0.89208 0 0.945 0.44604 0 rect2p.dat
1 16 1.654 -17.955 5.67 0 0 -0.236 0 0.89208 0 0.945 0 0 rect2p.dat
1 16 1.654 -18.9 5.1975 -0.236 0 0 0 1.33812 0 0 0 -1.4175 rect1.dat
1 16 1.654 -17.955 8.9775 0.236 0 0 0 2.2302 0.945 0 -0.89208 2.3625 rect1.dat
1 16 1.654 -17.01 8.9775 0.236 0 0 0 2.2302 0.945 0 -0.89208 2.3625 rect1.dat
1 16 1.654 -17.01 14.175 0 0 -0.236 0 2.67624 0 2.835 0 0 rect2p.dat
1 16 1.654 -16.065 13.23 0 0 -0.236 0 1.78416 0 1.89 0 0 rect2p.dat
1 16 1.654 -16.5375 16.065 0 0 -0.236 -0.4725 0.89208 0 0.945 0.44604 0 rect2p.dat
0 Method A - current method
0 start Feather main sides Optional edge lines 2
2 24 1.89 0 -5.67 1.89 0 0
2 24 1.89 0 5.67 1.89 0 0
0 start Feather main sides
1 16 0 -0.945 -7.0875 0 0 1.89 -0.945 0.8320503 0 -1.4175 -0.9999993 0 rect2p.dat
1 16 0 -2.3625 -9.45 0 0 1.89 -0.4725 0.8944272 0 -0.945 -0.9999969 0 rect2p.dat
1 16 0 -3.3075 -11.34 0 0 1.89 -0.4725 0.8944272 0 -0.945 -0.9999969 0 rect2p.dat
4 16 -1.89 -3.78 -12.285 -1.89 -5.67 -14.175 1.89 -5.67 -14.175 1.89 -3.78 -12.285
1 16 0 -7.0875 -14.175 0 0 1.89 -1.4175 0 0 0 -1.07163 0 rect2p.dat
1 16 0 -9.9225 -14.175 0 0 1.89 -1.4175 0 0 0 -1.07163 0 rect2p.dat
1 16 0 -12.285 -13.23 0 0 1.89 -0.945 -1.0206 0 0.945 -1.0206 0 rect2p.dat
1 16 0 -12.7575 -11.8125 0 0 1.89 0.4725 -0.7071068 0 0.4725 0.999998 0 rect2p.dat
1 16 0 -11.34 -11.34 0 0 1.89 0.945 0 0 0 1 0 rect2p.dat
1 16 0 -9.9225 -10.8675 0 0 1.89 0.4725 -0.7071068 0 0.4725 0.999998 0 rect2p.dat
1 16 0 -9.45 -8.505 0 0 1.89 0 -1.0206 0 1.89 0 0 rect2p.dat
1 16 0 -9.2135 -6.1425 0 0 1.89 0.2365 -0.8942379 0 0.4725 0.9999875 0 rect2p.dat
1 16 0 -8.741 -5.1975 0 0 1.89 0.236 -0.8946164 0 0.4725 0.9999874 0 rect2p.dat
1 16 0 -8.9775 -4.2525 0 0 1.89 -0.4725 -1.1907 0 0.4725 -1.1907 0 rect2p.dat
1 16 0 -10.8675 -4.2525 0 0 1.89 -1.4175 0.3162278 0 -0.4725 -1 0 rect2p.dat
1 16 0 -13.7025 -4.725 0 0 1.89 -1.4175 0 0 0 -1.07163 0 rect2p.dat
1 16 0 -16.5375 -4.2525 0 0 1.89 -1.4175 -3.5721 0 0.4725 -10.7163 0 rect2p.dat
1 16 0 -18.9 -2.835 0 0 1.89 -0.945 -1.0206 0 0.945 -1.0206 0 rect2p.dat
1 16 0 -20.79 -0.4725 0 0 1.89 -0.945 -10.7163 0 1.4175 -7.1442 0 rect2p.dat
1 16 0 -22.2075 2.3625 0 0 1.89 -0.4725 -10.7163 0 1.4175 -3.5721 0 rect2p.dat
4 16 -1.89 -22.68 3.78 -1.89 -22.68 6.615 1.89 -22.68 6.615 1.89 -22.68 3.78
1 16 0 -22.2075 8.0325 0 0 1.89 0.4725 -0.9486833 0 1.4175 0.9999965 0 rect2p.dat
1 16 0 -20.79 11.34 0 0 1.89 0.945 -0.8944272 0 1.89 0.9999992 0 rect2p.dat
1 16 0 -18.9 14.6475 0 0 1.89 0.945 -0.8320503 0 1.4175 0.9999993 0 rect2p.dat
1 16 0 -17.955 16.5375 0 0 1.89 0 -3.5721 0 0.4725 0 0 rect2p.dat
1 16 0 -18.9 17.955 0 0 1.89 -0.945 -1.0206 0 0.945 -1.0206 0 rect2p.dat
1 16 0 -19.845 19.3725 0 0 1.89 0 -3.5721 0 0.4725 0 0 rect2p.dat
1 16 0 -19.3725 20.3175 0 0 1.89 0.4725 -0.7071068 0 0.4725 0.999998 0 rect2p.dat
1 16 0 -17.955 20.79 0 0 1.89 0.945 0 0 0 1 0 rect2p.dat
1 16 0 -15.5925 19.845 0 0 1.89 1.4175 0.5547002 0 -0.945 0.9999999 0 rect2p.dat
1 16 0 -13.23 17.4825 0 0 1.89 0.945 0.8320503 0 -1.4175 0.9999993 0 rect2p.dat
1 16 0 -12.285 13.7025 0 0 1.89 0 1 0 -2.3625 0 0 rect2p.dat
1 16 0 -12.7575 9.45 0 0 1.89 -0.4725 0.9701425 0 -1.89 -0.9999963 0 rect2p.dat
1 16 0 -12.9935 7.324 0 0 1.89 0.2365 1.78416 0 -0.236 1.78794 0 rect2p.dat
1 16 0 -12.2845 6.615 0 0 1.89 0.4725 0.7074806 0 -0.473 0.999998 0 rect2p.dat
1 16 0 -11.576 5.906 0 0 1.89 0.236 1.78416 0 -0.236 1.78416 0 rect2p.dat
1 16 0 -8.9775 4.725 0 0 1.89 2.3625 0.3713907 0 -0.945 1 0 rect2p.dat
1 16 0 -6.1425 4.2525 0 0 1.89 0.4725 -0.7071068 0 0.4725 0.999998 0 rect2p.dat
1 16 0 -6.1425 5.4335 0 0 1.89 -0.4725 -5.35626 0 0.7085 -3.5721 0 rect2p.dat
1 16 0 -7.0875 6.851 0 0 1.89 -0.4725 -5.36004 0 0.709 -3.5721 0 rect2p.dat
1 16 0 -8.505 9.9225 0 0 1.89 -0.945 -17.8605 0 2.3625 -7.1442 0 rect2p.dat
1 16 0 -9.45 13.7025 0 0 1.89 0 -1.07163 0 1.4175 0 0 rect2p.dat
4 16 -1.89 -9.45 15.12 -1.89 -7.56 17.955 1.89 -7.56 17.955 1.89 -9.45 15.12
1 16 0 -5.67 19.3725 0 0 1.89 1.89 -0.6 0 1.4175 0.9999999 0 rect2p.dat
1 16 0 -1.4175 21.2625 0 0 1.89 2.3625 -0.1961161 0 0.4725 1 0 rect2p.dat
1 16 0 1.89 22.68 0 0 1.89 0.945 -0.7071068 0 0.945 0.9999995 0 rect2p.dat
1 16 0 2.835 24.57 0 0 1.89 0 -1.0206 0 0.945 0 0 rect2p.dat
1 16 0 3.3075 25.9875 0 0 1.89 0.4725 -0.7071068 0 0.4725 0.999998 0 rect2p.dat
1 16 0 4.725 25.9875 0 0 1.89 0.945 0.4472136 0 -0.4725 0.9999998 0 rect2p.dat
1 16 0 6.1425 24.57 0 0 1.89 0.4725 0.8944272 0 -0.945 0.9999969 0 rect2p.dat
1 16 0 6.615 21.735 0 0 1.89 0 1 0 -1.89 0 0 rect2p.dat
1 16 0 3.3075 17.01 0 0 1.89 -3.3075 0.6507914 0 -2.835 -1 0 rect2p.dat
1 16 0 -0.4725 13.466 0 0 1.89 -0.4725 0.8321406 0 -0.709 -0.9999973 0 rect2p.dat
1 16 0 -1.4175 12.0485 0 0 1.89 -0.4725 0.83196 0 -0.7085 -0.9999973 0 rect2p.dat
1 16 0 -1.89 10.8675 0 0 1.89 0 3.5721 0 -0.4725 0 0 rect2p.dat
1 16 0 -1.89 9.9225 0 0 1.89 0 3.5721 0 -0.4725 0 0 rect2p.dat
1 16 0 -0.945 7.56 0 0 1.89 0.945 0.8944272 0 -1.89 0.9999992 0 rect2p.dat
0 Start Base (side) of feather
4 16 -1.89 0 -5.67 -1.89 0 5.67 1.89 0 5.67 1.89 0 -5.67
0
0 Optional Line Data (generated using OLC.exe):
0
5 24 -1.89 -6.615 -6.615 -1.418 -6.615 -6.615 -1.418 -3.78 -2.835 -1.418 -7.56 -9.45
5 24 -1.418 -3.78 -2.835 -1.89 -3.78 -2.835 -1.89 -6.615 -6.615 -1.89 -5.67 -6.615
5 24 -1.89 -5.67 -6.615 -1.418 -5.67 -6.615 -1.418 -3.78 -2.835 -1.418 -6.615 -9.45
5 24 -1.89 -7.56 -9.45 -1.418 -7.56 -9.45 -1.418 -6.615 -6.615 -1.418 -7.56 -10.395
5 24 -1.89 -6.615 -9.45 -1.418 -6.615 -9.45 -1.418 -5.67 -6.615 -1.418 -6.615 -10.395
5 24 -1.89 -7.56 -10.395 -1.418 -7.56 -10.395 -1.418 -7.56 -9.45 -1.418 -9.45 -12.285
5 24 -1.89 -6.615 -10.395 -1.418 -6.615 -10.395 -1.418 -6.615 -9.45 -1.418 -8.505 -12.285
5 24 -1.89 -9.45 -12.285 -1.418 -9.45 -12.285 -1.418 -7.56 -10.395 -1.418 -8.505 -12.285
5 24 -1.89 -8.505 -12.285 -1.418 -8.505 -12.285 -1.418 -6.615 -10.395 -1.418 -9.45 -12.285
5 24 -1.89 -4.725 7.56 -1.418 -4.725 7.56 -1.418 -2.835 3.78 -1.418 -5.67 10.395
5 24 -1.418 -2.835 3.78 -1.89 -2.835 3.78 -1.89 -4.725 7.56 -1.89 -3.78 7.56
5 24 -1.89 -3.78 7.56 -1.418 -3.78 7.56 -1.418 -2.835 3.78 -1.418 -4.725 10.395
5 24 -1.89 -5.67 10.395 -1.418 -5.67 10.395 -1.418 -4.725 7.56 -1.418 -5.67 14.175
5 24 -1.89 -4.725 10.395 -1.418 -4.725 10.395 -1.418 -3.78 7.56 -1.418 -4.725 13.23
5 24 -1.89 -5.67 14.175 -1.418 -5.67 14.175 -1.418 -5.67 10.395 -1.418 -3.78 17.01
5 24 -1.89 -4.725 13.23 -1.418 -4.725 13.23 -1.418 -4.725 10.395 -1.418 -3.78 16.065
5 24 -1.89 -3.78 16.065 -1.418 -3.78 16.065 -1.418 -4.725 13.23 -1.418 0 18.9
5 24 -1.89 -3.78 17.01 -1.418 -3.78 17.01 -1.418 -5.67 14.175 -1.418 -0.945 18.9
5 24 -1.89 -0.945 18.9 -1.418 -0.945 18.9 -1.418 -3.78 17.01 -1.418 3.78 21.735
5 24 -1.89 0 18.9 -1.418 0 18.9 -1.418 -3.78 16.065 -1.418 4.725 21.735
5 24 -1.89 3.78 21.735 -1.418 3.78 21.735 -1.418 -0.945 18.9 -1.418 4.725 23.625
5 24 -1.89 4.725 21.735 -1.418 4.725 21.735 -1.418 0 18.9 -1.418 4.725 23.625
5 24 -1.89 4.725 23.625 -1.418 4.725 23.625 -1.418 3.78 21.735 -1.418 4.725 21.735
5 24 -1.89 -15.12 0.945 -1.418 -15.12 0.945 -1.418 -5.67 0 -1.418 -17.01 2.835
5 24 -1.418 -5.67 0 -1.89 -5.67 0 -1.89 -15.12 0.945 -1.89 -16.065 0
5 24 -1.89 -16.065 0 -1.418 -16.065 0 -1.418 -5.67 0 -1.418 -18.9 3.78
5 24 -1.89 -17.01 2.835 -1.418 -17.01 2.835 -1.418 -15.12 0.945 -1.418 -17.955 4.725
5 24 -1.89 -18.9 3.78 -1.418 -18.9 3.78 -1.418 -16.065 0 -1.418 -18.9 6.615
5 24 -1.89 -17.955 4.725 -1.418 -17.955 4.725 -1.418 -17.01 2.835 -1.418 -17.955 6.615
5 24 -1.89 -17.955 6.615 -1.418 -17.955 6.615 -1.418 -17.955 4.725 -1.418 -16.065 11.34
5 24 -1.89 -18.9 6.615 -1.418 -18.9 6.615 -1.418 -18.9 3.78 -1.418 -17.01 11.34
5 24 -1.89 -17.01 11.34 -1.418 -17.01 11.34 -1.418 -18.9 6.615 -1.418 -17.01 17.01
5 24 -1.89 -16.065 11.34 -1.418 -16.065 11.34 -1.418 -17.955 6.615 -1.418 -16.065 15.12
5 24 -1.89 -17.01 17.01 -1.418 -17.01 17.01 -1.418 -17.01 11.34 -1.418 -16.065 15.12
5 24 -1.89 -16.065 15.12 -1.418 -16.065 15.12 -1.418 -16.065 11.34 -1.418 -17.01 17.01
5 24 1.89 -6.615 -6.615 1.418 -6.615 -6.615 1.418 -3.78 -2.835 1.418 -7.56 -9.45
5 24 1.418 -3.78 -2.835 1.89 -3.78 -2.835 1.89 -6.615 -6.615 1.89 -5.67 -6.615
5 24 1.89 -5.67 -6.615 1.418 -5.67 -6.615 1.418 -3.78 -2.835 1.418 -6.615 -9.45
5 24 1.89 -7.56 -9.45 1.418 -7.56 -9.45 1.418 -6.615 -6.615 1.418 -7.56 -10.395
5 24 1.89 -6.615 -9.45 1.418 -6.615 -9.45 1.418 -5.67 -6.615 1.418 -6.615 -10.395
5 24 1.89 -7.56 -10.395 1.418 -7.56 -10.395 1.418 -7.56 -9.45 1.418 -9.45 -12.285
5 24 1.89 -6.615 -10.395 1.418 -6.615 -10.395 1.418 -6.615 -9.45 1.418 -8.505 -12.285
5 24 1.89 -9.45 -12.285 1.418 -9.45 -12.285 1.418 -7.56 -10.395 1.418 -8.505 -12.285
5 24 1.89 -8.505 -12.285 1.418 -8.505 -12.285 1.418 -6.615 -10.395 1.418 -9.45 -12.285
5 24 1.89 -4.725 7.56 1.418 -4.725 7.56 1.418 -2.835 3.78 1.418 -5.67 10.395
5 24 1.418 -2.835 3.78 1.89 -2.835 3.78 1.89 -4.725 7.56 1.89 -3.78 7.56
5 24 1.89 -3.78 7.56 1.418 -3.78 7.56 1.418 -2.835 3.78 1.418 -4.725 10.395
5 24 1.89 -5.67 10.395 1.418 -5.67 10.395 1.418 -4.725 7.56 1.418 -5.67 14.175
5 24 1.89 -4.725 10.395 1.418 -4.725 10.395 1.418 -3.78 7.56 1.418 -4.725 13.23
5 24 1.89 -5.67 14.175 1.418 -5.67 14.175 1.418 -5.67 10.395 1.418 -3.78 17.01
5 24 1.89 -4.725 13.23 1.418 -4.725 13.23 1.418 -4.725 10.395 1.418 -3.78 16.065
5 24 1.89 -3.78 16.065 1.418 -3.78 16.065 1.418 -4.725 13.23 1.418 0 18.9
5 24 1.89 -3.78 17.01 1.418 -3.78 17.01 1.418 -5.67 14.175 1.418 -0.945 18.9
5 24 1.89 -0.945 18.9 1.418 -0.945 18.9 1.418 -3.78 17.01 1.418 3.78 21.735
5 24 1.89 0 18.9 1.418 0 18.9 1.418 -3.78 16.065 1.418 4.725 21.735
5 24 1.89 3.78 21.735 1.418 3.78 21.735 1.418 -0.945 18.9 1.418 4.725 23.625
5 24 1.89 4.725 21.735 1.418 4.725 21.735 1.418 0 18.9 1.418 4.725 23.625
5 24 1.89 4.725 23.625 1.418 4.725 23.625 1.418 3.78 21.735 1.418 4.725 21.735
5 24 1.89 -15.12 0.945 1.418 -15.12 0.945 1.418 -5.67 0 1.418 -17.01 2.835
5 24 1.418 -5.67 0 1.89 -5.67 0 1.89 -15.12 0.945 1.89 -16.065 0
5 24 1.89 -16.065 0 1.418 -16.065 0 1.418 -5.67 0 1.418 -18.9 3.78
5 24 1.89 -17.01 2.835 1.418 -17.01 2.835 1.418 -15.12 0.945 1.418 -17.955 4.725
5 24 1.89 -18.9 3.78 1.418 -18.9 3.78 1.418 -16.065 0 1.418 -18.9 6.615
5 24 1.89 -17.955 4.725 1.418 -17.955 4.725 1.418 -17.01 2.835 1.418 -17.955 6.615
5 24 1.89 -17.955 6.615 1.418 -17.955 6.615 1.418 -17.955 4.725 1.418 -16.065 11.34
5 24 1.89 -18.9 6.615 1.418 -18.9 6.615 1.418 -18.9 3.78 1.418 -17.01 11.34
5 24 1.89 -17.01 11.34 1.418 -17.01 11.34 1.418 -18.9 6.615 1.418 -17.01 17.01
5 24 1.89 -16.065 11.34 1.418 -16.065 11.34 1.418 -17.955 6.615 1.418 -16.065 15.12
5 24 1.89 -17.01 17.01 1.418 -17.01 17.01 1.418 -17.01 11.34 1.418 -16.065 15.12
5 24 1.89 -16.065 15.12 1.418 -16.065 15.12 1.418 -16.065 11.34 1.418 -17.01 17.01
5 24 -1.89 -1.89 -8.505 1.89 -1.89 -8.505 1.89 0 -5.67 1.89 -2.835 -10.395
5 24 1.89 0 -5.67 -1.89 0 -5.67 -1.89 -1.89 -8.505 -1.89 0 5.67
5 24 -1.89 -3.78 -12.285 1.89 -3.78 -12.285 1.89 -2.835 -10.395 1.89 -5.67 -14.175
5 24 -1.89 -5.67 -14.175 1.89 -5.67 -14.175 1.89 -3.78 -12.285 1.89 -8.505 -14.175
5 24 -1.89 -11.34 -14.175 1.89 -11.34 -14.175 1.89 -8.505 -14.175 1.89 -13.23 -12.285
5 24 -1.89 -13.23 -12.285 1.89 -13.23 -12.285 1.89 -11.34 -14.175 1.89 -12.285 -11.34
5 24 -1.89 -12.285 -11.34 1.89 -12.285 -11.34 1.89 -13.23 -12.285 1.89 -10.395 -11.34
5 24 -1.89 -10.395 -11.34 1.89 -10.395 -11.34 1.89 -12.285 -11.34 1.89 -9.45 -10.395
5 24 -1.89 -9.45 -10.395 1.89 -9.45 -10.395 1.89 -10.395 -11.34 1.89 -9.45 -6.615
5 24 -1.89 -9.45 -6.615 1.89 -9.45 -6.615 1.89 -9.45 -10.395 1.89 -8.977 -5.67
5 24 -1.89 -8.505 -4.725 1.89 -8.505 -4.725 1.89 -8.977 -5.67 1.89 -9.45 -3.78
5 24 -1.89 -9.45 -3.78 1.89 -9.45 -3.78 1.89 -8.505 -4.725 1.89 -12.285 -4.725
5 24 -1.89 -12.285 -4.725 1.89 -12.285 -4.725 1.89 -9.45 -3.78 1.89 -15.12 -4.725
5 24 -1.89 -15.12 -4.725 1.89 -15.12 -4.725 1.89 -12.285 -4.725 1.89 -17.955 -3.78
5 24 -1.89 -17.955 -3.78 1.89 -17.955 -3.78 1.89 -15.12 -4.725 1.89 -19.845 -1.89
5 24 -1.89 -19.845 -1.89 1.89 -19.845 -1.89 1.89 -17.955 -3.78 1.89 -21.735 0.945
5 24 -1.89 -21.735 0.945 1.89 -21.735 0.945 1.89 -19.845 -1.89 1.89 -22.68 3.78
5 24 -1.89 -22.68 3.78 1.89 -22.68 3.78 1.89 -21.735 0.945 1.89 -22.68 6.615
5 24 -1.89 -22.68 6.615 1.89 -22.68 6.615 1.89 -22.68 3.78 1.89 -21.735 9.45
5 24 -1.89 -21.735 9.45 1.89 -21.735 9.45 1.89 -22.68 6.615 1.89 -19.845 13.23
5 24 -1.89 -19.845 13.23 1.89 -19.845 13.23 1.89 -21.735 9.45 1.89 -17.955 16.065
5 24 -1.89 -17.955 16.065 1.89 -17.955 16.065 1.89 -19.845 13.23 1.89 -17.955 17.01
5 24 -1.89 -17.955 17.01 1.89 -17.955 17.01 1.89 -17.955 16.065 1.89 -19.845 18.9
5 24 -1.89 -19.845 18.9 1.89 -19.845 18.9 1.89 -17.955 17.01 1.89 -19.845 19.845
5 24 -1.89 -19.845 19.845 1.89 -19.845 19.845 1.89 -19.845 18.9 1.89 -18.9 20.79
5 24 -1.89 -18.9 20.79 1.89 -18.9 20.79 1.89 -19.845 19.845 1.89 -17.01 20.79
5 24 -1.89 -17.01 20.79 1.89 -17.01 20.79 1.89 -18.9 20.79 1.89 -14.175 18.9
5 24 -1.89 -14.175 18.9 1.89 -14.175 18.9 1.89 -17.01 20.79 1.89 -12.285 16.065
5 24 -1.89 -12.285 16.065 1.89 -12.285 16.065 1.89 -14.175 18.9 1.89 -12.285 11.34
5 24 -1.89 -12.285 11.34 1.89 -12.285 11.34 1.89 -12.285 16.065 1.89 -13.23 7.56
5 24 -1.89 -13.23 7.56 1.89 -13.23 7.56 1.89 -12.285 11.34 1.89 -12.757 7.088
5 24 -1.89 -11.34 5.67 1.89 -11.34 5.67 1.89 -11.812 6.142 1.89 -6.615 3.78
5 24 -1.89 -6.615 3.78 1.89 -6.615 3.78 1.89 -11.34 5.67 1.89 -5.67 4.725
5 24 -1.89 -5.67 4.725 1.89 -5.67 4.725 1.89 -6.615 3.78 1.89 -6.615 6.142
5 24 -1.89 -6.615 6.142 1.89 -6.615 6.142 1.89 -5.67 4.725 1.89 -7.56 7.56
5 24 -1.89 -7.56 7.56 1.89 -7.56 7.56 1.89 -6.615 6.142 1.89 -9.45 12.285
5 24 -1.89 -9.45 12.285 1.89 -9.45 12.285 1.89 -7.56 7.56 1.89 -9.45 15.12
5 24 -1.89 -9.45 15.12 1.89 -9.45 15.12 1.89 -9.45 12.285 1.89 -7.56 17.955
5 24 -1.89 -7.56 17.955 1.89 -7.56 17.955 1.89 -9.45 15.12 1.89 -3.78 20.79
5 24 -1.89 -3.78 20.79 1.89 -3.78 20.79 1.89 -7.56 17.955 1.89 0.945 21.735
5 24 -1.89 0.945 21.735 1.89 0.945 21.735 1.89 -3.78 20.79 1.89 2.835 23.625
5 24 -1.89 2.835 23.625 1.89 2.835 23.625 1.89 0.945 21.735 1.89 2.835 25.515
5 24 -1.89 2.835 25.515 1.89 2.835 25.515 1.89 2.835 23.625 1.89 3.78 26.46
5 24 -1.89 3.78 26.46 1.89 3.78 26.46 1.89 2.835 25.515 1.89 5.67 25.515
5 24 -1.89 5.67 25.515 1.89 5.67 25.515 1.89 3.78 26.46 1.89 6.615 23.625
5 24 -1.89 6.615 23.625 1.89 6.615 23.625 1.89 5.67 25.515 1.89 6.615 19.845
5 24 -1.89 6.615 19.845 1.89 6.615 19.845 1.89 6.615 23.625 1.89 0 14.175
5 24 -1.89 0 14.175 1.89 0 14.175 1.89 6.615 19.845 1.89 -0.945 12.757
5 24 -1.89 -0.945 12.757 1.89 -0.945 12.757 1.89 0 14.175 1.89 -1.89 11.34
5 24 -1.89 -1.89 11.34 1.89 -1.89 11.34 1.89 -0.945 12.757 1.89 -1.89 10.395
5 24 -1.89 -1.89 9.45 1.89 -1.89 9.45 1.89 -1.89 10.395 1.89 0 5.67
5 24 -1.89 0 5.67 1.89 0 5.67 1.89 -1.89 9.45 1.89 0 -5.67

