0 Brick  1 x  1 x  0.667 Round with Bar and Clip Vertical
0 Name: 4735.dat
0 Author: James Jessiman
0 !LDRAW_ORG Part UPDATE 2022-04
0 !LICENSE Licensed under CC BY 4.0 : see CAreadme.txt

0 BFC CERTIFY CCW

0 !HISTORY 1998-06-20 [PTadmin] Official Update 1998-06
0 !HISTORY 1999-05-17 [PTadmin] Official Update 1999-03
0 !HISTORY 2007-10-26 [PTadmin] Header formatted for Contributor Agreement
0 !HISTORY 2008-07-01 [PTadmin] Official Update 2008-01
0 !HISTORY 2009-05-30 [guyvivan] Made BFC'ed and use more primitives
0 !HISTORY 2009-09-03 [PTadmin] Official Update 2009-02
0 !HISTORY 2019-12-03 [GeraldLasser] added Groves and adapted Clip
0 !HISTORY 2022-07-18 [PTadmin] Official Update 2022-04


1 16 0 12 0 1 0 0 0 -1 0 0 0 1 stud4a.dat
1 16 0 12 0 6 0 0 0 1 0 0 0 6 4-4edge.dat
1 16 0 12 0 4 0 0 0 1 0 0 0 4 4-4edge.dat
1 16 0 12 0 2 0 0 0 -1 0 0 0 2 4-4ring2.dat
1 16 0 8 0 2 0 0 0 1 0 0 0 2 4-4ring3.dat
1 16 0 8 0 8 0 0 0 1 0 0 0 8 4-4edge.dat
1 16 0 8 0 6 0 0 0 1 0 0 0 6 4-4edge.dat
1 16 0 8 0 8 0 0 0 4 0 0 0 8 4-4cyli.dat
0 BFC INVERTNEXT
1 16 0 8 0 4 0 0 0 4 0 0 0 4 4-4cyli.dat
1 16 0 8 0 1 0 0 0 3 0 0 0 1 stud2a.dat
1 16 0 4 -6 4 0 0 0 0 -4 0 -2 0 2-4cyli.dat
1 16 0 4 -6 -4 0 0 0 0 -4 0 2 0 1-4cyls2.dat
1 16 0 4 -6 4 0 0 0 0 -4 0 2 0 1-4cyls2.dat

2 24 4 8 -8 4 4 -8
2 24 -4 4 -8 -4 8 -8

1 16 0 4 -8 4 0 0 0 0 4 0 1 0 2-4ndis.dat
4 16 4 8 -4.404 4 4 -4.404 4 4 -8 4 8 -8
4 16 -4 8 -8 -4 4 -8 -4 4 -4.404 -4 8 -4.404
2 24 4 8 -4.404 4 4 -4.404
2 24 -4 4 -4.404 -4 8 -4.404
2 24 -4 8 -4.404 -4 8 -8
2 24 4 8 -4.404 4 8 -8
2 24 4 8 -8 -4 8 -8
3 16 4 8 -6.765 4 8 -8 0 8 -8
3 16 0 8 -8 -4 8 -8 -4 8 -6.765

2 24 0 0 -6 1.532 .304 -5.696
2 24 1.532 .304 -5.696 2.298 .817 -5.544
2 24 2.298 .817 -5.544 2.828 1.172 -5.189
2 24 2.828 1.172 -5.189 3.696 2.468 -4.608
2 24 3.696 2.468 -4.608 4 4 -4.404
2 24 0 0 -6 -1.532 .304 -5.696
2 24 -1.532 .304 -5.696 -2.298 .817 -5.544
2 24 -2.298 .817 -5.544 -2.828 1.172 -5.189
2 24 -2.828 1.172 -5.189 -3.696 2.468 -4.608
2 24 -3.696 2.468 -4.608 -4 4 -4.404

1 16 0 4 -8 4 0 0 0 0 4 0 1 0 2-4edge.dat
1 16 0 4 -8 4 0 0 0 0 4 0 -5.5 0 4-4cyli.dat

0 // Grooves
1 16 0 4 -13.5 4 0 0 0 0 4 0 1 0 4-4edge.dat
1 16 0 4 -13.5 0.5 0 0 0 0 0.5 0 -.5 0 4-4con7.dat
1 16 0 4 -14 3.5 0 0 0 0 3.5 0 -0.25 0 4-4cylo.dat
1 16 0 4 -14.75 0.5 0 0 0 0 0.5 0 .5 0 4-4con7.dat
1 16 0 4 -14.75 4 0 0 0 0 4 0 -.7 0 4-4cylo.dat
1 16 0 4 -15.45 0.5 0 0 0 0 0.5 0 -.5 0 4-4con7.dat
1 16 0 4 -15.95 3.5 0 0 0 0 3.5 0 -0.25 0 4-4cylo.dat
1 16 0 4 -16.7 0.5 0 0 0 0 0.5 0 .5 0 4-4con7.dat
1 16 0 4 -16.7 4 0 0 0 0 4 0 -.7 0 4-4cylo.dat
1 16 0 4 -17.4 0.5 0 0 0 0 0.5 0 -.5 0 4-4con7.dat
1 16 0 4 -17.9 3.5 0 0 0 0 3.5 0 -0.25 0 4-4cylo.dat
1 16 0 4 -18.65 0.5 0 0 0 0 0.5 0 .5 0 4-4con7.dat
1 16 0 4 -18.65 4 0 0 0 0 4 0 -.7 0 4-4cylo.dat
1 16 0 4 -19.35 0.5 0 0 0 0 0.5 0 -.5 0 4-4con7.dat
1 16 0 4 -19.85 3.5 0 0 0 0 3.5 0 -0.25 0 4-4cylo.dat
1 16 0 4 -20.6 0.5 0 0 0 0 0.5 0 .5 0 4-4con7.dat
1 16 0 4 -20.6 4 0 0 0 0 4 0 -.7 0 4-4cylo.dat
1 16 0 4 -21.3 0.5 0 0 0 0 0.5 0 -.5 0 4-4con7.dat
1 16 0 4 -21.8 3.5 0 0 0 0 3.5 0 -0.25 0 4-4cylo.dat
1 16 0 4 -22.55 0.5 0 0 0 0 0.5 0 .5 0 4-4con7.dat
1 16 0 4 -22.55 4 0 0 0 0 4 0 -.7 0 4-4cylo.dat
1 16 0 4 -23.25 0.5 0 0 0 0 0.5 0 -.5 0 4-4con7.dat
1 16 0 4 -23.75 3.5 0 0 0 0 3.5 0 -0.25 0 4-4cylo.dat
1 16 0 4 -24.5 0.5 0 0 0 0 0.5 0 .5 0 4-4con7.dat
1 16 0 4 -24.5 4 0 0 0 0 4 0 1 0 4-4edge.dat
1 16 0 4 -24.5 4 0 0 0 0 4 0 -6 0 4-4cyli.dat

0 // Clip
1 16 0 4 -40 1 0 0 0 1 0 0 0 1 clip15.dat

1 16 0 4 -30.5 0 0 -4 -4 0 0 0 1 0 4-4edge.dat
1 16 0 0 -33 4 0 0 0 1 0 0 0 2.5 2-4edge.dat
1 16 4 4 -33 0 -1 0 4 0 0 0 0 2.5 2-4edge.dat
1 16 0 8 -33 -4 0 0 0 -1 0 0 0 2.5 2-4edge.dat
1 16 -4 4 -33 0 1 0 -4 0 0 0 0 2.5 2-4edge.dat
1 16 0 4 -33 0 -4 0 0 0 -4 2.5 0 0 1-8sphc.dat
1 16 0 4 -33 0 0 -4 0 4 0 2.5 0 0 1-8sphc.dat
1 16 0 4 -33 0 4 0 0 0 4 2.5 0 0 1-8sphc.dat
1 16 0 4 -33 0 0 4 0 -4 0 2.5 0 0 1-8sphc.dat
1 16 4 4 -33 0 -1 0 4 0 0 0 0 2.5 2-4chrd.dat
1 16 0 8 -33 -4 0 0 0 -1 0 0 0 2.5 2-4chrd.dat
1 16 -4 4 -33 0 1 0 -4 0 0 0 0 2.5 2-4chrd.dat
1 16 0 0 -33 -4 0 0 0 1 0 0 0 2.5 2-4chrd.dat

0 // Top and Bottom
3 16 0 8 -33.9998 -2.2961 8 -34.4567 -4 8 -33
3 16 4 8 -33 2.2961 8 -34.4568 0 8 -33.9998
3 16 0 8 -33.9998 -4 8 -33 4 8 -33
3 16 -4 8 -35.0054 -4 8 -33 -2.2961 8 -34.4567
3 16 4 8 -35.0054 2.2961 8 -34.4568 4 8 -33
4 16 4.2427 8 -35.7572 2.2961 8 -34.4568 4 8 -35.0054 4.5962 8 -35.4038
4 16 -4.2432 8 -35.7568 -4.5968 8 -35.4032 -4 8 -35.0054 -2.2962 8 -34.4566

3 16 -4 0 -33 -2.2961 0 -34.4567 0 0 -33.9998
3 16 0 0 -33.9998 4 0 -33 -4 0 -33
3 16 2.2961 0 -34.4568 4 0 -33 0 0 -33.9998
3 16 -4 0 -33 -4 0 -35.0054 -2.2961 0 -34.4567
3 16 2.2961 0 -34.4568 4 0 -35.0054 4 0 -33
4 16 4 0 -35.0054 2.2961 0 -34.4568 4.2427 0 -35.7572 4.5962 0 -35.4038
4 16 -4 0 -35.0054 -4.5968 0 -35.4032 -4.2432 0 -35.7568 -2.2961 0 -34.4567

0 // Sides
1 16 -4 4 -34.0027 0 1 0 4 0 0 0 0 -1.0027 rect3.dat
1 16 4 4 -34.0027 0 -1 0 -4 0 0 0 0 -1.0027 rect3.dat
1 16 -4.2984 4 -35.2043 -.2984 1 0 0 0 -4 -.1989 0 0 rect2p.dat
1 16 4.2981 4 -35.2046 .2981 -1 0 0 0 4 -.1992 0 0 rect2p.dat
5 24 -4.5968 0 -35.4032 -4.5968 8 -35.4032 -6.006 0 -37.5122 -4 0 -35.0054
5 24 4.5962 8 -35.4038 4.5962 0 -35.4038 6.0054 0 -37.5125 4 0 -35.0054
