0 Container Treasure Chest with Slots
0 Name: 4738a.dat
0 Author: James Jessiman
0 !LDRAW_ORG Part UPDATE 2020-03
0 !LICENSE Redistributable under CCAL version 2.0 : see CAreadme.txt

0 BFC CERTIFY CCW

0 !KEYWORDS Pirates, Castle, Adventurers, Belville, minifig accessory
0 !KEYWORDS buried treasure, doubloons, pieces of eight, loot, hoard
0 !KEYWORDS wealth, cargo, baggage, chest, trunk, steamer trunk
0 !KEYWORDS locker, footlocker

0 !HISTORY 2004-09-24 [cwdee] Reworked to include panel detail and BFCed
0 !HISTORY 2005-12-28 [PTadmin] Official Update 2005-01
0 !HISTORY 2007-07-08 [PTadmin] Header formatted for Contributor Agreement
0 !HISTORY 2008-07-01 [PTadmin] Official Update 2008-01
0 !HISTORY 2020-06-04 [Sirio] Updated the use of primitives: removed ringr.dat or ringrr.dat, introduced 4-4cylc.dat and modified some box primitives, substituted some quads with rects
0 !HISTORY 2020-12-29 [PTadmin] Official Update 2020-03

0 // Underside box
0 // Primitives
1 16 0 28 0 1 0 0 0 -1 0 0 0 1 stug4-1x3.dat
0 BFC INVERTNEXT
1 16 0 32 0 36 0 0 0 -4 0 0 0 16 box5.dat
1 16 0 32 0 39 0 0 0 -1 0 0 0 19 box4.dat
1 16 0 31 0 40 0 0 0 1 0 0 0 20 recte4.dat
0 // Faces
4 16 -36 32 -16 36 32 -16 39 32 -19 -39 32 -19
4 16 -39 32 19 -36 32 16 -36 32 -16 -39 32 -19
4 16 36 32 -16 36 32 16 39 32 19 39 32 -19
4 16 39 32 19 36 32 16 -36 32 16 -39 32 19
4 16 -39 31 -19 39 31 -19 40 31 -20 -40 31 -20
4 16 -40 31 20 -39 31 19 -39 31 -19 -40 31 -20
4 16 39 31 -19 39 31 19 40 31 20 40 31 -20
4 16 40 31 20 39 31 19 -39 31 19 -40 31 20
0 // Handles
0 // Primitives
1 16 -48 2 8 4 0 0 0 0 4 0 -16 0 4-4cylc.dat
1 16 48 2 8 4 0 0 0 0 4 0 -16 0 4-4cylc.dat
1 16 -48 2 -8 4 0 0 0 0 4 0 1 0 4-4disc.dat
1 16 48 2 -8 4 0 0 0 0 4 0 1 0 4-4disc.dat
0 BFC INVERTNEXT
1 16 -48 2 0 0 8 0 2 0 0 0 0 8 box3u6.dat
0 BFC INVERTNEXT
1 16 48 2 0 0 -8 0 2 0 0 0 0 8 box3u6.dat
1 16 -44 0 0 0 0 4 0 1 0 8 0 0 recte3.dat
1 16 44 0 0 0 0 -4 0 1 0 8 0 0 recte3.dat
1 16 -44 2 10 0 -2.5 1.5 2 0 0 0 -1 1 box2-7.dat
1 16 44 2 10 0 2.5 -1.5 2 0 0 0 -1 1 box2-7.dat
1 16 -44 2 -10 0 -2.5 1.5 2 0 0 0 1 -1 box2-7.dat
1 16 44 2 -10 0 2.5 -1.5 2 0 0 0 1 -1 box2-7.dat
0 // Faces
4 16 -40 4 8 -48 4 8 -45 4 10 -40 4 12
4 16 45 4 10 48 4 8 40 4 8 40 4 12
4 16 -45 4 -10 -48 4 -8 -40 4 -8 -40 4 -12
4 16 40 4 -8 48 4 -8 45 4 -10 40 4 -12
4 16 -45 0 10 -48 0 8 -40 0 8 -40 0 12
4 16 40 0 8 48 0 8 45 0 10 40 0 12
4 16 -40 0 -8 -48 0 -8 -45 0 -10 -40 0 -12
4 16 45 0 -10 48 0 -8 40 0 -8 40 0 -12
0 // Edges
2 24 -40 4 12 -40 1 12
2 24 40 4 12 40 1 12
2 24 -40 4 -12 -40 1 -12
2 24 40 4 -12 40 1 -12
2 24 -40 4 12 -40 4 8
2 24 40 4 12 40 4 8
2 24 -40 4 -12 -40 4 -8
2 24 40 4 -12 40 4 -8
0 // Inside of the box
0 // Primitives
1 16 0 16 19.5 0 0 34 -8 0 0 0 -3.5 0 box3u2p.dat
1 16 0 12 -16 0 0 36 12 0 0 0 -1 0 rect2p.dat
1 16 0 24 2 36 0 0 0 1 0 0 0 -18 recte3.dat
1 16 0 0 0 36 0 0 0 1 0 0 0 -16 recte3.dat
1 16 -36 4 16 0 -1 0 -2 0 0 0 0 -2 3-4ndis.dat
1 16 36 4 16 0 1 0 -2 0 0 0 0 -2 3-4ndis.dat
0 // Faces
3 16 -36 24 20 -34 24 19.5 -34 24 20
3 16 36 24 20 34 24 20 34 24 19.5
4 16 -36 24 -16 -34 24 16 -34 24 19.5 -36 24 20
4 16 36 24 20 34 24 19.5 34 24 16 36 24 -16
4 16 36 24 -16 34 24 16 -34 24 16 -36 24 -16
4 16 -36 4 18 -36 6 18 -36 24 20 -36 4 20
4 16 36 24 20 36 6 18 36 4 18 36 4 20
3 16 -36 6 16 -36 24 20 -36 6 18
3 16 36 24 20 36 6 16 36 6 18
4 16 -36 24 20 -36 6 16 -36 6 14 -36 24 -16
4 16 36 6 14 36 6 16 36 24 20 36 24 -16
4 16 -36 24 -16 -36 6 14 -36 4 14 -36 0 -16
4 16 36 4 14 36 6 14 36 24 -16 36 0 -16
3 16 -36 2 14 -36 0 -16 -36 4 14
3 16 36 0 -16 36 2 14 36 4 14
4 16 -36 2 16 -36 0 16 -36 0 -16 -36 2 14
4 16 36 0 -16 36 0 16 36 2 16 36 2 14
0 // Edges
2 24 -34 24 20 -36 24 20
2 24 36 24 20 34 24 20
0 // Rear wall
0 // Primitives
0 BFC INVERTNEXT
1 16 0 8 19.75 10 0 0 0 18 0 0 0 -.25 box4-1.dat
0 BFC INVERTNEXT
1 16 -24.5 25 19.75 0 0 -9.5 0 1 0 -0.25 0 0 box2-5.dat
0 BFC INVERTNEXT
1 16 24.5 25 19.75 0 0 9.5 0 1 0 -0.25 0 0 box2-5.dat
1 16 -12.5 17 19.75 -2.5 0 0 0 -9 0 0 0 .25 box3-9a.dat
1 16 12.5 17 19.75 2.5 0 0 0 -9 0 0 0 .25 box3-9a.dat
0 // Faces
3 16 -40 31 20 -40 4 20 -39 4 20
3 16 40 31 20 39 4 20 40 4 20
4 16 -36 4 20 -36 24 20 -40 31 20 -39 4 20
4 16 36 24 20 36 4 20 39 4 20 40 31 20
4 16 -40 31 20 -36 24 20 -34 24 20 -34 26 20
4 16 34 24 20 36 24 20 40 31 20 34 26 20
3 16 -40 31 20 -34 26 20 -15 26 20
3 16 34 26 20 40 31 20 15 26 20
3 16 -40 31 20 -15 26 20 -10 26 20
3 16 15 26 20 40 31 20 10 26 20
4 16 -10 26 20 10 26 20 40 31 20 -40 31 20
3 16 -34 26 19.5 -34 24 19.5 -15 26 19.5
3 16 15 26 19.5 34 24 19.5 34 26 19.5
4 16 -15 26 19.5 -34 24 19.5 -34 8 19.5 -15 8 19.5
4 16 34 8 19.5 34 24 19.5 15 26 19.5 15 8 19.5
3 16 -34 8 16 -15 8 19.5 -34 8 19.5
3 16 15 8 19.5 34 8 16 34 8 19.5
3 16 -34 8 16 -10 8 19.5 -15 8 19.5
3 16 10 8 19.5 34 8 16 15 8 19.5
4 16 34 8 16 10 8 19.5 -10 8 19.5 -34 8 16
0 // Edges
2 24 -36 24 20 -36 4 20
2 24 36 24 20 36 4 20
2 24 -34 8 19.5 -15 8 19.5
2 24 34 8 19.5 15 8 19.5
2 24 -15 8 19.5 -15 26 19.5
2 24 15 8 19.5 15 26 19.5
0 // Right wall
0 // Primitives
0 BFC INVERTNEXT
1 16 -40 4 16 0 4 0 2 0 0 0 0 2 4-4cylo.dat
1 16 -40 4 16 0 1 0 0 0 -2 2 0 0 4-4ndis.dat
1 16 -40 4 16 0 1 0 0 0 -4 4 0 0 1-8chrd.dat
1 16 -40 4 16 0 1 0 0 0 -4 4 0 0 1-8edge.dat
1 16 -39 4 16 0 1 0 -4 0 0 0 0 4 1-8chrd.dat
1 16 -40 4 16 0 1 0 0 0 -4 4 0 0 1-8cyli.dat
1 16 -39 4 16 0 3 0 -4 0 0 0 0 4 1-4cyli.dat
1 16 -36 4 16 0 -1 0 -2 0 0 0 0 2 1-4ring1.dat
1 16 -36 4 16 0 1 0 -4 0 0 0 0 4 1-4edge.dat
0 BFC INVERTNEXT
1 16 -39.5 .5 15.286 .5 0 0 0 .5 0 0 0 -3.286 box2-5.dat
1 16 -39.5 .5 -12 0 0 -.5 .5 0 0 0 1 0 rect3.dat
0 // Faces
4 16 -40 1.1716 18.8284 -40 4 20 -40 4 18 -40 2 18
4 16 -40 4 18 -40 4 20 -40 31 20 -40 6 18
3 16 -40 6 18 -40 31 20 -40 6 16
3 16 -40 6 16 -40 31 20 -40 6 14
4 16 -40 4 8 -40 6 14 -40 31 20 -40 4 -8
3 16 -40 4 12 -40 6 14 -40 4 8
4 16 -40 6 14 -40 4 12 -40 1 12 -40 4 14
3 16 -40 4 14 -40 1 12 -40 2 14
4 16 -40 2 14 -40 1 12 -40 1 18.572 -40 2 16
4 16 -40 1.1716 18.8284 -40 2 18 -40 2 16 -40 1 18.572
4 16 -40 4 -12 -40 4 -8 -40 31 20 -40 31 -20
4 16 -40 31 -20 -40 1 -20 -40 1 -12 -40 4 -12
4 16 -40 1 -20 -39 1 -19 -39 1 -12 -40 1 -12
4 16 -39 1 12 -39 0 12 -39 0 16 -39 1.1716 18.8284
3 16 -39 0 16 -39 0 12 -36 0 16
3 16 -36 0 16 -39 0 12 -39 0 -12
3 16 -40 0 8 -39 0 12 -40 0 12
4 16 -40 0 -8 -39 0 -12 -39 0 12 -40 0 8
3 16 -40 0 -12 -39 0 -12 -40 0 -8
4 16 -39 0 -19 -36 0 -16 -36 0 16 -39 0 -12
4 16 -39 1 18.572 -39 1.1716 18.8284 -40 1.1716 18.8284 -40 1 18.572
0 // Edges
2 24 -40 31 20 -40 4 20
2 24 -40 31 -20 -40 1 -20
2 24 -39 1 18.572 -39 .3044 17.5308 
2 24 -39 .3044 17.5308 -39 0 16
2 24 -39 0 12 -39 0 16
2 24 -40 1.1716 18.8284 -40 1 18.572
0 // Conditional lines
5 24 -39 1.1716 18.8284 -40 1.1716 18.8284 -39 2.4692 19.6956 -39 1 18.572
0 // Left wall
0 // Primitives
0 BFC INVERTNEXT
1 16 40 4 16 0 -4 0 2 0 0 0 0 2 4-4cylo.dat
1 16 40 4 16 0 -1 0 0 0 -2 2 0 0 4-4ndis.dat
1 16 40 4 16 0 -1 0 0 0 -4 4 0 0 1-8chrd.dat
1 16 40 4 16 0 1 0 0 0 -4 4 0 0 1-8edge.dat
1 16 39 4 16 0 -1 0 -4 0 0 0 0 4 1-8chrd.dat
1 16 40 4 16 0 -1 0 0 0 -4 4 0 0 1-8cyli.dat
1 16 39 4 16 0 -3 0 -4 0 0 0 0 4 1-4cyli.dat
1 16 36 4 16 0 1 0 -2 0 0 0 0 2 1-4ring1.dat
1 16 36 4 16 0 1 0 -4 0 0 0 0 4 1-4edge.dat
0 BFC INVERTNEXT
1 16 39.5 .5 15.286 .5 0 0 0 .5 0 0 0 -3.286 box2-5.dat
1 16 39.5 .5 -12 0 0 .5 .5 0 0 0 1 0 rect3.dat
0 // Faces
4 16 40 4 18 40 4 20 40 1.1716 18.8284 40 2 18
4 16 40 31 20 40 4 20 40 4 18 40 6 18
3 16 40 31 20 40 6 18 40 6 16
3 16 40 31 20 40 6 16 40 6 14
4 16 40 31 20 40 6 14 40 4 8 40 4 -8
3 16 40 6 14 40 4 12 40 4 8
4 16 40 1 12 40 4 12 40 6 14 40 4 14
3 16 40 1 12 40 4 14 40 2 14
4 16 40 1 18.572 40 1 12 40 2 14 40 2 16
4 16 40 2 16 40 2 18 40 1.1716 18.8284 40 1 18.572
4 16 40 31 20 40 4 -8 40 4 -12 40 31 -20
4 16 40 31 -20 40 4 -12 40 1 -12 40 1 -20
4 16 40 1 -12 39 1 -12 39 1 -19 40 1 -20
4 16 39 1.1716 18.8284 39 0 16 39 0 12 39 1 12
3 16 36 0 16 39 0 12 39 0 16
3 16 36 0 16 39 0 -12 39 0 12
3 16 40 0 8 40 0 12 39 0 12
4 16 39 0 12 39 0 -12 40 0 -8 40 0 8
3 16 40 0 -12 40 0 -8 39 0 -12
4 16 39 0 -12 36 0 16 36 0 -16 39 0 -19
4 16 40 1 18.572 40 1.1716 18.8284 39 1.1716 18.8284 39 1 18.572
0 // Edges
2 24 40 31 20 40 4 20
2 24 40 31 -20 40 1 -20
2 24 39 1 18.572 39 .3044 17.5308
2 24 39 .3044 17.5308 39 0 16
2 24 39 0 12 39 0 16
2 24 40 1.1716 18.8284 40 1 18.572
0 // Conditional lines
5 24 39 1.1716 18.8284 40 1.1716 18.8284 39 2.4692 19.6956 39 1 18.572
0 // Front wall
0 // Primitives
0 BFC INVERTNEXT
1 16 -25 15 -20 0 0 -10 11 0 0 0 .5 0 box4-1.dat
0 BFC INVERTNEXT
1 16 25 15 -20 0 0 10 -11 0 0 0 .5 0 box4-1.dat
1 16 -12.5 15 -19.75 0 0 -2.5 11 0 0 0 -.25 0 box2-11.dat
1 16 12.5 15 -19.75 0 0 2.5 11 0 0 0 -.25 0 box2-11.dat
0 BFC INVERTNEXT
1 16 0 4 -19.75 0 0 10 0 22 0 0.25 0 0 box3u4a.dat
0 BFC INVERTNEXT
1 16 -7.5 7 -19.75 0 2.5 0 0 0 -3 .25 0 0 box2-5.dat
0 BFC INVERTNEXT
1 16 7.5 7 -19.75 0 -2.5 0 0 0 -3 .25 0 0 box2-5.dat
1 16 3.5 11.5 -19.75 -1.5 0 0 1.5 -1 0 0 0 .25 rect2p.dat
1 16 -3.5 11.5 -19.75 1.5 0 0 1.5 -1 0 0 0 .25 rect2p.dat
1 16 0 13 -19.75 2 0 0 0 -1 0 0 0 .25 rect.dat
1 16 0 0.5 -12  0 0 39  0.5 0 0  0 -7 0 box3u2p.dat
1 16 0 10 -19.5 0 0 -1 1 0 0 0 1 0 1-4chrd.dat
1 16 0 10 -19.5 1 0 0 0 0 1 0 1 0 1-4chrd.dat
0 BFC INVERTNEXT
1 16 0 10 -20 1 0 0 0 0 1 0 0.5 0 2-4cylo.dat
1 16 0 10 -20 1 0 0 0 0 1 0 1 0 2-4ndis.dat
1 16 -1 8.835 -19.75 0 -1 0 0 0 -1.165 .25 0 0 rect3.dat
1 16 1 8.835 -19.75 0 1 0 0 0 -1.165 -.25 0 0 rect3.dat
1 16 0 6 -19.5 0 0 -2 -2 0 0 0 1 0 3-8disc.dat
1 16 0 6 -19.5 0 0 2 -2 0 0 0 1 0 3-8disc.dat
0 BFC INVERTNEXT
1 16 0 6 -20 0 0 -2 -2 0 0 0 .5 0 3-8cylo.dat
0 BFC INVERTNEXT
1 16 0 6 -20 0 0 2 -2 0 0 0 .5 0 3-8cylo.dat
1 16 0 6 -20 0 0 -2 -2 0 0 0 1 0 3-8ndis.dat
1 16 0 6 -20 0 0 2 -2 0 0 0 1 0 3-8ndis.dat
1 16 -1.2071 7.5421 -19.75 .2071 0 0 .1279 1 0 0 0 .25 rect2p.dat
1 16 1.2071 7.5421 -19.75 .2071 0 0 -.1279 1 0 0 0 .25 rect2p.dat
1 16 0 1 -16 40 0 0 0 1 0 0 0 -4 recte3.dat
0 // Faces
3 16 -35 26 -20 -40 31 -20 -15 26 -20
3 16 40 31 -20 35 26 -20 15 26 -20
3 16 -15 26 -20 -40 31 -20 -10 26 -20
3 16 40 31 -20 15 26 -20 10 26 -20
4 16 -10 26 -20 -40 31 -20 40 31 -20 10 26 -20
4 16 -35 4 -20 -40 1 -20 -40 31 -20 -35 26 -20
4 16 35 26 -20 40 31 -20 40 1 -20 35 4 -20
3 16 -40 1 -20 -35 4 -20 -15 4 -20
3 16 40 1 -20 15 4 -20 35 4 -20
3 16 -40 1 -20 -15 4 -20 -10 4 -20
3 16 40 1 -20 10 4 -20 15 4 -20
3 16 -40 1 -20 -10 4 -20 -5 4 -20
3 16 40 1 -20 5 4 -20 10 4 -20
3 16 -40 1 -20 -5 4 -20 -2 4 -20
3 16 40 1 -20 2 4 -20 5 4 -20
3 16 -40 1 -20 -2 4 -20 0 4 -20
3 16 40 1 -20 0 4 -20 2 4 -20
3 16 -40 1 -20 0 4 -20 40 1 -20
4 16 -2 6 -20 -2 4 -20 -5 4 -20 -5 10 -20
4 16 5 4 -20 2 4 -20 2 6 -20 5 10 -20
3 16 -5 10 -20 -2 8 -20 -2 6 -20
3 16 2 8 -20 5 10 -20 2 6 -20
4 16 -1 10 -20 -1 7.67 -20 -1.4142 7.4142 -20 -2 8 -20
4 16 1 10 -20 2 8 -20 1.4142 7.4142 -20 1 7.67 -20
3 16 -2 13 -20 -2 8 -20 -5 10 -20
3 16 5 10 -20 2 8 -20 2 13 -20
4 16 -2 13 -20 -1 11 -20 -1 10 -20 -2 8 -20
4 16 2 13 -20 2 8 -20 1 10 -20 1 11 -20
3 16 -1 11 -20 -2 13 -20 0 11 -20
3 16 0 11 -20 2 13 -20 1 11 -20
3 16 0 11 -20 -2 13 -20 2 13 -20
4 16 40 1 -20 39 1 -19 -39 1 -19 -40 1 -20
4 16 39 0 -19 36 0 -16 -36 0 -16 -39 0 -19
4 16 -5 10 -19.5 -5 4 -19.5 -10 4 -19.5 -10 26 -19.5
4 16 10 4 -19.5 5 4 -19.5 5 10 -19.5 10 26 -19.5
3 16 -2 13 -19.5 -5 10 -19.5 -10 26 -19.5
3 16 10 26 -19.5 5 10 -19.5 2 13 -19.5
4 16 10 26 -19.5 2 13 -19.5 -2 13 -19.5 -10 26 -19.5
4 16 0 6 -19.5 -1 7.67 -19.5 -1 10 -19.5 0 11 -19.5
4 16 0 6 -19.5 0 11 -19.5 1 10 -19.5 1 7.67 -19.5
3 16 0 6 -19.5 -1.4142 7.4142 -19.5 -1 7.67 -19.5
3 16 0 6 -19.5 1 7.67 -19.5 1.4142 7.4142 -19.5
0 // Conditional lines
5 24 -1.4142 7.4142 -19.5 -1.4142 7.4142 -20 -1.8478 6.7654 -19.5 -1 7.67 -19.5
5 24 1.4142 7.4142 -19.5 1.4142 7.4142 -20 1.8478 6.7654 -19.5 1 7.67 -19.5
