0 Boat Bow Plate 12 x  8
0 Name: 47405.dat
0 Author: William Howard [WilliamH]
0 !LDRAW_ORG Part UPDATE 2009-01
0 !LICENSE Redistributable under CCAL version 2.0 : see CAreadme.txt

0 BFC CERTIFY CCW
0 !KEYWORDS wing

0 !HISTORY 2004-12-11 [Steffen] Un-mirrored studs
0 !HISTORY 2009-05-02 [PTadmin] Official Update 2009-01

2 24 119 8 77 119 8 80
2 24 70.644 8 -24.035 87.694 8 1.54
2 24 70.644 8 -24.035 67.336 8 -21.829
2 24 67.336 4 -21.829 67.336 8 -21.829
2 24 -67.336 4 -21.829 -67.336 8 -21.829
2 24 70.644 4 -24.035 67.336 4 -21.829
2 24 60 8 -40 64.741 8 -32.889
2 24 64.741 8 -32.889 61.431 8 -30.682
2 24 61.431 4 -30.682 61.431 8 -30.682
2 24 -61.431 4 -30.682 -61.431 8 -30.682
2 24 64.741 4 -32.889 61.431 4 -30.682
2 24 95.259 8 12.889 100 8 20
2 24 78.141 8 -5.63 84.485 8 3.881
2 24 56.91 8 -37.46 61.431 8 -30.682
2 24 56.91 4 -37.46 56.91 8 -37.46
2 24 -56.91 4 -37.46 -56.91 8 -37.46
2 24 67.336 8 -21.829 76.957 8 -7.404
2 24 56.91 4 -37.46 61.431 4 -30.682
2 24 67.336 4 -21.829 76.957 4 -7.404
2 24 78.141 4 -5.63 84.485 4 3.881
2 24 92.271 8 15.554 96.41 8 21.76
2 24 96.41 4 21.76 96.41 8 21.76
2 24 -96.41 4 21.76 -96.41 8 21.76
2 24 54.242 8 -45.758 60 8 -40
2 24 56.91 8 -37.46 51.414 8 -42.929
2 24 51.414 8 -42.929 54.242 8 -45.758
2 24 20 8 -80 25.757 8 -74.243
2 24 25.757 8 -74.243 22.928 8 -71.415
2 24 22.928 8 -71.415 18.343 8 -76
3 16 119 8 80 119 8 77 114.83 8 76
4 16 117.73 8 73.23 114.27 8 74.37 114.83 8 76 119 8 77
2 24 117.73 8 73.23 119 8 77
2 24 -117.73 8 73.23 -119 8 77
4 16 109.38 8 59.62 110.83 8 63.98 114.27 8 62.83 111.89 8 55.68
4 16 109.38 8 59.62 111.89 8 55.68 107.39 8 56.94 108 8 60
4 16 107.68 8 43 100 8 20 96.41 8 21.76 107.4 8 43.05
4 16 107.4 8 43.05 100.19 8 32.03 104.243 8 44.243 105.657 8 45.657
3 16 100.19 8 32.03 107.4 8 43.05 96.41 8 21.76
4 16 96.41 8 21.76 96.41 4 21.76 100.19 4 32.03 100.19 8 32.03
4 16 64.741 8 -32.889 60 8 -40 56.91 8 -37.46 61.431 8 -30.682
4 16 61.431 8 -30.682 61.431 4 -30.682 64.741 4 -32.889 64.741 8 -32.889
4 16 87.694 8 1.54 70.644 8 -24.035 67.336 8 -21.829 84.485 8 3.881
4 16 64.741 4 -32.889 61.431 4 -30.682 67.336 4 -21.829 70.644 4 -24.035
4 16 67.336 8 -21.829 70.644 8 -24.035 70.644 4 -24.035 67.336 4 -21.829
4 16 87.694 4 1.54 87.391 4 3.062 92.271 4 15.554 95.259 4 12.889
4 16 -87.694 4 1.54 -95.259 4 12.889 -92.271 4 15.554 -87.391 4 3.062
3 16 87.391 4 3.062 85.657 4 5.657 92.271 4 15.554
3 16 -87.391 4 3.062 -92.271 4 15.554 -85.657 4 5.657
4 16 92.271 8 15.554 96.41 8 21.76 100 8 20 95.259 8 12.889
4 16 92.271 8 15.554 95.259 8 12.889 95.259 4 12.889 92.271 4 15.554
2 24 92.271 8 15.554 95.259 8 12.889
2 24 92.271 4 15.554 95.259 4 12.889
4 16 54.242 8 -45.758 51.414 8 -42.929 56.91 8 -37.46 60 8 -40
1 16 38.586 4 -58.585 1.414 0 -5.757 0 4 0 -1.414 0 -5.757 box3u8p.dat
1 16 35.707 4 -55.707 -1 0 -1.465 0 4 0 -1 0 1.465 box4-4a.dat
4 16 20 8 -80 18.343 8 -76 22.928 8 -71.415 25.757 8 -74.243
4 16 -20 8 -80 -18.343 8 -76 18.343 8 -76 20 8 -80
2 24 92.271 4 15.554 96.41 4 21.76
2 24 51.414 4 -42.929 56.91 4 -37.46
2 24 22.928 4 -71.415 25.757 4 -74.243
2 24 54.242 4 -45.758 51.414 4 -42.929
2 24 18.343 4 -76 22.928 4 -71.415
1 16 114.55 6 75.18 0 1 0.28 2 0 0 0 0 0.81 rect.dat
1 16 110.1 6 61.8 0 1 0.73 -2 0 0 0 0 2.18 rect.dat
1 16 108.69 6 59.81 0 0 -0.69 -2 0 0 0 -1 0.19 rect3.dat
1 16 109.64 6 56.31 0 0 -2.25 -2 0 0 0 1 0.63 rect3.dat
1 16 102.55 6 39.25 1.67 1 0 0 0 2 5 0 0 rect.dat
2 24 96.41 8 21.76 100.19 8 32.03
2 24 96.41 4 21.76 100.19 4 32.03
4 16 76.957 4 -7.404 76.957 8 -7.404 67.336 8 -21.829 67.336 4 -21.829
4 16 84.485 4 3.881 84.485 8 3.881 78.141 8 -5.63 78.141 4 -5.63
4 16 61.431 4 -30.682 61.431 8 -30.682 56.91 8 -37.46 56.91 4 -37.46
4 16 96.41 4 21.76 96.41 8 21.76 92.271 8 15.554 92.271 4 15.554
4 16 51.414 4 -42.929 56.91 4 -37.46 56.91 8 -37.46 51.414 8 -42.929
4 16 54.242 4 -45.758 51.414 4 -42.929 51.414 8 -42.929 54.242 8 -45.758
1 16 40.551 6 -53.793 0 0.707 -2.379 2 0 0 0 -0.707 -2.379 rect.dat
1 16 33.793 6 -60.55 0 0.707 -2.379 2 0 0 0 -0.707 -2.379 rect.dat
4 16 22.928 4 -71.415 25.757 4 -74.243 25.757 8 -74.243 22.928 8 -71.415
4 16 18.343 4 -76 22.928 4 -71.415 22.928 8 -71.415 18.343 8 -76
1 16 0 6 -76 0 0 18.343 2 0 0 0 -1 0 rect.dat
1 16 100 8 60 -2 0 0 0 -1 0 0 0 2 4-4ring3.dat
1 16 100 4 60 0 0 -8 0 1 0 -8 0 0 3-4EDGE.DAT
1 16 100 4 60 0 0 -8 0 4 0 -8 0 0 3-4cyli.dat
1 16 100 4 60 -6 0 0 0 1 0 0 0 6 4-4edge.dat
0 BFC CERTIFY INVERTNEXT
1 16 100 4 60 -6 0 0 0 4 0 0 0 6 4-4cyli.dat
1 16 100 8 60 0 0 -8 0 1 0 -8 0 0 3-4EDGE.DAT
1 16 100 8 60 -6 0 0 0 1 0 0 0 6 4-4edge.dat
1 16 100 4 60 0 0 8 0 1 0 -8 0 0 3-16edge.dat
1 16 100 4 60 0 0 8 0 4 0 -8 0 0 3-16cyli.dat
1 16 100 8 60 0 0 8 0 1 0 -8 0 0 3-16edge.dat
1 16 100 8 40 0 0 -2 0 -1 0 2 0 0 2-4ring3.dat
1 16 100 4 40 0 0 -8 0 1 0 8 0 0 2-4edge.dat
1 16 100 4 40 -6 0 0 0 1 0 0 0 6 3-8edge.dat
1 16 100 4 40 -6 0 0 0 1 0 0 0 -6 1-4edge.dat
1 16 100 4 40 0 0 -8 0 4 0 8 0 0 2-4cyli.dat
1 16 100 8 40 -6 0 0 0 1 0 0 0 -6 1-4edge.dat
0 BFC CERTIFY INVERTNEXT
1 16 100 4 40 -6 0 0 0 4 0 0 0 -6 1-4cyli.dat
1 16 100 8 40 0 0 -8 0 1 0 8 0 0 2-4edge.dat
0 BFC CERTIFY INVERTNEXT
1 16 100 4 40 -6 0 0 0 4 0 0 0 6 3-8cyli.dat
1 16 100 8 40 -6 0 0 0 1 0 0 0 6 3-8edge.dat
1 16 100 4 40 0 0 8 0 1 0 8 0 0 3-16edge.dat
4 16 103.061 8 47.391 102.296 8 45.543 100 8 46 100 8 48
1 16 100 4 40 0 0 8 0 4 0 8 0 0 3-16cyli.dat
1 16 100 8 40 0 0 8 0 1 0 8 0 0 3-16edge.dat
4 16 105.657 8 45.657 104.243 8 44.243 102.269 8 45.543 103.061 8 47.391
4 16 100.93 8 34.26 100.19 8 32.03 100 8 32 100 8 34
1 16 100.45 6 34.13 0.45 0 0 0 0 2 0.13 -1 0 rect2p.dat
1 16 100.08 6 32.015 0.08 0 0 0 0 2 0.015 1 0 rect2p.dat
1 16 80 4 0 4.243 0 -4.243 0 1 0 4.243 0 4.243 2-4edge.dat
1 16 80 4 0 5.657 0 -5.657 0 1 0 5.657 0 5.657 2-4edge.dat
1 16 80 8 0 4.243 0 -4.243 0 1 0 4.243 0 4.243 2-4edge.dat
1 16 80 8 0 5.657 0 -5.657 0 1 0 5.657 0 5.657 2-4edge.dat
0 BFC CERTIFY INVERTNEXT
1 16 80 4 0 4.243 0 -4.243 0 4 0 4.243 0 4.243 2-4cyli.dat
1 16 80 4 0 5.657 0 -5.657 0 4 0 5.657 0 5.657 2-4cyli.dat
1 16 80 8 0 -1.414 0 -1.414 0 -1 0 -1.414 0 1.414 2-4ring3.dat
4 16 87.694 8 1.54 84.485 8 3.881 85.657 8 5.657 87.391 8 3.062
4 16 87.694 8 1.54 87.391 8 3.062 87.391 4 3.062 87.694 4 1.54
4 16 87.391 4 3.062 87.391 8 3.062 85.657 8 5.657 85.657 4 5.657
2 24 87.694 8 1.54 87.391 8 3.062
2 24 85.657 8 5.657 87.391 8 3.062
2 24 87.694 4 1.54 87.391 4 3.062
2 24 85.657 4 5.657 87.391 4 3.062
3 16 84.485 8 3.881 84.243 8 4.243 85.657 8 5.657
4 16 84.485 8 3.881 84.485 4 3.881 84.243 4 4.243 84.243 8 4.243
2 24 84.485 8 3.881 84.243 8 4.243
2 24 84.485 4 3.881 84.243 4 4.243
4 16 75.757 8 -4.243 77.704 8 -5.543 76.957 8 -7.404 74.343 8 -5.657
4 16 74.343 4 -5.657 74.343 8 -5.657 76.957 8 -7.404 76.957 4 -7.404
4 16 75.757 8 -4.243 75.757 4 -4.243 77.704 4 -5.543 77.704 8 -5.543
2 24 75.757 8 -4.243 77.704 8 -5.543
2 24 76.957 8 -7.404 74.343 8 -5.657
2 24 75.757 4 -4.243 77.704 4 -5.543
2 24 76.957 4 -7.404 74.343 4 -5.657
3 16 76.957 8 -7.404 77.704 8 -5.543 78.141 8 -5.63
4 16 77.704 8 -5.543 77.704 4 -5.543 78.141 4 -5.63 78.141 8 -5.63
2 24 77.704 8 -5.543 78.141 8 -5.63
2 24 77.704 4 -5.543 78.141 4 -5.63
0 BFC CERTIFY INVERTNEXT
1 16 114.27 8 68.6 -1.72 0 -1.73 0 -4 0 0.57 0 -5.2 box3u8p.dat
4 16 107.68 4 43 107.4 4 43 105.657 4 45.657 111.9 4 55.7
4 16 111.89 4 55.68 105.657 4 45.657 104.87 4 46.17 108.38 4 56.65
4 16 51.414 4 -42.929 54.242 4 -45.758 45.757 4 -54.243 42.928 4 -51.415
4 16 31.413 4 -62.929 34.242 4 -65.758 25.757 4 -74.243 22.928 4 -71.415
2 24 119 8 77 119 0 77
2 24 100 8 20 100 0 20
2 24 60 8 -40 60 0 -40
2 24 117.73 4 73.23 117.73 8 73.23
2 24 117.73 4 73.23 114.27 4 62.83
2 24 111.89 4 55.68 107.68 4 43
2 24 51.414 4 -42.929 51.414 8 -42.929
2 24 54.242 4 -45.758 54.242 8 -45.758
2 24 45.757 4 -54.243 54.242 4 -45.758
2 24 25.757 4 -74.243 34.242 4 -65.758
2 24 25.757 4 -74.243 25.757 8 -74.243
2 24 22.928 4 -71.415 22.928 8 -71.415
1 16 0 4 80 119 0 0 0 0 -4 0 -1 0 rect.dat
4 16 119 8 77 119 8 80 119 0 80 119 0 77
1 16 107.53 6 43.04 0 0 -0.12 -2 0 0 0 -1 0.04 rect3.dat
4 16 100 4 20 119 4 77 119 0 77 100 0 20
1 16 113.08 6 59.25 -1.19 -1 0 0 0 2 -3.57 0 0 rect3.dat
1 16 103.833 6 31.5 -3.833 -1 0 0 0 2 -11.5 0 0 rect3.dat
4 16 95.259 8 12.889 100 8 20 100 0 20 95.259 0 12.889
4 16 60 8 -40 64.741 8 -32.889 64.741 0 -32.889 60 0 -40
4 16 70.644 4 -24.035 70.644 0 -24.035 64.741 0 -32.889 64.741 4 -32.889
4 16 70.644 8 -24.035 87.694 8 1.54 87.694 0 1.54 70.644 0 -24.035
4 16 95.259 4 12.889 95.259 0 12.889 87.694 0 1.54 87.694 4 1.54
4 16 60 0 -40 54.242 4 -45.758 54.242 8 -45.758 60 8 -40
4 16 60 0 -40 20 0 -80 25.757 4 -74.243 54.242 4 -45.758
1 16 40 6 -60 -5.757 -0.707 0 0 0 2 -5.757 0.707 0 rect3.dat
4 16 25.757 4 -74.243 20 0 -80 20 8 -80 25.757 8 -74.243
1 16 0 4 -80 20 0 0 0 0 4 0 1 0 rect.dat
2 24 119 0 77 119 0 80
2 24 100 0 20 119 0 77
2 24 60 0 -40 100 0 20
2 24 20 0 -80 60 0 -40
2 24 -119 8 77 -119 8 80
2 24 -70.644 8 -24.035 -87.694 8 1.54
2 24 -70.644 8 -24.035 -67.336 8 -21.829
2 24 -70.644 4 -24.035 -67.336 4 -21.829
2 24 -60 8 -40 -64.741 8 -32.889
2 24 -64.741 8 -32.889 -61.431 8 -30.682
2 24 -64.741 4 -32.889 -61.431 4 -30.682
2 24 -95.259 8 12.889 -100 8 20
2 24 -78.141 8 -5.63 -84.485 8 3.881
2 24 -56.91 8 -37.46 -61.431 8 -30.682
2 24 -67.336 8 -21.829 -76.957 8 -7.404
2 24 -56.91 4 -37.46 -61.431 4 -30.682
2 24 -78.141 4 -5.63 -84.485 4 3.881
2 24 -67.336 4 -21.829 -76.957 4 -7.404
2 24 -92.271 8 15.554 -96.41 8 21.76
2 24 -54.242 8 -45.758 -60 8 -40
2 24 -56.91 8 -37.46 -51.414 8 -42.929
2 24 -51.414 8 -42.929 -54.242 8 -45.758
2 24 -20 8 -80 -25.757 8 -74.243
2 24 -25.757 8 -74.243 -22.928 8 -71.415
2 24 -22.928 8 -71.415 -18.343 8 -76
4 16 119 8 80 114.83 8 76 -114.83 8 76 -119 8 80
3 16 -119 8 80 -114.83 8 76 -119 8 77
4 16 -117.73 8 73.23 -119 8 77 -114.83 8 76 -114.27 8 74.37
4 16 -109.38 8 59.62 -111.89 8 55.68 -114.27 8 62.83 -110.83 8 63.98
4 16 -109.38 8 59.62 -108 8 60 -107.39 8 56.94 -111.89 8 55.68
4 16 -107.68 8 43 -107.4 8 43.05 -96.41 8 21.76 -100 8 20
4 16 -107.4 8 43.05 -105.657 8 45.657 -104.243 8 44.243 -100.19 8 32.03
3 16 -100.19 8 32.03 -96.41 8 21.76 -107.4 8 43.05
4 16 -96.41 8 21.76 -100.19 8 32.03 -100.19 4 32.03 -96.41 4 21.76
4 16 -64.741 8 -32.889 -61.431 8 -30.682 -56.91 8 -37.46 -60 8 -40
4 16 -61.431 8 -30.682 -64.741 8 -32.889 -64.741 4 -32.889 -61.431 4 -30.682
4 16 -87.694 8 1.54 -84.485 8 3.881 -67.336 8 -21.829 -70.644 8 -24.035
4 16 -64.741 4 -32.889 -70.644 4 -24.035 -67.336 4 -21.829 -61.431 4 -30.682
2 24 -70.644 4 -24.035 -64.741 4 -32.889
2 24 70.644 4 -24.035 64.741 4 -32.889
2 24 -64.741 8 -32.889 -64.741 4 -32.889
2 24 64.741 8 -32.889 64.741 4 -32.889
2 24 -70.644 4 -24.035 -70.644 8 -24.035
2 24 70.644 4 -24.035 70.644 8 -24.035
4 16 -67.336 8 -21.829 -67.336 4 -21.829 -70.644 4 -24.035 -70.644 8 -24.035
2 24 -95.259 4 12.889 -87.694 4 1.54
2 24 95.259 4 12.889 87.694 4 1.54
2 24 -87.694 4 1.54 -87.694 8 1.54
2 24 87.694 4 1.54 87.694 8 1.54
2 24 -95.259 4 12.889 -95.259 8 12.889
2 24 95.259 4 12.889 95.259 8 12.889
4 16 -92.271 8 15.554 -95.259 8 12.889 -100 8 20 -96.41 8 21.76
4 16 -92.271 8 15.554 -92.271 4 15.554 -95.259 4 12.889 -95.259 8 12.889
2 24 -92.271 8 15.554 -95.259 8 12.889
2 24 -92.271 4 15.554 -92.271 8 15.554
2 24 92.271 4 15.554 92.271 8 15.554
2 24 -92.271 4 15.554 -95.259 4 12.889
4 16 -54.242 8 -45.758 -60 8 -40 -56.91 8 -37.46 -51.414 8 -42.929
1 16 -38.586 4 -58.585 -1.414 0 5.757 0 4 0 -1.414 0 -5.757 box3u8p.dat
1 16 -35.707 4 -55.707 1 0 1.465 0 4 0 -1 0 1.465 box4-4a.dat
4 16 -20 8 -80 -25.757 8 -74.243 -22.928 8 -71.415 -18.343 8 -76
2 24 -92.271 4 15.554 -96.41 4 21.76
2 24 -51.414 4 -42.929 -56.91 4 -37.46
2 24 -22.928 4 -71.415 -25.757 4 -74.243
2 24 -54.242 4 -45.758 -51.414 4 -42.929
2 24 -18.343 4 -76 -22.928 4 -71.415
1 16 0 6 76 -114.83 0 0 0 0 2 0 1 0 rect2p.dat
1 16 -114.55 6 75.18 0 -1 -0.28 2 0 0 0 0 0.81 rect.dat
1 16 -110.1 6 61.8 0 -1 -0.73 -2 0 0 0 0 2.18 rect.dat
1 16 -108.69 6 59.81 0 0 0.69 -2 0 0 0 -1 0.19 rect3.dat
1 16 -109.64 6 56.31 0 0 2.25 -2 0 0 0 1 0.63 rect3.dat
1 16 -102.55 6 39.25 -1.67 -1 0 0 0 2 5 0 0 rect.dat
2 24 -96.41 8 21.76 -100.19 8 32.03
2 24 -96.41 4 21.76 -100.19 4 32.03
4 16 -84.485 4 3.881 -78.141 4 -5.63 -78.141 8 -5.63 -84.485 8 3.881
4 16 -76.957 4 -7.404 -67.336 4 -21.829 -67.336 8 -21.829 -76.957 8 -7.404
4 16 -61.431 4 -30.682 -56.91 4 -37.46 -56.91 8 -37.46 -61.431 8 -30.682
4 16 -96.41 4 21.76 -92.271 4 15.554 -92.271 8 15.554 -96.41 8 21.76
4 16 -51.414 4 -42.929 -51.414 8 -42.929 -56.91 8 -37.46 -56.91 4 -37.46
4 16 -54.242 4 -45.758 -54.242 8 -45.758 -51.414 8 -42.929 -51.414 4 -42.929
1 16 -40.551 6 -53.793 0 -0.707 2.379 2 0 0 0 -0.707 -2.379 rect.dat
1 16 -33.793 6 -60.55 0 -0.707 2.379 2 0 0 0 -0.707 -2.379 rect.dat
4 16 -22.928 4 -71.415 -22.928 8 -71.415 -25.757 8 -74.243 -25.757 4 -74.243
4 16 -18.343 4 -76 -18.343 8 -76 -22.928 8 -71.415 -22.928 4 -71.415
1 16 -100 8 60 2 0 0 0 -1 0 0 0 2 4-4ring3.dat
1 16 -100 4 60 0 0 8 0 1 0 -8 0 0 3-4EDGE.DAT
1 16 -100 4 60 0 0 8 0 4 0 -8 0 0 3-4cyli.dat
1 16 -100 4 60 6 0 0 0 1 0 0 0 6 4-4edge.dat
0 BFC CERTIFY INVERTNEXT
1 16 -100 4 60 6 0 0 0 4 0 0 0 6 4-4cyli.dat
1 16 -100 8 60 0 0 8 0 1 0 -8 0 0 3-4EDGE.DAT
1 16 -100 8 60 6 0 0 0 1 0 0 0 6 4-4edge.dat
1 16 -100 4 60 0 0 -8 0 1 0 -8 0 0 3-16edge.dat
1 16 -100 4 60 0 0 -8 0 4 0 -8 0 0 3-16cyli.dat
1 16 -100 8 60 0 0 -8 0 1 0 -8 0 0 3-16edge.dat
1 16 -100 8 40 0 0 2 0 -1 0 2 0 0 2-4ring3.dat
1 16 -100 4 40 0 0 8 0 1 0 8 0 0 2-4edge.dat
1 16 -100 4 40 6 0 0 0 1 0 0 0 6 3-8edge.dat
1 16 -100 4 40 6 0 0 0 1 0 0 0 -6 1-4edge.dat
1 16 -100 4 40 0 0 8 0 4 0 8 0 0 2-4cyli.dat
1 16 -100 8 40 6 0 0 0 1 0 0 0 -6 1-4edge.dat
0 BFC CERTIFY INVERTNEXT
1 16 -100 4 40 6 0 0 0 4 0 0 0 -6 1-4cyli.dat
0 BFC CERTIFY INVERTNEXT
1 16 -100 8 40 0 0 8 0 1 0 8 0 0 2-4edge.dat
0 BFC CERTIFY INVERTNEXT
1 16 -100 4 40 6 0 0 0 4 0 0 0 6 3-8cyli.dat
1 16 -100 8 40 6 0 0 0 1 0 0 0 6 3-8edge.dat
1 16 -100 4 40 0 0 -8 0 1 0 8 0 0 3-16edge.dat
4 16 -103.061 8 47.391 -100 8 48 -100 8 46 -102.296 8 45.543
1 16 -100 4 40 0 0 -8 0 4 0 8 0 0 3-16cyli.dat
1 16 -100 8 40 0 0 -8 0 1 0 8 0 0 3-16edge.dat
4 16 -105.657 8 45.657 -103.061 8 47.391 -102.269 8 45.543 -104.243 8 44.243
4 16 -100.93 8 34.26 -100 8 34 -100 8 32 -100.19 8 32.03
1 16 -100.45 6 34.13 -0.45 0 0 0 0 2 0.13 -1 0 rect2p.dat
1 16 -100.08 6 32.015 -0.08 0 0 0 0 2 0.015 1 0 rect2p.dat
1 16 -80 4 0 -4.243 0 4.243 0 1 0 4.243 0 4.243 2-4edge.dat
1 16 -80 4 0 -5.657 0 5.657 0 1 0 5.657 0 5.657 2-4edge.dat
1 16 -80 8 0 -4.243 0 4.243 0 1 0 4.243 0 4.243 2-4edge.dat
1 16 -80 8 0 -5.657 0 5.657 0 1 0 5.657 0 5.657 2-4edge.dat
0 BFC CERTIFY INVERTNEXT
1 16 -80 4 0 -4.243 0 4.243 0 4 0 4.243 0 4.243 2-4cyli.dat
1 16 -80 4 0 -5.657 0 5.657 0 4 0 5.657 0 5.657 2-4cyli.dat
1 16 -80 8 0 1.414 0 1.414 0 -1 0 -1.414 0 1.414 2-4ring3.dat
4 16 -87.694 8 1.54 -87.391 8 3.062 -85.657 8 5.657 -84.485 8 3.881
4 16 -87.694 8 1.54 -87.694 4 1.54 -87.391 4 3.062 -87.391 8 3.062
4 16 -87.391 4 3.062 -85.657 4 5.657 -85.657 8 5.657 -87.391 8 3.062
2 24 -87.694 8 1.54 -87.391 8 3.062
2 24 -85.657 8 5.657 -87.391 8 3.062
2 24 -87.694 4 1.54 -87.391 4 3.062
2 24 -85.657 4 5.657 -87.391 4 3.062
3 16 -84.485 8 3.881 -85.657 8 5.657 -84.243 8 4.243
4 16 -84.485 8 3.881 -84.243 8 4.243 -84.243 4 4.243 -84.485 4 3.881
2 24 -84.485 8 3.881 -84.243 8 4.243
2 24 -84.485 4 3.881 -84.243 4 4.243
4 16 -75.757 8 -4.243 -74.343 8 -5.657 -76.957 8 -7.404 -77.704 8 -5.543
4 16 -74.343 4 -5.657 -76.957 4 -7.404 -76.957 8 -7.404 -74.343 8 -5.657
4 16 -75.757 8 -4.243 -77.704 8 -5.543 -77.704 4 -5.543 -75.757 4 -4.243
2 24 -75.757 8 -4.243 -77.704 8 -5.543
2 24 -76.957 8 -7.404 -74.343 8 -5.657
2 24 -75.757 4 -4.243 -77.704 4 -5.543
2 24 -76.957 4 -7.404 -74.343 4 -5.657
3 16 -76.957 8 -7.404 -78.141 8 -5.63 -77.704 8 -5.543
4 16 -77.704 8 -5.543 -78.141 8 -5.63 -78.141 4 -5.63 -77.704 4 -5.543
2 24 -77.704 8 -5.543 -78.141 8 -5.63
2 24 -77.704 4 -5.543 -78.141 4 -5.63
4 16 -96.41 4 21.76 -114.83 4 76 114.83 4 76 96.41 4 21.76
0 BFC CERTIFY INVERTNEXT
1 16 -114.27 8 68.6 1.72 0 1.73 0 -4 0 0.57 0 -5.2 box3u8p.dat
4 16 -107.68 4 43 -111.9 4 55.7 -105.657 4 45.657 -107.4 4 43
4 16 -111.89 4 55.68 -108.38 4 56.65 -104.87 4 46.17 -105.657 4 45.657
4 16 96.41 4 21.76 56.91 4 -37.46 -56.91 4 -37.46 -96.41 4 21.76
4 16 56.91 4 -37.46 18.343 4 -76 -18.343 4 -76 -56.91 4 -37.46
4 16 -51.414 4 -42.929 -42.928 4 -51.415 -45.757 4 -54.243 -54.242 4 -45.758
4 16 -31.413 4 -62.929 -22.928 4 -71.415 -25.757 4 -74.243 -34.242 4 -65.758
2 24 -119 8 77 -119 0 77
2 24 -100 8 20 -100 0 20
2 24 -60 8 -40 -60 0 -40
2 24 -117.73 4 73.23 -117.73 8 73.23
2 24 -117.73 4 73.23 -114.27 4 62.83
2 24 -111.89 4 55.68 -107.68 4 43
2 24 -51.414 4 -42.929 -51.414 8 -42.929
2 24 -54.242 4 -45.758 -54.242 8 -45.758
2 24 -45.757 4 -54.243 -54.242 4 -45.758
2 24 -25.757 4 -74.243 -34.242 4 -65.758
2 24 -25.757 4 -74.243 -25.757 8 -74.243
2 24 -22.928 4 -71.415 -22.928 8 -71.415
4 16 -119 8 77 -119 0 77 -119 0 80 -119 8 80
1 16 -107.53 6 43.04 0 0 0.12 -2 0 0 0 -1 0.04 rect3.dat
4 16 -100 4 20 -100 0 20 -119 0 77 -119 4 77
4 16 -117.73 8 73.23 -117.73 4 73.23 -119 4 77 -119 8 77
4 16 117.73 8 73.23 119 8 77 119 4 77 117.73 4 73.23
1 16 -113.08 6 59.25 1.19 1 0 0 0 2 -3.57 0 0 rect3.dat
1 16 -103.833 6 31.5 3.833 1 0 0 0 2 -11.5 0 0 rect3.dat
4 16 -95.259 8 12.889 -95.259 0 12.889 -100 0 20 -100 8 20
4 16 -60 8 -40 -60 0 -40 -64.741 0 -32.889 -64.741 8 -32.889
4 16 -70.644 4 -24.035 -64.741 4 -32.889 -64.741 0 -32.889 -70.644 0 -24.035
4 16 -70.644 8 -24.035 -70.644 0 -24.035 -87.694 0 1.54 -87.694 8 1.54
4 16 -95.259 4 12.889 -87.694 4 1.54 -87.694 0 1.54 -95.259 0 12.889
4 16 -60 0 -40 -60 8 -40 -54.242 8 -45.758 -54.242 4 -45.758
4 16 -60 0 -40 -54.242 4 -45.758 -25.757 4 -74.243 -20 0 -80
1 16 -40 6 -60 5.757 0.707 0 0 0 2 -5.757 0.707 0 rect3.dat
4 16 -25.757 4 -74.243 -25.757 8 -74.243 -20 8 -80 -20 0 -80
5 24 75.757 8 -4.243 75.757 4 -4.243 77.704 8 -5.543 74.457 8 -2.296
5 24 74.343 8 -5.657 74.343 4 -5.657 76.957 8 -7.404 76.609 8 -3.062
5 24 -75.757 8 -4.243 -75.757 4 -4.243 -77.704 8 -5.543 -74.457 8 -2.296
5 24 -74.343 8 -5.657 -74.343 4 -5.657 -76.957 8 -7.404 -76.609 8 -3.062
5 24 77.704 4 -5.543 77.704 8 -5.543 75.757 8 -4.243 78.141 8 -5.63
2 24 84.485 4 3.881 84.485 8 3.881
2 24 78.141 4 -5.63 78.141 8 -5.63
2 24 76.957 4 -7.404 76.957 8 -7.404
2 24 100.19 4 32.03 100.19 8 32.03
5 24 87.391 4 3.062 87.391 8 3.062 87.694 8 1.54 85.657 8 5.657
5 24 100 4 32 100 8 32 100.19 8 32.03 96.938 8 32.609
5 24 -77.704 4 -5.543 -77.704 8 -5.543 -75.757 8 -4.243 -78.141 8 -5.63
2 24 -84.485 4 3.881 -84.485 8 3.881
2 24 -78.141 4 -5.63 -78.141 8 -5.63
2 24 -76.957 4 -7.404 -76.957 8 -7.404
2 24 -100.19 4 32.03 -100.19 8 32.03
5 24 -87.391 4 3.062 -87.391 8 3.062 -87.694 8 1.54 -85.657 8 5.657
5 24 -100 4 32 -100 8 32 -100.19 8 32.03 -96.938 8 32.609
2 24 -119 0 77 -119 0 80
2 24 -100 0 20 -119 0 77
2 24 -60 0 -40 -100 0 20
2 24 -20 0 -80 -60 0 -40
4 16 119 0 80 -119 0 80 -119 0 77 119 0 77
4 16 -119 0 77 -100 0 20 100 0 20 119 0 77
4 16 -100 0 20 -60 0 -40 60 0 -40 100 0 20
4 16 -60 0 -40 -20 0 -80 20 0 -80 60 0 -40
1 16 20 4 60 1 0 0 0 -1 0 0 0 1 stud4.dat
1 16 40 4 60 1 0 0 0 -1 0 0 0 1 stud4.dat
1 16 60 4 60 1 0 0 0 -1 0 0 0 1 stud4.dat
1 16 80 4 60 1 0 0 0 -1 0 0 0 1 stud4.dat
1 16 20 4 40 1 0 0 0 -1 0 0 0 1 stud4.dat
1 16 40 4 40 1 0 0 0 -1 0 0 0 1 stud4.dat
1 16 60 4 40 1 0 0 0 -1 0 0 0 1 stud4.dat
1 16 80 4 40 1 0 0 0 -1 0 0 0 1 stud4.dat
1 16 20 4 20 1 0 0 0 -1 0 0 0 1 stud4.dat
1 16 40 4 20 1 0 0 0 -1 0 0 0 1 stud4.dat
1 16 60 4 20 1 0 0 0 -1 0 0 0 1 stud4.dat
1 16 80 4 20 1 0 0 0 -1 0 0 0 1 stud4.dat
1 16 20 4 0 1 0 0 0 -1 0 0 0 1 stud4.dat
1 16 40 4 0 1 0 0 0 -1 0 0 0 1 stud4.dat
1 16 60 4 0 1 0 0 0 -1 0 0 0 1 stud4.dat
1 16 20 4 -20 1 0 0 0 -1 0 0 0 1 stud4.dat
1 16 40 4 -20 1 0 0 0 -1 0 0 0 1 stud4.dat
1 16 60 4 -20 1 0 0 0 -1 0 0 0 1 stud4.dat
1 16 20 4 -40 1 0 0 0 -1 0 0 0 1 stud4.dat
1 16 40 4 -40 1 0 0 0 -1 0 0 0 1 stud4.dat
1 16 20 4 -60 1 0 0 0 -1 0 0 0 1 stud4.dat
1 16 0 4 60 1 0 0 0 -1 0 0 0 1 stud4.dat
1 16 0 4 40 1 0 0 0 -1 0 0 0 1 stud4.dat
1 16 0 4 20 1 0 0 0 -1 0 0 0 1 stud4.dat
1 16 0 4 0 1 0 0 0 -1 0 0 0 1 stud4.dat
1 16 0 4 -20 1 0 0 0 -1 0 0 0 1 stud4.dat
1 16 0 4 -40 1 0 0 0 -1 0 0 0 1 stud4.dat
1 16 0 4 -60 1 0 0 0 -1 0 0 0 1 stud4.dat
1 16 -20 4 60 -1 0 0 0 -1 0 0 0 1 stud4.dat
1 16 -40 4 60 -1 0 0 0 -1 0 0 0 1 stud4.dat
1 16 -60 4 60 -1 0 0 0 -1 0 0 0 1 stud4.dat
1 16 -80 4 60 -1 0 0 0 -1 0 0 0 1 stud4.dat
1 16 -20 4 40 -1 0 0 0 -1 0 0 0 1 stud4.dat
1 16 -40 4 40 -1 0 0 0 -1 0 0 0 1 stud4.dat
1 16 -60 4 40 -1 0 0 0 -1 0 0 0 1 stud4.dat
1 16 -80 4 40 -1 0 0 0 -1 0 0 0 1 stud4.dat
1 16 -20 4 20 -1 0 0 0 -1 0 0 0 1 stud4.dat
1 16 -40 4 20 -1 0 0 0 -1 0 0 0 1 stud4.dat
1 16 -60 4 20 -1 0 0 0 -1 0 0 0 1 stud4.dat
1 16 -80 4 20 -1 0 0 0 -1 0 0 0 1 stud4.dat
1 16 -20 4 0 -1 0 0 0 -1 0 0 0 1 stud4.dat
1 16 -40 4 0 -1 0 0 0 -1 0 0 0 1 stud4.dat
1 16 -60 4 0 -1 0 0 0 -1 0 0 0 1 stud4.dat
1 16 -20 4 -20 -1 0 0 0 -1 0 0 0 1 stud4.dat
1 16 -40 4 -20 -1 0 0 0 -1 0 0 0 1 stud4.dat
1 16 -60 4 -20 -1 0 0 0 -1 0 0 0 1 stud4.dat
1 16 -20 4 -40 -1 0 0 0 -1 0 0 0 1 stud4.dat
1 16 -40 4 -40 -1 0 0 0 -1 0 0 0 1 stud4.dat
1 16 -20 4 -60 -1 0 0 0 -1 0 0 0 1 stud4.dat
1 16 10 0 70 0 0 -1 0 1 0 1 0 0 stud.dat
1 16 30 0 70 0 0 -1 0 1 0 1 0 0 stud.dat
1 16 50 0 70 0 0 -1 0 1 0 1 0 0 stud.dat
1 16 70 0 70 0 0 -1 0 1 0 1 0 0 stud.dat
1 16 90 0 70 0 0 -1 0 1 0 1 0 0 stud.dat
1 16 110 0 70 0 0 -1 0 1 0 1 0 0 stud.dat
1 16 -110 0 70 0 0 -1 0 1 0 1 0 0 stud.dat
1 16 -90 0 70 0 0 -1 0 1 0 1 0 0 stud.dat
1 16 -70 0 70 0 0 -1 0 1 0 1 0 0 stud.dat
1 16 -50 0 70 0 0 -1 0 1 0 1 0 0 stud.dat
1 16 -30 0 70 0 0 -1 0 1 0 1 0 0 stud.dat
1 16 -10 0 70 0 0 -1 0 1 0 1 0 0 stud.dat
1 16 10 0 50 0 0 -1 0 1 0 1 0 0 stud.dat
1 16 30 0 50 0 0 -1 0 1 0 1 0 0 stud.dat
1 16 50 0 50 0 0 -1 0 1 0 1 0 0 stud.dat
1 16 70 0 50 0 0 -1 0 1 0 1 0 0 stud.dat
1 16 90 0 50 0 0 -1 0 1 0 1 0 0 stud.dat
1 16 -90 0 50 0 0 -1 0 1 0 1 0 0 stud.dat
1 16 -70 0 50 0 0 -1 0 1 0 1 0 0 stud.dat
1 16 -50 0 50 0 0 -1 0 1 0 1 0 0 stud.dat
1 16 -30 0 50 0 0 -1 0 1 0 1 0 0 stud.dat
1 16 -10 0 50 0 0 -1 0 1 0 1 0 0 stud.dat
1 16 10 0 30 0 0 -1 0 1 0 1 0 0 stud.dat
1 16 30 0 30 0 0 -1 0 1 0 1 0 0 stud.dat
1 16 50 0 30 0 0 -1 0 1 0 1 0 0 stud.dat
1 16 70 0 30 0 0 -1 0 1 0 1 0 0 stud.dat
1 16 90 0 30 0 0 -1 0 1 0 1 0 0 stud.dat
1 16 -90 0 30 0 0 -1 0 1 0 1 0 0 stud.dat
1 16 -70 0 30 0 0 -1 0 1 0 1 0 0 stud.dat
1 16 -50 0 30 0 0 -1 0 1 0 1 0 0 stud.dat
1 16 -30 0 30 0 0 -1 0 1 0 1 0 0 stud.dat
1 16 -10 0 30 0 0 -1 0 1 0 1 0 0 stud.dat
1 16 10 0 10 0 0 -1 0 1 0 1 0 0 stud.dat
1 16 30 0 10 0 0 -1 0 1 0 1 0 0 stud.dat
1 16 50 0 10 0 0 -1 0 1 0 1 0 0 stud.dat
1 16 70 0 10 0 0 -1 0 1 0 1 0 0 stud.dat
1 16 -70 0 10 0 0 -1 0 1 0 1 0 0 stud.dat
1 16 -50 0 10 0 0 -1 0 1 0 1 0 0 stud.dat
1 16 -30 0 10 0 0 -1 0 1 0 1 0 0 stud.dat
1 16 -10 0 10 0 0 -1 0 1 0 1 0 0 stud.dat
1 16 10 0 -10 0 0 -1 0 1 0 1 0 0 stud.dat
1 16 30 0 -10 0 0 -1 0 1 0 1 0 0 stud.dat
1 16 50 0 -10 0 0 -1 0 1 0 1 0 0 stud.dat
1 16 70 0 -10 0 0 -1 0 1 0 1 0 0 stud.dat
1 16 -70 0 -10 0 0 -1 0 1 0 1 0 0 stud.dat
1 16 -50 0 -10 0 0 -1 0 1 0 1 0 0 stud.dat
1 16 -30 0 -10 0 0 -1 0 1 0 1 0 0 stud.dat
1 16 -10 0 -10 0 0 -1 0 1 0 1 0 0 stud.dat
1 16 10 0 -30 0 0 -1 0 1 0 1 0 0 stud.dat
1 16 30 0 -30 0 0 -1 0 1 0 1 0 0 stud.dat
1 16 50 0 -30 0 0 -1 0 1 0 1 0 0 stud.dat
1 16 -50 0 -30 0 0 -1 0 1 0 1 0 0 stud.dat
1 16 -30 0 -30 0 0 -1 0 1 0 1 0 0 stud.dat
1 16 -10 0 -30 0 0 -1 0 1 0 1 0 0 stud.dat
1 16 10 0 -50 0 0 -1 0 1 0 1 0 0 stud.dat
1 16 30 0 -50 0 0 -1 0 1 0 1 0 0 stud.dat
1 16 -30 0 -50 0 0 -1 0 1 0 1 0 0 stud.dat
1 16 -10 0 -50 0 0 -1 0 1 0 1 0 0 stud.dat
1 16 10 0 -70 0 0 -1 0 1 0 1 0 0 stud.dat
1 16 -10 0 -70 0 0 -1 0 1 0 1 0 0 stud.dat
0
