0 Panel  5 x 10 x 10 Rocky Skull
0 Name: 47991.dat
0 Author: Massimo Maso [Sirio]
0 !LDRAW_ORG Part UPDATE 2022-02
0 !LICENSE Licensed under CC BY 4.0 : see CAreadme.txt

0 BFC CERTIFY CCW

0 !HISTORY 2013-12-07 {LEGO Digital Designer} Original part shape
0 !HISTORY 2020-10-17 [Sirio] File preparation for LDraw Parts Tracker
0 !HISTORY 2022-03-06 [PTadmin] Official Update 2022-02


0 // Stud primitives
1 16 0 0 10 1 0 0 0 1 0 0 0 1 stug2-1x6.dat
1 16 0 0 -10 1 0 0 0 1 0 0 0 1 stug2-1x6.dat
1 16 0 0 -30 1 0 0 0 1 0 0 0 1 stug2-1x4.dat
1 16 -70 24 -20 1 0 0 0 1 0 0 0 1 stug2-4x1.dat
1 16 70 24 -20 1 0 0 0 1 0 0 0 1 stug2-4x1.dat
1 16 -50 24 -40 1 0 0 0 1 0 0 0 1 stug2-2x1.dat
1 16 50 24 -40 1 0 0 0 1 0 0 0 1 stug2-2x1.dat
1 16 -90 48 0 1 0 0 0 1 0 0 0 1 stug2-2x1.dat
1 16 90 48 0 1 0 0 0 1 0 0 0 1 stug2-2x1.dat
1 16 0 196 -70 1 0 0 0 -1 0 0 0 1 stug3-1x3.dat
1 16 -70 236 0 1 0 0 0 -1 0 0 0 1 stud3.dat
1 16 70 236 0 1 0 0 0 -1 0 0 0 1 stud3.dat
1 16 -50 236 -10 1 0 0 0 -1 0 0 0 1 stug3-1x2.dat
1 16 50 236 -10 1 0 0 0 -1 0 0 0 1 stug3-1x2.dat
1 16 0 236 -40 1 0 0 0 -1 0 0 0 1 stug4-1x3.dat
0 // Mouth
0 // Primitives
0 BFC INVERTNEXT
1 16 -26 180 -80 0 0 -4 4 0 0 0 4 0 3-8cylo.dat
0 BFC INVERTNEXT
1 16 26 180 -80 0 0 4 4 0 0 0 4 0 3-8cylo.dat
0 BFC INVERTNEXT
1 16 0 154 -80 0 0 4 -4 0 0 0 4 0 1-8cylo.dat
0 BFC INVERTNEXT
1 16 0 154 -80 0 0 -4 -4 0 0 0 4 0 1-8cylo.dat
1 16 0 184 -78 26 0 0 0 1 0 0 0 2 rect2p.dat
1 16 -15.8284 164.1716 -78 13 0 0 -13 -1 0 0 0 2 rect2p.dat
1 16 15.8284 164.1716 -78 13 0 0 13 -1 0 0 0 2 rect2p.dat
1 16 -26 180 -80 0 0 -4 4 0 0 0 1 0 3-8ndis.dat
1 16 26 180 -80 0 0 4 4 0 0 0 1 0 3-8ndis.dat
1 16 0 154 -80 0 0 4 -4 0 0 0 1 0 1-8ndis.dat
1 16 0 154 -80 0 0 -4 -4 0 0 0 1 0 1-8ndis.dat
1 16 -26 180 -76 0 0 -4 4 0 0 0 -1 0 3-8ndis.dat
1 16 26 180 -76 0 0 4 4 0 0 0 -1 0 3-8ndis.dat
1 16 0 154 -76 0 0 4 -4 0 0 0 -1 0 1-8ndis.dat
1 16 0 154 -76 0 0 -4 -4 0 0 0 -1 0 1-8ndis.dat
0 // Rear faces
4 16 36 192 -76 -36 192 -76 -26 184 -76 26 184 -76
3 16 -36 192 -76 -30 184 -76 -26 184 -76
3 16 -36 192 -76 -30 180 -76 -30 184 -76
4 16 -36 192 -76 -36 164 -76 -30 176 -76 -30 180 -76
4 16 -36 164 -76 -16 146 -76 -4 150 -76 -30 176 -76
4 16 -4 150 -76 -2.8284 151.1716 -76 -28.8284 177.1716 -76 -30 176 -76
3 16 -16 146 -76 0 150 -76 -4 150 -76
3 16 0 150 -76 -16 146 -76 16 146 -76
3 16 16 146 -76 4 150 -76 0 150 -76
4 16 16 146 -76 36 164 -76 30 176 -76 4 150 -76
4 16 30 176 -76 28.8284 177.1716 -76 2.8284 151.1716 -76 4 150 -76
4 16 36 192 -76 30 180 -76 30 176 -76 36 164 -76
3 16 36 192 -76 26 184 -76 30 184 -76
3 16 36 192 -76 30 184 -76 30 180 -76
0 // Front faces
4 16 -40 200 -80 40 200 -80 26 184 -80 -26 184 -80
3 16 -40 200 -80 -26 184 -80 -30 184 -80
4 16 -40 200 -80 -30 184 -80 -30 180 -80 -40 164 -80
3 16 -40 164 -80 -30 180 -80 -30 176 -80
4 16 -40 164 -80 -30 176 -80 -4 150 -80 -20 144 -80
4 16 -30 176 -80 -28.8284 177.1716 -80 -2.8284 151.1716 -80 -4 150 -80
3 16 -20 144 -80 -4 150 -80 0 150 -80
3 16 -20 144 -80 0 150 -80 20 144 -80
3 16 20 144 -80 0 150 -80 4 150 -80
4 16 40 164 -80 20 144 -80 4 150 -80 30 176 -80
4 16 30 176 -80 4 150 -80 2.8284 151.1716 -80 28.8284 177.1716 -80
3 16 40 164 -80 30 176 -80 30 180 -80
4 16 40 200 -80 40 164 -80 30 180 -80 30 184 -80
3 16 40 200 -80 30 184 -80 26 184 -80
0 // Left eye
0 // Primitives
1 16 -46 116 -32.3636 0 0 -24 24 -1 0 -21.8182 0 0 1-4ndis.dat
1 16 -46 116 -32.3636 0 0 -24 24 1 0 -21.8182 0 0 1-4edge.dat
1 16 -46 116 -32.3636 0 0 -24 -24 0 0 0 -21.8182 0 1-4cyls2.dat
1 16 -46 116 -16 0 0 -24 24 0 0 0 -16.3636 0 1-4cyli.dat
1 16 -46 116 -16 0 0 -24 24 0 0 0 1 0 1-4edge.dat
1 16 -46 116 -16 0 0 -4 4 0 0 0 -1 0 1-4ring5.dat
1 16 -46 116 -16 0 0 -20 20 0 0 0 1 0 1-4edge.dat
0 BFC INVERTNEXT
1 16 -46 116 -16 0 0 -20 20 0 0 0 -22.1818 0 1-4cyli.dat
0 BFC INVERTNEXT
1 16 -46 116 -38.1818 0 0 -20 -20 0 0 0 -18.1818 0 1-4cyls2.dat
1 16 -46 116 -38.1818 0 0 -20 20 1 0 -18.1818 0 0 1-4edge.dat
1 16 -46 116 -38.1818 0 0 -20 20 1 0 -18.1818 0 0 1-4ndis.dat
1 16 -46 96 -20 0 0 -20 -16 -1 0 -26.6666 0 0 1-4ndis.dat
1 16 -46 96 -20 0 0 -20 -16 1 0 -26.6666 0 0 1-4edge.dat
0 BFC INVERTNEXT
1 16 -46 96 -20 0 0 -20 16 0 0 0 -26.6666 0 1-4cyls2.dat
0 BFC INVERTNEXT
1 16 -46 96 -16 0 0 -20 -16 0 0 0 -4 0 1-4cyli.dat
1 16 -46 96 -16 0 0 -20 -16 0 0 0 1 0 1-4edge.dat
1 16 -46 96 -16 0 0 -20 -16 0 0 0 -1 0 1-4tang.dat
1 16 -31 76 -31 15 0 0 0 1 0 0 0 -15 rect2a.dat
1 16 -46 96 -16 0 0 -24 -20 0 0 0 1 0 48\11-48edge.dat
0 // Rear faces
4 16 -46 140 -54.1818 -16 140 -54.1818 -16 142 -56 -76 142 -56
3 16 -70 140 -54.1818 -46 140 -54.1818 -76 142 -56
3 16 -70 116 -32.3636 -70 140 -54.1818 -76 142 -56
4 16 -76 98 -16 -70 98 -16 -70 116 -32.3636 -76 142 -56
4 16 -76 70 -56 -69.7936 93.39 -17.0167 -69.8418 94 -16 -76 94 -16
3 16 -76 70 -56 -69.1816 90.824 -21.2934 -69.7936 93.39 -17.0167
3 16 -76 70 -56 -68.1736 88.346 -25.4234 -69.1816 90.824 -21.2934
3 16 -76 70 -56 -66.784 86 -29.3334 -68.1736 88.346 -25.4234
3 16 -76 70 -56 -65.0416 83.824 -32.96 -66.784 86 -29.3334
3 16 -76 70 -56 -62.9704 81.858 -36.2366 -65.0416 83.824 -32.96
3 16 -76 70 -56 -60.6112 80.132 -39.1133 -62.9704 81.858 -36.2366
3 16 -76 70 -56 -58 78.68 -41.533 -60.6112 80.132 -39.1133
3 16 -76 70 -56 -55.1848 77.522 -43.4633 -58 78.68 -41.533
3 16 -76 70 -56 -52.2112 76.682 -44.8633 -55.1848 77.522 -43.4633
3 16 -76 70 -56 -49.132 76.172 -45.7133 -52.2112 76.682 -44.8633
3 16 -76 70 -56 -46 76 -46 -49.132 76.172 -45.7133
4 16 -76 70 -56 -16 70 -56 -16 76 -46 -46 76 -46
3 16 -16 70 -56 -16 122 -56 -16 76 -46
4 16 -16 122 -56 -16 140 -16 -16 76 -16 -16 76 -46
3 16 -16 122 -56 -16 140 -54.1818 -16 140 -16
4 16 -16 142 -76 -16 142 -56 -16 140 -54.1818 -16 122 -56
4 16 -16 140 -16 -16 140 -54.1818 -46 140 -32.3636 -46 140 -16
3 16 -16 140 -54.1818 -46 140 -54.1818 -46 140 -32.3636
3 16 -70 98 -16 -70 116 -16 -70 116 -32.3636
4 16 -16 140 -16 -46 140 -16 -46 136 -16 -20 136 -16
4 16 -20 80 -16 -16 76 -16 -16 140 -16 -20 136 -16
4 16 -46 80 -16 -46 76 -16 -16 76 -16 -20 80 -16
4 16 -46 76 -16 -46 80 -16 -49.978 80 -16 -49.132 76.172 -16
3 16 -49.132 76.172 -16 -49.978 80 -16 -52.2112 76.682 -16
4 16 -52.2112 76.682 -16 -49.978 80 -16 -53.654 81.2176 -16 -55.1848 77.522 -16
4 16 -55.1848 77.522 -16 -53.654 81.2176 -16 -57.33 82.4352 -16 -58 78.68 -16
3 16 -58 78.68 -16 -57.33 82.4352 -16 -60.6112 80.132 -16
4 16 -60.6112 80.132 -16 -57.33 82.4352 -16 -60.142 84.6864 -16 -62.9704 81.858 -16
4 16 -62.9704 81.858 -16 -60.142 84.6864 -16 -62.956 86.936 -16 -65.0416 83.824 -16
3 16 -65.0416 83.824 -16 -62.956 86.936 -16 -66.784 86 -16
4 16 -66.784 86 -16 -62.956 86.936 -16 -64.478 89.8768 -16 -68.1736 88.346 -16
4 16 -68.1736 88.346 -16 -64.478 89.8768 -16 -66 92.8176 -16 -69.1816 90.824 -16
3 16 -69.7936 93.39 -16 -69.1816 90.824 -16 -66 92.8176 -16
4 16 -69.8418 94 -16 -69.7936 93.39 -16 -66 92.8176 -16 -66 96 -16
4 16 -76 94 -16 -69.8418 94 -16 -70 98 -16 -76 98 -16
3 16 -69.8418 94 -16 -66 96 -16 -70 98 -16
4 16 -70 116 -16 -70 98 -16 -66 96 -16 -66 116 -16
4 16 -46 76 -16 -49.132 76.172 -16 -49.132 76.172 -45.7133 -46 76 -46
4 16 -49.132 76.172 -16 -52.2112 76.682 -16 -52.2112 76.682 -44.8633 -49.132 76.172 -45.7133
4 16 -52.2112 76.682 -16 -55.1848 77.522 -16 -55.1848 77.522 -43.4633 -52.2112 76.682 -44.8633
4 16 -55.1848 77.522 -16 -58 78.68 -16 -58 78.68 -41.533 -55.1848 77.522 -43.4633
4 16 -58 78.68 -16 -60.6112 80.132 -16 -60.6112 80.132 -39.1133 -58 78.68 -41.533
4 16 -60.6112 80.132 -16 -62.9704 81.858 -16 -62.9704 81.858 -36.2366 -60.6112 80.132 -39.1133
4 16 -62.9704 81.858 -16 -65.0416 83.824 -16 -65.0416 83.824 -32.96 -62.9704 81.858 -36.2366
4 16 -65.0416 83.824 -16 -66.784 86 -16 -66.784 86 -29.3334 -65.0416 83.824 -32.96
4 16 -66.784 86 -16 -68.1736 88.346 -16 -68.1736 88.346 -25.4234 -66.784 86 -29.3334
4 16 -68.1736 88.346 -16 -69.1816 90.824 -16 -69.1816 90.824 -21.2934 -68.1736 88.346 -25.4234
4 16 -69.1816 90.824 -16 -69.7936 93.39 -16 -69.7936 93.39 -17.0167 -69.1816 90.824 -21.2934
3 16 -69.7936 93.39 -16 -69.8418 94 -16 -69.7936 93.39 -17.0167
0 // Front faces
4 16 -80 140 -60 -20 140 -60 -20 136 -56.3636 -46 136 -56.3636
3 16 -80 140 -60 -46 136 -56.3636 -66 136 -56.3636
3 16 -80 140 -60 -66 136 -56.3636 -66 116 -38.1818
4 16 -80 140 -60 -66 116 -38.1818 -66 96 -20 -80 96 -20
4 16 -80 72 -60 -80 96 -20 -66 96 -20 -66 80 -46.6666
3 16 -80 72 -60 -66 80 -46.6666 -46 80 -46.6666
4 16 -20 80 -46.6666 -20 72 -60 -80 72 -60 -46 80 -46.6666
3 16 -20 136 -56.3636 -46 136 -38.1818 -46 136 -56.3636
4 16 -20 136 -56.3636 -20 136 -16 -46 136 -16 -46 136 -38.1818
4 16 -20 140 -60 -20 140 -80 -20 120 -60 -20 136 -56.3636
3 16 -20 136 -16 -20 136 -56.3636 -20 80 -16
4 16 -20 80 -46.6666 -20 80 -16 -20 136 -56.3636 -20 120 -60
3 16 -20 72 -60 -20 80 -46.6666 -20 120 -60
3 16 -20 80 -46.6666 -46 80 -46.6666 -46 80 -20
4 16 -20 80 -46.6666 -46 80 -20 -46 80 -16 -20 80 -16
4 16 -66 96 -16 -66 96 -20 -66 116 -38.1818 -66 116 -16
0 // Edges
2 24 -70 116 -16 -70 98 -16
2 24 -70 98 -16 -70 116 -32.3636
2 24 -70 98 -16 -76 98 -16
2 24 -76 98 -16 -76 142 -56
2 24 -76 142 -56 -16 142 -56
2 24 -16 142 -56 -16 140 -54.1818
2 24 -16 140 -54.1818 -46 140 -54.1818
2 24 -16 140 -54.1818 -16 140 -16
2 24 -16 76 -46 -16 70 -56
2 24 -76 70 -56 -16 70 -56
2 24 -69.8418 94 -16 -76 94 -16
2 24 -69.8418 94 -16 -69.7936 93.39 -16
2 24 -69.8418 94 -16 -69.7936 93.39 -17.0167
2 24 -69.7936 93.39 -17.0167 -69.1816 90.824 -21.2934
2 24 -69.1816 90.824 -21.2934 -68.1736 88.346 -25.4234
2 24 -68.1736 88.346 -25.4234 -66.784 86 -29.3334
2 24 -66.784 86 -29.3334 -65.0416 83.824 -32.96
2 24 -65.0416 83.824 -32.96 -62.9704 81.858 -36.2366
2 24 -62.9704 81.858 -36.2366 -60.6112 80.132 -39.1133
2 24 -60.6112 80.132 -39.1133 -58 78.68 -41.533
2 24 -58 78.68 -41.533 -55.1848 77.522 -43.4633
2 24 -55.1848 77.522 -43.4633 -52.2112 76.682 -44.8633
2 24 -52.2112 76.682 -44.8633 -49.132 76.172 -45.7133
2 24 -49.132 76.172 -45.7133 -46 76 -46
2 24 -20 136 -16 -20 136 -56.3636
2 24 -20 136 -56.3636 -46 136 -56.3636
2 24 -20 136 -56.3636 -20 140 -60
2 24 -20 140 -60 -80 140 -60
2 24 -80 140 -60 -80 96 -20
2 24 -80 96 -20 -66 96 -20
2 24 -20 80 -16 -20 80 -46.6666
2 24 -20 80 -46.6666 -46 80 -46.6666
2 24 -20 80 -46.6666 -20 72 -60
2 24 -20 72 -60 -80 72 -60
2 24 -66 96 -20 -66 116 -38.1818
2 24 -66 96 -16 -66 116 -16
0 // Conditional lines
5 24 -46 76 -16 -46 76 -46 -49.132 76.172 -16 -16 76 -16
5 24 -49.132 76.172 -16 -49.132 76.172 -45.7133 -52.2112 76.682 -16 -46 76 -16
5 24 -52.2112 76.682 -16 -52.2112 76.682 -44.8633 -55.1848 77.522 -16 -49.132 76.172 -16
5 24 -55.1848 77.522 -16 -55.1848 77.522 -43.4633 -58 78.68 -16 -52.2112 76.682 -16
5 24 -58 78.68 -16 -58 78.68 -41.533 -60.6112 80.132 -16 -55.1848 77.522 -16
5 24 -60.6112 80.132 -16 -60.6112 80.132 -39.1133 -62.9704 81.858 -16 -58 78.68 -16
5 24 -62.9704 81.858 -16 -62.9704 81.858 -36.2366 -65.0416 83.824 -16 -60.6112 80.132 -16
5 24 -65.0416 83.824 -16 -65.0416 83.824 -32.96 -66.784 86 -16 -62.9704 81.858 -16
5 24 -66.784 86 -16 -66.784 86 -29.3334 -68.1736 88.346 -16 -65.0416 83.824 -16
5 24 -68.1736 88.346 -16 -68.1736 88.346 -25.4234 -69.1816 90.824 -16 -66.784 86 -16
5 24 -69.1816 90.824 -16 -69.1816 90.824 -21.2934 -69.7936 93.39 -16 -68.1736 88.346 -16
5 24 -69.7936 93.39 -16 -69.7936 93.39 -17.0167 -69.8418 94 -16 -69.1816 90.824 -16
0 // Right eye
0 // Primitives
1 16 46 116 -32.3636 0 0 24 24 -1 0 -21.8182 0 0 1-4ndis.dat
1 16 46 116 -32.3636 0 0 24 24 1 0 -21.8182 0 0 1-4edge.dat
1 16 46 116 -32.3636 0 0 24 -24 0 0 0 -21.8182 0 1-4cyls2.dat
1 16 46 116 -16 0 0 24 24 0 0 0 -16.3636 0 1-4cyli.dat
1 16 46 116 -16 0 0 24 24 0 0 0 1 0 1-4edge.dat
1 16 46 116 -16 0 0 4 4 0 0 0 -1 0 1-4ring5.dat
1 16 46 116 -16 0 0 20 20 0 0 0 1 0 1-4edge.dat
0 BFC INVERTNEXT
1 16 46 116 -16 0 0 20 20 0 0 0 -22.1818 0 1-4cyli.dat
0 BFC INVERTNEXT
1 16 46 116 -38.1818 0 0 20 -20 0 0 0 -18.1818 0 1-4cyls2.dat
1 16 46 116 -38.1818 0 0 20 20 1 0 -18.1818 0 0 1-4edge.dat
1 16 46 116 -38.1818 0 0 20 20 1 0 -18.1818 0 0 1-4ndis.dat
1 16 46 96 -20 0 0 20 -16 -1 0 -26.6666 0 0 1-4ndis.dat
1 16 46 96 -20 0 0 20 -16 1 0 -26.6666 0 0 1-4edge.dat
0 BFC INVERTNEXT
1 16 46 96 -20 0 0 20 16 0 0 0 -26.6666 0 1-4cyls2.dat
0 BFC INVERTNEXT
1 16 46 96 -16 0 0 20 -16 0 0 0 -4 0 1-4cyli.dat
1 16 46 96 -16 0 0 20 -16 0 0 0 1 0 1-4edge.dat
1 16 46 96 -16 0 0 20 -16 0 0 0 -1 0 1-4tang.dat
1 16 31 76 -31 -15 0 0 0 1 0 0 0 -15 rect2a.dat
1 16 46 96 -16 0 0 24 -20 0 0 0 1 0 48\11-48edge.dat
0 // Rear faces
4 16 76 142 -56 16 142 -56 16 140 -54.1818 46 140 -54.1818
3 16 70 140 -54.1818 76 142 -56 46 140 -54.1818
3 16 76 142 -56 70 140 -54.1818 70 116 -32.3636
4 16 76 142 -56 70 116 -32.3636 70 98 -16 76 98 -16
4 16 76 70 -56 76 94 -16 69.8418 94 -16 69.7936 93.39 -17.0167
3 16 76 70 -56 69.7936 93.39 -17.0167 69.1816 90.824 -21.2934
3 16 76 70 -56 69.1816 90.824 -21.2934 68.1736 88.346 -25.423333
3 16 76 70 -56 68.1736 88.346 -25.423333 66.784 86 -29.3334
3 16 76 70 -56 66.784 86 -29.3334 65.0416 83.824 -32.96
3 16 76 70 -56 65.0416 83.824 -32.96 62.9704 81.858 -36.2366
3 16 76 70 -56 62.9704 81.858 -36.2366 60.6112 80.132 -39.1133
3 16 76 70 -56 60.6112 80.132 -39.1133 58 78.68 -41.533
3 16 76 70 -56 58 78.68 -41.533 55.1848 77.522 -43.4633
3 16 76 70 -56 55.1848 77.522 -43.4633 52.2112 76.682 -44.8633
3 16 76 70 -56 52.2112 76.682 -44.8633 49.132 76.172 -45.7133
3 16 76 70 -56 49.132 76.172 -45.7133 46 76 -46
4 16 76 70 -56 46 76 -46 16 76 -46 16 70 -56
3 16 16 122 -56 16 70 -56 16 76 -46
4 16 16 76 -16 16 140 -16 16 122 -56 16 76 -46
3 16 16 122 -56 16 140 -16 16 140 -54.1818
4 16 16 142 -76 16 122 -56 16 140 -54.1818 16 142 -56
4 16 16 140 -16 46 140 -16 46 140 -32.3636 16 140 -54.1818
3 16 46 140 -32.3636 46 140 -54.1818 16 140 -54.1818
3 16 70 98 -16 70 116 -32.3636 70 116 -16
4 16 16 140 -16 20 136 -16 46 136 -16 46 140 -16
4 16 16 140 -16 16 76 -16 20 80 -16 20 136 -16
4 16 46 80 -16 20 80 -16 16 76 -16 46 76 -16
4 16 46 76 -16 49.132 76.172 -16 49.978 80 -16 46 80 -16
3 16 49.132 76.172 -16 52.2112 76.682 -16 49.978 80 -16
4 16 52.2112 76.682 -16 55.1848 77.522 -16 53.654 81.2176 -16 49.978 80 -16
4 16 55.1848 77.522 -16 58 78.68 -16 57.33 82.4352 -16 53.654 81.2176 -16
3 16 58 78.68 -16 60.6112 80.132 -16 57.33 82.4352 -16
4 16 60.6112 80.132 -16 62.9704 81.858 -16 60.142 84.6864 -16 57.33 82.4352 -16
4 16 62.9704 81.858 -16 65.0416 83.824 -16 62.956 86.936 -16 60.142 84.6864 -16
3 16 62.956 86.936 -16 65.0416 83.824 -16 66.784 86 -16
4 16 66.784 86 -16 68.1736 88.346 -16 64.478 89.8768 -16 62.956 86.936 -16
4 16 68.1736 88.346 -16 69.1816 90.824 -16 66 92.8176 -16 64.478 89.8768 -16
3 16 69.1816 90.824 -16 69.7936 93.39 -16 66 92.8176 -16
4 16 69.7936 93.39 -16 69.8418 94 -16 66 96 -16 66 92.8176 -16
4 16 70 98 -16 69.8418 94 -16 76 94 -16 76 98 -16
3 16 69.8418 94 -16 70 98 -16 66 96 -16
4 16 70 116 -16 66 116 -16 66 96 -16 70 98 -16
4 16 46 76 -16 46 76 -46 49.132 76.172 -45.7133 49.132 76.172 -16
4 16 49.132 76.172 -16 49.132 76.172 -45.7133 52.2112 76.682 -44.8633 52.2112 76.682 -16
4 16 52.2112 76.682 -16 52.2112 76.682 -44.8633 55.1848 77.522 -43.4633 55.1848 77.522 -16
4 16 55.1848 77.522 -16 55.1848 77.522 -43.4633 58 78.68 -41.533 58 78.68 -16
4 16 58 78.68 -16 58 78.68 -41.533 60.6112 80.132 -39.1133 60.6112 80.132 -16
4 16 60.6112 80.132 -16 60.6112 80.132 -39.1133 62.9704 81.858 -36.2366 62.9704 81.858 -16
4 16 62.9704 81.858 -16 62.9704 81.858 -36.2366 65.0416 83.824 -32.96 65.0416 83.824 -16
4 16 65.0416 83.824 -16 65.0416 83.824 -32.96 66.784 86 -29.3334 66.784 86 -16
4 16 66.784 86 -16 66.784 86 -29.3334 68.1736 88.346 -25.423333 68.1736 88.346 -16
4 16 68.1736 88.346 -16 68.1736 88.346 -25.423333 69.1816 90.824 -21.2934 69.1816 90.824 -16
4 16 69.1816 90.824 -16 69.1816 90.824 -21.2934 69.7936 93.39 -17.0167 69.7936 93.39 -16
3 16 69.7936 93.39 -16 69.7936 93.39 -17.0167 69.8418 94 -16
0 // Front faces
4 16 80 140 -60 46 136 -56.3636 20 136 -56.3636 20 140 -60
3 16 80 140 -60 66 136 -56.3636 46 136 -56.3636
3 16 80 140 -60 66 116 -38.1818 66 136 -56.3636
4 16 66 96 -20 66 116 -38.1818 80 140 -60 80 96 -20
4 16 80 72 -60 66 80 -46.6666 66 96 -20 80 96 -20
3 16 80 72 -60 46 80 -46.6666 66 80 -46.6666
4 16 80 72 -60 20 72 -60 20 80 -46.6666 46 80 -46.6666
3 16 20 136 -56.3636 46 136 -56.3636 46 136 -38.1818
4 16 20 136 -56.3636 46 136 -38.1818 46 136 -16 20 136 -16
4 16 20 140 -60 20 136 -56.3636 20 120 -60 20 140 -80
3 16 20 136 -16 20 80 -16 20 136 -56.3636
4 16 20 80 -46.6666 20 120 -60 20 136 -56.3636 20 80 -16
3 16 20 72 -60 20 120 -60 20 80 -46.6666
3 16 20 80 -46.6666 46 80 -20 46 80 -46.6666
4 16 20 80 -46.6666 20 80 -16 46 80 -16 46 80 -20
4 16 66 96 -16 66 116 -16 66 116 -38.1818 66 96 -20
0 // Edges
2 24 70 116 -16 70 98 -16
2 24 70 98 -16 70 116 -32.3636
2 24 70 98 -16 76 98 -16
2 24 76 142 -56 76 98 -16
2 24 76 142 -56 16 142 -56
2 24 16 142 -56 16 140 -54.1818
2 24 16 140 -54.1818 46 140 -54.1818
2 24 16 140 -54.1818 16 140 -16
2 24 16 76 -46 16 70 -56
2 24 16 70 -56 76 70 -56
2 24 69.8418 94 -16 76 94 -16
2 24 69.8418 94 -16 69.7936 93.39 -16
2 24 69.8418 94 -16 69.7936 93.39 -17.0167
2 24 69.7936 93.39 -17.0167 69.1816 90.824 -21.2934
2 24 69.1816 90.824 -21.2934 68.1736 88.346 -25.423333
2 24 68.1736 88.346 -25.423333 66.784 86 -29.3334
2 24 66.784 86 -29.3334 65.0416 83.824 -32.96
2 24 65.0416 83.824 -32.96 62.9704 81.858 -36.2366
2 24 62.9704 81.858 -36.2366 60.6112 80.132 -39.1133
2 24 60.6112 80.132 -39.1133 58 78.68 -41.533
2 24 58 78.68 -41.533 55.1848 77.522 -43.4633
2 24 55.1848 77.522 -43.4633 52.2112 76.682 -44.8633
2 24 52.2112 76.682 -44.8633 49.132 76.172 -45.7133
2 24 49.132 76.172 -45.7133 46 76 -46
2 24 20 136 -16 20 136 -56.3636
2 24 20 136 -56.3636 46 136 -56.3636
2 24 20 136 -56.3636 20 140 -60
2 24 20 140 -60 80 140 -60
2 24 80 140 -60 80 96 -20
2 24 80 96 -20 66 96 -20
2 24 20 80 -16 20 80 -46.6666
2 24 20 80 -46.6666 46 80 -46.6666
2 24 20 72 -60 20 80 -46.6666
2 24 20 72 -60 80 72 -60
2 24 66 96 -20 66 116 -38.1818
2 24 66 96 -16 66 116 -16
0 // Conditional lines
5 24 46 76 -16 46 76 -46 49.132 76.172 -16 16 76 -16
5 24 49.132 76.172 -16 49.132 76.172 -45.7133 52.2112 76.682 -16 46 76 -16
5 24 52.2112 76.682 -16 52.2112 76.682 -44.8633 55.1848 77.522 -16 49.132 76.172 -16
5 24 55.1848 77.522 -16 55.1848 77.522 -43.4633 58 78.68 -16 52.2112 76.682 -16
5 24 58 78.68 -16 58 78.68 -41.533 60.6112 80.132 -16 55.1848 77.522 -16
5 24 60.6112 80.132 -16 60.6112 80.132 -39.1133 62.9704 81.858 -16 58 78.68 -16
5 24 62.9704 81.858 -16 62.9704 81.858 -36.2366 65.0416 83.824 -16 60.6112 80.132 -16
5 24 65.0416 83.824 -16 65.0416 83.824 -32.96 66.784 86 -16 62.9704 81.858 -16
5 24 66.784 86 -16 66.784 86 -29.3334 68.1736 88.346 -16 65.0416 83.824 -16
5 24 68.1736 88.346 -16 68.1736 88.346 -25.423333 69.1816 90.824 -16 66.784 86 -16
5 24 69.1816 90.824 -16 69.1816 90.824 -21.2934 69.7936 93.39 -16 68.1736 88.346 -16
5 24 69.7936 93.39 -16 69.7936 93.39 -17.0167 69.8418 94 -16 69.1816 90.824 -16
0 // Front faces
0 // Primitives
1 16 0 0 -30 40 0 0 0 1 0 0 0 -10 rect3.dat
1 16 -50 12 0 0 0 -10 12 0 0 0 -20 0 box2-7.dat
1 16 50 12 0 0 0 10 12 0 0 0 -20 0 box2-7.dat
1 16 0 12 -50 40 0 0 0 -2 10 0 0 -10 box2-7.dat
1 16 -80 60 -40 0 1 0 12 0 24 20 0 0 rect3.dat
1 16 80 60 -40 0 -1 0 -12 0 24 -20 0 0 rect3.dat
1 16 -80 108 0 0 -20 0 0 0 60 20 0 0 box3u5p.dat
1 16 80 108 0 0 20 0 0 0 60 20 0 0 box3u5p.dat
0 BFC INVERTNEXT
1 16 0 106 -70 20 0 0 0 24 -10 0 0 10 box2-7.dat
1 16 0 142 -80 0 0 20 -2 0 0 0 1 0 rect1.dat
0 BFC INVERTNEXT
1 16 -30 152 -70 0 0 10 0 2 -10 10 0 0 box2-7.dat
0 BFC INVERTNEXT
1 16 30 152 -70 0 0 -10 0 2 -10 10 0 0 box2-7.dat
1 16 -80 204 0 0 1 0 36 0 0 0 0 20 rect2a.dat
1 16 80 204 0 0 -1 0 0 0 36 20 0 0 rect2a.dat
0 BFC INVERTNEXT
1 16 -60 204 -40 20 0 0 0 -36 0 0 0 20 box2-5.dat
0 BFC INVERTNEXT
1 16 60 204 -40 -20 0 0 0 -36 0 0 0 20 box2-5.dat
0 BFC INVERTNEXT
1 16 0 200 -70 36 0 0 0 -4 0 0 0 6 box5.dat
1 16 0 200 -70 40 0 0 0 1 0 0 0 -10 recte4.dat
1 16 0 220 -60 0 0 40 20 0 0 0 1 0 rect2p.dat
1 16 -30 236 -20 1.5 0 0 0 1 0 0 0 4 recte3.dat
1 16 30 236 -20 1.5 0 0 0 1 0 0 0 4 recte3.dat
1 16 -70 238 16 6 0 0 0 0 -2 0 1 0 rect2p.dat
1 16 70 238 16 6 0 0 0 0 -2 0 1 0 rect2p.dat
0 BFC INVERTNEXT
1 16 -56 238 0 0 0 -20 2 0 0 0 -16 0 box2-5.dat
0 BFC INVERTNEXT
1 16 56 238 0 0 0 20 2 0 0 0 -16 0 box2-5.dat
1 16 -44 238 6 0 0 -20 2 0 0 0 -10 0 box2-5.dat
1 16 44 238 6 0 0 20 2 0 0 0 -10 0 box2-5.dat
0 BFC INVERTNEXT
1 16 -33.75 238 -18 0 0 -2.25 2 0 0 0 -2 0 box2-5.dat
0 BFC INVERTNEXT
1 16 33.75 238 -18 0 0 2.25 2 0 0 0 -2 0 box2-5.dat
1 16 -30 238 -20 1.5 0 0 0 0 2 0 4 0 box4-7a.dat
1 16 30 238 -20 1.5 0 0 0 0 2 0 4 0 box4-7a.dat
0 BFC INVERTNEXT
1 16 -26.25 238 -12 0 0 2.25 2 0 0 0 -8 0 box2-5.dat
0 BFC INVERTNEXT
1 16 26.25 238 -12 0 0 -2.25 2 0 0 0 -8 0 box2-5.dat
1 16 0 240 -40 40 0 0 0 1 0 0 0 -20 recte3.dat
0 BFC INVERTNEXT
1 16 0 240 -40 36 0 0 0 -4 0 0 0 16 box5.dat
0 // Faces
3 16 -60 0 20 -60 0 -20 -40 0 -20
4 16 -60 0 20 -40 0 -20 40 0 -20 60 0 20
3 16 60 0 20 40 0 -20 60 0 -20
4 16 -40 0 -20 -40 24 -20 -40 20 -60 -40 0 -40
4 16 40 0 -20 40 0 -40 40 20 -60 40 24 -20
3 16 -40 24 -60 -40 20 -60 -40 24 -20
3 16 40 24 -60 40 24 -20 40 20 -60
4 16 -60 24 -20 -60 24 20 -80 24 20 -80 24 -60
4 16 60 24 -20 80 24 -60 80 24 20 60 24 20
4 16 -60 24 -20 -80 24 -60 -40 24 -60 -40 24 -20
4 16 60 24 -20 40 24 -20 40 24 -60 80 24 -60
4 16 -80 48 20 -80 48 -20 -80 24 -60 -80 24 20
4 16 80 48 20 80 24 20 80 24 -60 80 48 -20
4 16 -80 24 -60 -80 72 -60 -20 72 -60 -40 24 -60
4 16 80 24 -60 40 24 -60 20 72 -60 80 72 -60
3 16 -100 48 -20 -80 96 -20 -80 48 -20
3 16 100 48 -20 80 48 -20 80 96 -20
4 16 -100 48 -20 -100 168 -20 -80 168 -20 -80 96 -20
4 16 100 48 -20 80 96 -20 80 168 -20 100 168 -20
4 16 -80 96 -20 -80 168 -20 -80 168 -60 -80 140 -60
4 16 80 96 -20 80 140 -60 80 168 -60 80 168 -20
4 16 -80 140 -60 -40 164 -60 -20 144 -60 -20 140 -60
4 16 80 140 -60 20 140 -60 20 144 -60 40 164 -60
4 16 -80 140 -60 -80 168 -60 -40 168 -60 -40 164 -60
4 16 80 140 -60 40 164 -60 40 168 -60 80 168 -60
3 16 -40 164 -80 -40 164 -60 -40 168 -60
3 16 40 164 -80 40 168 -60 40 164 -60
4 16 -40 164 -80 -40 168 -60 -40 200 -60 -40 200 -80
4 16 40 164 -80 40 200 -80 40 200 -60 40 168 -60
4 16 -40 200 -60 -40 168 -60 -40 168 -20 -40 240 -20
4 16 40 200 -60 40 240 -20 40 168 -20 40 168 -60
3 16 -40 200 -60 -40 240 -20 -40 240 -60
3 16 40 200 -60 40 240 -60 40 240 -20
4 16 -40 200 -60 40 200 -60 36 200 -64 -36 200 -64
4 16 -40 200 -60 -36 200 -64 -36 200 -76 -40 200 -80
4 16 40 200 -60 40 200 -80 36 200 -76 36 200 -64
4 16 -40 200 -80 -36 200 -76 36 200 -76 40 200 -80
4 16 -76 236 -16 -76 236 16 -64 236 16 -64 236 -4
4 16 76 236 -16 64 236 -4 64 236 16 76 236 16
4 16 -76 236 -16 -64 236 -4 -24 236 -4 -36 236 -16
4 16 76 236 -16 36 236 -16 24 236 -4 64 236 -4
4 16 -36 236 -16 -24 236 -4 -24 236 -20 -36 236 -20
4 16 36 236 -16 36 236 -20 24 236 -20 24 236 -4
4 16 -20 240 0 -20 240 -20 -24 240 -20 -24 240 -4
4 16 20 240 0 24 240 -4 24 240 -20 20 240 -20
4 16 -20 240 0 -24 240 -4 -64 240 -4 -60 240 0
4 16 20 240 0 60 240 0 64 240 -4 24 240 -4
4 16 -60 240 20 -60 240 0 -64 240 -4 -64 240 16
4 16 60 240 20 64 240 16 64 240 -4 60 240 0
4 16 -80 240 20 -60 240 20 -64 240 16 -76 240 16
4 16 80 240 20 76 240 16 64 240 16 60 240 20
4 16 -80 240 20 -76 240 16 -76 240 -16 -80 240 -20
4 16 80 240 20 80 240 -20 76 240 -16 76 240 16
4 16 -80 240 -20 -76 240 -16 -36 240 -16 -40 240 -20
4 16 80 240 -20 40 240 -20 36 240 -16 76 240 -16
3 16 -40 240 -20 -36 240 -16 -36 240 -20
3 16 40 240 -20 36 240 -20 36 240 -16
3 16 -40 240 -20 -36 240 -20 -36 240 -24
3 16 40 240 -20 36 240 -24 36 240 -20
4 16 -40 240 -20 -36 240 -24 -36 240 -56 -40 240 -60
4 16 40 240 -20 40 240 -60 36 240 -56 36 240 -24
4 16 -40 240 -60 -36 240 -56 36 240 -56 40 240 -60
3 16 -36 240 -24 -36 240 -20 -31.5 240 -20
3 16 -36 240 -24 -31.5 240 -20 -28.5 240 -20
3 16 -36 240 -24 -28.5 240 -20 -24 240 -20
3 16 -36 240 -24 -24 240 -20 -20 240 -20
4 16 -36 240 -24 -20 240 -20 20 240 -20 36 240 -24
3 16 36 240 -24 31.5 240 -20 36 240 -20
3 16 36 240 -24 28.5 240 -20 31.5 240 -20
3 16 36 240 -24 24 240 -20 28.5 240 -20
3 16 36 240 -24 20 240 -20 24 240 -20
0 // Edges
2 24 -60 0 20 60 0 20
2 24 -40 0 -20 -40 24 -20
2 24 40 0 -20 40 24 -20
2 24 -80 24 20 -80 24 -60
2 24 -80 24 -60 -40 24 -60
2 24 -40 24 -60 -40 24 -20
2 24 40 24 -20 40 24 -60
2 24 40 24 -60 80 24 -60
2 24 80 24 -60 80 24 20
2 24 -100 48 20 -100 168 20
2 24 100 48 20 100 168 20
2 24 -80 96 -20 -80 168 -20
2 24 80 96 -20 80 168 -20
2 24 -80 140 -60 -80 168 -60
2 24 80 140 -60 80 168 -60
0 // Dimple
0 // Primitives
0 BFC INVERTNEXT
1 16 0 48 -60 8 0 0 0 0 -8 0 -1 0 bump5000.dat
1 16 0 48 -60 8 0 0 0 0 -8 0 1 0 4-4ndis.dat
0 // Faces
4 16 -40 24 -60 -8 40 -60 0 40 -60 40 24 -60
3 16 40 24 -60 0 40 -60 8 40 -60
4 16 40 24 -60 8 40 -60 8 48 -60 20 72 -60
3 16 20 72 -60 8 48 -60 8 56 -60
4 16 20 72 -60 8 56 -60 0 56 -60 -20 72 -60
3 16 -20 72 -60 0 56 -60 -8 56 -60
4 16 -20 72 -60 -8 56 -60 -8 48 -60 -40 24 -60
3 16 -40 24 -60 -8 48 -60 -8 40 -60
0 // Rear faces
0 // Primitives
1 16 0 4 -26 36 0 0 0 -1 0 0 0 -10 rect3.dat
1 16 -58 14 20 0 0 2 -12 0 2 0 -1 0 rect2p.dat
1 16 58 14 20 0 0 2 -12 0 -2 0 -1 0 rect2p.dat
0 BFC INVERTNEXT
1 16 -46 16 2 0 0 -10 12 0 0 0 -18 0 box2-5.dat
0 BFC INVERTNEXT
1 16 0 16 -46 36 0 0 0 -2 10 0 0 -10 box2-7.dat
0 BFC INVERTNEXT
1 16 46 16 2 0 0 10 12 0 0 0 -18 0 box2-5.dat
1 16 -68 26 20 10 0 2 0 0 2 0 -1 0 rect2p.dat
1 16 68 26 20 -10 0 2 0 0 -2 0 -1 0 rect2p.dat
1 16 -78 38 20 0 0 2 -12 0 2 0 -1 0 rect2p.dat
1 16 78 38 20 0 0 2 -12 0 -2 0 -1 0 rect2p.dat
1 16 -88 50 20 -10 0 -2 0 0 -2 0 -1 0 rect2p.dat
1 16 88 50 20 -10 0 2 0 0 -2 0 -1 0 rect2p.dat
1 16 -76 61 -36 0 -1 0 -12 0 21 -20 0 0 rect3.dat
1 16 76 61 -36 0 1 0 12 0 21 20 0 0 rect3.dat
1 16 0 96 -56 16 0 0 0 0 26 0 -1 0 rect3.dat
0 BFC INVERTNEXT
1 16 -76 108 2 0 -20 0 0 0 56 18 0 0 box3u2p.dat
0 BFC INVERTNEXT
1 16 76 108 2 0 20 0 0 0 56 18 0 0 box3u2p.dat
1 16 -33 108 -16 0 0 13 28 0 0 0 1 0 recte3.dat
1 16 33 108 -16 0 0 -13 28 0 0 0 1 0 recte3.dat
1 16 -31 108 -16 0 0 15 32 0 0 0 1 0 recte3.dat
1 16 31 108 -16 0 0 -15 32 0 0 0 1 0 recte3.dat
0 BFC INVERTNEXT
1 16 0 134 -66 16 0 0 0 -2 10 0 0 -10 box2-7.dat
1 16 -16 144 -66 0 -1 0 2 0 0 0 0 10 rect2a.dat
1 16 16 144 -66 0 1 0 2 0 0 0 0 10 rect2a.dat
1 16 -56 164 -36 -20 0 0 0 1 0 0 0 -20 rect3.dat
1 16 56 164 -36 -20 0 0 0 1 0 0 0 -20 rect3.dat
1 16 -88 166 20 -10 0 2 0 0 -2 0 -1 0 rect2p.dat
1 16 88 166 20 -10 0 -2 0 0 -2 0 -1 0 rect2p.dat
0 BFC INVERTNEXT
1 16 -26 169 -66 0 -10 0 0 9 -14 -10 0 0 box2-9.dat
0 BFC INVERTNEXT
1 16 26 169 -66 0 10 0 0 9 -14 -10 0 0 box2-9.dat
0 BFC INVERTNEXT
1 16 -56 198 2 0 0 -20 34 0 0 0 -18 0 box2-5.dat
0 BFC INVERTNEXT
1 16 56 198 2 0 0 20 34 0 0 0 -18 0 box2-5.dat
1 16 0 212 -66 36 0 0 0 -20 0 0 0 10 box2-5.dat
0 BFC INVERTNEXT
1 16 0 236 0 0 0 20 4 0 0 0 -20 0 box3u4a.dat
0 BFC INVERTNEXT
1 16 -40 236 10 0 0 -20 4 0 0 0 -10 0 box2-5.dat
0 BFC INVERTNEXT
1 16 40 236 10 0 0 20 4 0 0 0 -10 0 box2-5.dat
0 // Faces
4 16 -56 4 20 -60 0 20 60 0 20 56 4 20
3 16 -56 4 20 -36 4 -16 -56 4 -16
4 16 -56 4 20 56 4 20 36 4 -16 -36 4 -16
3 16 56 4 20 56 4 -16 36 4 -16
3 16 -36 4 -36 -36 28 -16 -36 4 -16
3 16 36 4 -36 36 4 -16 36 28 -16
4 16 -36 4 -36 -36 24 -56 -36 28 -56 -36 28 -16
4 16 36 4 -36 36 28 -16 36 28 -56 36 24 -56
4 16 -76 28 -56 -76 28 20 -56 28 20 -56 28 -16
4 16 76 28 -56 56 28 -16 56 28 20 76 28 20
4 16 -76 28 -56 -56 28 -16 -36 28 -16 -36 28 -56
4 16 76 28 -56 36 28 -56 36 28 -16 56 28 -16
4 16 -76 28 -56 -76 52 -16 -76 52 20 -76 28 20
4 16 76 28 -56 76 28 20 76 52 20 76 52 -16
4 16 -76 28 -56 -36 28 -56 -16 70 -56 -76 70 -56
4 16 -36 28 -56 36 28 -56 16 70 -56 -16 70 -56
4 16 76 28 -56 76 70 -56 16 70 -56 36 28 -56
4 16 -100 48 20 -96 52 20 -96 164 20 -100 168 20
4 16 100 48 20 100 168 20 96 164 20 96 52 20
3 16 -76 94 -16 -96 52 -16 -76 52 -16
3 16 76 94 -16 76 52 -16 96 52 -16
4 16 -76 94 -16 -76 98 -16 -96 164 -16 -96 52 -16
4 16 76 94 -16 96 52 -16 96 164 -16 76 98 -16
3 16 -76 98 -16 -76 164 -16 -96 164 -16
3 16 76 98 -16 96 164 -16 76 164 -16
4 16 -76 98 -16 -76 142 -56 -76 164 -56 -76 164 -16
4 16 76 98 -16 76 164 -16 76 164 -56 76 142 -56
4 16 -16 146 -56 -76 164 -56 -76 142 -56 -16 142 -56
4 16 16 146 -56 16 142 -56 76 142 -56 76 164 -56
3 16 -16 146 -56 -36 164 -56 -76 164 -56
3 16 16 146 -56 76 164 -56 36 164 -56
4 16 -36 232 -16 -36 164 -16 -36 164 -56 -36 192 -56
4 16 36 232 -16 36 192 -56 36 164 -56 36 164 -16
3 16 -36 232 -16 -36 192 -56 -36 232 -56
3 16 36 232 -16 36 232 -56 36 192 -56
4 16 -76 232 20 -76 232 -16 -60 232 0 -60 232 20
4 16 76 232 20 60 232 20 60 232 0 76 232 -16
4 16 -76 232 -16 -36 232 -16 -20 232 0 -60 232 0
4 16 76 232 -16 60 232 0 20 232 0 36 232 -16
4 16 -36 232 -56 -20 232 -20 -20 232 0 -36 232 -16
4 16 -36 232 -56 36 232 -56 20 232 -20 -20 232 -20
4 16 36 232 -56 36 232 -16 20 232 0 20 232 -20
4 16 -80 240 20 -80 168 20 -76 164 20 -76 232 20
4 16 80 240 20 76 232 20 76 164 20 80 168 20
4 16 -80 240 20 -76 232 20 -60 232 20 -60 240 20
4 16 80 240 20 60 240 20 60 232 20 76 232 20
0 // Edges
2 24 -56 4 20 56 4 20
2 24 -76 28 20 -76 28 -56
2 24 76 28 20 76 28 -56
2 24 -76 28 -56 -36 28 -56
2 24 36 28 -56 76 28 -56
2 24 -36 28 -16 -36 28 -56
2 24 36 28 -56 36 28 -16
2 24 -76 98 -16 -76 164 -16
2 24 76 98 -16 76 164 -16
2 24 -76 142 -56 -76 164 -56
2 24 76 142 -56 76 164 -56
2 24 -16 146 -56 -36 164 -56
2 24 16 146 -56 36 164 -56
2 24 -40 164 -60 -40 164 -80
2 24 40 164 -60 40 164 -80
2 24 -40 168 -60 -40 164 -60
2 24 40 168 -60 40 164 -60
2 24 -40 200 -80 -40 164 -80
2 24 40 200 -80 40 164 -80
2 24 -76 232 20 -60 232 20
2 24 60 232 20 76 232 20
2 24 -36 232 -56 -36 232 -16
2 24 36 232 -56 36 232 -16
2 24 -80 240 20 -60 240 20
2 24 60 240 20 80 240 20
