0 Slope Brick 31  1 x  1 x  0.667
0 Name: 54200.dat
0 Author: Orion Pobursky [OrionP]
0 !LDRAW_ORG Part UPDATE 2019-01
0 !LICENSE Redistributable under CCAL version 2.0 : see CAreadme.txt

0 BFC CERTIFY CCW

0 !HISTORY 2006-01-14 [cwdee] Rotated to match other slope bricks
0 !HISTORY 2009-09-03 [PTadmin] Official Update 2009-02
0 !HISTORY 2013-08-04 [cwdee] Description change
0 !HISTORY 2013-12-23 [PTadmin] Official Update 2013-02
0 !HISTORY 2014-11-21 [roland] Auto-corrected with libfix version of LDCad 1.4
0 !HISTORY 2015-10-11 [PTadmin] Official Update 2015-01
0 !HISTORY 2019-06-03 [Philo] Rounded corners and flattened top.
0 !HISTORY 2019-06-28 [PTadmin] Official Update 2019-01

2 24 10 -1 10 10 -1 -10
2 24 -10 -1 10 -10 -1 -10
1 16 0 -5.3 6 -6 0 0 0 0 5.3 0 1 0 rect.dat
1 16 0 -1.7 -6 0 0 -6 1.7 0 0 0 -1 0 rect.dat
1 16 0 -2.5 -10 -10 0 0 0 0 1.5 0 1 0 rect.dat
2 24 9 0 9 -9 0 9
2 24 9 0 -9 -9 0 -9
1 16 0 -1 0 0 0 9 0 1 0 -9 0 0 box4.dat
4 16 10 -1 -10 9 -1 -9 9 -1 9 10 -1 10
4 16 -10 -1 10 -9 -1 9 -9 -1 -9 -10 -1 -10
4 16 10 -1 10 9 -1 9 -9 -1 9 -10 -1 10
4 16 -10 -1 -10 -9 -1 -9 9 -1 -9 10 -1 -10
4 16 6 0 -6 6 0 6 9 0 9 9 0 -9
4 16 -6 0 6 -6 0 -6 -9 0 -9 -9 0 9
4 16 -6 0 -6 6 0 -6 9 0 -9 -9 0 -9
4 16 6 0 6 -6 0 6 -9 0 9 9 0 9
4 16 6 -10.6 6 6 0 6 6 0 -6 6 -3.4 -6
4 16 -6 -10.6 6 -6 -3.4 -6 -6 0 -6 -6 0 6
2 24 6 0 -6 6 0 6
2 24 -6 0 -6 -6 0 6
2 24 6 -3.4 -6 6 -10.6 6
2 24 -6 -3.4 -6 -6 -10.6 6
3 16 -3.1092 -4 -5 -2.2961 -4 -5.5434 -2.2961 -3.674 -5.5434
5 24 -2.2961 -4 -5.5434 -2.2961 -3.674 -5.5434 -3.1092 -4 -5 0 -4 -6
4 16 -2.2961 -4 -5.5434 0 -4 -6 0 -3.4 -6 -2.2961 -3.674 -5.5434
5 24 0 -4 -6 0 -3.4 -6 -2.2961 -4 -5.5434 2.2961 -4 -5.5434
4 16 0 -4 -6 2.2961 -4 -5.5434 2.2961 -3.674 -5.5434 0 -3.4 -6
5 24 2.2961 -4 -5.5434 2.2961 -3.674 -5.5434 0 -4 -6 3.1092 -4 -5
3 16 3.1092 -4 -5 2.2961 -3.674 -5.5434 2.2961 -4 -5.5434
2 24 -3.1092 -4 -5 -2.2961 -4 -5.5434
2 24 -2.2961 -4 -5.5434 0 -4 -6
2 24 2.2961 -4 -5.5434 0 -4 -6
2 24 3.1092 -4 -5 2.2961 -4 -5.5434
2 24 -3.1092 -4 -5 -2.2961 -3.674 -5.5434
2 24 -2.2961 -3.674 -5.5434 0 -3.4 -6
2 24 2.2961 -3.674 -5.5434 0 -3.4 -6
2 24 3.1092 -4 -5 2.2961 -3.674 -5.5434
2 24 -3.1092 -4 -5 3.1092 -4 -5
3 16 -3.1092 -4 -5 -2.2961 -3.674 -5.5434 -6 -3.4 -6
3 16 -6 -3.4 -6 -2.2961 -3.674 -5.5434 0 -3.4 -6
3 16 3.1092 -4 -5 6 -3.4 -6 2.2961 -3.674 -5.5434
3 16 6 -3.4 -6 0 -3.4 -6 2.2961 -3.674 -5.5434
2 24 9.41 -15.01 8.35 10 -13.6 6
2 24 9.41 -15.01 10 10 -13.6 10
2 24 8 -15.6 9.3333 9.41 -15.01 8.35
2 24 9.41 -15.01 10 8 -15.6 10
2 24 -9.41 -15.01 8.35 -10 -13.6 6
2 24 -9.41 -15.01 10 -10 -13.6 10
2 24 -8 -15.6 9.3333 -9.41 -15.01 8.35
2 24 -9.41 -15.01 10 -8 -15.6 10
4 16 8 -15.6 10 8 -15.6 9.3333 9.41 -15.01 8.35 9.41 -15.01 10
4 16 9.41 -15.01 10 9.41 -15.01 8.35 10 -13.6 6 10 -13.6 10
4 16 10 -1 10 10 -13.6 10 10 -13.6 6 10 -4 -10
3 16 10 -4 -10 10 -1 -10 10 -1 10
3 16 9.41 -15.01 8.35 8 -15.6 9.3333 10 -13.6 6
3 16 8 -15.6 10 9.41 -15.01 10 10 -13.6 10
4 16 -9.41 -15.01 8.35 -8 -15.6 9.3333 -8 -15.6 10 -9.41 -15.01 10
4 16 -10 -13.6 6 -9.41 -15.01 8.35 -9.41 -15.01 10 -10 -13.6 10
4 16 -10 -13.6 6 -10 -13.6 10 -10 -1 10 -10 -4 -10
3 16 -10 -1 -10 -10 -4 -10 -10 -1 10
3 16 -8 -15.6 9.3333 -9.41 -15.01 8.35 -10 -13.6 6
3 16 -9.41 -15.01 10 -8 -15.6 10 -10 -13.6 10
2 24 -8 -15.6 10 8 -15.6 10
2 24 -8 -15.6 9.3333 8 -15.6 9.3333
4 16 -8 -15.6 10 -8 -15.6 9.3333 8 -15.6 9.3333 8 -15.6 10
4 16 -8 -15.6 9.3333 -10 -13.6 6 10 -13.6 6 8 -15.6 9.3333
1 16 0 -8.8 -2 0 0 -10 -4.8 1 0 8 0 0 rect2p.dat
4 16 -10 -13.6 10 -8 -15.6 10 8 -15.6 10 10 -13.6 10
1 16 0 -7.3 10 10 0 0 0 0 6.3 0 -1 0 rect3.dat
5 24 -9.41 -15.01 10 -9.41 -15.01 8.35 -8 -15.6 9.3333 -10 -13.6 10
5 24 9.41 -15.01 8.35 9.41 -15.01 10 8 -15.6 10 10 -13.6 6
5 24 -10 -13.6 6 -10 -13.6 10 -9.41 -15.01 8.35 -10 -1 10
5 24 10 -13.6 10 10 -13.6 6 9.41 -15.01 10 10 -4 -10
5 24 8 -15.6 9.3333 8 -15.6 10 9.41 -15.01 8.35 -8 -15.6 10
5 24 -8 -15.6 9.3333 -8 -15.6 10 -9.41 -15.01 10 8 -15.6 9.3333
3 16 0 -4 -6 -2.2961 -4 -5.5434 2.2961 -4 -5.5434
4 16 -3.1092 -4 -5 3.1092 -4 -5 2.2961 -4 -5.5434 -2.2961 -4 -5.5434
3 16 -3.1092 -4 -5 -6 -3.4 -6 -6 -10.6 6
3 16 6 -3.4 -6 3.1092 -4 -5 6 -10.6 6
4 16 -3.1092 -4 -5 -6 -10.6 6 6 -10.6 6 3.1092 -4 -5
