0 ~Electric Constraction Eyes  4.5 x  2 x  1.5 Light-Up LED Case
0 Name: 54360.dat
0 Author: Santeri Piippo [arezey]
0 !LDRAW_ORG Part UPDATE 2024-05
0 !LICENSE Licensed under CC BY 4.0 : see CAreadme.txt

0 BFC CERTIFY CCW

0 !HISTORY 2024-03-22 [MagFors] Moved splitted quads
0 !HISTORY 2024-06-30 [OrionP] Official Update 2024-05

1 16 0 0 0 1 0 0 0 1 0 0 0 1 s\54360s01.dat
1 16 0 0 0 -1 0 0 0 1 0 0 0 1 s\54360s01.dat
1 16 0 14.75 43 0 0 2.5 1.25 0 0 0 1 0 rect.dat
1 16 0 8 26.5 1 0 0 0 0 2 0 -.5 0 box2-5.dat
1 16 0 13.5 24.5 1 0 0 0 1 0 0 0 2.5 rect3.dat

4 16 -7 16 7 -2.5 16 27 2.5 16 27 7 16 7
4 16 3 13.5 7 -3 13.5 7 -7 16 7 7 16 7
3 16 0 16 67 2.5 16 43 -2.5 16 43
3 16 2.5 13.5 43 0 13.5 66 -2.5 13.5 43
4 16 -1 13.5 22 -3 13.5 7 3 13.5 7 1 13.5 22
3 16 2.5 8.5 27 -2.5 8.5 27 0 8.5 41
4 16 2.5 16 27 -2.5 16 27 -1 13.5 27 1 13.5 27
4 16 2.5 8.5 27 1 10 27 -1 10 27 -2.5 8.5 27
3 16 0 6 41 -1 6 26 1 6 26
2 24 -7 16 7 7 16 7
2 24 2.5 16 27 -2.5 16 27
2 24 3 13.5 7 -3 13.5 7
2 24 2.5 8.5 27 -2.5 8.5 27
5 24 0 6 41 0 8.5 41 -2.5 8.5 41.4971 4.7838 6 41.9513
5 24 0 6 67 0 16 67 -2.6339 6 66.7408 2.6339 6 66.7408
