0 Window  1 x  2 x  3 without Sill
0 Name: 60593.dat
0 Author: Alex Taylor [anathema]
0 !LDRAW_ORG Part UPDATE 2010-02
0 !LICENSE Redistributable under CCAL version 2.0 : see CAreadme.txt

0 BFC CERTIFY CCW

0 !HISTORY 2010-07-05 [PTadmin] Official Update 2010-02

1 16 10 0 0 1 0 0 0 1 0 0 0 1 stud2.dat
1 16 -10 0 0 1 0 0 0 1 0 0 0 1 stud2.dat
2 24 -16.31 3 -3.25 16.31 3 -3.25
1 16 -9.092 3 -5.125 -7.218 0 0 0 -1.002 0 0 0 1.875 rect1.dat
1 16 9.092 3 -5.125 7.218 0 0 0 -1.002 0 0 0 -1.875 rect1.dat
4 16 14.44 64 -3.25 16.31 64 -3.25 16.31 3 -3.25 14.44 5 -3.25
4 16 16.31 3 -3.25 -16.31 3 -3.25 -14.44 5 -3.25 14.44 5 -3.25
2 24 14.44 64 -3.25 16.31 64 -3.25
5 24 -16.31 3 -7 16.31 3 -7 16.57 2.74 -10 0.72 3 -6.856
2 24 16.57 2.74 -10 16.31 3 -7
2 24 -16.57 2.74 -10 16.57 2.74 -10
2 24 -20 0 10 20 0 10
2 24 20 0 -10 -20 0 -10
2 24 -20 72 10 20 72 10
2 24 14.44 64 10 -14.44 64 10
4 16 14.44 5 10 20 0 10 20 72 10 14.44 64 10
4 16 14.44 5 10 -14.44 5 10 -20 0 10 20 0 10
2 24 20 72 -10 -20 72 -10
2 24 16.5 64.262 -10 -16.5 64.262 -10
4 16 16.57 64.262 -10 20 72 -10 20 0 -10 16.57 2.74 -10
4 16 20 0 -10 -20 0 -10 -16.57 2.74 -10 16.57 2.74 -10
2 24 16.57 2.74 -10 16.57 64.262 -10
2 24 16.57 64.262 -10 16.31 64 -7
5 24 -16.31 64 -7 16.31 64 -7 0.37 64 -6.963 16.57 64.262 -10
3 16 14.44 64 -3.25 16.31 64 -7 16.31 64 -3.25
4 16 16.31 64 -7 -16.31 64 -7 -16.57 64.262 -10 16.57 64.262 -10
4 16 14.44 64 -3.25 1.875 64 -3.25 1.875 64 -7 16.31 64 -7
4 16 -16.31 64 -7 -1.875 64 -7 -1.875 64 -3.25 -14.44 64 -3.25
4 16 -14.44 64 -3.25 -1.875 64 -3.25 14.44 64 10 -14.44 64 10
3 16 1.875 64 -3.25 14.44 64 -3.25 14.44 64 10
3 16 14.44 64 10 -1.875 64 -3.25 1.875 64 -3.25
3 16 -16.31 64 -3.25 -16.31 64 -7 -14.44 64 -3.25
1 16 0 69.375 6.225 0 0 4 2.625 0 0 0 1 0 rect.dat
4 16 7.06 72 6.225 6.44 72 5.297 5.7 72 4.462 5.3 72 4.221
4 16 -5.7 72 4.462 -6.44 72 5.297 -7.06 72 6.225 -5.3 72 4.221
3 16 -5.3 72 4.221 -5.7 72 4.462 -7.06 72 6.225
3 16 4 72 5.174 4 72 6.225 7.06 72 6.225
3 16 -7.06 72 6.225 -4 72 6.225 -4 72 5.174
4 16 4.11 72 4.72 4 72 5.174 7.06 72 6.225 4.41 72 4.367
4 16 4.84 72 4.187 4.41 72 4.367 7.06 72 6.225 5.3 72 4.221
4 16 16.24 72 -6.225 16.24 72 6.225 20 72 10 20 72 -10
3 16 4 72 -6.225 6.44 72 -5.297 7.06 72 -6.225
3 16 -7.06 72 -6.225 -6.44 72 -5.297 -4 72 -6.225
4 16 5.7 72 -4.462 6.44 72 -5.297 4 72 -6.225 5.3 72 -4.221
4 16 4.84 72 -4.187 5.3 72 -4.221 4 72 -6.225 4.41 72 -4.367
4 16 4.11 72 -4.72 4.41 72 -4.367 4 72 -6.225 4 72 -5.174
1 16 6.75 69.375 5.761 0 -0.831 0.31 2.625 0 0 0 1 0.464 rect3.dat
5 24 6.44 66.75 5.297 6.44 72 5.297 7.06 72 6.225 5.7 66.75 4.462
1 16 11.65 69.375 6.225 0 0 4.59 2.625 0 0 0 1 0 rect3.dat
1 16 6.07 69.375 4.88 0.37 -0.748 0 0 0 -2.625 0.417 1 0 rect2p.dat
5 24 5.7 66.75 4.462 5.7 72 4.462 6.44 72 5.297 5.3 66.75 4.221
1 16 5.5 69.375 4.341 -0.2 -1.265 0 0 0 2.625 -0.12 2.1 0 rect2p.dat
1 16 16.24 69.375 0 0 1 0 2.625 0 0 0 0 -6.225 rect3.dat
1 16 2.739 69.375 -6.225 1.262 0 0 0 0 2.625 0 -1.019 0 rect.dat
1 16 4 69.375 -5.699 0 1 0 0 0 2.625 0.525 0 0 rect2p.dat
5 24 4 66.75 -5.174 4 72 -5.174 4 72 -6.225 4.11 66.75 -4.72
1 16 4.055 69.375 -4.947 0.055 2.384 0 0 0 2.625 0.227 -0.578 0 rect2p.dat
1 16 4.26 69.375 -4.543 0.15 1.853 0 0 0 2.625 0.176 -1.575 0 rect2p.dat
1 16 4.625 69.375 -4.277 0.215 0.945 0 0 0 2.625 0.09 -2.257 0 rect2p.dat
1 16 5.07 69.375 -4.204 0.23 -0.178 0 0 0 2.625 -0.017 -2.415 0 rect2p.dat
1 16 5.5 69.375 -4.341 0.2 -1.265 0 0 0 2.625 -0.12 -2.1 0 rect2p.dat
5 24 5.7 66.75 -4.462 5.7 72 -4.462 5.3 72 -4.221 6.44 66.75 -5.297
1 16 6.07 69.375 -4.88 0.37 -4.384 0 0 0 2.625 -0.417 -3.885 0 rect2p.dat
5 24 6.44 66.75 -5.297 6.44 72 -5.297 5.7 72 -4.462 7.06 66.75 -6.225
1 16 6.75 69.375 -5.761 0 -4.872 0.31 -2.625 0 0 0 -3.255 -0.464 rect3.dat
1 16 11.65 69.375 -6.225 4.59 0 0 0 0 2.625 0 -1.004 0 rect2p.dat
1 16 5.07 69.375 4.204 -0.23 -0.178 0 0 0 2.625 -0.017 2.415 0 rect2p.dat
1 16 4.625 69.375 4.277 -0.215 0.945 0 0 0 2.625 0.09 2.257 0 rect2p.dat
1 16 4.26 69.375 4.543 -0.15 1.853 0 0 0 2.625 0.176 1.575 0 rect2p.dat
1 16 4.055 69.375 4.947 -0.055 2.384 0 0 0 2.625 0.227 0.578 0 rect2p.dat
5 24 4 66.75 5.174 4 72 5.174 4.11 72 4.72 4 66.75 6.225
1 16 4 69.375 5.699 0 1 0 0 0 2.625 0.525 0 0 rect2p.dat
1 16 20 36 0 0 -1 0 0 0 -36 10 0 0 rect.dat
1 16 14.44 34.5 3.375 0 1 0 0 0 29.5 6.625 0 0 rect.dat
4 16 16.31 64 -7 16.57 64.262 -10 16.57 2.74 -10 16.31 3 -7
5 24 16.31 3 -7 16.31 64 -7 16.57 40.262 -10 16.31 3 -3.25
1 16 16.31 33.5 -5.125 0 1 0 0 0 30.5 1.875 0 0 rect2a.dat
4 16 -14.44 5 -3.25 -16.31 3 -3.25 -16.31 64 -3.25 -14.44 64 -3.25
4 16 -14.44 64 10 -20 72 10 -20 0 10 -14.44 5 10
4 16 -14.44 64 10 14.44 64 10 20 72 10 -20 72 10
4 16 -16.57 2.74 -10 -20 0 -10 -20 72 -10 -16.57 64.262 -10
4 16 -20 72 -10 20 72 -10 16.57 64.262 -10 -16.57 64.262 -10
4 16 -4.41 72 4.367 -7.06 72 6.225 -4 72 5.174 -4.11 72 4.72
4 16 -5.3 72 4.221 -7.06 72 6.225 -4.41 72 4.367 -4.84 72 4.187
4 16 -20 72 -10 -20 72 10 -16.24 72 6.225 -16.24 72 -6.225
4 16 -5.3 72 -4.221 -4 72 -6.225 -6.44 72 -5.297 -5.7 72 -4.462
4 16 -4.41 72 -4.367 -4 72 -6.225 -5.3 72 -4.221 -4.84 72 -4.187
4 16 -4 72 -5.174 -4 72 -6.225 -4.41 72 -4.367 -4.11 72 -4.72
1 16 -6.75 69.375 5.761 0 0.831 -0.31 -2.625 0 0 0 1 0.464 rect3.dat
1 16 -11.65 69.375 6.225 0 0 -4.59 -2.625 0 0 0 1 0 rect3.dat
1 16 -6.07 69.375 4.88 0.37 0.748 0 0 0 -2.625 -0.417 1 0 rect2p.dat
1 16 -5.5 69.375 4.341 -0.2 1.265 0 0 0 2.625 0.12 2.1 0 rect2p.dat
1 16 -16.24 69.375 0 0 -1.006 0 -2.625 0 0 0 0 -6.225 rect3.dat
4 16 -16.24 66.75 6.225 16.24 66.75 6.225 16.24 66.75 -6.225 -1.015 66.75 -2.675
4 16 -1.015 66.75 -2.675 -0.718 66.75 -3.393 -2.45 66.75 -4.11 -16.24 66.75 6.225
4 16 -16.24 66.75 6.225 -2.45 66.75 -4.11 -1.732 66.75 -5.843 -16.24 66.75 -6.225
3 16 -1.015 66.75 -2.675 16.24 66.75 -6.225 2.45 66.75 -4.11
3 16 2.45 66.75 -4.11 16.24 66.75 -6.225 1.732 66.75 -5.843
3 16 1.732 66.75 -5.843 16.24 66.75 -6.225 1.477 66.75 -6.225
3 16 -1.477 66.75 -6.225 -16.24 66.75 -6.225 -1.732 66.75 -5.843
1 16 -2.739 69.375 -6.225 -1.262 0 0 0 0 -2.625 0 -1.019 0 rect.dat
1 16 -4 69.375 -5.699 0 -1.104 0 0 0 -2.625 0.525 0 0 rect2p.dat
1 16 -4.055 69.375 -4.947 0.055 -2.384 0 0 0 2.625 -0.227 -0.578 0 rect2p.dat
1 16 -4.26 69.375 -4.543 0.15 -1.853 0 0 0 2.625 -0.176 -1.575 0 rect2p.dat
1 16 -4.625 69.375 -4.277 0.215 -0.945 0 0 0 2.625 -0.09 -2.257 0 rect2p.dat
1 16 -5.07 69.375 -4.204 0.23 0.178 0 0 0 2.625 0.017 -2.415 0 rect2p.dat
1 16 -5.5 69.375 -4.341 0.2 1.265 0 0 0 2.625 0.12 -2.1 0 rect2p.dat
1 16 -6.07 69.375 -4.88 0.37 0.748 0 0 0 2.625 0.417 -1 0 rect2p.dat
1 16 -6.75 69.375 -5.761 0 0.831 -0.31 2.625 0 0 0 -1 -0.464 rect3.dat
1 16 -11.65 69.375 -6.225 4.59 0 0 0 0 2.625 0 -1.004 0 rect2p.dat
1 16 -5.07 69.375 4.204 -0.23 0.178 0 0 0 2.625 0.017 2.415 0 rect2p.dat
1 16 -4.625 69.375 4.277 -0.215 -0.945 0 0 0 2.625 -0.09 2.257 0 rect2p.dat
1 16 -4.26 69.375 4.543 -0.15 -1.853 0 0 0 2.625 -0.176 1.575 0 rect2p.dat
1 16 -4.055 69.375 4.947 -0.055 -2.384 0 0 0 2.625 -0.227 0.578 0 rect2p.dat
1 16 -4 69.375 5.699 0 -1.104 0 0 0 -2.625 0.525 0 0 rect2p.dat
1 16 -20 36 0 0 1 0 0 0 36 10 0 0 rect.dat
1 16 -14.44 34.5 3.375 0 -1.001 0 0 0 -29.5 6.625 0 0 rect.dat
4 16 -16.31 3 -7 -16.57 2.74 -10 -16.57 64.262 -10 -16.31 64 -7
1 16 -16.31 33.5 -5.125 0 -1.003 0 30.5 0 0 0 0 1.875 rect2a.dat
5 24 4.11 66.75 -4.72 4.11 72 -4.72 4 72 -5.174 4.41 66.75 -4.367
5 24 4.41 66.75 -4.367 4.41 72 -4.367 4.11 72 -4.72 4.84 66.75 -4.187
5 24 4.84 66.75 -4.187 4.84 72 -4.187 4.41 72 -4.367 5.3 66.75 -4.221
5 24 5.3 66.75 -4.221 5.3 72 -4.221 4.84 72 -4.187 5.7 66.75 -4.462
5 24 6.44 66.75 5.297 6.44 72 5.297 7.058 72 6.225 5.702 66.75 4.462
5 24 5.702 66.75 4.462 5.702 72 4.462 6.44 72 5.297 5.302 66.75 4.221
5 24 5.302 66.75 4.221 5.302 72 4.221 5.702 72 4.462 4.839 66.75 4.187
5 24 4.839 66.75 4.187 4.839 72 4.187 5.302 72 4.221 4.41 66.75 4.367
5 24 4.41 66.75 4.367 4.41 72 4.367 4.839 72 4.187 4.109 66.75 4.72
5 24 4.109 66.75 4.72 4.109 72 4.72 4.41 72 4.367 4 66.75 5.174
5 24 4 66.75 5.174 4 72 5.174 4.109 72 4.72 4 66.75 6.225
2 24 -14.44 64 -3.25 -16.31 64 -3.25
2 24 -16.57 2.74 -10 -16.31 3 -7
4 16 -16.31 3 -7 16.31 3 -7 16.57 2.74 -10 -16.57 2.74 -10
2 24 -16.57 2.74 -10 -16.57 64.262 -10
2 24 -16.57 64.262 -10 -16.31 64 -7
3 16 -7.06 72 6.225 -16.24 72 6.225 -20 72 10
3 16 -20 72 10 -4 72 6.225 -7.06 72 6.225
3 16 20 72 10 16.24 72 6.225 7.06 72 6.225
4 16 -20 72 10 20 72 10 4 72 6.225 -4 72 6.225
3 16 7.06 72 6.225 4 72 6.225 20 72 10
3 16 7.06 72 -6.225 16.24 72 -6.225 20 72 -10
3 16 20 72 -10 4 72 -6.225 7.06 72 -6.225
3 16 -20 72 -10 -16.24 72 -6.225 -7.06 72 -6.225
3 16 -7.06 72 -6.225 -4 72 -6.225 -20 72 -10
4 16 -20 72 -10 -4 72 -6.225 -1.477 72 -6.225 -1.326 72 -6.451
4 16 1.477 72 -6.225 4 72 -6.225 20 72 -10 1.326 72 -6.451
3 16 0 72 -7.777 1.326 72 -6.451 20 72 -10
3 16 -20 72 -10 -1.326 72 -6.451 0 72 -7.777
3 16 0 72 -7.777 20 72 -10 -20 72 -10
5 24 -6.44 66.75 5.297 -6.44 72 5.297 -7.06 72 6.225 -5.7 66.75 4.462
5 24 -5.7 66.75 4.462 -5.7 72 4.462 -6.44 72 5.297 -5.3 66.75 4.221
5 24 -4 66.75 -5.174 -4 72 -5.174 -4 72 -6.225 -4.11 66.75 -4.72
5 24 -5.7 66.75 -4.462 -5.7 72 -4.462 -5.3 72 -4.221 -6.44 66.75 -5.297
5 24 -6.44 66.75 -5.297 -6.44 72 -5.297 -5.7 72 -4.462 -7.06 66.75 -6.225
5 24 -4 66.75 5.174 -4 72 5.174 -4.11 72 4.72 -4 66.75 6.225
1 16 0 5 3.375 14.44 0 0 0 -1.002 0 0 0 -6.625 rect2p.dat
5 24 -16.31 3 -7 -16.31 64 -7 -16.57 40.262 -10 -16.31 3 -3.25
5 24 -4.11 66.75 -4.72 -4.11 72 -4.72 -4 72 -5.174 -4.41 66.75 -4.367
5 24 -4.41 66.75 -4.367 -4.41 72 -4.367 -4.11 72 -4.72 -4.84 66.75 -4.187
5 24 -4.84 66.75 -4.187 -4.84 72 -4.187 -4.41 72 -4.367 -5.3 66.75 -4.221
5 24 -5.3 66.75 -4.221 -5.3 72 -4.221 -4.84 72 -4.187 -5.7 66.75 -4.462
5 24 -6.44 66.75 5.297 -6.44 72 5.297 -7.058 72 6.225 -5.702 66.75 4.462
5 24 -5.702 66.75 4.462 -5.702 72 4.462 -6.44 72 5.297 -5.302 66.75 4.221
5 24 -5.302 66.75 4.221 -5.302 72 4.221 -5.702 72 4.462 -4.839 66.75 4.187
5 24 -4.839 66.75 4.187 -4.839 72 4.187 -5.302 72 4.221 -4.41 66.75 4.367
5 24 -4.41 66.75 4.367 -4.41 72 4.367 -4.839 72 4.187 -4.109 66.75 4.72
5 24 -4.109 66.75 4.72 -4.109 72 4.72 -4.41 72 4.367 -4 66.75 5.174
5 24 -4 66.75 5.174 -4 72 5.174 -4.109 72 4.72 -4 66.75 6.225
1 16 0 0 -5.125 1.875 0 0 0 1 0 0 0 1.875 4-4edge.dat
1 16 0 66.75 -5.125 1.732 0 0.718 0 1 0 -0.718 0 1.732 5-8edge.dat
1 16 0 66.75 -5.125 1.732 0 0.718 0 -1 0 -0.718 0 1.732 3-8ndis.dat
1 16 0 66.75 -5.125 -0.718 0 -1.732 0 -1 0 1.732 0 -0.718 1-4ndis.dat
2 24 1.732 66.75 -5.843 1.477 66.75 -6.225
2 24 -1.732 66.75 -5.843 -1.477 66.75 -6.225
1 16 0 0 -5.125 1.875 0 0 0 1 0 0 0 1.875 4-4ndis.dat
1 16 0 3 -5.125 1.875 0 0 0 -1 0 0 0 1.875 4-4ndis.dat
1 16 0 3 -5.125 1.875 0 0 0 1 0 0 0 1.875 4-4edge.dat
0 BFC INVERTNEXT
1 16 0 0 -5.125 1.875 0 0 0 3 0 0 0 1.875 4-4cyli.dat
1 16 0 64 -5.125 1.875 0 0 0 1 0 0 0 1.875 4-4edge.dat
1 16 0 64 -5.125 1.875 0 0 0 1 0 0 0 1.875 4-4ndis.dat
0 BFC INVERTNEXT
1 16 -0.001 64 -5.126 1.732 0 0.718 0 2.75 0 -0.718 0 1.732 5-8cyli.dat
0 BFC INVERTNEXT
1 16 -0.001 64 -5.126 -1.326 0 1.326 0 8 0 -1.326 0 -1.326 1-4cyli.dat
1 16 -0.001 72 -5.126 -1.326 0 1.326 0 1 0 -1.326 0 -1.326 1-4edge.dat
1 16 -0.001 72 -5.126 -1.326 0 1.326 0 -1 0 -1.326 0 -1.326 1-4ndis.dat
4 16 1.326 64 -6.451 1.477 66.75 -6.225 1.477 72 -6.225 1.326 72 -6.451
2 24 1.326 72 -6.451 1.477 72 -6.225
2 24 -1.326 72 -6.451 -1.477 72 -6.225
4 16 -1.326 72 -6.451 -1.477 72 -6.225 -1.477 66.75 -6.225 -1.326 64 -6.451
4 16 -1.326 64 -6.451 -1.477 66.75 -6.225 -1.732 66.75 -5.843 -1.732 64 -5.843
4 16 1.732 64 -5.843 1.732 66.75 -5.843 1.477 66.75 -6.225 1.326 64 -6.451
4 16 -1.875 0 -3.25 1.875 0 -3.25 20 0 10 -20 0 10
4 16 -20 0 10 -20 0 -10 -1.875 0 -7 -1.875 0 -3.25
4 16 1.875 0 -7 -1.875 0 -7 -20 0 -10 20 0 -10
4 16 20 0 -10 20 0 10 1.875 0 -3.25 1.875 0 -7
0
