0 Windscreen  6 x  4 x  1 & 1\3 (Airplane)
0 Name: 6152.dat
0 Author: Thomas Burger [grapeape]
0 !LDRAW_ORG Part UPDATE 1998-06
0 !LICENSE Redistributable under CCAL version 2.0 : see CAreadme.txt

0 !HISTORY 1998-06-20 [PTadmin] Official Update 1998-06
0 !HISTORY 2007-07-16 [PTadmin] Header formatted for Contributor Agreement
0 !HISTORY 2008-07-01 [PTadmin] Official Update 2008-01

 2 24 40 32 -20 40 32 40 
 2 24 40 32 40 40 0 40 
 2 24 40 0 40 40 28 -20 
 2 24 20 0 -20 20 28 -80 
 2 24 -20 0 -20 -20 28 -80 
 2 24 40 28 -20 40 32 -20 
 4 16 40 28 -20 40 32 -20 40 32 40 40 0 40 
 4 16 40 0 40 40 28 -20 20 0 -20 20 28 -80 
 4 16 20 0 -20 20 28 -80 -20 0 -20 -20 28 -80 
 4 16 -20 0 -20 -20 28 -80 -40 0 40 -40 28 -20 
 2 24 -20 0 -20 20 0 -20 
 2 24 -20 32 -80 20 32 -80 
 2 24 -20 28 -80 20 28 -80 
 2 24 40 0 40 20 0 -20 
 2 24 40 32 -20 20 32 -80 
 2 24 40 28 -20 20 28 -80 
 2 24 -40 0 40 -20 0 -20 
 2 24 -40 32 -20 -20 32 -80 
 2 24 -40 28 -20 -20 28 -80 
 2 24 20 28 -80 20 32 -80 
 2 24 -20 28 -80 -20 32 -80 
 4 16 40 28 -20 40 32 -20 20 28 -80 20 32 -80 
 4 16 20 28 -80 20 32 -80 -20 28 -80 -20 32 -80 
 4 16 -20 28 -80 -20 32 -80 -40 28 -20 -40 32 -20 
0 other side
 2 24 -40 32 -20 -40 32 40 
 2 24 -40 32 40 -40 0 40 
 2 24 -40 0 40 -40 28 -20 
 2 24 -40 28 -20 -40 32 -20 
 4 16 -40 28 -20 -40 32 -20 -40 32 40 -40 0 40 
0 bottom
 2 24 -36 32 40 -40 32 40 
 2 24 -36 0 40 -40 0 40 
 4 16 -36 32 40 -40 32 40 -36 0 40 -40 0 40 
 2 24 -36 0 40 -36 32 40 
 1 16 30 28 -10 -10 0 0 0 0 0 0 0 10 1-4edge.dat
 1 16 -30 28 -10 0 0 10 0 0 0 10 0 0 1-4edge.dat
 1 16 30 32 -10 -10 0 0 0 0 0 0 0 10 1-4edge.dat
 1 16 -30 32 -10 0 0 10 0 0 0 10 0 0 1-4edge.dat
 2 24 40 32 40 36 32 40 
 2 24 40 0 40 36 0 40 
 4 16 40 32 40 36 32 40 40 0 40 36 0 40 
 2 24 36 0 40 36 32 40 
0 insides
 4 16 -36 0 40 -36 32 40 -36 32 0 -36 28 0 
 3 16 -36 28 -20 -36 28 0 -36 0 40 
 2 24 -36 28 -20 -36 0 40 
 2 24 -19 28 -70 -19 4 -18.75 
 2 24 -36 28 -20 -36 28 0 
 2 24 -36 28 0 -36 32 0 
 2 24 -36 32 0 -36 32 40 
 4 16 -40 32 -20 -40 32 40 -36 32 0 -36 32 40 
 4 16 40 32 -20 40 32 40 36 32 0 36 32 40 
0 oTHER inside
 4 16 36 0 40 36 32 40 36 32 0 36 28 0 
 3 16 36 28 -20 36 28 0 36 0 40 
 2 24 36 28 -20 36 0 40 
 2 24 19 28 -70 19 4 -18.75 
 2 24 36 28 -20 36 28 0 
 2 24 36 28 0 36 32 0 
 2 24 36 32 0 36 32 40 
 4 16 -36 28 -20 -36 0 40 -19 28 -70 -19 4 -18.75
 4 16 -19 28 -70 -19 4 -18.75 19 28 -70 19 4 -18.75
 4 16 19 28 -70 19 4 -18.75 36 28 -20 36 0 40
0 pegholes
 1 16 30 28 -10 6 0 0 0 0 0 0 0 6 4-4edge.dat
 1 16 30 32 -10 6 0 0 0 0 0 0 0 6 4-4edge.dat
 1 16 30 32 -10 6 0 0 0 -4 0 0 0 6 4-4cyli.dat
 1 16 -30 28 -10 6 0 0 0 0 0 0 0 6 4-4edge.dat
 1 16 -30 32 -10 6 0 0 0 0 0 0 0 6 4-4edge.dat
 1 16 -30 32 -10 6 0 0 0 -4 0 0 0 6 4-4cyli.dat
 1 16 10 28 -70 6 0 0 0 0 0 0 0 6 4-4edge.dat
 1 16 10 32 -70 6 0 0 0 0 0 0 0 6 4-4edge.dat
 1 16 10 32 -70 6 0 0 0 -4 0 0 0 6 4-4cyli.dat
 1 16 -10 28 -70 6 0 0 0 0 0 0 0 6 4-4edge.dat
 1 16 -10 32 -70 6 0 0 0 0 0 0 0 6 4-4edge.dat
 1 16 -10 32 -70 6 0 0 0 -4 0 0 0 6 4-4cyli.dat 
0 peghole edges
 1 16 30 32 -10 6 0 0 0 0 0 0 0 -6 2-4ndis.dat
 4 16 40 32 -10 40 32 -20 36 32 -16 36 32 -10 
 4 16 20 32 -10 20 32 -20 24 32 -16 24 32 -10 
 4 16 40 32 -20 36 32 -16 24 32 -16 20 32 -20 
 4 16 30 32 -4 27.70 32 -4.46 26.17 32 -0.76 30 32 0 
 4 16 27.70 32 -4.46 25.76 32 -5.76 22.93 32 -2.93 26.17 32 -0.76 
 4 16 25.76 32 -5.76 24.46 32 -7.70 20.76 32 -6.17 22.93 32 -2.93 
 4 16 24.46 32 -7.70 24 32 -10 20 32 -10 20.76 32 -6.17 
 4 16 36 32 -10 35.54 32 -7.70 39.24 32 -6.17 40 32 -10 
 4 16 35.54 32 -7.70 34.24 32 -5.76 37.07 32 -2.93 39.24 32 -6.17 
 4 16 34.24 32 -5.76 32.30 32 -4.46 33.83 32 -0.76 37.07 32 -2.93 
 4 16 32.30 32 -4.46 30 32 -4 30 32 0 33.83 32 -0.76 
 1 16 30.10 32 -10 9.90 0 0 0 0 0 0 0 9.90 1-4ndis.dat
0 edge top
 1 16 30 28 -10 6 0 0 0 0 0 0 0 -6 2-4ndis.dat
 4 16 40 28 -10 40 28 -20 36 28 -16 36 28 -10 
 4 16 20 28 -10 20 28 -20 24 28 -16 24 28 -10 
 4 16 40 28 -20 36 28 -16 24 28 -16 20 28 -20 
 4 16 30 28 -4 27.70 28 -4.46 26.17 28 -0.76 30 28 0 
 4 16 27.70 28 -4.46 25.76 28 -5.76 22.93 28 -2.93 26.17 28 -0.76 
 4 16 25.76 28 -5.76 24.46 28 -7.70 20.76 28 -6.17 22.93 28 -2.93 
 4 16 24.46 28 -7.70 24 28 -10 20 28 -10 20.76 28 -6.17 
 4 16 36 28 -10 35.54 28 -7.70 39.24 28 -6.17 40 28 -10 
 4 16 35.54 28 -7.70 34.24 28 -5.76 37.07 28 -2.93 39.24 28 -6.17 
 4 16 34.24 28 -5.76 32.30 28 -4.46 33.83 28 -0.76 37.07 28 -2.93 
 4 16 32.30 28 -4.46 30 28 -4 30 28 0 33.83 28 -0.76 
 1 16 30.10 28 -10 9.90 0 0 0 0 0 0 0 9.90 1-4ndis.dat
0 other peghole edge
 1 16 -30 32 -10 6 0 0 0 0 0 0 0 -6 2-4ndis.dat
 4 16 -20 32 -10 -20 32 -20 -24 32 -16 -24 32 -10 
 4 16 -40 32 -10 -40 32 -20 -36 32 -16 -36 32 -10 
 4 16 -20 32 -20 -24 32 -16 -36 32 -16 -40 32 -20 
 4 16 -30 32 -4 -32.30 32 -4.46 -33.83 32 -0.76 -30 32 0 
 4 16 -32.30 32 -4.46 -34.24 32 -5.76 -37.07 32 -2.93 -33.83 32 -0.76 
 4 16 -34.24 32 -5.76 -35.54 32 -7.70 -39.24 32 -6.17 -37.07 32 -2.93 
 4 16 -35.54 32 -7.70 -36 32 -10 -40 32 -10 -39.24 32 -6.17 
 4 16 -24 32 -10 -24.46 32 -7.70 -20.76 32 -6.17 -20 32 -10 
 4 16 -24.46 32 -7.70 -25.76 32 -5.76 -22.93 32 -2.93 -20.76 32 -6.17 
 4 16 -25.76 32 -5.76 -27.70 32 -4.46 -26.17 32 -0.76 -22.93 32 -2.93 
 4 16 -27.70 32 -4.46 -30 32 -4 -30 32 0 -26.17 32 -0.76 
 1 16 -29.90 32 -10 0 0 -9.90 0 0 0 9.90 0 0 1-4ndis.dat
0 edge top
 1 16 -30 28 -10 6 0 0 0 0 0 0 0 -6 2-4ndis.dat
 4 16 -20 28 -10 -20 28 -20 -24 28 -16 -24 28 -10 
 4 16 -40 28 -10 -40 28 -20 -36 28 -16 -36 28 -10 
 4 16 -20 28 -20 -24 28 -16 -36 28 -16 -40 28 -20 
 4 16 -30 28 -4 -32.30 28 -4.46 -33.83 28 -0.76 -30 28 0 
 4 16 -32.30 28 -4.46 -34.24 28 -5.76 -37.07 28 -2.93 -33.83 28 -0.76 
 4 16 -34.24 28 -5.76 -35.54 28 -7.70 -39.24 28 -6.17 -37.07 28 -2.93 
 4 16 -35.54 28 -7.70 -36 28 -10 -40 28 -10 -39.24 28 -6.17 
 4 16 -24 28 -10 -24.46 28 -7.70 -20.76 28 -6.17 -20 28 -10 
 4 16 -24.46 28 -7.70 -25.76 28 -5.76 -22.93 28 -2.93 -20.76 28 -6.17 
 4 16 -25.76 28 -5.76 -27.70 28 -4.46 -26.17 28 -0.76 -22.93 28 -2.93 
 4 16 -27.70 28 -4.46 -30 28 -4 -30 28 0 -26.17 28 -0.76 
 1 16 -29.90 28 -10 0 0 -9.90 0 0 0 9.90 0 0 1-4ndis.dat
0 edge side
 1 16 30 28 -10 -10 0 0 0 4 0 0 0 10 1-4cyli.dat
 1 16 -30 28 -10 10 0 0 0 4 0 0 0 10 1-4cyli.dat
 2 24 36 28 0 30 28 0 
 2 24 -36 28 0 -30 28 0 
 2 24 36 32 0 30 32 0 
 2 24 -30 32 0 -36 32 0 
 4 16 36 32 0 30 32 0 30 28 0 36 28 0 
 4 16 -36 32 0 -30 32 0 -30 28 0 -36 28 0 
0 inside bottom
 2 24 20 32 -10 20 32 -60.40 
 2 24 20 28 -10 20 28 -60.40 
 3 16 20 32 -80 20 32 -20 40 32 -20 
 2 24 36 28 -20 20 28 -70 
 3 16 20 28 -70 36 28 -20 20 28 -20 
0 now other side
 2 24 -20 32 -10 -20 32 -60.40 
 2 24 -20 28 -10 -20 28 -60.40 
 3 16 -20 32 -80 -20 32 -20 -40 32 -20 
 2 24 -20 28 -80 -36 28 -30 
 3 16 -20 28 -70 -36 28 -20 -20 28 -20 
0 inside front
 2 24 -20 28 -60 20 28 -60 
 2 24 -20 32 -60 20 32 -60 
 2 24 20 28 -60 20 32 -60 
 2 24 -20 32 -60 -20 28 -60 
 4 16 -20 28 -60 20 28 -60 20 32 -60 -20 32 -60 
 1 16 10 32 -70 6 0 0 0 0 0 0 0 -6 2-4ndis.dat
 1 16 10 32 -70 -6 0 0 0 0 0 0 0 6 2-4ndis.dat
 1 16 -10 32 -70 6 0 0 0 0 0 0 0 -6 2-4ndis.dat
 1 16 -10 32 -70 -6 0 0 0 0 0 0 0 6 2-4ndis.dat
 4 16 0 32 -80 -4 32 -76 -16 32 -76 -20 32 -80 
 4 16 20 32 -80 16 32 -76 4 32 -76 0 32 -80 
 4 16 -20 32 -60 -16 32 -64 -4 32 -64 0 32 -60 
 4 16 0 32 -60 4 32 -64 16 32 -64 20 32 -60 
 4 16 -20 32 -80 -16 32 -76 -16 32 -64 -20 32 -60 
 4 16 0 32 -80 4 32 -76 4 32 -64 0 32 -60 
 4 16 20 32 -60 16 32 -64 16 32 -76 20 32 -80 
 4 16 0 32 -60 -4 32 -64 -4 32 -76 0 32 -80 
0 under top
 2 24 -36 4 28 -19 4 -20 
 2 24 -36 4 40 -21.75 4 2.25 
 2 24 36 4 40 21.75 4 2.25 
 2 24 36 4 27.25 19 4 -21 
 2 24 36 4 28.25 36 4 40 
 2 24 -36 4 28 -36 4 40 
 2 24 17.50 4 0 -18 4 0 
 2 24 -18 4 0 -21.75 4 2.50 
 2 24 21.75 4 2.25 17.50 4 0 
 2 24 19 4 -19 -19 4 -19 
 2 24 19 28 -70 -19 28 -70 
 4 16 36 4 28.25 36 4 40 21.75 4 2.25 19 4 -20 
 4 16 -19 4 -20 -21.75 4 2.25 -36 4 40 -36 4 28 
 4 16 19 4 -20 -19 4 -20 -18 4 0 17.50 4 0 
 3 16 21.75 4 2.25 17.50 4 0 19 4 -20 
 3 16 -19 4 -20 -18 4 0 -21.75 4 2.25 
0 top
 4 16 40 0 40 36 0 40 22 0 0 20 0 -20 
 4 16 -20 0 -20 -22 0 0 -36 0 40 -40 0 40 
 4 16 22 0 0 -22 0 0 -20 0 -20 20 0 -20 
 3 16 22.75 0 2.50 20 0 0 22 0 0 
 3 16 -20 0 0 -22.75 0 2.50 -22 0 0 
 2 24 36 0 40 22.75 0 2.50 
 2 24 22.75 0 2.50 20 0 0 
 2 24 20 0 0 -20 0 0 
 2 24 -20 0 0 -22.75 0 2.50 
 2 24 -22.75 0 2.50 -36 0 40 
 4 16 -22.75 0 2.50 -36 0 40 -36 4 40 -21.75 4 2.25 
 4 16 -20 0 0 -22.75 0 2.50 -18 4 0 -21.75 4 2.25 
 4 16 20 0 0 -20 0 0 18 4 0 -18 4 0 
 4 16 36 0 40 22.75 0 2.50 36 4 40 21.75 4 2.50 
 4 16 22.75 0 2.50 20 0 0 21.75 4 2.25 17.50 4 0 
 1 16 10 0 -10 1 0 0 0 1 0 0 0 1 stud2.DAT
 1 16 -10 0 -10 1 0 0 0 1 0 0 0 1 stud2.DAT
