0 Sticker  1.1 x  1.7 with Dark Azure Curved Triangle Right
0 Name: 6178096d.dat
0 Author: Evert-Jan Boer [ejboer]
0 !LDRAW_ORG Part UPDATE 2024-04
0 !LICENSE Licensed under CC BY 4.0 : see CAreadme.txt

0 BFC CERTIFY CCW

0 !KEYWORDS Mini VW Beetle, Set 40252, Volkswagen

0 !HISTORY 2024-05-28 [OrionP] Official Update 2024-04

1 16 -16.5 -.25 -10.25 -1 0 0 0 1 0 0 0 -1 1-4chrd.dat
1 16 16.5 -.25 -10.25 0 0 1 0 1 0 -1 0 0 1-4chrd.dat
4 16 16.5 -.25 -11.25 17.5 -.25 -10.25 -17.5 -.25 -10.25 -16.5 -.25 -11.25
4 16 10.6167 -.25 -4.7218 -17.5 -.25 -10.25 17.5 -.25 -10.25 14.1922 -.25 -7.4419
4 16 10.6167 -.25 -4.7218 6.7963 -.25 -2.099 2.7404 -.25 .4202 -17.5 -.25 -10.25
4 16 2.7404 -.25 .4202 -1.5414 -.25 2.8297 -6.0387 -.25 5.1238 -17.5 -.25 -10.25
4 16 -6.0387 -.25 5.1238 -10.7406 -.25 7.2968 -15.6359 -.25 9.3437 -17.5 -.25 -10.25
3 16 -17.5 -.25 -10.25 -15.6359 -.25 9.3437 -17.5 -.25 10.05

1 16 -16.5 0 -10.25 -1 0 0 0 -1 0 0 0 -1 1-4chrd.dat
1 16 -16.5 0 10.25 0 0 -1 0 -1 0 1 0 0 1-4chrd.dat
1 16 16.5 0 10.25 1 0 0 0 -1 0 0 0 1 1-4chrd.dat
1 16 16.5 0 -10.25 0 0 1 0 -1 0 -1 0 0 1-4chrd.dat
4 16 -16.5 0 11.25 16.5 0 11.25 17.5 0 10.25 -17.5 0 10.25
4 16 -17.5 0 -10.25 -17.5 0 10.25 17.5 0 10.25 17.5 0 -10.25
4 16 -17.5 0 -10.25 17.5 0 -10.25 16.5 0 -11.25 -16.5 0 -11.25

1 16 -16.5 -.25 -10.25 -1 0 0 0 .25 0 0 0 -1 1-4cyli.dat
1 16 16.5 -.25 -10.25 0 0 1 0 .25 0 -1 0 0 1-4cyli.dat
1 16 16.5 -.25 10.25 1 0 0 0 .25 0 0 0 1 1-4cyli.dat
1 16 -16.5 -.25 10.25 0 0 -1 0 .25 0 1 0 0 1-4cyli.dat
4 16 -16.5 -.25 11.25 16.5 -.25 11.25 16.5 0 11.25 -16.5 0 11.25
4 16 -17.5 -.25 -10.25 -17.5 -.25 10.25 -17.5 0 10.25 -17.5 0 -10.25
4 16 16.5 -.25 -11.25 -16.5 -.25 -11.25 -16.5 0 -11.25 16.5 0 -11.25
4 16 17.5 -.25 10.25 17.5 -.25 -10.25 17.5 0 -10.25 17.5 0 10.25

0 BFC NOCLIP
1 321 16.5 -.25 10.25 1 0 0 0 1 0 0 0 1 1-4chrd.dat
1 321 -16.5 -.25 10.25 0 0 -1 0 1 0 1 0 0 1-4chrd.dat
4 321 17.5 -.25 10.25 16.5 -.25 11.25 10.6167 -.25 -4.7218 14.1922 -.25 -7.4419
3 321 10.6167 -.25 -4.7218 16.5 -.25 11.25 6.7963 -.25 -2.099
3 321 6.7963 -.25 -2.099 16.5 -.25 11.25 2.7404 -.25 .4202
3 321 2.7404 -.25 .4202 16.5 -.25 11.25 -1.5414 -.25 2.8297
3 321 -1.5414 -.25 2.8297 16.5 -.25 11.25 -6.0387 -.25 5.1238
4 321 -16.5 -.25 11.25 -10.7406 -.25 7.2968 -6.0387 -.25 5.1238 16.5 -.25 11.25
4 321 -17.5 -.25 10.25 -15.6359 -.25 9.3437 -10.7406 -.25 7.2968 -16.5 -.25 11.25
3 321 -15.6359 -.25 9.3437 -17.5 -.25 10.25 -17.5 -.25 10.05
3 321 17.5 -.25 -10.25 17.5 -.25 10.25 14.1922 -.25 -7.4419
