0 Sticker  0.8 x  3.1 with Red Stripe on Black
0 Name: 6283148d.dat
0 Author: Chris Dee [cwdee]
0 !LDRAW_ORG Part UPDATE 2022-03
0 !LICENSE Licensed under CC BY 4.0 : see CAreadme.txt

0 BFC CERTIFY CCW

0 !KEYWORDS Defender, Land Rover, Set 42110

0 !HISTORY 2022-05-07 [PTadmin] Official Update 2022-03


1 16 29 0 6 0 0 2 0 -1 0 2 0 0 1-4chrd.dat
1 16 -29 0 6 0 0 -2 0 -1 0 2 0 0 1-4chrd.dat
1 16 29 0 -6 0 0 2 0 -1 0 -2 0 0 1-4chrd.dat
1 16 -29 0 -6 0 0 -2 0 -1 0 -2 0 0 1-4chrd.dat

1 16 29 0 6 0 0 2 0 -0.25 0 2 0 0 1-4cyli.dat
1 16 -29 0 6 0 0 -2 0 -0.25 0 2 0 0 1-4cyli.dat
1 16 29 0 -6 0 0 2 0 -0.25 0 -2 0 0 1-4cyli.dat
1 16 -29 0 -6 0 0 -2 0 -0.25 0 -2 0 0 1-4cyli.dat

4 16 -31 0 -6 -31 0 6 31 0 6 31 0 -6
4 16 -31 0 6 -29 0 8 29 0 8 31 0 6
4 16 29 0 -8 -29 0 -8 -31 0 -6 31 0 -6
4 16 -29 -0.25 -8 -29 0 -8 29 0 -8 29 -0.25 -8
4 16 31 -0.25 6 31 -0.25 -6 31 0 -6 31 0 6
4 16 -31 0 -6 -31 -0.25 -6 -31 -0.25 6 -31 0 6
4 16 -29 0 8 -29 -0.25 8 29 -0.25 8 29 0 8
0 // Stripe
1 4 -28 -0.25 0 0 0 -1 0 1 0 2 0 0 2-4chrd.dat
4 4 -28 -0.25 -2 13 -0.25 -2 13 -0.25 2 -28 -0.25 2
1 4 13 -0.25 0 0 0 1 0 1 0 2 0 0 2-4chrd.dat
0 // Background
1 0 29 -0.25 6 0 0 2 0 1 0 2 0 0 1-4chrd.dat
1 0 -29 -0.25 6 0 0 -2 0 1 0 2 0 0 1-4chrd.dat
1 0 29 -0.25 -6 0 0 2 0 1 0 -2 0 0 1-4chrd.dat
1 0 -29 -0.25 -6 0 0 -2 0 1 0 -2 0 0 1-4chrd.dat

1 0 -28 -0.25 0 0 0 -1 0 1 0 2 0 0 2-4ndis.dat
1 0 13 -0.25 0 0 0 1 0 1 0 2 0 0 2-4ndis.dat
3 0 -31 -0.25 -6 -29 -0.25 0 -31 -0.25 6
3 0 31 -0.25 -6 31 -0.25 6 14 -0.25 0

3 0 -31 -0.25 -6 -29 -0.25 -2 -29 -0.25 0
4 0 -31 -0.25 -6 -29 -0.25 -8 -28 -0.25 -2 -29 -0.25 -2
4 0 -29 -0.25 -8 29 -0.25 -8 13 -0.25 -2 -28 -0.25 -2
4 0 29 -0.25 -8 31 -0.25 -6 14 -0.25 -2 13 -0.25 -2
3 0 31 -0.25 -6 14 -0.25 0 14 -0.25 -2

3 0 -29 -0.25 0 -29 -0.25 2 -31 -0.25 6
4 0 -29 -0.25 2 -28 -0.25 2 -29 -0.25 8 -31 -0.25 6
4 0 -28 -0.25 2 13 -0.25 2 29 -0.25 8 -29 -0.25 8
4 0 13 -0.25 2 14 -0.25 2 31 -0.25 6 29 -0.25 8
3 0 14 -0.25 2 14 -0.25 0 31 -0.25 6