0 Sticker  0.8 x  2.0 with Plus and Minus Symbols on Dark Bluish Grey
0 Name: 6283148y.dat
0 Author: Chris Dee [cwdee]
0 !LDRAW_ORG Part UPDATE 2022-02
0 !LICENSE Licensed under CC BY 4.0 : see CAreadme.txt

0 BFC CERTIFY CCW

0 !KEYWORDS Defender, Land Rover, Set 42110

0 !HISTORY 2022-03-06 [PTadmin] Official Update 2022-02


1 16 18 0 6 0 0 2 0 -1 0 2 0 0 1-4chrd.dat
1 16 -18 0 6 0 0 -2 0 -1 0 2 0 0 1-4chrd.dat
1 16 18 0 -6 0 0 2 0 -1 0 -2 0 0 1-4chrd.dat
1 16 -18 0 -6 0 0 -2 0 -1 0 -2 0 0 1-4chrd.dat

1 16 18 0 6 0 0 2 0 -0.25 0 2 0 0 1-4cyli.dat
1 16 -18 0 6 0 0 -2 0 -0.25 0 2 0 0 1-4cyli.dat
1 16 18 0 -6 0 0 2 0 -0.25 0 -2 0 0 1-4cyli.dat
1 16 -18 0 -6 0 0 -2 0 -0.25 0 -2 0 0 1-4cyli.dat

4 16 -20 0 -6 -20 0 6 20 0 6 20 0 -6
4 16 -20 0 6 -18 0 8 18 0 8 20 0 6
4 16 18 0 -8 -18 0 -8 -20 0 -6 20 0 -6
4 16 -18 -0.25 -8 -18 0 -8 18 0 -8 18 -0.25 -8
4 16 20 -0.25 6 20 -0.25 -6 20 0 -6 20 0 6
4 16 -20 0 -6 -20 -0.25 -6 -20 -0.25 6 -20 0 6
4 16 -18 0 8 -18 -0.25 8 18 -0.25 8 18 0 8
0 // Plus
4 15 -12.75 -0.25 0.75 -18 -0.25 0.75 -18 -0.25 -0.75 -12.75 -0.25 -0.75
4 15 -11.25 -0.25 0.75 -12.75 -0.25 0.75 -12.75 -0.25 -0.75 -11.25 -0.25 -0.75
4 15 -6 -0.25 0.75 -11.25 -0.25 0.75 -11.25 -0.25 -0.75 -6 -0.25 -0.75
4 15 -11.25 -0.25 6 -12.75 -0.25 6 -12.75 -0.25 0.75 -11.25 -0.25 0.75
4 15 -11.25 -0.25 -0.75 -12.75 -0.25 -0.75 -12.75 -0.25 -6 -11.25 -0.25 -6
0 // Minus
4 15 18 -0.25 0.75 6 -0.25 0.75 6 -0.25 -0.75 18 -0.25 -0.75
0 // Background
1 72 18 -0.25 6 0 0 2 0 1 0 2 0 0 1-4chrd.dat
1 72 -18 -0.25 6 0 0 -2 0 1 0 2 0 0 1-4chrd.dat
1 72 18 -0.25 -6 0 0 2 0 1 0 -2 0 0 1-4chrd.dat
1 72 -18 -0.25 -6 0 0 -2 0 1 0 -2 0 0 1-4chrd.dat
4 72 -20 -0.25 -6 -18 -0.25 -0.75 -18 -0.25 0.75 -20 -0.25 6
4 72 -6 -0.25 -0.75 6 -0.25 -0.75 6 -0.25 0.75 -6 -0.25 0.75
4 72 20 -0.25 6 18 -0.25 0.75 18 -0.25 -0.75 20 -0.25 -6
3 72 -20 -0.25 -6 -18 -0.25 -8 -18 -0.25 -0.75
4 72 -18 -0.25 -8 -12.75 -0.25 -6 -12.75 -0.25 -0.75 -18 -0.25 -0.75
4 72 18 -0.25 -8 -11.25 -0.25 -6 -12.75 -0.25 -6 -18 -0.25 -8
4 72 18 -0.25 -8 -6 -0.25 -0.75 -11.25 -0.25 -0.75 -11.25 -0.25 -6
3 72 18 -0.25 -8 6 -0.25 -0.75 -6 -0.25 -0.75
4 72 18 -0.25 -8 20 -0.25 -6 18 -0.25 -0.75 6 -0.25 -0.75
3 72 -18 -0.25 0.75 -18 -0.25 8 -20 -0.25 6
4 72 -18 -0.25 0.75 -12.75 -0.25 0.75 -12.75 -0.25 6 -18 -0.25 8
4 72 -18 -0.25 8 -12.75 -0.25 6 -11.25 -0.25 6 18 -0.25 8
4 72 -11.25 -0.25 6 -11.25 -0.25 0.75 -6 -0.25 0.75 18 -0.25 8
3 72 -6 -0.25 0.75 6 -0.25 0.75 18 -0.25 8
4 72 6 -0.25 0.75 18 -0.25 0.75 20 -0.25 6 18 -0.25 8