0 Sticker  0.8 x  2.9 with "DK 10.271" Licence Plate
0 Name: 6296256j.dat
0 Author: Magnus Forsberg [MagFors]
0 !LDRAW_ORG Part UPDATE 2020-03
0 !LICENSE Redistributable under CCAL version 2.0 : see CAreadme.txt

0 BFC CERTIFY CCW
0 !KEYWORDS set 10271, FIAT, 500, Nuova, Cinquecento

0 !HISTORY 2020-12-29 [PTadmin] Official Update 2020-03

1 16 0 -.25 0 29 0 0 0 .25 0 0 0 8 box5-12.dat
3 0 -29 -.25 8 -26.26 -.25 6.08 -25.74 -.25 6.18
3 0 -29 -.25 8 -26.69 -.25 5.78 -26.26 -.25 6.08
3 0 -29 -.25 8 -26.99 -.25 5.35 -26.69 -.25 5.78
3 0 -29 -.25 8 -27.09 -.25 4.83 -26.99 -.25 5.35
4 0 25.74 -.25 6.18 29 -.25 8 -29 -.25 8 -25.74 -.25 6.18
3 0 29 -.25 8 25.74 -.25 6.18 26.26 -.25 6.08
3 0 29 -.25 8 26.26 -.25 6.08 26.69 -.25 5.78
3 0 29 -.25 8 26.69 -.25 5.78 26.99 -.25 5.35
3 0 29 -.25 8 26.99 -.25 5.35 27.09 -.25 4.83
3 0 27.09 -.25 -4.83 26.99 -.25 -5.35 29 -.25 -8
3 0 26.99 -.25 -5.35 26.69 -.25 -5.78 29 -.25 -8
3 0 26.69 -.25 -5.78 26.26 -.25 -6.08 29 -.25 -8
3 0 26.26 -.25 -6.08 25.74 -.25 -6.18 29 -.25 -8
4 0 -29 -.25 -8 29 -.25 -8 25.74 -.25 -6.18 -25.74 -.25 -6.18
3 0 -26.26 -.25 -6.08 -29 -.25 -8 -25.74 -.25 -6.18
3 0 -26.69 -.25 -5.78 -29 -.25 -8 -26.26 -.25 -6.08
3 0 -26.99 -.25 -5.35 -29 -.25 -8 -26.69 -.25 -5.78
3 0 -27.09 -.25 -4.83 -29 -.25 -8 -26.99 -.25 -5.35
4 0 -27.09 -.25 -4.83 -27.09 -.25 4.83 -29 -.25 8 -29 -.25 -8
4 0 27.09 -.25 4.83 27.09 -.25 -4.83 29 -.25 -8 29 -.25 8
3 0 0 -.25 -5.81 1.26 -.25 -4.06 -2.72 -.25 -4.06
3 0 0 -.25 -5.81 -2.72 -.25 -4.06 -4.24 -.25 -4.06
3 0 0 -.25 -5.81 -4.24 -.25 -4.06 -9.59 -.25 -4.06
3 0 0 -.25 5.81 -3.67 -.25 3.69 -2.72 -.25 3.69
3 0 0 -.25 5.81 -2.72 -.25 3.69 1.26 -.25 3.69
4 0 -13.79 -.25 3.69 -11.87 -.25 3.69 0 -.25 5.81 -25.74 -.25 5.81
3 0 -4.32 -.25 1.79 -4.8 -.25 1.48 -4.24 -.25 -4.06
3 0 -4.24 -.25 1.79 -4.32 -.25 1.79 -4.24 -.25 -4.06
3 0 -4.8 -.25 1.48 -5.27 -.25 1.27 -4.24 -.25 -4.06
3 0 -5.27 -.25 1.27 -5.86 -.25 1.14 -4.24 -.25 -4.06
3 0 -13.79 -.25 3.69 -13.81 -.25 .53 -11.87 -.25 3.69
3 0 -18.98 -.25 3.69 -15.57 -.25 3.69 -25.74 -.25 5.81
3 0 -25.74 -.25 5.81 -22.88 -.25 3.69 -18.98 -.25 3.69
3 0 -4 -.25 3.41 -3.67 -.25 3.69 -9.76 -.25 3.69
3 0 -9.76 -.25 3.69 -5.3 -.25 2.76 -4.65 -.25 3.04
3 0 -4.65 -.25 3.04 -4 -.25 3.41 -9.76 -.25 3.69
3 0 -5.86 -.25 2.6 -5.3 -.25 2.76 -9.76 -.25 3.69
4 0 20.3 -.25 1.48 20.86 -.25 -4.06 20.86 -.25 1.79 20.78 -.25 1.79
3 0 0 -.25 -5.81 2.39 -.25 -4.06 1.26 -.25 -4.06
4 0 22.38 -.25 -4.06 20.86 -.25 -4.06 25.74 -.25 -5.81 26.12 -.25 -5.74
3 0 20.86 -.25 -4.06 20.3 -.25 1.48 19.83 -.25 1.27
3 0 19.83 -.25 1.27 19.24 -.25 1.14 20.86 -.25 -4.06
4 0 11.11 -.25 1.46 10.95 -.25 2.03 10.55 -.25 2.27 11.03 -.25 .89
3 0 20.45 -.25 3.04 21.1 -.25 3.41 21.43 -.25 3.69
4 0 21.43 -.25 3.69 19.24 -.25 2.6 19.8 -.25 2.76 20.45 -.25 3.04
4 0 25.74 -.25 5.81 21.43 -.25 3.69 22.38 -.25 3.69 26.12 -.25 5.74
3 0 18.44 -.25 3.69 21.43 -.25 3.69 25.74 -.25 5.81
3 0 25.74 -.25 5.81 13.09 -.25 3.69 18.44 -.25 3.69
3 0 2.39 -.25 3.69 8.84 -.25 3.46 9.57 -.25 3.65
4 0 1.52 -.25 -2.74 2.13 -.25 -2.74 2.69 -.25 -2.36 .98 -.25 -2.36
4 0 8.27 -.25 -1.79 8.11 -.25 1.62 6.02 -.25 -2.88 6.25 -.25 -3.11
4 0 5.38 -.25 -2.88 4.67 -.25 -.97 4.23 -.25 -2.38 5.15 -.25 -3.11
3 0 .22 -.25 -3.46 -2.72 -.25 -4.06 1.26 -.25 -4.06
4 0 3.11 -.25 -1.64 3.33 -.25 -.71 .32 -.25 -.71 .54 -.25 -1.64
4 0 .32 -.25 .3 .32 -.25 -.71 3.33 -.25 -.71 3.33 -.25 .3
3 0 -.58 -.25 -2.38 -2.72 -.25 -4.06 .22 -.25 -3.46
3 0 -1.01 -.25 -.97 -2.72 -.25 -4.06 -.58 -.25 -2.38
4 0 -1.01 -.25 .56 -2.72 -.25 3.69 -2.72 -.25 -4.06 -1.01 -.25 -.97
3 0 -2.72 -.25 3.69 -1.01 -.25 .56 -.58 -.25 1.97
3 0 -2.72 -.25 3.69 -.58 -.25 1.97 .22 -.25 3.05
3 0 -2.72 -.25 3.69 .22 -.25 3.05 1.26 -.25 3.69
4 0 18.44 -.25 3.69 18.44 -.25 2.82 19.24 -.25 2.6 21.43 -.25 3.69
4 0 18.44 -.25 2.82 17.14 -.25 .3 19.24 -.25 1.14 19.24 -.25 2.6
4 0 16.5 -.25 -1.32 16.09 -.25 -3 20.86 -.25 -4.06 19.24 -.25 1.14
4 0 7.79 -.25 -2.84 8.27 -.25 -1.79 6.25 -.25 -3.11 6.33 -.25 -3.43
4 0 12.41 -.25 .08 11.76 -.25 -.65 12.82 -.25 -2.68 14.55 -.25 -2.27
4 0 12.82 -.25 -2.68 11.76 -.25 -.65 9.9 -.25 -2.03 9.57 -.25 -2.52
3 0 9.57 -.25 -2.52 9.57 -.25 -2.68 12.82 -.25 -2.68
4 0 0 -.25 -5.81 25.74 -.25 -5.81 14.14 -.25 -4.06 12.82 -.25 -4.06
4 0 7.79 -.25 -2.84 6.33 -.25 -3.43 6.25 -.25 -3.75 7.71 -.25 -4.06
4 0 4.67 -.25 .56 6.02 -.25 -2.88 8.11 -.25 1.62 4.23 -.25 1.97
4 0 3.43 -.25 3.05 4.23 -.25 1.97 8.11 -.25 1.62 8.11 -.25 3.08
4 0 10.55 -.25 2.27 8.92 -.25 -1.06 10.63 -.25 .24 11.03 -.25 .89
4 0 10.55 -.25 2.27 9.9 -.25 2.35 9 -.25 2.19 8.92 -.25 -1.06
4 0 8.27 -.25 -1.79 8.92 -.25 -1.06 9 -.25 2.19 8.11 -.25 1.62
4 0 2.39 -.25 3.69 3.43 -.25 3.05 8.11 -.25 3.08 8.84 -.25 3.46
4 0 11.28 -.25 3.57 13.09 -.25 3.69 25.74 -.25 5.81 10.43 -.25 3.69
4 0 10.43 -.25 3.69 25.74 -.25 5.81 0 -.25 5.81 9.57 -.25 3.65
3 0 0 -.25 5.81 2.39 -.25 3.69 9.57 -.25 3.65
3 0 0 -.25 5.81 1.26 -.25 3.69 2.39 -.25 3.69
3 0 -9.76 -.25 3.69 -3.67 -.25 3.69 0 -.25 5.81
3 0 -11.87 -.25 3.69 -9.76 -.25 3.69 0 -.25 5.81
4 0 -18.74 -.25 -2.11 -18.9 -.25 1.89 -19.63 -.25 2.21 -19.63 -.25 -2.6
3 0 -15.57 -.25 3.69 -18.17 -.25 3.45 -17.36 -.25 2.94
3 0 -15.57 -.25 3.69 -17.36 -.25 2.94 -16.71 -.25 2.21
3 0 -15.57 -.25 3.69 -16.71 -.25 2.21 -16.38 -.25 1.56
4 0 -16.14 -.25 .51 -16.14 -.25 -.65 -15.57 -.25 -4.06 -15.57 -.25 3.69
3 0 -13.8 -.25 -.95 -13.79 -.25 -4.06 -11.78 -.25 -4.06
4 0 -15.57 -.25 -4.06 -18.58 -.25 -3.81 -19.63 -.25 -4.06 -25.74 -.25 -5.81
4 0 -25.74 -.25 -5.81 -19.63 -.25 -4.06 -22.88 -.25 -4.06 -26.12 -.25 -5.74
4 0 -4.24 -.25 -4.06 -5.86 -.25 1.14 -12.43 -.25 -.08 -9.59 -.25 -4.06
3 0 -25.74 -.25 5.81 -15.57 -.25 3.69 -13.79 -.25 3.69
3 0 -9.76 -.25 3.69 -5.86 -.25 1.14 -5.86 -.25 2.6
3 0 -9.76 -.25 3.69 -12.43 -.25 -.08 -5.86 -.25 1.14
4 0 -13.79 -.25 -4.06 -25.74 -.25 -5.81 0 -.25 -5.81 -11.78 -.25 -4.06
3 0 0 -.25 -5.81 -9.59 -.25 -4.06 -11.78 -.25 -4.06
3 0 -16.38 -.25 -1.7 -16.79 -.25 -2.52 -15.57 -.25 -4.06
3 0 -16.79 -.25 -2.52 -17.6 -.25 -3.33 -15.57 -.25 -4.06
3 0 -16.14 -.25 -.65 -16.38 -.25 -1.7 -15.57 -.25 -4.06
3 0 -17.6 -.25 -3.33 -18.58 -.25 -3.81 -15.57 -.25 -4.06
3 0 -13.79 -.25 -4.06 -15.57 -.25 -4.06 -25.74 -.25 -5.81
3 0 -15.57 -.25 3.69 -18.98 -.25 3.69 -18.17 -.25 3.45
4 0 12.41 -.25 .08 14.55 -.25 -2.27 15.12 -.25 -.59 12.74 -.25 .81
3 0 19.24 -.25 1.14 17.14 -.25 .3 16.5 -.25 -1.32
4 0 14.22 -.25 -3.65 14.55 -.25 -2.27 12.82 -.25 -2.68 12.82 -.25 -4.06
4 0 20.86 -.25 -4.06 16.09 -.25 -3 15.93 -.25 -4.06 25.74 -.25 -5.81
3 0 14.14 -.25 -4.06 25.74 -.25 -5.81 15.93 -.25 -4.06
3 0 14.22 -.25 -3.65 12.82 -.25 -4.06 14.14 -.25 -4.06
4 0 15.77 -.25 .79 12.84 -.25 1.5 12.74 -.25 .81 15.12 -.25 -.59
4 0 13.09 -.25 2.32 12.74 -.25 2.19 12.84 -.25 1.5 15.77 -.25 .79
4 0 16.58 -.25 2.25 16.58 -.25 2.33 13.09 -.25 2.32 15.77 -.25 .79
4 0 12.42 -.25 2.84 12.74 -.25 2.19 13.09 -.25 2.32 13.09 -.25 3.69
3 0 11.28 -.25 3.57 12.01 -.25 3.25 13.09 -.25 3.69
4 0 .98 -.25 1.94 .54 -.25 1.23 3.11 -.25 1.23 2.69 -.25 1.94
4 0 3.33 -.25 .3 3.11 -.25 1.23 .54 -.25 1.23 .32 -.25 .3
4 0 3.11 -.25 -1.64 .54 -.25 -1.64 .98 -.25 -2.36 2.69 -.25 -2.36
4 0 .98 -.25 1.94 2.69 -.25 1.94 2.13 -.25 2.33 1.52 -.25 2.33
4 0 -21.17 -.25 -2.68 -19.63 -.25 -2.6 -19.63 -.25 2.21 -21.17 -.25 2.29
4 0 -18.01 -.25 .59 -18.33 -.25 1.4 -18.9 -.25 1.89 -18.01 -.25 -.81
4 0 -18.74 -.25 -2.11 -18.17 -.25 -1.46 -18.01 -.25 -.81 -18.9 -.25 1.89
4 0 6.02 -.25 -2.88 4.67 -.25 .56 4.67 -.25 -.97 5.7 -.25 -2.79
3 0 6.25 -.25 -3.75 6.02 -.25 -3.98 7.71 -.25 -4.06
3 0 6.02 -.25 -3.98 5.7 -.25 -4.06 7.71 -.25 -4.06
4 0 3.43 -.25 -3.46 2.39 -.25 -4.06 5.15 -.25 -3.75 5.07 -.25 -3.43
3 0 3.43 -.25 -3.46 5.07 -.25 -3.43 5.15 -.25 -3.11
3 0 4.23 -.25 -2.38 3.43 -.25 -3.46 5.15 -.25 -3.11
3 0 4.67 -.25 -.97 5.38 -.25 -2.88 5.7 -.25 -2.79
3 0 5.38 -.25 -3.98 2.39 -.25 -4.06 5.7 -.25 -4.06
3 0 5.15 -.25 -3.75 2.39 -.25 -4.06 5.38 -.25 -3.98
3 0 7.71 -.25 -4.06 5.7 -.25 -4.06 0 -.25 -5.81
3 0 5.7 -.25 -4.06 2.39 -.25 -4.06 0 -.25 -5.81
3 0 12.82 -.25 -4.06 7.71 -.25 -4.06 0 -.25 -5.81
4 0 -22.88 -.25 3.69 -25.74 -.25 5.81 -26.12 -.25 5.74 -26.43 -.25 5.52
4 0 -22.88 -.25 3.69 -26.43 -.25 5.52 -26.65 -.25 5.21 -26.72 -.25 4.83
4 0 -22.88 -.25 3.69 -26.72 -.25 4.83 -26.72 -.25 -4.83 -22.88 -.25 -4.06
4 0 -22.88 -.25 -4.06 -26.72 -.25 -4.83 -26.65 -.25 -5.21 -26.43 -.25 -5.52
3 0 -22.88 -.25 -4.06 -26.43 -.25 -5.52 -26.12 -.25 -5.74
4 0 26.43 -.25 5.52 26.12 -.25 5.74 22.38 -.25 3.69 26.65 -.25 5.21
4 0 26.72 -.25 -4.83 26.72 -.25 4.83 26.65 -.25 5.21 22.38 -.25 3.69
4 0 26.72 -.25 -4.83 22.38 -.25 3.69 22.38 -.25 -4.06 26.65 -.25 -5.21
4 0 26.43 -.25 -5.52 26.65 -.25 -5.21 22.38 -.25 -4.06 26.12 -.25 -5.74
3 0 -15.57 -.25 3.69 -16.38 -.25 1.56 -16.14 -.25 .51
3 0 13.09 -.25 3.69 12.01 -.25 3.25 12.42 -.25 2.84
4 15 -26.72 -.25 4.83 -26.65 -.25 5.21 -26.99 -.25 5.35 -27.09 -.25 4.83
4 15 -26.12 -.25 5.74 -25.74 -.25 5.81 -25.74 -.25 6.18 -26.26 -.25 6.08
4 15 -26.43 -.25 5.52 -26.12 -.25 5.74 -26.26 -.25 6.08 -26.69 -.25 5.78
4 15 -26.65 -.25 5.21 -26.43 -.25 5.52 -26.69 -.25 5.78 -26.99 -.25 5.35
4 15 25.74 -.25 5.81 25.74 -.25 6.18 -25.74 -.25 6.18 0 -.25 5.81
3 15 -25.74 -.25 5.81 0 -.25 5.81 -25.74 -.25 6.18
4 15 26.12 -.25 5.74 26.26 -.25 6.08 25.74 -.25 6.18 25.74 -.25 5.81
4 15 26.65 -.25 5.21 26.72 -.25 4.83 27.09 -.25 4.83 26.99 -.25 5.35
4 15 26.43 -.25 5.52 26.65 -.25 5.21 26.99 -.25 5.35 26.69 -.25 5.78
4 15 26.12 -.25 5.74 26.43 -.25 5.52 26.69 -.25 5.78 26.26 -.25 6.08
4 15 26.12 -.25 -5.74 25.74 -.25 -5.81 25.74 -.25 -6.18 26.26 -.25 -6.08
4 15 26.43 -.25 -5.52 26.12 -.25 -5.74 26.26 -.25 -6.08 26.69 -.25 -5.78
4 15 26.65 -.25 -5.21 26.43 -.25 -5.52 26.69 -.25 -5.78 26.99 -.25 -5.35
4 15 26.72 -.25 -4.83 26.65 -.25 -5.21 26.99 -.25 -5.35 27.09 -.25 -4.83
4 15 -26.65 -.25 -5.21 -26.72 -.25 -4.83 -27.09 -.25 -4.83 -26.99 -.25 -5.35
4 15 -26.43 -.25 -5.52 -26.65 -.25 -5.21 -26.99 -.25 -5.35 -26.69 -.25 -5.78
4 15 -26.12 -.25 -5.74 -26.43 -.25 -5.52 -26.69 -.25 -5.78 -26.26 -.25 -6.08
4 15 -25.74 -.25 -5.81 -26.12 -.25 -5.74 -26.26 -.25 -6.08 -25.74 -.25 -6.18
3 15 0 -.25 -5.81 -25.74 -.25 -5.81 -25.74 -.25 -6.18
4 15 -25.74 -.25 -6.18 25.74 -.25 -6.18 25.74 -.25 -5.81 0 -.25 -5.81
4 15 -27.09 -.25 4.83 -27.09 -.25 -4.83 -26.72 -.25 -4.83 -26.72 -.25 4.83
4 15 26.72 -.25 4.83 26.72 -.25 -4.83 27.09 -.25 -4.83 27.09 -.25 4.83
4 15 22.38 -.25 3.69 21.43 -.25 3.69 21.1 -.25 3.41 20.86 -.25 1.79
3 15 -16.71 -.25 2.21 -17.36 -.25 2.94 -18.33 -.25 1.4
4 15 -18.01 -.25 .59 -16.38 -.25 1.56 -16.71 -.25 2.21 -18.33 -.25 1.4
4 15 -12.43 -.25 -.08 -9.76 -.25 3.69 -11.87 -.25 3.69 -13.81 -.25 .53
4 15 20.78 -.25 1.79 20.45 -.25 3.04 19.8 -.25 2.76 20.3 -.25 1.48
4 15 20.86 -.25 1.79 21.1 -.25 3.41 20.45 -.25 3.04 20.78 -.25 1.79
4 15 20.86 -.25 1.79 20.86 -.25 -4.06 22.38 -.25 -4.06 22.38 -.25 3.69
4 15 12.82 -.25 -4.06 12.82 -.25 -2.68 9.57 -.25 -2.68 7.71 -.25 -4.06
4 15 19.24 -.25 2.6 19.83 -.25 1.27 20.3 -.25 1.48 19.8 -.25 2.76
3 15 19.24 -.25 2.6 19.24 -.25 1.14 19.83 -.25 1.27
4 15 13.09 -.25 2.32 16.58 -.25 2.33 18.44 -.25 3.69 13.09 -.25 3.69
4 15 3.43 -.25 3.05 2.39 -.25 3.69 2.13 -.25 2.33 2.69 -.25 1.94
4 15 8.92 -.25 -1.06 9.9 -.25 -2.03 11.76 -.25 -.65 10.63 -.25 .24
4 15 12.41 -.25 .08 11.03 -.25 .89 10.63 -.25 .24 11.76 -.25 -.65
4 15 1.52 -.25 -2.74 .98 -.25 -2.36 .22 -.25 -3.46 1.26 -.25 -4.06
4 15 9.9 -.25 -2.03 8.92 -.25 -1.06 8.27 -.25 -1.79 9.57 -.25 -2.52
4 15 2.69 -.25 -2.36 2.13 -.25 -2.74 2.39 -.25 -4.06 3.43 -.25 -3.46
4 15 4.23 -.25 1.97 3.11 -.25 1.23 3.33 -.25 .3 4.67 -.25 .56
4 15 3.33 -.25 -.71 4.67 -.25 -.97 4.67 -.25 .56 3.33 -.25 .3
4 15 2.39 -.25 3.69 1.26 -.25 3.69 1.52 -.25 2.33 2.13 -.25 2.33
4 15 9 -.25 2.19 9.9 -.25 2.35 9.57 -.25 3.65 8.84 -.25 3.46
4 15 12.01 -.25 3.25 11.28 -.25 3.57 10.95 -.25 2.03 12.42 -.25 2.84
4 15 12.42 -.25 2.84 10.95 -.25 2.03 11.11 -.25 1.46 12.74 -.25 2.19
4 15 9.57 -.25 -2.68 9.57 -.25 -2.52 8.27 -.25 -1.79 7.79 -.25 -2.84
4 15 16.5 -.25 -1.32 15.12 -.25 -.59 14.55 -.25 -2.27 16.09 -.25 -3
4 15 16.09 -.25 -3 14.55 -.25 -2.27 14.22 -.25 -3.65 15.93 -.25 -4.06
3 15 9.57 -.25 -2.68 7.79 -.25 -2.84 7.71 -.25 -4.06
4 15 12.41 -.25 .08 12.74 -.25 .81 11.11 -.25 1.46 11.03 -.25 .89
4 15 12.74 -.25 2.19 11.11 -.25 1.46 12.74 -.25 .81 12.84 -.25 1.5
4 15 10.43 -.25 3.69 10.55 -.25 2.27 10.95 -.25 2.03 11.28 -.25 3.57
4 15 9.57 -.25 3.65 9.9 -.25 2.35 10.55 -.25 2.27 10.43 -.25 3.69
4 15 8.11 -.25 1.62 9 -.25 2.19 8.84 -.25 3.46 8.11 -.25 3.08
4 15 -12.43 -.25 -.08 -13.8 -.25 -.95 -11.78 -.25 -4.06 -9.59 -.25 -4.06
3 15 -16.14 -.25 .51 -16.38 -.25 1.56 -18.01 -.25 .59
4 15 -18.01 -.25 -.81 -16.14 -.25 -.65 -16.14 -.25 .51 -18.01 -.25 .59
4 15 -19.63 -.25 2.21 -18.9 -.25 1.89 -18.17 -.25 3.45 -18.98 -.25 3.69
4 15 -15.57 -.25 -4.06 -13.81 -.25 .53 -13.79 -.25 3.69 -15.57 -.25 3.69
3 15 -18.58 -.25 -3.81 -17.6 -.25 -3.33 -18.74 -.25 -2.11
4 15 -13.8 -.25 -.95 -13.81 -.25 .53 -15.57 -.25 -4.06 -13.79 -.25 -4.06
4 15 -18.01 -.25 -.81 -18.17 -.25 -1.46 -16.79 -.25 -2.52 -16.38 -.25 -1.7
4 15 -18.98 -.25 3.69 -22.88 -.25 3.69 -21.17 -.25 2.29 -19.63 -.25 2.21
3 15 -13.81 -.25 .53 -13.8 -.25 -.95 -12.43 -.25 -.08
4 15 15.77 -.25 .79 17.14 -.25 .3 18.44 -.25 2.82 16.58 -.25 2.25
3 15 14.22 -.25 -3.65 14.14 -.25 -4.06 15.93 -.25 -4.06
4 15 15.77 -.25 .79 15.12 -.25 -.59 16.5 -.25 -1.32 17.14 -.25 .3
4 15 16.58 -.25 2.25 18.44 -.25 2.82 18.44 -.25 3.69 16.58 -.25 2.33
4 15 1.52 -.25 2.33 1.26 -.25 3.69 .22 -.25 3.05 .98 -.25 1.94
4 15 3.43 -.25 3.05 2.69 -.25 1.94 3.11 -.25 1.23 4.23 -.25 1.97
4 15 3.11 -.25 -1.64 4.23 -.25 -2.38 4.67 -.25 -.97 3.33 -.25 -.71
4 15 .32 -.25 -.71 .32 -.25 .3 -1.01 -.25 .56 -1.01 -.25 -.97
4 15 3.43 -.25 -3.46 4.23 -.25 -2.38 3.11 -.25 -1.64 2.69 -.25 -2.36
4 15 1.26 -.25 -4.06 2.39 -.25 -4.06 2.13 -.25 -2.74 1.52 -.25 -2.74
4 15 .54 -.25 -1.64 -.58 -.25 -2.38 .22 -.25 -3.46 .98 -.25 -2.36
4 15 -1.01 -.25 -.97 -.58 -.25 -2.38 .54 -.25 -1.64 .32 -.25 -.71
4 15 .22 -.25 3.05 -.58 -.25 1.97 .54 -.25 1.23 .98 -.25 1.94
4 15 -.58 -.25 1.97 -1.01 -.25 .56 .32 -.25 .3 .54 -.25 1.23
4 15 -18.17 -.25 3.45 -18.9 -.25 1.89 -18.33 -.25 1.4 -17.36 -.25 2.94
3 15 -18.01 -.25 -.81 -16.38 -.25 -1.7 -16.14 -.25 -.65
4 15 -16.79 -.25 -2.52 -18.17 -.25 -1.46 -18.74 -.25 -2.11 -17.6 -.25 -3.33
4 15 -18.58 -.25 -3.81 -18.74 -.25 -2.11 -19.63 -.25 -2.6 -19.63 -.25 -4.06
4 15 -21.17 -.25 -2.68 -22.88 -.25 -4.06 -19.63 -.25 -4.06 -19.63 -.25 -2.6
4 15 -22.88 -.25 3.69 -22.88 -.25 -4.06 -21.17 -.25 -2.68 -21.17 -.25 2.29
4 15 5.7 -.25 -3.43 5.15 -.25 -3.11 5.07 -.25 -3.43 5.15 -.25 -3.75
4 15 5.7 -.25 -3.43 5.15 -.25 -3.75 5.38 -.25 -3.98 5.7 -.25 -4.06
4 15 5.7 -.25 -3.43 5.7 -.25 -4.06 6.02 -.25 -3.98 6.25 -.25 -3.75
4 15 5.7 -.25 -3.43 6.25 -.25 -3.75 6.33 -.25 -3.43 6.25 -.25 -3.11
4 15 5.7 -.25 -3.43 6.25 -.25 -3.11 6.02 -.25 -2.88 5.7 -.25 -2.79
4 15 5.7 -.25 -3.43 5.7 -.25 -2.79 5.38 -.25 -2.88 5.15 -.25 -3.11
4 15 -2.72 -.25 3.69 -3.67 -.25 3.69 -4 -.25 3.41 -4.24 -.25 1.79
4 15 -4.32 -.25 1.79 -4.65 -.25 3.04 -5.3 -.25 2.76 -4.8 -.25 1.48
4 15 -4.24 -.25 1.79 -4 -.25 3.41 -4.65 -.25 3.04 -4.32 -.25 1.79
4 15 -4.24 -.25 1.79 -4.24 -.25 -4.06 -2.72 -.25 -4.06 -2.72 -.25 3.69
4 15 -5.86 -.25 2.6 -5.27 -.25 1.27 -4.8 -.25 1.48 -5.3 -.25 2.76
3 15 -5.86 -.25 2.6 -5.86 -.25 1.14 -5.27 -.25 1.27
