0 Plate  1 x  1 Round with Angled Bar
0 Name: 65578.dat
0 Author: Magnus Forsberg [MagFors]
0 !LDRAW_ORG Part UPDATE 2020-02
0 !LICENSE Redistributable under CCAL version 2.0 : see CAreadme.txt

0 BFC CERTIFY CCW

0 !HISTORY 2020-09-05 [PTadmin] Official Update 2020-02

1 16 0 0 0 1 0 0 0 1 0 0 0 1 stud2a.dat

0 BFC INVERTNEXT
1 16 0 0 0 .7 0 0 0 6 0 0 0 .7 4-4con4.dat
1 16 0 6 0 2.8 0 0 0 1 0 0 0 2.8 4-4edge.dat
0 BFC INVERTNEXT
1 16 0 6 0 2.8 0 0 0 1 0 0 0 2.8 4-4con0.dat
1 16 0 0 0 3.5 0 0 0 1 0 0 0 3.5 4-4edge.dat
1 16 0 0 0 .5 0 0 0 1 0 0 0 .5 4-4ring7.dat
1 16 0 0 0 4 0 0 0 1 0 0 0 4 4-4edge.dat
1 16 0 0 0 6 0 0 0 1 0 0 0 6 4-4edge.dat
1 16 0 0 0 2 0 0 0 1 0 0 0 2 4-4ring3.dat
1 16 0 0 0 2 0 0 0 1 0 0 0 2 4-4ring4.dat
1 16 0 0 0 10 0 0 0 2 0 0 0 10 4-4cylo.dat

1 16 0 8 0 4 0 0 0 1 0 0 0 4 4-4edge.dat
1 16 -4 8 0 4 0 0 0 0 4 0 -4 0 r08q1000.dat

1 16 -10.0104 19.6673 0 2.82843 0 0 2.82843 -1 0 0 0 4 4-4edge.dat
1 16 -10.0104 19.6673 0 2.82843 0 0 2.82843 -1 0 0 0 4 4-4disc.dat
1 16 -10.0104 19.6673 0 2.82843 8.83884 0 2.82843 -8.83884 0 0 0 4 4-4cyli.dat

0 // wing
2 24 3.6956 8 1.5308 3 7.7 8.5
2 24 3 7.7 8.5 3 2.2039 9.1995
2 24 3.5097 7.0365 3.5097 3.142 3.7899 7.5853
2 24 3.5097 7.0365 3.5097 3.6956 8 1.5308
2 24 3.142 3.7899 7.5853 3 2.2039 9.1995
2 24 0 2.741 9.259 3 2.2039 9.1995
4 16 9.239 2 3.827 10 2 0 4 8 0 3.6956 8 1.5308
4 16 9.239 2 3.827 3.6956 8 1.5308 3.5097 7.0365 3.5097 7.071 2 7.071
4 16 7.071 2 7.071 3.5097 7.0365 3.5097 3.142 3.7899 7.5853 3.827 2 9.239
3 16 3.142 3.7899 7.5853 3 2.2039 9.1995 3.827 2 9.239
3 16 3 2.2039 9.1995 0 2 10 3.827 2 9.239
3 16 3 2.2039 9.1995 0 2.741 9.259 0 2 10
3 16 0 2.741 9.259 3 2.2039 9.1995 3 7.7 8.5
3 16 3 7.7 8.5 -3 7.7 8.5 0 2.741 9.259
3 16 3 7.7 8.5 3 2.2039 9.1995 3.142 3.7899 7.5853
3 16 3 7.7 8.5 3.142 3.7899 7.5853 3.5097 7.0365 3.5097
3 16 3 7.7 8.5 3.5097 7.0365 3.5097 3.6956 8 1.5308
3 16 3 7.7 8.5 3.6956 8 1.5308 2.8284 8 2.8284
3 16 3 7.7 8.5 2.8284 8 2.8284 1.5308 8 3.6956
3 16 3 7.7 8.5 1.5308 8 3.6956 0 8 4
3 16 0 8 4 -3 7.7 8.5 3 7.7 8.5
5 24 9.239 2 3.827 3.6956 8 1.5308 10 2 0 7.071 2 7.071
5 24 7.071 2 7.071 3.5097 7.0365 3.5097 9.239 2 3.827 3.827 2 9.239
5 24 3.827 2 9.239 3.142 3.7899 7.5853 7.071 2 7.071 3 2.2039 9.1995

2 24 3.6956 8 -1.5308 3 7.7 -8.5
2 24 3 7.7 -8.5 3 2.2039 -9.1995
2 24 3.5097 7.0365 -3.5097 3.142 3.7899 -7.5853
2 24 3.5097 7.0365 -3.5097 3.6956 8 -1.5308
2 24 3.142 3.7899 -7.5853 3 2.2039 -9.1995
2 24 0 2.741 -9.259 3 2.2039 -9.1995
4 16 4 8 0 10 2 0 9.239 2 -3.827 3.6956 8 -1.5308
4 16 3.5097 7.0365 -3.5097 3.6956 8 -1.5308 9.239 2 -3.827 7.071 2 -7.071
4 16 3.142 3.7899 -7.5853 3.5097 7.0365 -3.5097 7.071 2 -7.071 3.827 2 -9.239
3 16 3 2.2039 -9.1995 3.142 3.7899 -7.5853 3.827 2 -9.239
3 16 0 2 -10 3 2.2039 -9.1995 3.827 2 -9.239
3 16 0 2.741 -9.259 3 2.2039 -9.1995 0 2 -10
3 16 3 7.7 -8.5 3 2.2039 -9.1995 0 2.741 -9.259
3 16 0 2.741 -9.259 -3 7.7 -8.5 3 7.7 -8.5
3 16 3 7.7 -8.5 3.142 3.7899 -7.5853 3 2.2039 -9.1995
3 16 3 7.7 -8.5 3.5097 7.0365 -3.5097 3.142 3.7899 -7.5853
3 16 3 7.7 -8.5 3.6956 8 -1.5308 3.5097 7.0365 -3.5097
3 16 3 7.7 -8.5 2.8284 8 -2.8284 3.6956 8 -1.5308
3 16 3 7.7 -8.5 1.5308 8 -3.6956 2.8284 8 -2.8284
3 16 0 8 -4 1.5308 8 -3.6956 3 7.7 -8.5
3 16 3 7.7 -8.5 -3 7.7 -8.5 0 8 -4
5 24 9.239 2 -3.827 3.6956 8 -1.5308 10 2 0 7.071 2 -7.071
5 24 7.071 2 -7.071 3.5097 7.0365 -3.5097 9.239 2 -3.827 3.827 2 -9.239
5 24 3.827 2 -9.239 3.142 3.7899 -7.5853 7.071 2 -7.071 3 2.2039 -9.1995
2 24 -3 7.7 8.5 3 7.7 8.5
5 24 10 2 0 4 8 0 9.239 2 3.827 9.239 2 -3.827

0 // wing
2 24 -3.6956 8 -1.5308 -3 7.7 -8.5
2 24 -3 7.7 -8.5 -3 2.2039 -9.1995
2 24 -3.5097 7.0365 -3.5097 -3.142 3.7899 -7.5853
2 24 -3.5097 7.0365 -3.5097 -3.6956 8 -1.5308
2 24 -3.142 3.7899 -7.5853 -3 2.2039 -9.1995
2 24 0 2.741 -9.259 -3 2.2039 -9.1995
4 16 -9.239 2 -3.827 -10 2 0 -4 8 0 -3.6956 8 -1.5308
4 16 -9.239 2 -3.827 -3.6956 8 -1.5308 -3.5097 7.0365 -3.5097 -7.071 2 -7.071
4 16 -7.071 2 -7.071 -3.5097 7.0365 -3.5097 -3.142 3.7899 -7.5853 -3.827 2 -9.239
3 16 -3.142 3.7899 -7.5853 -3 2.2039 -9.1995 -3.827 2 -9.239
3 16 -3 2.2039 -9.1995 0 2 -10 -3.827 2 -9.239
3 16 -3 2.2039 -9.1995 0 2.741 -9.259 0 2 -10
3 16 -3 2.2039 -9.1995 -3 7.7 -8.5 0 2.741 -9.259
3 16 -3 2.2039 -9.1995 -3.142 3.7899 -7.5853 -3 7.7 -8.5
3 16 -3.142 3.7899 -7.5853 -3.5097 7.0365 -3.5097 -3 7.7 -8.5
3 16 -3.5097 7.0365 -3.5097 -3.6956 8 -1.5308 -3 7.7 -8.5
3 16 -3.6956 8 -1.5308 -2.8284 8 -2.8284 -3 7.7 -8.5
3 16 -2.8284 8 -2.8284 -1.5308 8 -3.6956 -3 7.7 -8.5
3 16 -1.5308 8 -3.6956 0 8 -4 -3 7.7 -8.5
5 24 -9.239 2 -3.827 -3.6956 8 -1.5308 -10 2 0 -7.071 2 -7.071
5 24 -7.071 2 -7.071 -3.5097 7.0365 -3.5097 -9.239 2 -3.827 -3.827 2 -9.239
5 24 -3.827 2 -9.239 -3.142 3.7899 -7.5853 -7.071 2 -7.071 -3 2.2039 -9.1995

2 24 -3.6956 8 1.5308 -3 7.7 8.5
2 24 -3 7.7 8.5 -3 2.2039 9.1995
2 24 -3.5097 7.0365 3.5097 -3.142 3.7899 7.5853
2 24 -3.5097 7.0365 3.5097 -3.6956 8 1.5308
2 24 -3.142 3.7899 7.5853 -3 2.2039 9.1995
2 24 0 2.741 9.259 -3 2.2039 9.1995
4 16 -4 8 0 -10 2 0 -9.239 2 3.827 -3.6956 8 1.5308
4 16 -3.5097 7.0365 3.5097 -3.6956 8 1.5308 -9.239 2 3.827 -7.071 2 7.071
4 16 -3.142 3.7899 7.5853 -3.5097 7.0365 3.5097 -7.071 2 7.071 -3.827 2 9.239
3 16 -3.827 2 9.239 -3 2.2039 9.1995 -3.142 3.7899 7.5853
3 16 -3.827 2 9.239 0 2 10 -3 2.2039 9.1995
3 16 0 2 10 0 2.741 9.259 -3 2.2039 9.1995
3 16 0 2.741 9.259 -3 7.7 8.5 -3 2.2039 9.1995
3 16 -3 7.7 8.5 -3.142 3.7899 7.5853 -3 2.2039 9.1995
3 16 -3 7.7 8.5 -3.5097 7.0365 3.5097 -3.142 3.7899 7.5853
3 16 -3 7.7 8.5 -3.6956 8 1.5308 -3.5097 7.0365 3.5097
3 16 -3 7.7 8.5 -2.8284 8 2.8284 -3.6956 8 1.5308
3 16 -3 7.7 8.5 -1.5308 8 3.6956 -2.8284 8 2.8284
3 16 -3 7.7 8.5 0 8 4 -1.5308 8 3.6956
5 24 -9.239 2 3.827 -3.6956 8 1.5308 -10 2 0 -7.071 2 7.071
5 24 -7.071 2 7.071 -3.5097 7.0365 3.5097 -9.239 2 3.827 -3.827 2 9.239
5 24 -3.827 2 9.239 -3.142 3.7899 7.5853 -7.071 2 7.071 -3 2.2039 9.1995
2 24 3 7.7 -8.5 -3 7.7 -8.5
5 24 -10 2 0 -4 8 0 -9.239 2 -3.827 -9.239 2 3.827

5 24 1.5308 8 -3.6956 3 7.7 -8.5 2.8284 8 -2.8284 0 8 -4
5 24 -2.8284 8 -2.8284 -3 7.7 -8.5 -1.5308 8 -3.6956 -3.6956 8 -1.5308
5 24 -1.5308 8 -3.6956 -3 7.7 -8.5 -2.8284 8 -2.8284 0 8 -4
5 24 2.8284 8 -2.8284 3 7.7 -8.5 1.5308 8 -3.6956 3.6956 8 -1.5308
5 24 0 8 -4 -3 7.7 -8.5 -1.5308 8 -3.6956 3 7.7 -8.5
5 24 0 8 -4 3 7.7 -8.5 1.5308 8 -3.6956 -3 7.7 -8.5
5 24 -1.5308 8 3.6956 -3 7.7 8.5 -2.8284 8 2.8284 0 8 4
5 24 -2.8284 8 2.8284 -3 7.7 8.5 -3.6956 8 1.5308 -1.5308 8 3.6956
5 24 0 8 4 -3 7.7 8.5 3 7.7 8.5 -1.5308 8 3.6956
5 24 2.8284 8 2.8284 3 7.7 8.5 1.5308 8 3.6956 3.6956 8 1.5308
5 24 3 7.7 8.5 1.5308 8 3.6956 0 8 4 2.8284 8 2.8284
5 24 0 8 4 3 7.7 8.5 1.5308 8 3.6956 -3 7.7 8.5
5 24 0 2 10 0 2.741 9.259 -3 2.2039 9.1995 3 2.2039 9.1995
5 24 0 2 -10 0 2.741 -9.259 3 2.2039 -9.1995 -3 2.2039 -9.1995
5 24 0 2.741 9.259 -3 7.7 8.5 -3 2.2039 9.1995 3 7.7 8.5
5 24 0 2.741 9.259 3 7.7 8.5 -3 7.7 8.5 3 2.2039 9.1995
5 24 0 2.741 -9.259 3 7.7 -8.5 3 2.2039 -9.1995 -3 7.7 -8.5
5 24 0 2.741 -9.259 -3 7.7 -8.5 3 7.7 -8.5 -3 2.2039 -9.1995
