0 Tile  2 x  4 with Rounded Ends with "Europe" on Green Background Pattern
0 Name: 66857p04.dat
0 Author: Evert-Jan Boer [ejboer]
0 !LDRAW_ORG Part UPDATE 2024-04
0 !LICENSE Licensed under CC BY 4.0 : see CAreadme.txt

0 BFC CERTIFY CCW

0 !KEYWORDS Bricklink 66857pb015, Earth, Globe, Set 21332

0 !HISTORY 2024-05-28 [OrionP] Official Update 2024-04


1 16 0 0 0 1 0 0 0 1 0 0 0 1 s\66857s01.dat
1 16 0 0 -20 -2 0 0 0 1 0 0 0 -2 2-4ring9.dat
1 16 0 0 20 2 0 0 0 1 0 0 0 2 2-4ring9.dat
1 2 0 0 -20 0 0 18 0 1 0 -18 0 0 1-4chrd.dat
1 2 0 0 -20 0 0 -18 0 1 0 -18 0 0 1-4chrd.dat
1 2 0 0 20 0 0 -18 0 1 0 18 0 0 1-4chrd.dat
1 2 0 0 20 0 0 18 0 1 0 18 0 0 1-4chrd.dat
4 16 1.2 0 2.28 .83 0 3.99 -.57 0 2.51 .3 0 2.31
3 16 -.57 0 2.51 .83 0 3.99 .09 0 4.09
4 16 -.46 0 4.27 -1.37 0 2.91 -.57 0 2.51 .09 0 4.09
4 16 -.9 0 4.59 -2.07 0 3.45 -1.37 0 2.91 -.46 0 4.27
4 16 -1.26 0 4.98 -2.65 0 4.05 -2.07 0 3.45 -.9 0 4.59
4 16 -1.53 0 5.42 -3.02 0 4.8 -2.65 0 4.05 -1.26 0 4.98
4 16 -1.65 0 5.85 -3.29 0 5.61 -3.02 0 4.8 -1.53 0 5.42
4 16 -3.29 0 5.61 -1.65 0 5.85 -1.7 0 6.45 -3.38 0 6.45
4 16 -.51 0 8.68 -.01 0 8.86 -.92 0 10.34 -1.47 0 10.04
4 16 -.9 0 8.41 -.51 0 8.68 -1.47 0 10.04 -2.07 0 9.55
4 16 -1.26 0 7.97 -.9 0 8.41 -2.07 0 9.55 -2.65 0 8.85
4 16 -1.53 0 7.43 -1.26 0 7.97 -2.65 0 8.85 -3.02 0 8.1
4 16 -1.65 0 6.95 -1.53 0 7.43 -3.02 0 8.1 -3.29 0 7.29
4 16 -1.7 0 6.45 -1.65 0 6.95 -3.29 0 7.29 -3.38 0 6.45
3 16 1.57 0 3.99 2.97 0 2.51 2.31 0 4.09
4 16 2.86 0 4.27 2.31 0 4.09 2.97 0 2.51 3.77 0 2.91
4 16 3.3 0 4.59 2.86 0 4.27 3.77 0 2.91 4.47 0 3.45
4 16 3.66 0 4.98 3.3 0 4.59 4.47 0 3.45 5.05 0 4.05
4 16 3.93 0 5.42 3.66 0 4.98 5.05 0 4.05 5.42 0 4.8
4 16 4.05 0 5.85 3.93 0 5.42 5.42 0 4.8 5.69 0 5.61
4 16 4.1 0 6.45 4.05 0 5.85 5.69 0 5.61 5.78 0 6.45
4 16 2.86 0 8.68 3.77 0 10.04 3.22 0 10.34 2.46 0 8.86
4 16 3.77 0 10.04 2.86 0 8.68 3.3 0 8.36 4.47 0 9.5
4 16 3.66 0 7.97 5.05 0 8.85 4.47 0 9.5 3.3 0 8.36
4 16 3.93 0 7.43 5.47 0 8.1 5.05 0 8.85 3.66 0 7.97
4 16 4.05 0 6.95 5.69 0 7.29 5.47 0 8.1 3.93 0 7.43
4 16 4.1 0 6.45 5.78 0 6.45 5.69 0 7.29 4.05 0 6.95
4 16 2.97 0 2.51 1.57 0 3.99 1.2 0 2.28 2.1 0 2.31
3 16 .83 0 3.99 1.2 0 2.28 1.57 0 3.99
4 0 1.75 0 4.7 1.1 0 4.7 .83 0 3.99 1.57 0 3.99
4 0 .45 0 4.8 .09 0 4.09 .83 0 3.99 1.1 0 4.7
4 0 .09 0 4.09 .45 0 4.8 0 0 5 -.46 0 4.27
4 0 -.35 0 5.25 -.9 0 4.59 -.46 0 4.27 0 0 5
4 0 -.9 0 4.59 -.35 0 5.25 -1.53 0 5.42 -1.26 0 4.98
4 0 -.35 0 5.25 -.6 0 5.65 -1.65 0 5.85 -1.53 0 5.42
4 0 -.6 0 5.65 -.75 0 6.15 -1.7 0 6.45 -1.65 0 5.85
4 0 -1.65 0 6.95 -1.7 0 6.45 -.75 0 6.15 -.8 0 6.7
4 0 -.7 0 7.15 -1.53 0 7.43 -1.65 0 6.95 -.8 0 6.7
4 0 1.57 0 3.99 2.31 0 4.09 2.2 0 4.75 1.75 0 4.7
4 0 2.75 0 4.95 2.2 0 4.75 2.31 0 4.09 2.86 0 4.27
3 0 2.75 0 4.95 2.86 0 4.27 3.3 0 4.59
4 0 3.66 0 4.98 3.1 0 5.2 2.75 0 4.95 3.3 0 4.59
4 0 3.93 0 5.42 3.4 0 5.6 3.1 0 5.2 3.66 0 4.98
4 0 3.55 0 6.1 3.4 0 5.6 3.93 0 5.42 4.05 0 5.85
4 0 4.05 0 5.85 4.1 0 6.45 3.55 0 6.65 3.55 0 6.1
4 0 4.1 0 6.45 4.05 0 6.95 3.45 0 7.1 3.55 0 6.65
4 0 4.05 0 6.95 3.93 0 7.43 3.66 0 7.97 3.45 0 7.1
4 0 3.3 0 8.36 3.2 0 7.6 3.45 0 7.1 3.66 0 7.97
4 0 2.86 0 8.68 2.85 0 7.95 3.2 0 7.6 3.3 0 8.36
4 0 2.85 0 7.95 2.86 0 8.68 2.46 0 8.86 2.6 0 8.15
4 0 -.65 0 1.8 -.57 0 2.51 -1.37 0 2.91 -1.35 0 2.1
3 0 -2.05 0 2.55 -1.35 0 2.1 -1.37 0 2.91
4 0 -1.37 0 2.91 -2.07 0 3.45 -2.7 0 3.15 -2.05 0 2.55
4 0 -2.07 0 3.45 -2.65 0 4.05 -3.25 0 3.85 -2.7 0 3.15
4 0 -2.65 0 4.05 -3.02 0 4.8 -3.7 0 4.65 -3.25 0 3.85
4 0 -3.02 0 4.8 -3.29 0 5.61 -3.95 0 5.5 -3.7 0 4.65
4 0 -3.38 0 6.45 -4.05 0 6.3 -3.95 0 5.5 -3.29 0 5.61
4 0 -3.29 0 7.29 -4 0 6.9 -4.05 0 6.3 -3.38 0 6.45
4 0 -3.65 0 8.35 -3.85 0 7.6 -4 0 6.9 -3.29 0 7.29
4 0 -3.35 0 9 -3.65 0 8.35 -3.29 0 7.29 -3.02 0 8.1
4 0 -2.9 0 9.7 -3.35 0 9 -3.02 0 8.1 -2.65 0 8.85
4 0 -2.35 0 10.25 -2.9 0 9.7 -2.65 0 8.85 -2.07 0 9.55
4 0 -.2 0 10.55 -.5 0 11.15 -1.25 0 10.9 -.92 0 10.34
4 0 -.1 0 1.65 .3 0 2.31 -.57 0 2.51 -.65 0 1.8
4 0 2.45 0 1.65 2.1 0 2.31 1.2 0 2.28 1.65 0 1.55
4 0 3.2 0 1.8 2.97 0 2.51 2.1 0 2.31 2.45 0 1.65
4 0 4.05 0 2.1 3.77 0 2.91 2.97 0 2.51 3.2 0 1.8
4 0 4.47 0 3.45 3.77 0 2.91 4.05 0 2.1 4.7 0 2.5
4 0 5.05 0 4.05 4.47 0 3.45 4.7 0 2.5 5.25 0 2.9
4 0 5.42 0 4.8 5.05 0 4.05 5.25 0 2.9 5.8 0 3.6
4 0 5.69 0 5.61 5.42 0 4.8 5.8 0 3.6 6.35 0 4.6
4 0 6.35 0 4.6 6.6 0 5.6 5.78 0 6.45 5.69 0 5.61
4 0 6.6 0 5.6 6.7 0 6.75 5.69 0 7.29 5.78 0 6.45
4 0 6.7 0 6.75 6.6 0 7.7 5.47 0 8.1 5.69 0 7.29
4 0 6.6 0 7.7 6.2 0 8.8 5.05 0 8.85 5.47 0 8.1
4 0 6.2 0 8.8 5.7 0 9.55 4.47 0 9.5 5.05 0 8.85
4 0 5.7 0 9.55 5.05 0 10.15 3.77 0 10.04 4.47 0 9.5
4 0 3.85 0 10.85 3.77 0 10.04 5.05 0 10.15 4.45 0 10.55
4 0 3.25 0 11.05 3.22 0 10.34 3.77 0 10.04 3.85 0 10.85
4 16 18 0 -20 20 0 -20 20 0 20 18 0 0
3 16 18 0 20 18 0 0 20 0 20
3 16 -20 0 -20 -18 0 -20 -18 0 0
4 16 -18 0 20 -20 0 20 -20 0 -20 -18 0 0
4 16 -.92 0 10.34 -.01 0 8.86 .6 0 8.95 -.2 0 10.55
3 16 -.2 0 10.55 .6 0 8.95 .45 0 10.65
4 16 .6 0 8.95 1.3 0 9 1.2 0 10.7 .45 0 10.65
4 16 2.05 0 10.65 1.2 0 10.7 1.3 0 9 1.9 0 8.95
3 16 1.9 0 8.95 2.46 0 8.86 2.05 0 10.65
4 16 3.22 0 10.34 2.8 0 10.5 2.05 0 10.65 2.46 0 8.86
4 0 -1.53 0 7.43 -.7 0 7.15 -.9 0 8.41 -1.26 0 7.97
3 0 -.9 0 8.41 -.7 0 7.15 -.5 0 7.6
4 0 -.15 0 7.95 -.51 0 8.68 -.9 0 8.41 -.5 0 7.6
4 0 .25 0 8.2 -.01 0 8.86 -.51 0 8.68 -.15 0 7.95
4 0 .7 0 8.3 .6 0 8.95 -.01 0 8.86 .25 0 8.2
4 0 1.75 0 8.35 1.3 0 9 .6 0 8.95 .7 0 8.3
4 0 1.3 0 9 1.75 0 8.35 2.2 0 8.3 1.9 0 8.95
4 0 2.6 0 8.15 2.46 0 8.86 1.9 0 8.95 2.2 0 8.3
4 0 3.22 0 10.34 3.25 0 11.05 2.4 0 11.2 2.8 0 10.5
4 0 2.8 0 10.5 2.4 0 11.2 1.5 0 11.25 2.05 0 10.65
4 0 2.05 0 10.65 1.5 0 11.25 .5 0 11.25 1.2 0 10.7
4 0 1.2 0 10.7 .5 0 11.25 -.5 0 11.15 .45 0 10.65
3 0 -.5 0 11.15 -.2 0 10.55 .45 0 10.65
4 16 -1.76 0 19.87 -1.7 0 20.2 -3.4 0 20.2 -3.34 0 19.87
4 16 -1.76 0 19.87 -3.34 0 19.87 -3.15 0 19.6 -1.95 0 19.6
4 16 -2.22 0 19.41 -1.95 0 19.6 -3.15 0 19.6 -2.88 0 19.41
3 16 -2.88 0 19.41 -2.55 0 19.35 -2.22 0 19.41
3 16 -3.4 0 20.2 -1.7 0 20.2 -1.7 0 20.45
4 0 -3.15 0 19.6 -3.63 0 19.07 -3.25 0 18.81 -2.88 0 19.41
4 0 -3.34 0 19.87 -3.94 0 19.55 -3.63 0 19.07 -3.15 0 19.6
4 0 -3.4 0 20.2 -4.05 0 20.1 -3.94 0 19.55 -3.34 0 19.87
4 0 -.91 0 19.4 -.8 0 19.9 -1.7 0 20.2 -1.76 0 19.87
4 16 -1.76 0 26.03 -3.34 0 26.03 -3.4 0 25.7 -1.7 0 25.7
4 16 -3.15 0 26.3 -3.34 0 26.03 -1.76 0 26.03 -1.95 0 26.3
4 16 -2.22 0 26.49 -2.88 0 26.49 -3.15 0 26.3 -1.95 0 26.3
3 16 -2.88 0 26.49 -2.22 0 26.49 -2.55 0 26.55
4 0 -2.55 0 26.55 -2.65 0 27.25 -3.25 0 27.09 -2.88 0 26.49
4 0 -3.15 0 26.3 -2.88 0 26.49 -3.25 0 27.09 -3.63 0 26.83
4 0 -3.34 0 26.03 -3.15 0 26.3 -3.63 0 26.83 -3.94 0 26.35
4 0 -3.4 0 25.7 -3.34 0 26.03 -3.94 0 26.35 -4.05 0 25.8
4 0 -1.65 0 27.14 -2.22 0 26.49 -1.95 0 26.3 -1.22 0 26.88
4 0 -1.76 0 26.03 -.96 0 26.5 -1.22 0 26.88 -1.95 0 26.3
4 0 -1.7 0 25.7 -.85 0 26 -.96 0 26.5 -1.76 0 26.03
3 0 -2.65 0 27.25 -2.55 0 26.55 -2.2 0 27.25
4 0 -2.22 0 26.49 -1.65 0 27.14 -2.2 0 27.25 -2.55 0 26.55
3 16 -3.4 0 20.2 -1.7 0 20.45 -1.7 0 22.05
4 16 0 0 22.05 -1.7 0 22.05 -1.7 0 20.45 4.2 0 20.45
4 16 1.64 0 24.18 .06 0 24.18 0 0 23.85 1.7 0 23.85
4 16 .25 0 24.45 .06 0 24.18 1.64 0 24.18 1.45 0 24.45
4 16 1.18 0 24.64 .52 0 24.64 .25 0 24.45 1.45 0 24.45
3 16 .52 0 24.64 1.18 0 24.64 .85 0 24.7
4 16 1.7 0 22.05 1.7 0 23.85 0 0 23.85 0 0 22.05
3 16 0 0 22.05 4.2 0 20.45 1.7 0 22.05
4 16 5.9 0 20.2 4.2 0 22.05 1.7 0 22.05 4.2 0 20.45
4 16 5.84 0 19.87 5.9 0 20.2 4.2 0 20.2 4.26 0 19.87
4 16 4.45 0 19.6 5.65 0 19.6 5.84 0 19.87 4.26 0 19.87
4 16 5.38 0 19.41 5.65 0 19.6 4.45 0 19.6 4.72 0 19.41
3 16 4.72 0 19.41 5.05 0 19.35 5.38 0 19.41
4 0 4.4 0 18.81 4.95 0 18.65 5.05 0 19.35 4.72 0 19.41
4 0 4.45 0 19.6 4.02 0 19.07 4.4 0 18.81 4.72 0 19.41
4 0 4.26 0 19.87 3.81 0 19.45 4.02 0 19.07 4.45 0 19.6
4 0 4.2 0 20.2 3.65 0 19.9 3.81 0 19.45 4.26 0 19.87
4 0 6.69 0 19.4 6.75 0 19.9 5.9 0 20.2 5.84 0 19.87
4 0 5.4 0 18.65 5.95 0 18.76 5.38 0 19.41 5.05 0 19.35
4 0 5.65 0 19.6 5.38 0 19.41 5.95 0 18.76 6.43 0 19.02
4 0 5.84 0 19.87 5.65 0 19.6 6.43 0 19.02 6.69 0 19.4
3 0 4.95 0 18.65 5.4 0 18.65 5.05 0 19.35
4 16 5.84 0 25.98 4.26 0 25.98 4.2 0 25.65 5.9 0 25.65
4 16 5.84 0 25.98 5.65 0 26.25 4.45 0 26.25 4.26 0 25.98
4 16 5.38 0 26.44 4.72 0 26.44 4.45 0 26.25 5.65 0 26.25
3 16 4.72 0 26.44 5.38 0 26.44 5.05 0 26.5
4 0 5.05 0 26.5 4.95 0 27.2 4.45 0 27.04 4.72 0 26.44
4 0 4.45 0 26.25 4.72 0 26.44 4.45 0 27.04 4.07 0 26.78
4 0 4.26 0 25.98 4.45 0 26.25 4.07 0 26.78 3.76 0 26.3
4 0 4.2 0 25.65 4.26 0 25.98 3.76 0 26.3 3.65 0 25.75
4 0 5.65 0 26.25 6.43 0 26.83 5.95 0 27.09 5.38 0 26.44
4 0 5.84 0 25.98 6.69 0 26.45 6.43 0 26.83 5.65 0 26.25
4 0 5.9 0 25.65 6.75 0 25.95 6.69 0 26.45 5.84 0 25.98
3 0 4.95 0 27.2 5.05 0 26.5 5.4 0 27.2
4 0 5.38 0 26.44 5.95 0 27.09 5.4 0 27.2 5.05 0 26.5
3 16 4.2 0 20.45 4.2 0 20.2 5.9 0 20.2
4 16 5.9 0 20.2 5.9 0 25.65 4.2 0 25.65 4.2 0 22.05
4 0 6.75 0 25.95 5.9 0 25.65 5.9 0 20.2 6.75 0 19.9
4 0 4.2 0 20.45 -1.7 0 20.45 -1.7 0 20.2 -.8 0 19.9
4 0 3.65 0 19.9 4.2 0 20.2 4.2 0 20.45 -.8 0 19.9
4 0 0 0 22.05 0 0 23.85 -.85 0 24.2 -1.7 0 22.05
4 0 -.85 0 26 -1.7 0 25.7 -1.7 0 22.05 -.85 0 24.2
4 16 -3.4 0 20.2 -1.7 0 22.05 -1.7 0 25.7 -3.4 0 25.7
4 0 -3.4 0 20.2 -3.4 0 25.7 -4.05 0 25.8 -4.05 0 20.1
3 0 -.85 0 24.2 0 0 23.85 -.55 0 24.2
4 0 -.4 0 24.55 -.55 0 24.2 0 0 23.85 .06 0 24.18
4 0 .25 0 24.45 -.2 0 24.9 -.4 0 24.55 .06 0 24.18
4 0 .52 0 24.64 .05 0 25.1 -.2 0 24.9 .25 0 24.45
4 0 .85 0 24.7 .45 0 25.25 .05 0 25.1 .52 0 24.64
4 0 1.18 0 24.64 .85 0 25.3 .45 0 25.25 .85 0 24.7
4 0 1.75 0 25.15 1.35 0 25.25 .85 0 25.3 1.18 0 24.64
4 0 2.1 0 24.95 1.75 0 25.15 1.18 0 24.64 1.45 0 24.45
4 0 2.4 0 24.6 2.1 0 24.95 1.45 0 24.45 1.64 0 24.18
4 0 1.7 0 23.85 2.55 0 24.2 2.4 0 24.6 1.64 0 24.18
4 0 2.6 0 22.7 2.6 0 23.8 2.55 0 24.2 1.7 0 23.85
3 0 1.7 0 23.85 1.7 0 22.05 2.6 0 22.7
4 0 3.65 0 22.7 2.6 0 22.7 1.7 0 22.05 4.2 0 22.05
4 0 4.2 0 22.05 4.2 0 25.65 3.65 0 25.75 3.65 0 22.7
4 16 -1.91 0 -6.03 -1.85 0 -5.7 -3.55 0 -5.7 -3.49 0 -6.03
4 16 -3.3 0 -6.3 -2.1 0 -6.3 -1.91 0 -6.03 -3.49 0 -6.03
4 16 -3.3 0 -6.3 -3.03 0 -6.49 -2.37 0 -6.49 -2.1 0 -6.3
3 16 -3.03 0 -6.49 -2.7 0 -6.55 -2.37 0 -6.49
3 16 -3.55 0 -5.7 -1.85 0 -5.7 -1.85 0 -5.25
4 0 -3.3 0 -6.3 -3.68 0 -6.83 -3.3 0 -7.09 -3.03 0 -6.49
4 0 -3.49 0 -6.03 -3.99 0 -6.35 -3.68 0 -6.83 -3.3 0 -6.3
4 0 -3.55 0 -5.7 -4.1 0 -5.8 -3.99 0 -6.35 -3.49 0 -6.03
4 0 -1.06 0 -6.45 -.9 0 -5.85 -1.85 0 -5.7 -1.91 0 -6.03
4 0 -1.91 0 -6.03 -2.1 0 -6.3 -1.32 0 -6.83 -1.06 0 -6.45
4 16 -1.85 0 -5.25 -1.85 0 -3.55 -3.55 0 -1.95 -3.55 0 -5.7
4 16 -3.45 0 -1.4 -3.55 0 -1.95 -1.85 0 -3.55 -1.85 0 -2.45
4 16 -3.3 0 -.75 -3.45 0 -1.4 -1.85 0 -2.45 -1.75 0 -1.85
4 16 -1.55 0 -1.4 -3 0 -.25 -3.3 0 -.75 -1.75 0 -1.85
4 16 -2.15 0 .55 -2.6 0 .2 -3 0 -.25 -1.55 0 -1.4
4 16 -1.55 0 .9 -2.15 0 .55 -1.55 0 -1.4 -1.2 0 -.95
4 16 -.8 0 1.05 -1.55 0 .9 -1.2 0 -.95 -.7 0 -.7
4 16 -.2 0 -.65 -.25 0 1.05 -.8 0 1.05 -.7 0 -.7
4 16 -.25 0 1.05 -.2 0 -.65 .3 0 -.7 .45 0 1
4 16 1.65 0 .55 1.1 0 .85 .45 0 1 .3 0 -.7
4 16 2.05 0 .2 1.65 0 .55 .3 0 -.7 .8 0 -.9
4 16 2.35 0 -.2 2.05 0 .2 .8 0 -.9 1.15 0 -1.3
4 16 2.55 0 -.6 2.35 0 -.2 1.15 0 -1.3 1.3 0 -1.8
3 16 -1.85 0 -3.55 -1.85 0 -5.25 1.3 0 -3.55
4 0 6.75 0 -4.4 6.64 0 -3.85 5.79 0 -4.07 5.85 0 -4.4
4 0 6.64 0 -3.85 6.33 0 -3.37 5.6 0 -3.8 5.79 0 -4.07
3 0 5.6 0 -3.8 6.33 0 -3.37 5.85 0 -3.06
4 0 5.6 0 -3.8 5.85 0 -3.06 5.3 0 -2.95 5.33 0 -3.61
4 0 4.2 0 -2.95 5 0 -3.55 5.33 0 -3.61 5.3 0 -2.95
4 0 5.79 0 -4.73 6.64 0 -4.95 6.75 0 -4.4 5.85 0 -4.4
4 0 5.6 0 -5 6.33 0 -5.43 6.64 0 -4.95 5.79 0 -4.73
3 0 5.6 0 -5 5.85 0 -5.74 6.33 0 -5.43
4 0 5.6 0 -5 5.33 0 -5.19 5.3 0 -5.85 5.85 0 -5.74
3 0 5 0 -5.25 5.3 0 -5.85 5.33 0 -5.19
4 16 5.33 0 -5.19 5.33 0 -3.61 5 0 -3.55 5 0 -5.25
4 16 5.6 0 -5 5.6 0 -3.8 5.33 0 -3.61 5.33 0 -5.19
4 16 5.79 0 -4.73 5.79 0 -4.07 5.6 0 -3.8 5.6 0 -5
3 16 5.79 0 -4.07 5.79 0 -4.73 5.85 0 -4.4
4 16 1.3 0 -3.55 -1.85 0 -5.25 5 0 -5.25 3.05 0 -3.55
3 16 3.05 0 -3.55 5 0 -5.25 5 0 -3.55
4 0 -1.85 0 -5.7 -.9 0 -5.85 5 0 -5.25 -1.85 0 -5.25
3 0 -.9 0 -5.85 5.3 0 -5.85 5 0 -5.25
3 0 3.05 0 -3.55 5 0 -3.55 4.2 0 -2.95
4 0 4.25 0 -2.7 3.25 0 -2.85 3.05 0 -3.55 4.2 0 -2.95
4 0 3.6 0 -2.1 3.4 0 -2.5 3.25 0 -2.85 4.25 0 -2.7
4 0 3.85 0 -1.75 3.6 0 -2.1 4.25 0 -2.7 4.35 0 -2.45
4 0 4.35 0 -2.45 4.55 0 -2.15 4.25 0 -1.3 3.85 0 -1.75
4 0 4.8 0 -.85 4.25 0 -1.3 4.55 0 -2.15 4.85 0 -1.85
4 0 5.45 0 -.35 4.8 0 -.85 4.85 0 -1.85 5.45 0 -1.35
4 0 6.25 0 .15 5.45 0 -.35 5.45 0 -1.35 6.1 0 -.85
4 0 7.2 0 .75 6.25 0 .15 6.1 0 -.85 6.75 0 -.4
3 0 -1.85 0 -2.45 -1.85 0 -3.55 -.85 0 -2.9
4 0 -1.75 0 -1.85 -1.85 0 -2.45 -.85 0 -2.9 -.85 0 -2.15
4 0 -.8 0 -1.75 -1.55 0 -1.4 -1.75 0 -1.85 -.85 0 -2.15
4 0 -.65 0 -1.5 -1.2 0 -.95 -1.55 0 -1.4 -.8 0 -1.75
4 0 -.45 0 -1.35 -.7 0 -.7 -1.2 0 -.95 -.65 0 -1.5
4 0 -.2 0 -1.25 -.2 0 -.65 -.7 0 -.7 -.45 0 -1.35
4 0 .1 0 -1.25 .3 0 -.7 -.2 0 -.65 -.2 0 -1.25
4 0 .35 0 -1.35 .8 0 -.9 .3 0 -.7 .1 0 -1.25
4 0 .55 0 -1.55 1.15 0 -1.3 .8 0 -.9 .35 0 -1.35
4 0 .7 0 -1.8 1.3 0 -1.8 1.15 0 -1.3 .55 0 -1.55
4 0 .75 0 -2.9 -.85 0 -2.9 -1.85 0 -3.55 1.3 0 -3.55
4 0 1.3 0 -1.8 .75 0 -2.1 .75 0 -2.9 1.3 0 -3.55
3 0 .7 0 -1.8 .75 0 -2.1 1.3 0 -1.8
4 0 -3.55 0 -5.7 -3.55 0 -1.95 -4.1 0 -1.85 -4.1 0 -5.8
4 0 -4.05 0 -1.3 -4.1 0 -1.85 -3.55 0 -1.95 -3.45 0 -1.4
4 0 -3.3 0 -.75 -3.9 0 -.65 -4.05 0 -1.3 -3.45 0 -1.4
4 0 -3 0 -.25 -3.65 0 -.1 -3.9 0 -.65 -3.3 0 -.75
3 0 -3.65 0 -.1 -3 0 -.25 -3.3 0 .4
4 0 -2.8 0 .8 -3.3 0 .4 -3 0 -.25 -2.6 0 .2
4 0 -2.25 0 1.15 -2.8 0 .8 -2.6 0 .2 -2.15 0 .55
4 0 -1.65 0 1.4 -2.25 0 1.15 -2.15 0 .55 -1.55 0 .9
4 0 -1.55 0 .9 -.8 0 1.05 -.85 0 1.6 -1.65 0 1.4
4 0 -.1 0 1.65 -.85 0 1.6 -.8 0 1.05 -.25 0 1.05
4 0 .95 0 1.55 -.1 0 1.65 -.25 0 1.05 .45 0 1
4 0 1.5 0 1.4 .95 0 1.55 .45 0 1 1.1 0 .85
4 0 1.95 0 1.2 1.5 0 1.4 1.1 0 .85 1.65 0 .55
3 0 1.65 0 .55 2.05 0 .2 1.95 0 1.2
4 0 2.75 0 .55 2.3 0 .95 1.95 0 1.2 2.05 0 .2
3 0 2.05 0 .2 2.35 0 -.2 2.75 0 .55
4 0 3.1 0 0 2.75 0 .55 2.35 0 -.2 2.55 0 -.6
4 0 3.65 0 .5 3.25 0 .95 2.75 0 .55 3.1 0 0
4 0 3.25 0 .95 3.65 0 .5 4.3 0 .95 3.9 0 1.4
4 0 5.25 0 1.55 4.75 0 1.9 3.9 0 1.4 4.3 0 .95
4 0 6.15 0 2.1 5.55 0 2.4 4.75 0 1.9 5.25 0 1.55
4 0 6.85 0 2.7 6.3 0 2.95 5.55 0 2.4 6.15 0 2.1
4 0 7.4 0 3.25 6.8 0 3.45 6.3 0 2.95 6.85 0 2.7
4 0 7.8 0 3.9 7.2 0 3.95 6.8 0 3.45 7.4 0 3.25
4 0 8 0 4.6 7.45 0 4.55 7.2 0 3.95 7.8 0 3.9
4 16 9.74 0 5.88 8.16 0 5.88 8.1 0 5.55 9.8 0 5.55
4 16 8.35 0 6.15 8.16 0 5.88 9.74 0 5.88 9.55 0 6.15
4 16 9.28 0 6.34 8.62 0 6.34 8.35 0 6.15 9.55 0 6.15
3 16 8.62 0 6.34 9.28 0 6.34 8.95 0 6.4
4 0 7.55 0 5.5 7.45 0 4.55 8 0 4.6 8.1 0 5.55
4 0 7.65 0 6.05 7.55 0 5.5 8.1 0 5.55 8.16 0 5.88
4 0 7.8 0 6.45 7.65 0 6.05 8.16 0 5.88 8.35 0 6.15
4 0 8.62 0 6.34 8.05 0 6.7 7.8 0 6.45 8.35 0 6.15
4 0 8.95 0 6.4 8.5 0 6.95 8.05 0 6.7 8.62 0 6.34
4 0 8.5 0 6.95 8.95 0 6.4 9.28 0 6.34 9 0 7
4 0 9.55 0 6.15 9.55 0 6.95 9 0 7 9.28 0 6.34
4 0 9.74 0 5.88 9.95 0 6.8 9.55 0 6.95 9.55 0 6.15
4 0 10.55 0 6.2 10.35 0 6.5 9.95 0 6.8 9.74 0 5.88
4 0 9.8 0 5.55 10.7 0 5.85 10.55 0 6.2 9.74 0 5.88
4 0 8.1 0 1.5 7.2 0 .75 6.75 0 -.4 7.9 0 .3
4 0 8.75 0 2.15 8.1 0 1.5 7.9 0 .3 8.65 0 .85
4 0 9.1 0 2.65 8.75 0 2.15 8.65 0 .85 9.35 0 1.55
4 0 9.45 0 3.4 9.1 0 2.65 9.35 0 1.55 9.9 0 2.35
4 0 9.65 0 4.15 9.45 0 3.4 9.9 0 2.35 10.35 0 3.3
4 0 9.75 0 4.8 9.65 0 4.15 10.35 0 3.3 10.6 0 4.1
4 0 9.8 0 5.55 9.75 0 4.8 10.6 0 4.1 10.7 0 4.8
4 0 10.7 0 5.85 9.8 0 5.55 10.7 0 4.8 10.75 0 5.4
4 16 1.3 0 -3.55 3.05 0 -3.55 3.25 0 -2.85 1.3 0 -1.8
4 16 2.55 0 -.6 1.3 0 -1.8 3.25 0 -2.85 3.4 0 -2.5
4 16 3.1 0 0 2.55 0 -.6 3.4 0 -2.5 3.6 0 -2.1
3 16 3.1 0 0 3.6 0 -2.1 3.85 0 -1.75
3 16 3.1 0 0 3.85 0 -1.75 4.25 0 -1.3
4 16 4.8 0 -.85 3.65 0 .5 3.1 0 0 4.25 0 -1.3
4 16 5.45 0 -.35 4.3 0 .95 3.65 0 .5 4.8 0 -.85
4 16 6.25 0 .15 5.25 0 1.55 4.3 0 .95 5.45 0 -.35
4 16 7.2 0 .75 6.15 0 2.1 5.25 0 1.55 6.25 0 .15
4 16 8.1 0 1.5 6.85 0 2.7 6.15 0 2.1 7.2 0 .75
4 16 8.75 0 2.15 7.4 0 3.25 6.85 0 2.7 8.1 0 1.5
4 16 7.8 0 3.9 7.4 0 3.25 8.75 0 2.15 9.1 0 2.65
4 16 9.1 0 2.65 9.45 0 3.4 8 0 4.6 7.8 0 3.9
4 16 9.75 0 4.8 8 0 4.6 9.45 0 3.4 9.65 0 4.15
4 16 9.8 0 5.55 8.1 0 5.55 8 0 4.6 9.75 0 4.8
4 0 6.75 0 13.2 6.64 0 13.75 5.79 0 13.53 5.85 0 13.2
4 0 6.64 0 13.75 6.33 0 14.23 5.6 0 13.8 5.79 0 13.53
4 0 6.33 0 14.23 5.85 0 14.54 5.33 0 13.99 5.6 0 13.8
4 0 5.85 0 14.54 5.3 0 14.65 5 0 14.05 5.33 0 13.99
4 0 6.75 0 13.2 5.85 0 13.2 5.79 0 12.87 6.64 0 12.65
4 0 6.64 0 12.65 5.79 0 12.87 5.6 0 12.6 6.33 0 12.17
4 0 6.33 0 12.17 5.6 0 12.6 5.33 0 12.41 5.85 0 11.86
4 0 5.85 0 11.86 5.33 0 12.41 5 0 12.35 5.3 0 11.75
4 16 5.33 0 12.41 5.33 0 13.99 5 0 14.05 5 0 12.35
4 16 5.6 0 12.6 5.6 0 13.8 5.33 0 13.99 5.33 0 12.41
4 16 5.79 0 12.87 5.79 0 13.53 5.6 0 13.8 5.6 0 12.6
3 16 5.79 0 13.53 5.79 0 12.87 5.85 0 13.2
3 0 -1.85 0 15.15 -1.85 0 14.05 -.85 0 14.7
4 0 -.85 0 14.7 -.85 0 15.45 -1.75 0 15.75 -1.85 0 15.15
4 0 -.8 0 15.85 -1.55 0 16.2 -1.75 0 15.75 -.85 0 15.45
4 0 -.65 0 16.1 -1.2 0 16.65 -1.55 0 16.2 -.8 0 15.85
4 0 -.45 0 16.25 -.7 0 16.9 -1.2 0 16.65 -.65 0 16.1
4 0 -.2 0 16.35 -.2 0 16.95 -.7 0 16.9 -.45 0 16.25
4 0 .1 0 16.35 .3 0 16.9 -.2 0 16.95 -.2 0 16.35
4 0 .35 0 16.25 .8 0 16.7 .3 0 16.9 .1 0 16.35
4 0 .55 0 16.05 1.15 0 16.3 .8 0 16.7 .35 0 16.25
4 0 1.15 0 16.3 .55 0 16.05 .7 0 15.8 1.3 0 15.8
4 0 .75 0 14.7 -.85 0 14.7 -1.85 0 14.05 1.3 0 14.05
4 0 1.3 0 15.8 .75 0 15.5 .75 0 14.7 1.3 0 14.05
3 0 .7 0 15.8 .75 0 15.5 1.3 0 15.8
4 16 -1.91 0 11.77 -1.85 0 12.1 -3.55 0 12.1 -3.49 0 11.77
4 16 -3.3 0 11.5 -2.1 0 11.5 -1.91 0 11.77 -3.49 0 11.77
4 16 -2.37 0 11.31 -2.1 0 11.5 -3.3 0 11.5 -3.03 0 11.31
3 16 -3.03 0 11.31 -2.7 0 11.25 -2.37 0 11.31
3 16 -3.55 0 12.1 -1.85 0 12.1 -1.85 0 12.35
4 0 -3.3 0 10.71 -2.8 0 10.55 -2.7 0 11.25 -3.03 0 11.31
4 0 -3.3 0 11.5 -3.68 0 10.97 -3.3 0 10.71 -3.03 0 11.31
4 0 -3.49 0 11.77 -3.99 0 11.45 -3.68 0 10.97 -3.3 0 11.5
4 0 -3.55 0 12.1 -4.1 0 12 -3.99 0 11.45 -3.49 0 11.77
4 0 -1.06 0 11.35 -.95 0 11.75 -1.85 0 12.1 -1.91 0 11.77
4 0 -2.35 0 10.55 -1.8 0 10.66 -2.37 0 11.31 -2.7 0 11.25
4 0 -2.1 0 11.5 -2.37 0 11.31 -1.8 0 10.66 -1.32 0 10.97
4 0 -1.91 0 11.77 -2.1 0 11.5 -1.32 0 10.97 -1.06 0 11.35
3 0 -2.8 0 10.55 -2.35 0 10.55 -2.7 0 11.25
4 16 -1.85 0 12.35 -1.85 0 14.05 -3.55 0 15.7 -3.55 0 12.1
3 16 -3.55 0 15.7 -1.85 0 14.05 -1.85 0 15.15
4 16 -1.75 0 15.75 -3.45 0 16.2 -3.55 0 15.7 -1.85 0 15.15
4 16 -1.55 0 16.2 -3.25 0 16.8 -3.45 0 16.2 -1.75 0 15.75
4 16 -1.2 0 16.65 -2.95 0 17.35 -3.25 0 16.8 -1.55 0 16.2
4 16 -2.15 0 18.2 -2.55 0 17.85 -2.95 0 17.35 -1.2 0 16.65
4 16 -1.6 0 18.5 -2.15 0 18.2 -1.2 0 16.65 -.7 0 16.9
4 16 -.95 0 18.7 -1.6 0 18.5 -.7 0 16.9 -.2 0 16.95
4 16 .3 0 16.9 -.35 0 18.75 -.95 0 18.7 -.2 0 16.95
4 16 .8 0 16.7 .25 0 18.75 -.35 0 18.75 .3 0 16.9
4 16 1.45 0 18.4 .9 0 18.65 .25 0 18.75 .8 0 16.7
4 16 1.15 0 16.3 2 0 18.05 1.45 0 18.4 .8 0 16.7
4 16 2.8 0 17.1 2.45 0 17.6 2 0 18.05 1.15 0 16.3
4 16 3 0 16.6 2.8 0 17.1 1.15 0 16.3 1.3 0 15.8
4 16 1.3 0 14.05 3.1 0 15.95 3 0 16.6 1.3 0 15.8
3 16 1.3 0 14.05 3.1 0 14.05 3.1 0 15.95
3 16 -1.85 0 14.05 -1.85 0 12.35 1.3 0 14.05
4 16 1.3 0 14.05 -1.85 0 12.35 5 0 12.35 3.1 0 14.05
3 16 3.1 0 14.05 5 0 12.35 5 0 14.05
4 0 -1.85 0 12.1 -.95 0 11.75 5 0 12.35 -1.85 0 12.35
3 0 -.95 0 11.75 5.3 0 11.75 5 0 12.35
4 0 -3.55 0 12.1 -3.55 0 15.7 -4.1 0 15.9 -4.1 0 12
4 0 -4 0 16.55 -4.1 0 15.9 -3.55 0 15.7 -3.45 0 16.2
4 0 -3.25 0 16.8 -3.85 0 17.05 -4 0 16.55 -3.45 0 16.2
4 0 -2.95 0 17.35 -3.6 0 17.55 -3.85 0 17.05 -3.25 0 16.8
4 0 -2.55 0 17.85 -3.2 0 18.1 -3.6 0 17.55 -2.95 0 17.35
3 0 -3.2 0 18.1 -2.55 0 17.85 -2.7 0 18.55
4 0 -.91 0 19.4 -.95 0 18.7 -.35 0 18.75 -.6 0 19.4
4 0 .25 0 18.75 .1 0 19.4 -.6 0 19.4 -.35 0 18.75
4 0 .9 0 18.65 .75 0 19.35 .1 0 19.4 .25 0 18.75
4 0 1.45 0 18.4 1.25 0 19.25 .75 0 19.35 .9 0 18.65
4 0 2 0 18.05 1.8 0 19.05 1.25 0 19.25 1.45 0 18.4
4 0 2.45 0 17.6 2.35 0 18.75 1.8 0 19.05 2 0 18.05
4 0 3.3 0 17.95 2.85 0 18.35 2.35 0 18.75 2.45 0 17.6
4 0 3.7 0 17.35 3.3 0 17.95 2.45 0 17.6 2.8 0 17.1
4 0 2.8 0 17.1 3 0 16.6 3.9 0 16.85 3.7 0 17.35
4 0 3.1 0 15.95 3.95 0 16.2 3.9 0 16.85 3 0 16.6
4 0 3.1 0 14.05 3.95 0 14.65 3.95 0 16.2 3.1 0 15.95
4 0 5.3 0 14.65 3.95 0 14.65 3.1 0 14.05 5 0 14.05
4 0 .3 0 2.31 .95 0 1.55 1.65 0 1.55 1.2 0 2.28
3 0 -.1 0 1.65 .95 0 1.55 .3 0 2.31
4 0 -2.07 0 9.55 -1.47 0 10.04 -1.8 0 10.66 -2.35 0 10.25
4 0 -1.25 0 10.9 -1.8 0 10.66 -1.47 0 10.04 -.92 0 10.34
4 0 -2.55 0 17.85 -2.15 0 18.2 -2.55 0 18.65 -2.7 0 18.55
4 0 -2.22 0 19.41 -2.55 0 18.65 -2.15 0 18.2 -1.6 0 18.5
4 0 -2.55 0 19.35 -2.88 0 19.41 -3.25 0 18.81 -2.55 0 18.65
3 0 -2.55 0 19.35 -2.55 0 18.65 -2.22 0 19.41
3 0 -2.22 0 19.41 -1.6 0 18.5 -1.95 0 19.6
4 0 -1.76 0 19.87 -1.95 0 19.6 -1.6 0 18.5 -.91 0 19.4
3 0 -1.6 0 18.5 -.95 0 18.7 -.91 0 19.4
4 16 -1.91 0 -14.43 -1.85 0 -14.1 -3.55 0 -14.1 -3.49 0 -14.43
4 16 -3.3 0 -14.7 -2.1 0 -14.7 -1.91 0 -14.43 -3.49 0 -14.43
4 16 -2.37 0 -14.89 -2.1 0 -14.7 -3.3 0 -14.7 -3.03 0 -14.89
3 16 -3.03 0 -14.89 -2.7 0 -14.95 -2.37 0 -14.89
4 16 -3.55 0 -13.05 -3.55 0 -14.1 -1.85 0 -14.1 -1.85 0 -13.85
4 0 -2.7 0 -14.95 -3.03 0 -14.89 -3.3 0 -15.49 -2.8 0 -15.65
4 0 -3.3 0 -14.7 -3.68 0 -15.23 -3.3 0 -15.49 -3.03 0 -14.89
4 0 -3.49 0 -14.43 -3.99 0 -14.75 -3.68 0 -15.23 -3.3 0 -14.7
4 0 -3.55 0 -14.1 -4.1 0 -14.2 -3.99 0 -14.75 -3.49 0 -14.43
4 0 -1.11 0 -14.9 -1 0 -14.45 -1.85 0 -14.1 -1.91 0 -14.43
4 0 -2.1 0 -14.7 -2.37 0 -14.89 -1.8 0 -15.54 -1.32 0 -15.23
4 0 -1.91 0 -14.43 -2.1 0 -14.7 -1.32 0 -15.23 -1.11 0 -14.9
3 0 -2.8 0 -15.65 -2.35 0 -15.65 -2.7 0 -14.95
4 0 -2.37 0 -14.89 -2.7 0 -14.95 -2.35 0 -15.65 -1.8 0 -15.54
4 0 3.05 0 -13.85 -1.85 0 -13.85 -1.85 0 -14.1 -1 0 -14.45
4 16 -2.7 0 -7.75 -3.03 0 -7.81 -3.03 0 -9.39 -2.7 0 -9.45
4 16 -3.03 0 -7.81 -3.3 0 -8 -3.3 0 -9.2 -3.03 0 -9.39
4 16 -3.3 0 -8 -3.49 0 -8.27 -3.49 0 -8.93 -3.3 0 -9.2
3 16 -3.55 0 -8.6 -3.49 0 -8.93 -3.49 0 -8.27
4 16 -3.3 0 -12.45 -3.49 0 -12.72 -3.55 0 -13.05 -1.85 0 -13.85
4 16 -2.7 0 -12.2 -3.03 0 -12.26 -3.3 0 -12.45 -1.85 0 -13.85
4 16 -2.7 0 -12.2 -1.85 0 -13.85 3.05 0 -13.85 2.85 0 -12.2
4 16 3.3 0 -12.1 2.85 0 -12.2 3.05 0 -13.85 3.65 0 -13.75
4 16 3.6 0 -11.9 3.3 0 -12.1 3.65 0 -13.75 4.3 0 -13.45
4 16 3.8 0 -11.6 3.6 0 -11.9 4.3 0 -13.45 4.85 0 -13.05
4 16 3.95 0 -11.2 3.8 0 -11.6 4.85 0 -13.05 5.3 0 -12.5
4 16 4 0 -10.85 3.95 0 -11.2 5.3 0 -12.5 5.6 0 -11.9
4 16 3.25 0 -9.55 3.7 0 -7.85 3.05 0 -7.75 2.85 0 -9.45
4 16 3.6 0 -9.75 4.35 0 -8.15 3.7 0 -7.85 3.25 0 -9.55
3 16 3.6 0 -9.75 4.9 0 -8.6 4.35 0 -8.15
4 16 5.35 0 -9.15 4.9 0 -8.6 3.6 0 -9.75 3.8 0 -10.05
4 16 5.6 0 -9.75 5.35 0 -9.15 3.8 0 -10.05 3.95 0 -10.45
4 16 5.75 0 -10.45 5.6 0 -9.75 3.95 0 -10.45 4 0 -10.85
4 16 3.05 0 -7.75 -2.7 0 -7.75 -2.7 0 -9.45 2.85 0 -9.45
4 16 5.6 0 -11.9 5.75 0 -11.2 5.75 0 -10.45 4 0 -10.85
4 0 -3.55 0 -14.1 -3.55 0 -13.05 -4.1 0 -12.7 -4.1 0 -14.2
3 0 -4.1 0 -12.7 -3.55 0 -13.05 -3.49 0 -12.72
4 0 -3.3 0 -12.45 -4 0 -12.35 -4.1 0 -12.7 -3.49 0 -12.72
4 0 -3.03 0 -12.26 -3.8 0 -12.05 -4 0 -12.35 -3.3 0 -12.45
4 0 -2.7 0 -12.2 -3.45 0 -11.85 -3.8 0 -12.05 -3.03 0 -12.26
4 0 2.85 0 -12.2 -3 0 -11.75 -3.45 0 -11.85 -2.7 0 -12.2
4 0 3.3 0 -12.1 2.55 0 -11.75 -3 0 -11.75 2.85 0 -12.2
4 0 3.6 0 -11.9 2.95 0 -11.7 2.55 0 -11.75 3.3 0 -12.1
4 0 3.8 0 -11.6 3.25 0 -11.5 2.95 0 -11.7 3.6 0 -11.9
4 0 3.95 0 -11.2 3.4 0 -11.25 3.25 0 -11.5 3.8 0 -11.6
4 0 4 0 -10.85 3.5 0 -10.9 3.4 0 -11.25 3.95 0 -11.2
4 0 4 0 -10.85 3.95 0 -10.45 3.45 0 -10.55 3.5 0 -10.9
4 0 3.95 0 -10.45 3.8 0 -10.05 3.3 0 -10.25 3.45 0 -10.55
4 0 3.8 0 -10.05 3.6 0 -9.75 3.05 0 -10.05 3.3 0 -10.25
4 0 3.6 0 -9.75 3.25 0 -9.55 2.75 0 -9.95 3.05 0 -10.05
3 0 2.75 0 -9.95 3.25 0 -9.55 2.85 0 -9.45
4 0 3.7 0 -14.4 3.05 0 -13.85 -1 0 -14.45 3.1 0 -14.45
4 0 4.15 0 -14.3 3.65 0 -13.75 3.05 0 -13.85 3.7 0 -14.4
4 0 4.7 0 -14.1 4.3 0 -13.45 3.65 0 -13.75 4.15 0 -14.3
4 0 4.7 0 -14.1 5.15 0 -13.85 4.85 0 -13.05 4.3 0 -13.45
4 0 6.6 0 -11.2 5.75 0 -11.2 5.6 0 -11.9 6.5 0 -11.95
4 0 6.6 0 -10.5 5.75 0 -10.45 5.75 0 -11.2 6.6 0 -11.2
4 0 6.6 0 -10.5 6.5 0 -9.85 5.6 0 -9.75 5.75 0 -10.45
4 0 6.5 0 -9.85 6.3 0 -9.25 5.35 0 -9.15 5.6 0 -9.75
4 0 6.3 0 -9.25 5.85 0 -8.55 4.9 0 -8.6 5.35 0 -9.15
4 0 5.85 0 -8.55 5.35 0 -8.05 4.35 0 -8.15 4.9 0 -8.6
4 0 5.35 0 -8.05 4.75 0 -7.65 3.7 0 -7.85 4.35 0 -8.15
4 0 4.75 0 -7.65 4.1 0 -7.35 3.05 0 -7.75 3.7 0 -7.85
4 0 4.1 0 -7.35 3.4 0 -7.2 2.85 0 -7.15 3.05 0 -7.75
4 0 2.85 0 -9.45 -2.7 0 -9.45 -2.8 0 -9.95 2.75 0 -9.95
4 0 -3.03 0 -9.39 -3.2 0 -9.85 -2.8 0 -9.95 -2.7 0 -9.45
4 0 -3.3 0 -9.2 -3.6 0 -9.65 -3.2 0 -9.85 -3.03 0 -9.39
4 0 -3.49 0 -8.93 -3.9 0 -9.35 -3.6 0 -9.65 -3.3 0 -9.2
4 0 -3.55 0 -8.6 -4.1 0 -8.95 -3.9 0 -9.35 -3.49 0 -8.93
4 0 -4.1 0 -8.15 -4.15 0 -8.55 -4.1 0 -8.95 -3.55 0 -8.6
4 0 -3.55 0 -8.6 -3.49 0 -8.27 -4.05 0 -7.85 -4.1 0 -8.15
4 0 -3.85 0 -7.55 -4.05 0 -7.85 -3.49 0 -8.27 -3.3 0 -8
4 0 -3.03 0 -7.81 -3.6 0 -7.35 -3.85 0 -7.55 -3.3 0 -8
4 0 -2.7 0 -7.75 -3.25 0 -7.2 -3.6 0 -7.35 -3.03 0 -7.81
3 0 -3.25 0 -7.2 -2.7 0 -7.75 -3.04 0 -7.17
4 0 -3.3 0 -7.09 -3.04 0 -7.17 -2.7 0 -6.55 -3.03 0 -6.49
3 0 -3.04 0 -7.17 -2.37 0 -6.49 -2.7 0 -6.55
4 0 -2.7 0 -7.75 -1.85 0 -7.15 -2.37 0 -6.49 -3.04 0 -7.17
4 0 -2.1 0 -6.3 -2.37 0 -6.49 -1.85 0 -7.15 -1.32 0 -6.83
4 0 3.05 0 -7.75 2.85 0 -7.15 -1.85 0 -7.15 -2.7 0 -7.75
4 16 1.04 0 -17.42 -.54 0 -17.42 -.6 0 -17.75 1.1 0 -17.75
4 16 1.04 0 -17.42 .85 0 -17.15 -.35 0 -17.15 -.54 0 -17.42
4 16 .58 0 -16.96 -.08 0 -16.96 -.35 0 -17.15 .85 0 -17.15
3 16 -.08 0 -16.96 .58 0 -16.96 .25 0 -16.9
4 0 -1.05 0 -17.25 -1.15 0 -17.8 -.6 0 -17.75 -.54 0 -17.42
4 0 -.54 0 -17.42 -.35 0 -17.15 -.9 0 -16.85 -1.05 0 -17.25
4 0 -.9 0 -16.85 -.35 0 -17.15 -.08 0 -16.96 -.65 0 -16.6
4 0 -.65 0 -16.6 -.08 0 -16.96 .25 0 -16.9 -.2 0 -16.35
4 0 .58 0 -16.96 .3 0 -16.3 -.2 0 -16.35 .25 0 -16.9
4 0 .85 0 -17.15 .85 0 -16.35 .3 0 -16.3 .58 0 -16.96
4 0 1.04 0 -17.42 1.25 0 -16.5 .85 0 -16.35 .85 0 -17.15
4 0 1.85 0 -17.1 1.65 0 -16.8 1.25 0 -16.5 1.04 0 -17.42
4 0 1.1 0 -17.75 2 0 -17.45 1.85 0 -17.1 1.04 0 -17.42
4 16 -5.66 0 -14.92 -5.9 0 -14.65 -7.1 0 -14.65 -7.29 0 -14.92
4 16 -6.17 0 -14.46 -6.83 0 -14.46 -7.1 0 -14.65 -5.9 0 -14.65
3 16 -6.83 0 -14.46 -6.17 0 -14.46 -6.5 0 -14.4
4 16 -3.7 0 -23.85 -2.5 0 -23.85 -2.77 0 -23.66 -3.43 0 -23.66
3 16 -3.43 0 -23.66 -2.77 0 -23.66 -3.1 0 -23.6
4 16 6.45 0 -24.95 7.65 0 -24.95 7.84 0 -24.68 6.26 0 -24.68
4 16 7.38 0 -25.14 7.65 0 -24.95 6.45 0 -24.95 6.72 0 -25.14
3 16 6.72 0 -25.14 7.05 0 -25.2 7.38 0 -25.14
4 16 7.89 0 -13.22 7.65 0 -12.95 6.45 0 -13 6.26 0 -13.27
4 16 6.45 0 -13 7.65 0 -12.95 7.38 0 -12.81 6.72 0 -12.81
3 16 6.72 0 -12.81 7.38 0 -12.81 7.05 0 -12.75
4 16 -3.9 0 -24.2 -2.31 0 -24.78 -2.25 0 -24.45 -3.7 0 -23.85
4 16 -2.25 0 -24.45 -2.31 0 -24.12 -2.5 0 -23.85 -3.7 0 -23.85
4 16 -3.05 0 -25.95 -2.6 0 -25.45 -2.31 0 -24.78 -3.9 0 -24.2
4 16 -3.55 0 -26.4 -3.05 0 -25.95 -3.9 0 -24.2 -4.1 0 -24.65
4 16 -4.2 0 -26.65 -3.55 0 -26.4 -4.1 0 -24.65 -4.45 0 -24.9
4 16 -4.8 0 -25 -4.95 0 -26.7 -4.2 0 -26.65 -4.45 0 -24.9
4 16 -4.95 0 -26.7 -4.8 0 -25 -5.25 0 -24.9 -5.7 0 -26.6
4 16 -5.7 0 -26.6 -5.25 0 -24.9 -6.9 0 -25.75 -6.35 0 -26.25
4 16 -5.25 0 -24.9 -5.6 0 -24.55 -7.3 0 -25.1 -6.9 0 -25.75
4 16 -5.6 0 -24.55 -5.75 0 -24.05 -7.5 0 -24.4 -7.3 0 -25.1
4 16 -5.75 0 -23.5 -7.55 0 -23.65 -7.5 0 -24.4 -5.75 0 -24.05
4 16 -7.55 0 -23.65 -5.75 0 -23.5 -7.35 0 -22.1 -7.5 0 -22.9
4 16 -7.15 0 -21.25 -7.35 0 -22.1 -5.75 0 -23.5 -5.7 0 -22.7
4 16 -7 0 -20.4 -7.15 0 -21.25 -5.7 0 -22.7 -5.6 0 -22.2
4 16 -5.6 0 -22.2 -5.45 0 -21.85 -5.25 0 -20.2 -7 0 -20.4
4 16 -7 0 -20.4 -5.25 0 -20.2 -5.1 0 -19.25 -6.9 0 -19.3
4 16 -6.85 0 -18.2 -6.9 0 -19.3 -5.1 0 -19.25 -5.05 0 -18.2
4 16 -5.05 0 -18.2 -5.1 0 -17.25 -6.9 0 -17.1 -6.85 0 -18.2
4 16 -5.1 0 -17.25 -5.25 0 -16.35 -7.05 0 -16.3 -6.9 0 -17.1
4 16 -5.25 0 -16.35 -5.4 0 -15.55 -7.29 0 -15.63 -7.05 0 -16.3
4 16 -5.4 0 -15.55 -5.66 0 -14.92 -7.35 0 -15.25 -7.29 0 -15.63
3 16 -7.35 0 -15.25 -5.66 0 -14.92 -7.29 0 -14.92
4 16 -5.25 0 -20.2 -5.45 0 -21.85 .45 0 -21.85 -.6 0 -20.2
4 16 -.6 0 -17.75 -.6 0 -20.2 1.1 0 -20.2 1.1 0 -17.75
3 16 -.6 0 -20.2 .45 0 -21.85 1.1 0 -20.2
4 16 .45 0 -21.85 5.65 0 -21.85 5.7 0 -20.2 1.1 0 -20.2
4 16 7.84 0 -24.68 7.9 0 -24.35 7.84 0 -24.02 6.26 0 -24.68
4 16 6.26 0 -13.93 7.89 0 -13.22 6.26 0 -13.27 6.2 0 -13.6
4 16 6.26 0 -24.68 7.84 0 -24.02 7.6 0 -23.2 5.95 0 -23.75
4 16 5.95 0 -23.75 7.6 0 -23.2 7.4 0 -22.25 5.75 0 -22.85
4 16 5.75 0 -22.85 7.4 0 -22.25 7.35 0 -21.35 5.65 0 -21.85
4 16 7.45 0 -20.4 5.7 0 -20.2 5.65 0 -21.85 7.35 0 -21.35
4 16 5.7 0 -20.2 7.45 0 -20.4 6.1 0 -18.55 5.85 0 -19.3
3 16 6.1 0 -18.55 7.45 0 -20.4 7.7 0 -19.5
4 16 6.1 0 -18.55 7.7 0 -19.5 8 0 -18.5 6.45 0 -17.65
4 16 6.45 0 -17.65 8 0 -18.5 8.35 0 -17.55 6.7 0 -16.75
4 16 6.8 0 -15.95 6.7 0 -16.75 8.35 0 -17.55 8.5 0 -16.7
4 16 8.5 0 -14.95 6.8 0 -15.95 8.5 0 -16.7 8.55 0 -15.8
4 16 8.35 0 -14.25 6.7 0 -15.15 6.8 0 -15.95 8.5 0 -14.95
4 16 8.1 0 -13.65 6.45 0 -14.4 6.7 0 -15.15 8.35 0 -14.25
4 16 8.1 0 -13.65 7.89 0 -13.22 6.26 0 -13.93 6.45 0 -14.4
4 0 -1.15 0 -19.55 -.6 0 -20.2 -.6 0 -17.75 -1.15 0 -17.8
4 0 -5.25 0 -20.2 -.6 0 -20.2 -1.15 0 -19.55 -4.15 0 -19.55
4 0 -5.25 0 -20.2 -4.15 0 -19.55 -4.1 0 -18.95 -5.1 0 -19.25
4 0 -5.1 0 -19.25 -4.1 0 -18.95 -4.15 0 -18 -5.05 0 -18.2
4 0 -4.25 0 -16.75 -5.1 0 -17.25 -5.05 0 -18.2 -4.15 0 -18
4 0 -4.4 0 -15.8 -5.25 0 -16.35 -5.1 0 -17.25 -4.25 0 -16.75
4 0 -4.65 0 -14.95 -5.4 0 -15.55 -5.25 0 -16.35 -4.4 0 -15.8
4 0 -5.4 0 -15.55 -4.65 0 -14.95 -5 0 -14.3 -5.66 0 -14.92
4 0 -5.45 0 -13.9 -5.9 0 -14.65 -5.66 0 -14.92 -5 0 -14.3
4 0 -6.17 0 -14.46 -5.9 0 -14.65 -5.45 0 -13.9 -5.9 0 -13.7
4 0 -6.5 0 -14.4 -6.17 0 -14.46 -5.9 0 -13.7 -6.35 0 -13.65
4 0 -6.83 0 -14.46 -6.5 0 -14.4 -6.35 0 -13.65 -6.8 0 -13.7
4 0 -7.1 0 -14.65 -6.83 0 -14.46 -6.8 0 -13.7 -7.2 0 -13.85
4 0 -7.29 0 -14.92 -7.1 0 -14.65 -7.2 0 -13.85 -7.6 0 -14.15
4 0 -7.95 0 -15 -7.29 0 -14.92 -7.6 0 -14.15 -7.85 0 -14.55
4 0 -7.29 0 -14.92 -7.95 0 -15 -7.95 0 -15.3 -7.35 0 -15.25
4 0 -7.29 0 -15.63 -7.35 0 -15.25 -7.95 0 -15.3 -7.85 0 -15.65
4 0 -7.05 0 -16.3 -7.29 0 -15.63 -7.85 0 -15.65 -7.7 0 -16.05
4 0 -4.75 0 -22.75 -4.55 0 -22.45 -5.45 0 -21.85 -5.6 0 -22.2
4 0 -4.85 0 -23.15 -4.75 0 -22.75 -5.6 0 -22.2 -5.7 0 -22.7
4 0 -4.9 0 -23.65 -4.85 0 -23.15 -5.7 0 -22.7 -5.75 0 -23.5
4 0 -4.85 0 -24 -4.9 0 -23.65 -5.75 0 -23.5 -5.75 0 -24.05
4 0 -5.25 0 -24.9 -4.85 0 -24 -5.75 0 -24.05 -5.6 0 -24.55
4 0 -4.85 0 -24 -5.25 0 -24.9 -4.8 0 -25 -4.75 0 -24.2
4 0 -4.45 0 -24.9 -4.6 0 -24.3 -4.75 0 -24.2 -4.8 0 -25
4 0 -4.45 0 -24.2 -4.6 0 -24.3 -4.45 0 -24.9 -4.1 0 -24.65
4 0 -4.35 0 -23.85 -4.45 0 -24.2 -4.1 0 -24.65 -3.9 0 -24.2
4 0 -4.2 0 -23.5 -4.35 0 -23.85 -3.9 0 -24.2 -3.7 0 -23.85
4 0 -4.2 0 -23.5 -3.7 0 -23.85 -3.43 0 -23.66 -3.9 0 -23.2
4 0 -3.9 0 -23.2 -3.43 0 -23.66 -3.1 0 -23.6 -3.55 0 -23.05
4 0 -2.77 0 -23.66 -2.9 0 -23 -3.55 0 -23.05 -3.1 0 -23.6
4 0 5.1 0 -22.45 .45 0 -21.85 -5.45 0 -21.85 -4.55 0 -22.45
3 0 .45 0 -21.85 5.1 0 -22.45 5.65 0 -21.85
4 0 2 0 -17.45 1.1 0 -17.75 1.1 0 -20.2 2.05 0 -17.9
3 0 1.1 0 -20.2 2.05 0 -19.55 2.05 0 -17.9
4 0 1.1 0 -20.2 5.7 0 -20.2 5.25 0 -19.55 2.05 0 -19.55
4 0 5.5 0 -18.5 5.25 0 -19.55 5.7 0 -20.2 5.85 0 -19.3
4 0 5.75 0 -17.75 5.5 0 -18.5 5.85 0 -19.3 6.1 0 -18.55
4 0 6.05 0 -16.95 5.75 0 -17.75 6.1 0 -18.55 6.45 0 -17.65
4 0 6.2 0 -16.3 6.05 0 -16.95 6.45 0 -17.65 6.7 0 -16.75
4 0 6.7 0 -16.75 6.8 0 -15.95 6.2 0 -15.8 6.2 0 -16.3
4 0 6.8 0 -15.95 6.7 0 -15.15 6.1 0 -15.1 6.2 0 -15.8
4 0 6.7 0 -15.15 6.45 0 -14.4 5.8 0 -14.25 6.1 0 -15.1
3 0 5.8 0 -14.25 6.45 0 -14.4 6.26 0 -13.93
3 0 5.1 0 -22.45 5.75 0 -22.85 5.65 0 -21.85
4 0 5.95 0 -23.75 5.75 0 -22.85 5.1 0 -22.45 5.3 0 -23.6
4 0 6.26 0 -24.68 5.95 0 -23.75 5.3 0 -23.6 5.55 0 -24.5
4 0 6.1 0 -25.55 6.26 0 -24.68 5.55 0 -24.5 5.8 0 -25.2
4 0 6.5 0 -25.75 6.45 0 -24.95 6.26 0 -24.68 6.1 0 -25.55
4 0 7 0 -25.85 6.72 0 -25.14 6.45 0 -24.95 6.5 0 -25.75
4 0 6.72 0 -25.14 7 0 -25.85 7.5 0 -25.85 7.05 0 -25.2
4 0 7.05 0 -25.2 7.5 0 -25.85 8.05 0 -25.7 7.38 0 -25.14
4 0 7.38 0 -25.14 8.05 0 -25.7 8.45 0 -25.45 7.65 0 -24.95
4 0 7.65 0 -24.95 8.45 0 -25.45 8.7 0 -25.15 7.84 0 -24.68
4 0 7.84 0 -24.68 8.7 0 -25.15 8.85 0 -24.8 7.9 0 -24.35
4 0 8.8 0 -23.85 7.9 0 -24.35 8.85 0 -24.8 8.9 0 -24.35
4 0 8.6 0 -23.25 7.84 0 -24.02 7.9 0 -24.35 8.8 0 -23.85
4 0 8.35 0 -22.4 7.6 0 -23.2 7.84 0 -24.02 8.6 0 -23.25
4 0 7.6 0 -23.2 8.35 0 -22.4 8.25 0 -21.65 7.4 0 -22.25
4 0 7.45 0 -20.4 7.35 0 -21.35 7.4 0 -22.25 8.25 0 -21.65
4 0 7.7 0 -19.5 7.45 0 -20.4 8.25 0 -21.65 8.25 0 -20.85
4 0 8 0 -18.5 7.7 0 -19.5 8.25 0 -20.85 8.4 0 -20
4 0 8.35 0 -17.55 8 0 -18.5 8.4 0 -20 8.75 0 -19.1
4 0 8.5 0 -16.7 8.35 0 -17.55 8.75 0 -19.1 9.15 0 -18
4 0 8.55 0 -15.8 8.5 0 -16.7 9.15 0 -18 9.4 0 -17
4 0 9.4 0 -15.15 8.55 0 -15.8 9.4 0 -17 9.45 0 -16
4 0 8.55 0 -15.8 9.4 0 -15.15 9.25 0 -14.3 8.5 0 -14.95
4 0 9 0 -13.45 8.35 0 -14.25 8.5 0 -14.95 9.25 0 -14.3
4 0 8.7 0 -12.85 8.1 0 -13.65 8.35 0 -14.25 9 0 -13.45
4 0 8.35 0 -12.45 7.89 0 -13.22 8.1 0 -13.65 8.7 0 -12.85
4 0 7.95 0 -12.2 7.65 0 -12.95 7.89 0 -13.22 8.35 0 -12.45
4 0 7.5 0 -12.1 7.38 0 -12.81 7.65 0 -12.95 7.95 0 -12.2
4 0 7.38 0 -12.81 7.5 0 -12.1 7 0 -12.1 7.05 0 -12.75
4 0 -2.9 0 -23 -2.77 0 -23.66 -2.5 0 -23.85 -2.3 0 -23.05
4 0 -2.31 0 -24.12 -1.8 0 -23.3 -2.3 0 -23.05 -2.5 0 -23.85
4 0 -2.25 0 -24.45 -1.5 0 -23.7 -1.8 0 -23.3 -2.31 0 -24.12
4 0 -1.35 0 -24.75 -1.35 0 -24.2 -1.5 0 -23.7 -2.25 0 -24.45
4 0 -1.5 0 -25.35 -1.35 0 -24.75 -2.25 0 -24.45 -2.31 0 -24.78
4 0 -2.6 0 -25.45 -1.9 0 -26 -1.5 0 -25.35 -2.31 0 -24.78
4 0 -3.05 0 -25.95 -2.45 0 -26.6 -1.9 0 -26 -2.6 0 -25.45
4 0 -2.45 0 -26.6 -3.05 0 -25.95 -3.55 0 -26.4 -3.1 0 -27
4 0 -3.1 0 -27 -3.55 0 -26.4 -4.2 0 -26.65 -3.85 0 -27.2
4 0 -3.85 0 -27.2 -4.2 0 -26.65 -4.95 0 -26.7 -4.8 0 -27.25
4 0 -4.8 0 -27.25 -4.95 0 -26.7 -5.7 0 -26.6 -5.7 0 -27.15
4 0 -6.35 0 -26.25 -6.6 0 -26.85 -5.7 0 -27.15 -5.7 0 -26.6
4 0 -7.25 0 -26.25 -6.6 0 -26.85 -6.35 0 -26.25 -6.9 0 -25.75
4 0 -7.3 0 -25.1 -7.75 0 -25.5 -7.25 0 -26.25 -6.9 0 -25.75
4 0 -7.5 0 -24.4 -8.05 0 -24.65 -7.75 0 -25.5 -7.3 0 -25.1
4 0 -7.55 0 -23.65 -8.15 0 -23.9 -8.05 0 -24.65 -7.5 0 -24.4
4 0 -8.15 0 -23.9 -7.55 0 -23.65 -7.5 0 -22.9 -8.1 0 -23.1
4 0 -8.1 0 -23.1 -7.5 0 -22.9 -7.35 0 -22.1 -7.9 0 -22.2
4 0 -7.55 0 -20.6 -7.9 0 -22.2 -7.35 0 -22.1 -7.15 0 -21.25
4 0 -7.4 0 -19.45 -7.55 0 -20.6 -7.15 0 -21.25 -7 0 -20.4
4 0 -7.35 0 -18.3 -7.4 0 -19.45 -7 0 -20.4 -6.9 0 -19.3
4 0 -6.9 0 -19.3 -6.85 0 -18.2 -7.4 0 -17.45 -7.35 0 -18.3
4 0 -7.05 0 -16.3 -7.4 0 -17.45 -6.85 0 -18.2 -6.9 0 -17.1
3 0 -7.5 0 -16.8 -7.4 0 -17.45 -7.05 0 -16.3
3 0 -7.7 0 -16.05 -7.5 0 -16.8 -7.05 0 -16.3
4 0 6.26 0 -13.93 6.2 0 -13.6 5.49 0 -13.54 5.8 0 -14.25
4 0 6.2 0 -13.6 6.26 0 -13.27 5.3 0 -12.5 5.49 0 -13.54
4 0 5.15 0 -13.85 5.49 0 -13.54 5.3 0 -12.5 4.85 0 -13.05
4 0 5.6 0 -11.9 5.3 0 -12.5 6.26 0 -13.27 6.45 0 -13
4 0 6.72 0 -12.81 6.42 0 -12.22 5.6 0 -11.9 6.45 0 -13
3 0 5.6 0 -11.9 6.42 0 -12.22 6.5 0 -11.95
4 0 7.05 0 -12.75 7 0 -12.1 6.42 0 -12.22 6.72 0 -12.81
4 2 -4.35 0 -23.85 -4.75 0 -24.2 -4.6 0 -24.3 -4.45 0 -24.2
4 2 -4.75 0 -24.2 -4.35 0 -23.85 -4.9 0 -23.65 -4.85 0 -24
4 2 -4.35 0 -23.85 -4.2 0 -23.5 -4.85 0 -23.15 -4.9 0 -23.65
4 2 -4.85 0 -23.15 -4.2 0 -23.5 -3.9 0 -23.2 -4.75 0 -22.75
4 2 -4.75 0 -22.75 -3.9 0 -23.2 -3.55 0 -23.05 -4.55 0 -22.45
3 2 -4.55 0 -22.45 -3.55 0 -23.05 -2.9 0 -23
4 2 -2.3 0 -23.05 5.1 0 -22.45 -4.55 0 -22.45 -2.9 0 -23
3 2 -2.3 0 -23.05 -1.8 0 -23.3 5.1 0 -22.45
4 2 -1.5 0 -23.7 5.3 0 -23.6 5.1 0 -22.45 -1.8 0 -23.3
4 2 -1.35 0 -24.2 5.55 0 -24.5 5.3 0 -23.6 -1.5 0 -23.7
4 2 -1.35 0 -24.75 5.8 0 -25.2 5.55 0 -24.5 -1.35 0 -24.2
4 2 -1.5 0 -25.35 6.1 0 -25.55 5.8 0 -25.2 -1.35 0 -24.75
4 2 -1.9 0 -26 0 0 -38 6.1 0 -25.55 -1.5 0 -25.35
3 2 -2.45 0 -26.6 0 0 -38 -1.9 0 -26
3 2 -3.1 0 -27 0 0 -38 -2.45 0 -26.6
3 2 -3.85 0 -27.2 0 0 -38 -3.1 0 -27
3 2 -4.8 0 -27.25 0 0 -38 -3.85 0 -27.2
3 2 -5.7 0 -27.15 0 0 -38 -4.8 0 -27.25
3 2 -6.6 0 -26.85 0 0 -38 -5.7 0 -27.15
4 2 -18 0 -20 0 0 -38 -6.6 0 -26.85 -7.25 0 -26.25
3 2 -18 0 -20 -7.25 0 -26.25 -7.75 0 -25.5
3 2 -18 0 -20 -7.75 0 -25.5 -8.05 0 -24.65
3 2 -18 0 -20 -8.05 0 -24.65 -8.15 0 -23.9
3 2 -18 0 -20 -8.15 0 -23.9 -8.1 0 -23.1
4 2 -7.55 0 -20.6 -18 0 -20 -8.1 0 -23.1 -7.9 0 -22.2
4 2 -7.35 0 -18.3 -18 0 -20 -7.55 0 -20.6 -7.4 0 -19.45
4 2 -7.5 0 -16.8 -18 0 -20 -7.35 0 -18.3 -7.4 0 -17.45
4 2 -7.85 0 -15.65 -18 0 -20 -7.5 0 -16.8 -7.7 0 -16.05
3 2 -18 0 -20 -7.85 0 -15.65 -7.95 0 -15.3
3 2 -18 0 -20 -7.95 0 -15.3 -7.95 0 -15
3 2 0 0 -38 6.5 0 -25.75 6.1 0 -25.55
3 2 0 0 -38 7 0 -25.85 6.5 0 -25.75
3 2 0 0 -38 7.5 0 -25.85 7 0 -25.85
3 2 0 0 -38 8.05 0 -25.7 7.5 0 -25.85
3 2 8.85 0 -24.8 18 0 -20 8.9 0 -24.35
3 2 8.7 0 -25.15 18 0 -20 8.85 0 -24.8
3 2 8.45 0 -25.45 18 0 -20 8.7 0 -25.15
4 2 8.05 0 -25.7 0 0 -38 18 0 -20 8.45 0 -25.45
3 2 8.8 0 -23.85 8.9 0 -24.35 18 0 -20
4 2 8.8 0 -23.85 18 0 -20 8.35 0 -22.4 8.6 0 -23.25
4 2 8.35 0 -22.4 18 0 -20 8.25 0 -20.85 8.25 0 -21.65
4 2 8.25 0 -20.85 18 0 -20 8.75 0 -19.1 8.4 0 -20
3 2 8.75 0 -19.1 18 0 -20 9.15 0 -18
3 2 9.15 0 -18 18 0 -20 9.4 0 -17
3 2 9.4 0 -17 18 0 -20 9.45 0 -16
3 2 9.4 0 -15.15 9.45 0 -16 18 0 -20
4 2 18 0 0 9.25 0 -14.3 9.4 0 -15.15 18 0 -20
3 2 9 0 -13.45 9.25 0 -14.3 18 0 0
4 2 9 0 -13.45 18 0 0 8.65 0 .85 8.7 0 -12.85
4 2 8.7 0 -12.85 8.65 0 .85 7.9 0 .3 8.35 0 -12.45
4 2 6.75 0 -.4 6.64 0 -3.85 6.75 0 -4.4 7.9 0 .3
4 2 6.64 0 -3.85 6.75 0 -.4 6.1 0 -.85 6.33 0 -3.37
4 2 6.33 0 -3.37 6.1 0 -.85 5.45 0 -1.35 5.85 0 -3.06
4 2 5.85 0 -3.06 5.45 0 -1.35 4.85 0 -1.85 5.3 0 -2.95
4 2 4.35 0 -2.45 5.3 0 -2.95 4.85 0 -1.85 4.55 0 -2.15
4 2 4.2 0 -2.95 5.3 0 -2.95 4.35 0 -2.45 4.25 0 -2.7
3 2 6.42 0 -12.22 7 0 -12.1 6.5 0 -11.95
4 2 7.5 0 -12.1 6.6 0 -11.2 6.5 0 -11.95 7 0 -12.1
4 2 6.6 0 -11.2 7.5 0 -12.1 7.95 0 -12.2 6.6 0 -10.5
4 2 7.9 0 .3 6.75 0 -4.4 6.64 0 -4.95 8.35 0 -12.45
4 2 8.35 0 -12.45 6.64 0 -4.95 6.33 0 -5.43 7.95 0 -12.2
3 2 6.5 0 -9.85 6.6 0 -10.5 7.95 0 -12.2
4 2 7.95 0 -12.2 6.33 0 -5.43 6.3 0 -9.25 6.5 0 -9.85
4 2 5.85 0 -8.55 6.3 0 -9.25 6.33 0 -5.43 5.85 0 -5.74
4 2 5.85 0 -5.74 5.3 0 -5.85 5.35 0 -8.05 5.85 0 -8.55
3 2 4.75 0 -7.65 5.35 0 -8.05 5.3 0 -5.85
3 2 4.1 0 -7.35 4.75 0 -7.65 5.3 0 -5.85
3 2 3.4 0 -7.2 4.1 0 -7.35 5.3 0 -5.85
4 2 3.4 0 -7.2 5.3 0 -5.85 -1.06 0 -6.45 2.85 0 -7.15
3 2 -1.06 0 -6.45 5.3 0 -5.85 -.9 0 -5.85
3 2 -1.85 0 -7.15 2.85 0 -7.15 -1.32 0 -6.83
3 2 -1.32 0 -6.83 2.85 0 -7.15 -1.06 0 -6.45
4 2 -.85 0 -2.9 .75 0 -2.9 .75 0 -2.1 -.85 0 -2.15
4 2 .7 0 -1.8 -.8 0 -1.75 -.85 0 -2.15 .75 0 -2.1
4 2 .55 0 -1.55 -.65 0 -1.5 -.8 0 -1.75 .7 0 -1.8
3 2 -.65 0 -1.5 .55 0 -1.55 -.45 0 -1.35
3 2 .1 0 -1.25 .55 0 -1.55 .35 0 -1.35
4 2 -.45 0 -1.35 .55 0 -1.55 .1 0 -1.25 -.2 0 -1.25
3 2 .95 0 1.55 1.5 0 1.4 1.65 0 1.55
4 2 1.5 0 1.4 1.95 0 1.2 2.45 0 1.65 1.65 0 1.55
4 2 3.25 0 .95 2.45 0 1.65 1.95 0 1.2 2.3 0 .95
3 2 2.3 0 .95 2.75 0 .55 3.25 0 .95
3 2 2.45 0 1.65 3.25 0 .95 3.2 0 1.8
4 2 4.05 0 2.1 3.2 0 1.8 3.25 0 .95 3.9 0 1.4
4 2 3.9 0 1.4 4.75 0 1.9 4.7 0 2.5 4.05 0 2.1
4 2 5.25 0 2.9 4.7 0 2.5 4.75 0 1.9 5.55 0 2.4
4 2 5.55 0 2.4 6.3 0 2.95 5.8 0 3.6 5.25 0 2.9
4 2 6.35 0 4.6 5.8 0 3.6 6.3 0 2.95 6.8 0 3.45
4 2 7.45 0 4.55 6.35 0 4.6 6.8 0 3.45 7.2 0 3.95
4 2 6.35 0 4.6 7.45 0 4.55 7.55 0 5.5 6.6 0 5.6
4 2 6.7 0 6.75 6.6 0 5.6 7.55 0 5.5 7.65 0 6.05
3 2 6.7 0 6.75 7.65 0 6.05 7.8 0 6.45
3 2 6.7 0 6.75 7.8 0 6.45 8.05 0 6.7
4 2 8.5 0 6.95 6.6 0 7.7 6.7 0 6.75 8.05 0 6.7
3 2 8.65 0 .85 18 0 0 9.35 0 1.55
3 2 9.35 0 1.55 18 0 0 9.9 0 2.35
3 2 9.9 0 2.35 18 0 0 10.35 0 3.3
3 2 10.35 0 3.3 18 0 0 10.6 0 4.1
3 2 10.6 0 4.1 18 0 0 10.7 0 4.8
3 2 10.7 0 4.8 18 0 0 10.75 0 5.4
3 2 10.7 0 5.85 10.75 0 5.4 18 0 0
3 2 10.55 0 6.2 10.7 0 5.85 18 0 0
4 2 18 0 0 18 0 20 10.35 0 6.5 10.55 0 6.2
3 2 9.95 0 6.8 10.35 0 6.5 18 0 20
3 2 9.55 0 6.95 9.95 0 6.8 18 0 20
4 2 6.75 0 13.2 6.64 0 12.65 9.55 0 6.95 18 0 20
4 2 6.33 0 12.17 9 0 7 9.55 0 6.95 6.64 0 12.65
3 2 6.33 0 12.17 8.5 0 6.95 9 0 7
4 2 6.2 0 8.8 6.6 0 7.7 8.5 0 6.95 6.33 0 12.17
4 2 5.7 0 9.55 6.2 0 8.8 6.33 0 12.17 5.85 0 11.86
4 2 5.05 0 10.15 5.7 0 9.55 5.85 0 11.86 5.3 0 11.75
3 2 4.45 0 10.55 5.05 0 10.15 5.3 0 11.75
3 2 3.85 0 10.85 4.45 0 10.55 5.3 0 11.75
3 2 3.25 0 11.05 3.85 0 10.85 5.3 0 11.75
3 2 -1.8 0 10.66 -1.25 0 10.9 -1.32 0 10.97
4 2 -1.06 0 11.35 -1.32 0 10.97 -1.25 0 10.9 -.5 0 11.15
4 2 -1.06 0 11.35 -.5 0 11.15 .5 0 11.25 -.95 0 11.75
4 2 5.3 0 11.75 -.95 0 11.75 .5 0 11.25 1.5 0 11.25
3 2 2.4 0 11.2 3.25 0 11.05 5.3 0 11.75
3 2 1.5 0 11.25 2.4 0 11.2 5.3 0 11.75
4 2 -.85 0 14.7 .75 0 14.7 .75 0 15.5 -.85 0 15.45
4 2 -.8 0 15.85 -.85 0 15.45 .75 0 15.5 .7 0 15.8
4 2 -.8 0 15.85 .7 0 15.8 -.45 0 16.25 -.65 0 16.1
4 2 .35 0 16.25 -.45 0 16.25 .7 0 15.8 .55 0 16.05
4 2 -.2 0 16.35 -.45 0 16.25 .35 0 16.25 .1 0 16.35
4 2 1.75 0 4.7 1.75 0 8.35 .7 0 8.3 1.1 0 4.7
4 2 1.1 0 4.7 .7 0 8.3 0 0 5 .45 0 4.8
4 2 .7 0 8.3 .25 0 8.2 -.15 0 7.95 0 0 5
4 2 -.15 0 7.95 -.5 0 7.6 -.35 0 5.25 0 0 5
4 2 -.35 0 5.25 -.5 0 7.6 -.75 0 6.15 -.6 0 5.65
4 2 -.5 0 7.6 -.7 0 7.15 -.8 0 6.7 -.75 0 6.15
4 2 2.2 0 4.75 2.2 0 8.3 1.75 0 8.35 1.75 0 4.7
4 2 2.75 0 4.95 2.6 0 8.15 2.2 0 8.3 2.2 0 4.75
4 2 2.85 0 7.95 2.6 0 8.15 2.75 0 4.95 3.1 0 5.2
4 2 3.45 0 7.1 3.2 0 7.6 2.85 0 7.95 3.1 0 5.2
4 2 3.4 0 5.6 3.55 0 6.65 3.45 0 7.1 3.1 0 5.2
3 2 3.4 0 5.6 3.55 0 6.1 3.55 0 6.65
3 2 -4.15 0 -19.55 -1.15 0 -19.55 -4.1 0 -18.95
4 2 -1.15 0 -19.55 -1.15 0 -17.8 -4.15 0 -18 -4.1 0 -18.95
4 2 -1.15 0 -17.8 -1.05 0 -17.25 -4.25 0 -16.75 -4.15 0 -18
4 2 -2.35 0 -15.65 -2.8 0 -15.65 -4.25 0 -16.75 -1.05 0 -17.25
4 2 -2.8 0 -15.65 -3.3 0 -15.49 -4.4 0 -15.8 -4.25 0 -16.75
3 2 -4.4 0 -15.8 -3.3 0 -15.49 -3.68 0 -15.23
4 2 -3.99 0 -14.75 -4.65 0 -14.95 -4.4 0 -15.8 -3.68 0 -15.23
4 2 -4.1 0 -14.2 -5 0 -14.3 -4.65 0 -14.95 -3.99 0 -14.75
4 2 -4.1 0 -14.2 -4.1 0 -12.7 -5.45 0 -13.9 -5 0 -14.3
4 2 -5.45 0 -13.9 -4.1 0 -12.7 -4 0 -12.35 -5.9 0 -13.7
4 2 -3.2 0 -9.85 -3.45 0 -11.85 -3 0 -11.75 -2.8 0 -9.95
4 2 -3.6 0 -9.65 -3.8 0 -12.05 -3.45 0 -11.85 -3.2 0 -9.85
4 2 -4 0 -12.35 -3.8 0 -12.05 -3.6 0 -9.65 -3.9 0 -9.35
4 2 -5.9 0 -13.7 -4 0 -12.35 -3.9 0 -9.35 -4.1 0 -8.95
3 2 -6.35 0 -13.65 -5.9 0 -13.7 -4.1 0 -8.95
3 2 -6.8 0 -13.7 -6.35 0 -13.65 -4.1 0 -8.95
3 2 -3.3 0 -7.09 -3.25 0 -7.2 -3.04 0 -7.17
4 2 -3.25 0 -7.2 -3.3 0 -7.09 -3.68 0 -6.83 -3.6 0 -7.35
4 2 -3.6 0 -7.35 -3.68 0 -6.83 -3.99 0 -6.35 -3.85 0 -7.55
4 2 -3 0 -11.75 2.55 0 -11.75 2.75 0 -9.95 -2.8 0 -9.95
4 2 2.95 0 -11.7 3.05 0 -10.05 2.75 0 -9.95 2.55 0 -11.75
4 2 3.05 0 -10.05 2.95 0 -11.7 3.25 0 -11.5 3.3 0 -10.25
4 2 3.25 0 -11.5 3.4 0 -11.25 3.45 0 -10.55 3.3 0 -10.25
3 2 3.4 0 -11.25 3.5 0 -10.9 3.45 0 -10.55
4 2 2.05 0 -19.55 5.25 0 -19.55 5.5 0 -18.5 2.05 0 -17.9
4 2 2.05 0 -17.9 5.5 0 -18.5 5.75 0 -17.75 2 0 -17.45
4 2 5.75 0 -17.75 6.05 0 -16.95 1.85 0 -17.1 2 0 -17.45
3 2 1.85 0 -17.1 6.05 0 -16.95 6.2 0 -16.3
4 2 3.7 0 -14.4 1.85 0 -17.1 6.2 0 -16.3 6.2 0 -15.8
4 2 3.7 0 -14.4 6.2 0 -15.8 6.1 0 -15.1 4.15 0 -14.3
4 2 4.15 0 -14.3 6.1 0 -15.1 5.8 0 -14.25 4.7 0 -14.1
3 2 4.7 0 -14.1 5.8 0 -14.25 5.15 0 -13.85
3 2 5.15 0 -13.85 5.8 0 -14.25 5.49 0 -13.54
4 2 3.7 0 -14.4 3.1 0 -14.45 1.65 0 -16.8 1.85 0 -17.1
4 2 1.65 0 -16.8 3.1 0 -14.45 -1 0 -14.45 1.25 0 -16.5
3 2 -1 0 -14.45 .85 0 -16.35 1.25 0 -16.5
3 2 -1 0 -14.45 .3 0 -16.3 .85 0 -16.35
4 2 -1 0 -14.45 -1.11 0 -14.9 -.2 0 -16.35 .3 0 -16.3
4 2 -.65 0 -16.6 -.2 0 -16.35 -1.11 0 -14.9 -1.32 0 -15.23
4 2 -.9 0 -16.85 -.65 0 -16.6 -1.32 0 -15.23 -1.8 0 -15.54
4 2 -1.05 0 -17.25 -.9 0 -16.85 -1.8 0 -15.54 -2.35 0 -15.65
3 2 -.91 0 19.4 -.6 0 19.4 -.8 0 19.9
3 2 -.8 0 19.9 -.6 0 19.4 .1 0 19.4
3 2 -.8 0 19.9 .1 0 19.4 .75 0 19.35
4 2 1.25 0 19.25 3.65 0 19.9 -.8 0 19.9 .75 0 19.35
4 2 1.8 0 19.05 3.81 0 19.45 3.65 0 19.9 1.25 0 19.25
4 2 3.81 0 19.45 1.8 0 19.05 2.35 0 18.75 4.02 0 19.07
4 2 4.4 0 18.81 4.02 0 19.07 2.35 0 18.75 2.85 0 18.35
4 2 4.95 0 18.65 4.4 0 18.81 2.85 0 18.35 3.3 0 17.95
4 2 5.4 0 18.65 4.95 0 18.65 3.3 0 17.95 3.7 0 17.35
4 2 5.95 0 18.76 5.4 0 18.65 3.7 0 17.35 3.9 0 16.85
4 2 5.3 0 14.65 5.95 0 18.76 3.9 0 16.85 3.95 0 16.2
3 2 3.95 0 16.2 3.95 0 14.65 5.3 0 14.65
3 2 5.3 0 14.65 5.85 0 14.54 5.95 0 18.76
4 2 6.33 0 14.23 6.43 0 19.02 5.95 0 18.76 5.85 0 14.54
3 2 6.64 0 13.75 6.75 0 13.2 18 0 20
4 2 6.75 0 19.9 6.69 0 19.4 6.64 0 13.75 18 0 20
4 2 6.33 0 14.23 6.64 0 13.75 6.69 0 19.4 6.43 0 19.02
3 2 6.75 0 25.95 6.75 0 19.9 18 0 20
3 2 6.69 0 26.45 6.75 0 25.95 18 0 20
4 2 3.65 0 25.75 2.6 0 23.8 2.6 0 22.7 3.65 0 22.7
3 2 2.55 0 24.2 2.6 0 23.8 3.65 0 25.75
3 2 2.4 0 24.6 2.55 0 24.2 3.65 0 25.75
4 2 3.76 0 26.3 2.1 0 24.95 2.4 0 24.6 3.65 0 25.75
3 2 1.75 0 25.15 2.1 0 24.95 3.76 0 26.3
4 2 -.85 0 24.2 -.55 0 24.2 -.4 0 24.55 -.85 0 26
3 2 -.85 0 26 -.4 0 24.55 -.2 0 24.9
4 2 -.2 0 24.9 .05 0 25.1 -.96 0 26.5 -.85 0 26
3 2 -.96 0 26.5 .05 0 25.1 .45 0 25.25
3 2 -.96 0 26.5 .45 0 25.25 .85 0 25.3
4 2 -.96 0 26.5 1.35 0 25.25 1.75 0 25.15 3.76 0 26.3
3 2 -.96 0 26.5 .85 0 25.3 1.35 0 25.25
4 2 3.76 0 26.3 4.07 0 26.78 -1.22 0 26.88 -.96 0 26.5
4 2 4.07 0 26.78 4.45 0 27.04 -1.65 0 27.14 -1.22 0 26.88
4 2 4.95 0 27.2 0 0 38 -1.65 0 27.14 4.45 0 27.04
3 2 0 0 38 4.95 0 27.2 5.4 0 27.2
3 2 0 0 38 5.4 0 27.2 5.95 0 27.09
3 2 0 0 38 5.95 0 27.09 6.43 0 26.83
4 2 6.69 0 26.45 18 0 20 0 0 38 6.43 0 26.83
3 2 -2.2 0 27.25 -1.65 0 27.14 0 0 38
3 2 -2.65 0 27.25 -2.2 0 27.25 0 0 38
3 2 -3.25 0 27.09 -2.65 0 27.25 0 0 38
3 2 -3.63 0 26.83 -3.25 0 27.09 0 0 38
4 2 -3.63 0 26.83 0 0 38 -18 0 20 -3.94 0 26.35
3 2 -18 0 20 -4.05 0 25.8 -3.94 0 26.35
3 2 -18 0 20 -4.05 0 20.1 -4.05 0 25.8
4 2 -3.2 0 18.1 -3.25 0 18.81 -3.63 0 19.07 -3.6 0 17.55
3 2 -3.25 0 18.81 -3.2 0 18.1 -2.7 0 18.55
3 2 -3.25 0 18.81 -2.7 0 18.55 -2.55 0 18.65
4 2 -3.6 0 17.55 -3.63 0 19.07 -3.94 0 19.55 -3.85 0 17.05
4 2 -3.85 0 17.05 -3.94 0 19.55 -18 0 20 -4 0 16.55
3 2 -18 0 20 -3.94 0 19.55 -4.05 0 20.1
3 2 -18 0 20 -4.1 0 15.9 -4 0 16.55
3 2 -18 0 20 -4.1 0 12 -4.1 0 15.9
3 2 -3.35 0 9 -2.9 0 9.7 -2.8 0 10.55
4 2 -3.65 0 8.35 -3.35 0 9 -2.8 0 10.55 -3.3 0 10.71
4 2 -2.35 0 10.55 -2.8 0 10.55 -2.9 0 9.7 -2.35 0 10.25
3 2 -2.35 0 10.25 -1.8 0 10.66 -2.35 0 10.55
3 2 -3.68 0 10.97 -3.65 0 8.35 -3.3 0 10.71
4 2 -3.85 0 7.6 -3.65 0 8.35 -3.68 0 10.97 -3.99 0 11.45
4 2 -4.1 0 12 -18 0 20 -3.85 0 7.6 -3.99 0 11.45
3 2 -18 0 20 -4 0 6.9 -3.85 0 7.6
4 2 -4 0 6.9 -18 0 20 -18 0 0 -4.05 0 6.3
3 2 -18 0 0 -3.95 0 5.5 -4.05 0 6.3
4 2 -2.8 0 .8 -2.25 0 1.15 -2.05 0 2.55 -2.7 0 3.15
4 2 -2.25 0 1.15 -1.65 0 1.4 -1.35 0 2.1 -2.05 0 2.55
4 2 -1.65 0 1.4 -.85 0 1.6 -.65 0 1.8 -1.35 0 2.1
3 2 -.85 0 1.6 -.1 0 1.65 -.65 0 1.8
3 2 -3.3 0 .4 -2.8 0 .8 -2.7 0 3.15
4 2 -2.7 0 3.15 -3.25 0 3.85 -3.65 0 -.1 -3.3 0 .4
3 2 -18 0 0 -3.9 0 -.65 -3.65 0 -.1
4 2 -3.25 0 3.85 -3.7 0 4.65 -18 0 0 -3.65 0 -.1
3 2 -18 0 0 -3.7 0 4.65 -3.95 0 5.5
3 2 -18 0 0 -4.1 0 -1.85 -4.05 0 -1.3
3 2 -18 0 0 -4.05 0 -1.3 -3.9 0 -.65
3 2 -18 0 0 -4.1 0 -5.8 -4.1 0 -1.85
4 2 -4.1 0 -8.95 -4.15 0 -8.55 -7.2 0 -13.85 -6.8 0 -13.7
4 2 -4.1 0 -8.15 -18 0 0 -7.2 0 -13.85 -4.15 0 -8.55
3 2 -18 0 0 -4.1 0 -8.15 -4.05 0 -7.85
3 2 -18 0 0 -4.05 0 -7.85 -3.85 0 -7.55
4 2 -4.1 0 -5.8 -18 0 0 -3.85 0 -7.55 -3.99 0 -6.35
3 2 -18 0 0 -7.6 0 -14.15 -7.2 0 -13.85
3 2 -18 0 -20 -7.95 0 -15 -7.85 0 -14.55
4 2 -18 0 -20 -7.85 0 -14.55 -7.6 0 -14.15 -18 0 0
