0 Minifig Hat Crown
0 Name: 71015.dat
0 Author: Paul Easter [pneaster]
0 !LDRAW_ORG Part UPDATE 2002-04
0 !LICENSE Redistributable under CCAL version 2.0 : see CAreadme.txt

0 BFC CERTIFY CW
0 !CATEGORY Minifig Accessory
0 !KEYWORDS king, Castle, treasure, gold, chrome, Royal Knights, Pirates

0 !HISTORY 2002-08-18 [PTadmin] Official Update 2002-04
0 !HISTORY 2007-10-12 [PTadmin] Replaced box3#8p references with box3u8p
0 !HISTORY 2007-10-12 [PTadmin] Header formatted for Contributor Agreement
0 !HISTORY 2008-07-01 [PTadmin] Official Update 2008-01

1 16 0 3 0 1.7 0 0 0 -1 0 0 0 1.7 48\4-4ring9.dat
1 16 0 3 0 16 0 0 0 1 0 0 0 16 48\4-4edge.dat
1 16 0 3 0 17 0 0 0 1 0 0 0 17 48\4-4edge.dat
1 16 0 3 0 17 0 0 0 -3.6 0 0 0 17 48\4-4cyli.dat
1 16 0 -.5 0 17 0 0 0 1 0 0 0 17 48\4-4edge.dat
1 16 0 7 0 16 0 0 0 -4 0 0 0 16 48\4-4cyli.dat
1 16 0 7 0 -2.0884 0 15.8631 0 1 0 15.8631 0 2.0884 48\2-4edge.dat
1 16 0 7 0 2.0884 0 -15.8631 0 1 0 15.8631 0 2.0884 48\2-4edge.dat
4 16 4.1411 7 -15.4549 3.3646 7 -12.5566 1.6967 7 -12.8884 2.0885 7 -15.863
4 16 6.1229 7 -14.7821 4.9748 7 -12.01 3.3646 7 -12.5566 4.1411 7 -15.4549
4 16 8 7 -13.8565 6.4998 7 -11.2579 4.9748 7 -12.01 6.1229 7 -14.7821
4 16 9.7402 7 -12.6936 7.9137 7 -10.3133 6.4998 7 -11.2579 8 7 -13.8565
4 16 11.3138 7 -11.3138 9.1922 7 -9.1922 7.9137 7 -10.3133 9.7402 7 -12.6936
4 16 12.6936 7 -9.7402 10.3133 7 -7.9137 9.1922 7 -9.1922 11.3138 7 -11.3138
4 16 13.8565 7 -8 11.2579 7 -6.4998 10.3133 7 -7.9137 12.6936 7 -9.7402
2 24 13.8565 7 -8 11.2579 7 -6.4998
4 16 -1.6967 7 -12.8884 -3.3646 7 -12.5566 -4.1411 7 -15.4549 -2.0885 7 -15.863
4 16 -3.3646 7 -12.5566 -4.9748 7 -12.01 -6.1229 7 -14.7821 -4.1411 7 -15.4549
4 16 -4.9748 7 -12.01 -6.4998 7 -11.2579 -8 7 -13.8565 -6.1229 7 -14.7821
4 16 -6.4998 7 -11.2579 -7.9137 7 -10.3133 -9.7402 7 -12.6936 -8 7 -13.8565
4 16 -7.9137 7 -10.3133 -9.1922 7 -9.1922 -11.3138 7 -11.3138 -9.7402 7 -12.6936
4 16 -9.1922 7 -9.1922 -10.3133 7 -7.9137 -12.6936 7 -9.7402 -11.3138 7 -11.3138
4 16 -10.3133 7 -7.9137 -11.2579 7 -6.4998 -13.8565 7 -8 -12.6936 7 -9.7402
2 24 -13.8565 7 -8 -11.2579 7 -6.4998
0
0 nose guard
5 24 0 7 -16 0 13 -16 2.088 7 -15.8624 -16 7 -16
2 24 2.088 7 -15.8624 2.088 13 -15.8624
2 24 2.088 13 -15.8624 0 13 -16
4 16 0 7 -16 2.088 7 -15.8624 2.088 13 -15.8624 0 13 -16
5 24 0 7 -16 0 13 -16 -2.088 7 -15.8624 16 7 -16
2 24 -2.088 7 -15.8624 -2.088 13 -15.8624
2 24 -2.088 13 -15.8624 0 13 -16
4 16 -2.088 13 -15.8624 -2.088 7 -15.8624 0 7 -16 0 13 -16
5 24 0 7 -13 0 13 -13 1.6965 7 -12.8882 -13 7 -13
2 24 1.6965 7 -12.8882 1.6965 13 -12.8882
2 24 0 13 -13 1.6965 13 -12.8882
4 16 1.6965 13 -12.8882 1.6965 7 -12.8882 0 7 -13 0 13 -13
5 24 0 7 -13 0 13 -13 -1.6965 7 -12.8882 13 7 -13
2 24 -1.6965 7 -12.8882 -1.6965 13 -12.8882
2 24 0 13 -13 -1.6965 13 -12.8882
4 16 0 7 -13 -1.6965 7 -12.8882 -1.6965 13 -12.8882 0 13 -13
4 16 1.6965 13 -12.8882 2.088 13 -15.8624 2.088 7 -15.8624 1.6965 7 -12.8882
2 24 2.088 7 -15.8624 1.6965 7 -12.8882
2 24 2.088 13 -15.8624 1.6965 13 -12.8882
4 16 2.088 13 -15.8624 1.6965 13 -12.8882 0 13 -13 0 13 -16
4 16 -2.088 7 -15.8624 -2.088 13 -15.8624 -1.6965 13 -12.8882 -1.6965 7 -12.8882
2 24 -2.088 7 -15.8624 -1.6965 7 -12.8882
2 24 -2.088 13 -15.8624 -1.6965 13 -12.8882
4 16 0 13 -13 -1.6965 13 -12.8882 -2.088 13 -15.8624 0 13 -16
0
0 flared "skirt"
1 16 0 15 0 2.6666 0 0 0 -8 0 0 0 2.6666 48\1-4con6.dat
1 16 0 15 0 0 0 -2.6666 0 -8 0 2.6666 0 0 48\1-4con6.dat
1 16 0 23 0 2.074 0 0 0 -8 0 0 0 2.074 48\1-4con9.dat
1 16 0 23 0 0 0 -2.074 0 -8 0 2.074 0 0 48\1-4con9.dat
0
2 24 13.8557 7 -7.9992 16.1649 15 -9.3324
4 16 13.8557 7 -7.9992 14.7812 7 -6.1222 17.2447 15 -7.1425 16.1649 15 -9.3324
4 16 14.7812 7 -6.1222 15.4538 7 -4.1406 18.0294 15 -4.8306 17.2447 15 -7.1425
4 16 15.4538 7 -4.1406 15.862 7 -2.0879 18.5057 15 -2.4359 18.0294 15 -4.8306
5 24 14.7812 7 -6.1222 17.2447 15 -7.1425 15.4538 7 -4.1406 13.8557 7 -7.9992
5 24 15.4538 7 -4.1406 18.0294 15 -4.8306 15.862 7 -2.0879 14.7812 7 -6.1222
5 24 15.862 7 -2.0879 18.5057 15 -2.4359 15.4538 7 -4.1406 16.1346 7 -.0174
4 16 16.1649 15 -9.3324 13.5096 15 -7.7994 11.2579 7 -6.4994 13.8557 7 -7.9992
2 24 11.2579 7 -6.4994 13.5096 15 -7.7994
4 16 14.4121 15 -5.9692 12.0099 7 -4.9745 11.2579 7 -6.4994 13.5096 15 -7.7994
4 16 15.0679 15 -4.0372 12.5564 7 -3.3642 12.0099 7 -4.9745 14.4121 15 -5.9692
4 16 15.4658 15 -2.0358 12.8882 7 -1.6965 12.5564 7 -3.3642 15.0679 15 -4.0372
5 24 12.0099 7 -4.9745 14.4121 15 -5.9692 12.5564 7 -3.3642 11.2579 7 -6.4994
5 24 12.5564 7 -3.3642 15.0679 15 -4.0372 12.8882 7 -1.6965 12.0099 7 -4.9745
5 24 12.8882 7 -1.6965 15.4658 15 -2.0358 12.5564 7 -3.3642 13.1096 7 -.0143
4 16 16.1646 15 -9.3324 17.2444 15 -7.1426 18.3433 20.6568 -8.2228 17.0882 18.0616 -9.2503
2 24 16.1646 15 -9.3324 17.0882 18.0616 -9.2503
2 24 17.0882 18.0616 -9.2503 18.3433 20.6568 -8.2228
2 24 18.3433 20.6568 -8.2228 18.7078 21.1097 -7.7486
3 16 17.2444 15 -7.1426 18.7078 21.1097 -7.7486 18.3433 20.6568 -8.2228
4 16 17.2444 15 -7.1426 18.0292 15 -4.8304 19.5503 22.3912 -6.2976 18.7078 21.1097 -7.7486
2 24 18.7078 21.1097 -7.7486 19.5503 22.3912 -6.2976
3 16 18.0292 15 -4.8304 19.9381 22.6233 -5.342 19.5503 22.3912 -6.2976
2 24 19.5503 22.3912 -6.2976 19.9381 22.6233 -5.342
4 16 18.0292 15 -4.8304 18.5055 15 -2.4359 20.3687 23 -3.6769 19.9381 22.6233 -5.342
2 24 19.9381 22.6233 -5.342 20.3687 23 -3.6769
2 24 20.3687 23 -3.6769 20.5616 23 -2.7066
3 16 18.5055 15 -2.4359 20.5616 23 -2.7066 20.3687 23 -3.6769
5 24 17.2444 15 -7.1426 18.7078 21.1097 -7.7486 18.0292 15 -4.8304 16.1646 15 -9.3324
5 24 18.0292 15 -4.8304 19.9381 22.6233 -5.342 18.5055 15 -2.4359 17.2444 15 -7.1426
5 24 18.5055 15 -2.4359 20.5616 23 -2.7066 18.0292 15 -4.8304 18.8234 15 -.0206
0 inside
4 16 15.3301 20.6568 -6.872 14.4116 15 -5.9692 13.5092 15 -7.7993 14.281 18.0616 -7.7307
2 24 13.5092 15 -7.7993 14.281 18.0616 -7.7307
2 24 14.281 18.0616 -7.7307 15.3301 20.6568 -6.872
3 16 15.3301 20.6568 -6.872 15.6346 21.1097 -6.4757 14.4116 15 -5.9692
2 24 15.3301 20.6568 -6.872 15.6346 21.1097 -6.4757
4 16 16.3387 22.3912 -5.2631 15.0675 15 -4.0369 14.4116 15 -5.9692 15.6346 21.1097 -6.4757
2 24 15.6346 21.1097 -6.4757 16.3387 22.3912 -5.2631
3 16 16.3387 22.3912 -5.2631 16.6627 22.6233 -4.4645 15.0675 15 -4.0369
2 24 16.3387 22.3912 -5.2631 16.6627 22.6233 -4.4645
4 16 17.0226 23 -3.0729 15.4655 15 -2.0358 15.0675 15 -4.0369 16.6627 22.6233 -4.4645
2 24 16.6627 22.6233 -4.4645 17.0226 23 -3.0729
3 16 17.0226 23 -3.0729 17.1839 23 -2.262 15.4655 15 -2.0358
2 24 17.0226 23 -3.0729 17.1839 23 -2.262
5 24 14.4116 15 -5.9692 15.6346 21.1097 -6.4757 15.0675 15 -4.0369 13.5092 15 -7.7993
5 24 15.0675 15 -4.0369 16.6627 22.6233 -4.4645 15.4655 15 -2.0358 14.4116 15 -5.9692
5 24 15.4655 15 -2.0358 17.1839 23 -2.262 15.0675 15 -4.0369 15.7313 15 -.0172
4 16 16.1646 15 -9.3324 17.0882 18.0616 -9.2503 14.281 18.0616 -7.7307 13.5092 15 -7.7993
4 16 17.0882 18.0616 -9.2503 18.3433 20.6568 -8.2228 15.3301 20.6568 -6.872 14.281 18.0616 -7.7307
4 16 18.3433 20.6568 -8.2228 18.7078 21.1097 -7.7486 15.6346 21.1097 -6.4757 15.3301 20.6568 -6.872
4 16 18.7078 21.1097 -7.7486 19.5503 22.3912 -6.2976 16.3387 22.3912 -5.2631 15.6346 21.1097 -6.4757
4 16 19.5503 22.3912 -6.2976 19.9381 22.6233 -5.342 16.6627 22.6233 -4.4645 16.3387 22.3912 -5.2631
4 16 19.9381 22.6233 -5.342 20.3687 23 -3.6769 17.0226 23 -3.0729 16.6627 22.6233 -4.4645
4 16 20.3687 23 -3.6769 20.5616 23 -2.7066 17.1839 23 -2.262 17.0226 23 -3.0729
1 16 16.7233 18 -3.2099 -3.9656 .261 0 0 0 4 .522 1.9828 0 1-4cyli.dat
0 BFC INVERTNEXT
1 16 16.7233 18 -3.2099 -3.9656 -.1305 0 0 0 4 .522 -.9914 0 1-4disc.dat
1 16 16.9843 18 -1.2271 -3.9656 -.1305 0 0 0 4 .522 -.9914 0 1-4disc.dat
1 16 16.7233 18 -3.2099 -3.9656 -.1305 0 0 0 4 .522 -.9914 0 1-4edge.dat
1 16 16.9843 18 -1.2271 -3.9656 -.1305 0 0 0 4 .522 -.9914 0 1-4edge.dat
4 16 12.7577 7 -2.6879 12.7577 18 -2.6879 13.0187 18 -.7051 13.0187 7 -.7051
2 24 12.7577 7 -2.6879 12.7577 18 -2.6879
2 24 13.0187 7 -.7051 13.0187 18 -.7051
2 24 12.7577 7.2 -2.6879 15.2759 15 -3.0194
2 24 13.0187 7.2 -.7051 15.5369 15 -1.0366
2 24 15.2759 15 -3.0194 16.7233 22 -3.2099
2 24 15.5369 15 -1.0366 16.9843 22 -1.2271
4 16 15.9302 18 -3.1055 12.7577 18 -2.6879 12.7577 7.2 -2.6879 15.2759 15 -3.0194
4 16 13.0187 7.2 -.7051 13.0187 18 -.7051 16.1912 18 -1.1227 15.5369 15 -1.0366
2 24 16.7233 22 -3.2099 16.9843 22 -1.2271
0
2 24 -13.8557 7 -7.9992 -16.1649 15 -9.3324
4 16 -17.2447 15 -7.1425 -14.7812 7 -6.1222 -13.8557 7 -7.9992 -16.1649 15 -9.3324
4 16 -18.0294 15 -4.8306 -15.4538 7 -4.1406 -14.7812 7 -6.1222 -17.2447 15 -7.1425
4 16 -18.5057 15 -2.4359 -15.862 7 -2.0879 -15.4538 7 -4.1406 -18.0294 15 -4.8306
5 24 -14.7812 7 -6.1222 -17.2447 15 -7.1425 -15.4538 7 -4.1406 -13.8557 7 -7.9992
5 24 -15.4538 7 -4.1406 -18.0294 15 -4.8306 -15.862 7 -2.0879 -14.7812 7 -6.1222
5 24 -15.862 7 -2.0879 -18.5057 15 -2.4359 -15.4538 7 -4.1406 -16.1346 7 -.0174
4 16 -11.2579 7 -6.4994 -13.5096 15 -7.7994 -16.1649 15 -9.3324 -13.8557 7 -7.9992
2 24 -11.2579 7 -6.4994 -13.5096 15 -7.7994
4 16 -11.2579 7 -6.4994 -12.0099 7 -4.9745 -14.4121 15 -5.9692 -13.5096 15 -7.7994
4 16 -12.0099 7 -4.9745 -12.5564 7 -3.3642 -15.0679 15 -4.0372 -14.4121 15 -5.9692
4 16 -12.5564 7 -3.3642 -12.8882 7 -1.6965 -15.4658 15 -2.0358 -15.0679 15 -4.0372
5 24 -12.0099 7 -4.9745 -14.4121 15 -5.9692 -12.5564 7 -3.3642 -11.2579 7 -6.4994
5 24 -12.5564 7 -3.3642 -15.0679 15 -4.0372 -12.8882 7 -1.6965 -12.0099 7 -4.9745
5 24 -12.8882 7 -1.6965 -15.4658 15 -2.0358 -12.5564 7 -3.3642 -13.1096 7 -.0143
4 16 -18.3433 20.6568 -8.2228 -17.2444 15 -7.1426 -16.1646 15 -9.3324 -17.0882 18.0616 -9.2503
2 24 -16.1646 15 -9.3324 -17.0882 18.0616 -9.2503
2 24 -17.0882 18.0616 -9.2503 -18.3433 20.6568 -8.2228
2 24 -18.3433 20.6568 -8.2228 -18.7078 21.1097 -7.7486
3 16 -18.3433 20.6568 -8.2228 -18.7078 21.1097 -7.7486 -17.2444 15 -7.1426
4 16 -19.5503 22.3912 -6.2976 -18.0292 15 -4.8304 -17.2444 15 -7.1426 -18.7078 21.1097 -7.7486
2 24 -18.7078 21.1097 -7.7486 -19.5503 22.3912 -6.2976
3 16 -19.5503 22.3912 -6.2976 -19.9381 22.6233 -5.342 -18.0292 15 -4.8304
2 24 -19.5503 22.3912 -6.2976 -19.9381 22.6233 -5.342
4 16 -20.3687 23 -3.6769 -18.5055 15 -2.4359 -18.0292 15 -4.8304 -19.9381 22.6233 -5.342
2 24 -19.9381 22.6233 -5.342 -20.3687 23 -3.6769
2 24 -20.3687 23 -3.6769 -20.5616 23 -2.7066
3 16 -20.3687 23 -3.6769 -20.5616 23 -2.7066 -18.5055 15 -2.4359
5 24 -17.2444 15 -7.1426 -18.7078 21.1097 -7.7486 -18.0292 15 -4.8304 -16.1646 15 -9.3324
5 24 -18.0292 15 -4.8304 -19.9381 22.6233 -5.342 -18.5055 15 -2.4359 -17.2444 15 -7.1426
5 24 -18.5055 15 -2.4359 -20.5616 23 -2.7066 -18.0292 15 -4.8304 -18.8234 15 -.0206
0 inside
4 16 -13.5092 15 -7.7993 -14.4116 15 -5.9692 -15.3301 20.6568 -6.872 -14.281 18.0616 -7.7307
2 24 -13.5092 15 -7.7993 -14.281 18.0616 -7.7307
2 24 -14.281 18.0616 -7.7307 -15.3301 20.6568 -6.872
3 16 -14.4116 15 -5.9692 -15.6346 21.1097 -6.4757 -15.3301 20.6568 -6.872
2 24 -15.3301 20.6568 -6.872 -15.6346 21.1097 -6.4757
4 16 -14.4116 15 -5.9692 -15.0675 15 -4.0369 -16.3387 22.3912 -5.2631 -15.6346 21.1097 -6.4757
2 24 -15.6346 21.1097 -6.4757 -16.3387 22.3912 -5.2631
3 16 -15.0675 15 -4.0369 -16.6627 22.6233 -4.4645 -16.3387 22.3912 -5.2631
2 24 -16.3387 22.3912 -5.2631 -16.6627 22.6233 -4.4645
4 16 -15.0675 15 -4.0369 -15.4655 15 -2.0358 -17.0226 23 -3.0729 -16.6627 22.6233 -4.4645
2 24 -16.6627 22.6233 -4.4645 -17.0226 23 -3.0729
3 16 -15.4655 15 -2.0358 -17.1839 23 -2.262 -17.0226 23 -3.0729
2 24 -17.0226 23 -3.0729 -17.1839 23 -2.262
5 24 -14.4116 15 -5.9692 -15.6346 21.1097 -6.4757 -15.0675 15 -4.0369 -13.5092 15 -7.7993
5 24 -15.0675 15 -4.0369 -16.6627 22.6233 -4.4645 -15.4655 15 -2.0358 -14.4116 15 -5.9692
5 24 -15.4655 15 -2.0358 -17.1839 23 -2.262 -15.0675 15 -4.0369 -15.7313 15 -.0172
4 16 -14.281 18.0616 -7.7307 -17.0882 18.0616 -9.2503 -16.1646 15 -9.3324 -13.5092 15 -7.7993
4 16 -15.3301 20.6568 -6.872 -18.3433 20.6568 -8.2228 -17.0882 18.0616 -9.2503 -14.281 18.0616 -7.7307
4 16 -15.6346 21.1097 -6.4757 -18.7078 21.1097 -7.7486 -18.3433 20.6568 -8.2228 -15.3301 20.6568 -6.872
4 16 -16.3387 22.3912 -5.2631 -19.5503 22.3912 -6.2976 -18.7078 21.1097 -7.7486 -15.6346 21.1097 -6.4757
4 16 -16.6627 22.6233 -4.4645 -19.9381 22.6233 -5.342 -19.5503 22.3912 -6.2976 -16.3387 22.3912 -5.2631
4 16 -17.0226 23 -3.0729 -20.3687 23 -3.6769 -19.9381 22.6233 -5.342 -16.6627 22.6233 -4.4645
4 16 -17.1839 23 -2.262 -20.5616 23 -2.7066 -20.3687 23 -3.6769 -17.0226 23 -3.0729
1 16 -16.7233 18 -3.2099 3.9656 -.261 0 0 0 4 .522 1.9828 0 1-4cyli.dat
0 BFC INVERTNEXT
1 16 -16.7233 18 -3.2099 3.9656 .1305 0 0 0 4 .522 -.9914 0 1-4disc.dat
1 16 -16.9843 18 -1.2271 3.9656 .1305 0 0 0 4 .522 -.9914 0 1-4disc.dat
1 16 -16.7233 18 -3.2099 3.9656 .1305 0 0 0 4 .522 -.9914 0 1-4edge.dat
1 16 -16.9843 18 -1.2271 3.9656 .1305 0 0 0 4 .522 -.9914 0 1-4edge.dat
4 16 -13.0187 18 -.7051 -12.7577 18 -2.6879 -12.7577 7 -2.6879 -13.0187 7 -.7051
2 24 -12.7577 7 -2.6879 -12.7577 18 -2.6879
2 24 -13.0187 7 -.7051 -13.0187 18 -.7051
2 24 -12.7577 7.2 -2.6879 -15.2759 15 -3.0194
2 24 -13.0187 7.2 -.7051 -15.5369 15 -1.0366
2 24 -15.2759 15 -3.0194 -16.7233 22 -3.2099
2 24 -15.5369 15 -1.0366 -16.9843 22 -1.2271
4 16 -12.7577 7.2 -2.6879 -12.7577 18 -2.6879 -15.9302 18 -3.1055 -15.2759 15 -3.0194
4 16 -16.1912 18 -1.1227 -13.0187 18 -.7051 -13.0187 7.2 -.7051 -15.5369 15 -1.0366
2 24 -16.7233 22 -3.2099 -16.9843 22 -1.2271
0
4 16 15.8628 7 -2.0885 15.9996 7 0 18.6662 15 0 18.5065 15 -2.4365
5 24 15.9996 7 0 18.6662 15 0 15.8628 7 -2.0885 15.9996 7 2.0885
4 16 18.5063 15 -2.4363 18.666 15 0 20.74 23 0 20.5625 23 -2.7072
5 24 18.666 15 0 20.74 23 0 18.5063 15 -2.4363 18.666 15 2.4363
2 24 17.333 23 0 17.1839 23 -2.262
2 24 20.5616 23 -2.7066 20.74 23 0
4 16 20.74 23 0 17.3331 23 0 17.1848 23 -2.2624 20.5625 23 -2.7072
4 16 17.333 23 0 15.5997 15 0 15.4662 15 -2.0361 17.1846 23 -2.2625
5 24 15.5997 15 0 17.333 23 0 15.4662 15 -2.0361 15.5997 15 2.0361
4 16 15.6 15 0 13 7 0 12.8887 7 -1.6968 15.4666 15 -2.0363
5 24 13 7 0 15.6 15 0 12.8887 7 -1.6968 13 7 1.6968
0
4 16 -18.6662 15 0 -15.9996 7 0 -15.8628 7 -2.0885 -18.5065 15 -2.4365
5 24 -15.9996 7 0 -18.6662 15 0 -15.8628 7 -2.0885 -15.9996 7 2.0885
4 16 -20.74 23 0 -18.666 15 0 -18.5063 15 -2.4363 -20.5625 23 -2.7072
5 24 -18.666 15 0 -20.74 23 0 -18.5063 15 -2.4363 -18.666 15 2.4363
2 24 -17.333 23 0 -17.1839 23 -2.262
2 24 -20.5616 23 -2.7066 -20.74 23 0
4 16 -17.1848 23 -2.2624 -17.3331 23 0 -20.74 23 0 -20.5625 23 -2.7072
4 16 -15.4662 15 -2.0361 -15.5997 15 0 -17.333 23 0 -17.1846 23 -2.2625
5 24 -15.5997 15 0 -17.333 23 0 -15.4662 15 -2.0361 -15.5997 15 2.0361
4 16 -12.8887 7 -1.6968 -13 7 0 -15.6 15 0 -15.4666 15 -2.0363
5 24 -13 7 0 -15.6 15 0 -12.8887 7 -1.6968 -13 7 1.6968
1 16 1 18 17 0 -2 0 0 0 4 -4 0 0 1-4cyli.dat
1 16 1 18 17 0 -1 0 0 0 4 -4 0 0 1-4disc.dat
1 16 -1 18 17 0 1 0 0 0 4 -4 0 0 1-4disc.dat
1 16 1 18 17 0 1 0 0 0 4 -4 0 0 1-4edge.dat
1 16 -1 18 17 0 1 0 0 0 4 -4 0 0 1-4edge.dat
4 16 1 7 13 1 18 13 -1 18 13 -1 7 13
2 24 1 7 13 1 18 13
2 24 -1 7 13 -1 18 13
2 24 1 7.2 13 1 15 15.54
2 24 -1 7.2 13 -1 15 15.54
2 24 1 15 15.54 1 22 17
2 24 -1 15 15.54 -1 22 17
4 16 1 18 16.2 1 18 13 1 7.2 13 1 15 15.54
4 16 -1 7.2 13 -1 18 13 -1 18 16.2 -1 15 15.54
2 24 1 22 17 -1 22 17
1 16 0 23 0 20.74 0 0 0 1 0 0 0 20.74 48\2-4edge.dat
1 16 0 23 0 2.074 0 0 0 -1 0 0 0 2.074 48\1-4ring9.dat
1 16 0 23 0 0 0 -2.074 0 -1 0 2.074 0 0 48\1-4ring9.dat
0 inside surfaces
1 16 0 -4 0 1 0 0 0 -1 0 0 0 1 stud4.dat
1 16 0 -4 0 6 0 0 0 -1 0 0 0 6 4-4disc.dat
1 16 0 -4 0 2 0 0 0 -1 0 0 0 2 ring4.dat
1 16 0 -4 0 10 0 0 0 1 0 0 0 10 4-4edge.dat
0 BFC INVERTNEXT
1 16 0 0 0 10 0 0 0 -4 0 0 0 10 4-4cyli.dat
1 16 0 0 0 2 0 0 0 -1 0 0 0 2 4-4ring5.dat
1 16 0 0 0 1.3 0 0 0 -1 0 0 0 1.3 48\4-4ring9.dat
1 16 0 0 0 10 0 0 0 1 0 0 0 10 4-4edge.dat
0 BFC INVERTNEXT
1 16 0 7 0 13 0 0 0 -7 0 0 0 13 48\4-4cyli.dat
1 16 0 0 0 13 0 0 0 1 0 0 0 13 48\4-4edge.dat
1 16 0 7 0 1.6968 0 12.8888 0 1 0 -12.8888 0 1.6968 48\2-4edge.dat
1 16 0 7 0 1.6968 0 -12.8888 0 1 0 12.8888 0 1.6968 48\2-4edge.dat
0 BFC INVERTNEXT
1 16 0 15 0 2.6 0 0 0 -8 0 0 0 2.6 48\1-4con5.dat
0 BFC INVERTNEXT
1 16 0 15 0 0 0 -2.6 0 -8 0 2.6 0 0 48\1-4con5.dat
0 BFC INVERTNEXT
1 16 0 23 0 1.7333 0 0 0 -8 0 0 0 1.7333 48\1-4con9.dat
0 BFC INVERTNEXT
1 16 0 23 0 0 0 -1.7333 0 -8 0 1.7333 0 0 48\1-4con9.dat
1 16 0 23 0 17.333 0 0 0 1 0 0 0 17.333 48\2-4edge.dat
1 16 0 23 0 1.9259 0 0 0 -1 0 0 0 1.9259 48\1-4ring9.dat
1 16 0 23 0 0 0 -1.9259 0 -1 0 1.9259 0 0 48\1-4ring9.dat
0
0 top pieces
1 16 0 -3 0 1.8571 0 0 0 1 0 0 0 1.8571 ring7.dat
1 16 0 -3 0 13 0 0 0 1 0 0 0 13 4-4edge.dat
1 16 0 -3 0 13 0 0 0 -6.025 0 0 0 13 4-4cyli.dat
1 16 0 -13 0 9.75 0 0 0 1 0 0 0 9.75 4-4disc.dat
1 16 0 -3 0 15 0 0 0 1 0 0 0 15 48\4-4edge.dat
1 16 0 -3 0 1.5 0 0 0 1 0 0 0 1.5 48\4-4ring9.dat
1 16 0 -13 0 4 0 0 0 -5 0 0 0 4 4-4cyli.dat
0 BFC INVERTNEXT
1 16 0 -14 0 1.75 0 0 0 -4 0 0 0 1.75 4-4cyli.dat
1 16 0 -18 0 2 0 0 0 1 0 0 0 2 ring1.dat
1 16 0 -18 0 .875 0 0 0 1 0 0 0 .875 ring2.dat
1 16 0 -14 0 1.75 0 0 0 1 0 0 0 1.75 4-4disc.dat
1 16 0 -14 0 1.75 0 0 0 1 0 0 0 1.75 4-4edge.dat
1 16 0 -18 0 4 0 0 0 1 0 0 0 4 4-4edge.dat
1 16 0 -18 0 1.75 0 0 0 1 0 0 0 1.75 4-4edge.dat
1 16 0 -9 0 9.75 0 0 0 -12 0 0 0 9.75 t04o3333.dat
1 16 0 -9 0 0 0 -9.75 0 -12 0 9.75 0 0 t04o3333.dat
1 16 0 -9 0 -9.75 0 0 0 -12 0 0 0 -9.75 t04o3333.dat
1 16 0 -9 0 0 0 9.75 0 -12 0 -9.75 0 0 t04o3333.dat
2 24 2.8284 -13 2.8284 2.25 -13 3.215
2 24 2.25 -13 3.215 2.25 -14 3.215
2 24 1.5308 -14 3.6956 2.25 -14 3.215
2 24 1.5308 -14 3.6956 0 -14 4
2 24 0 -14 4 -1.5308 -14 3.6956
2 24 -1.5308 -14 3.6956 -2.25 -14 3.215
2 24 -2.25 -13 3.215 -2.25 -14 3.215
2 24 -2.25 -13 3.215 -2.8284 -13 2.8284
1 16 -2.25 -9 9.25 0 4.5 0 -5 0 0 0 0 4.75 1-4cyli.dat
1 16 -2.25 -9 9.25 0 1 0 -5 0 0 0 0 4.75 1-4edge.dat
1 16 -2.25 -9 9.25 0 1 0 -1 0 0 0 0 .95 1-4ring4.dat
1 16 -2.25 -9 9.25 0 1 0 -1 0 0 0 0 .9 1-4ring4.dat
1 16 -2.25 -9 9.25 0 1 0 -4 0 0 0 0 3.6 1-4edge.dat
1 16 2.25 -9 9.25 0 1 0 -5 0 0 0 0 4.75 1-4edge.dat
1 16 2.25 -9 9.25 0 -1 0 -1 0 0 0 0 .95 1-4ring4.dat
1 16 2.25 -9 9.25 0 -1 0 -1 0 0 0 0 .9 1-4ring4.dat
1 16 2.25 -9 9.25 0 1 0 -4 0 0 0 0 3.6 1-4edge.dat
1 16 0 -6 12.8 0 0 2.25 3 0 0 0 1.2 0 box3u8p.dat
1 16 0 -13 5.75 0 0 2.25 0 -1 0 3.5 0 0 box3u8p.dat
2 24 2.25 -3 12.8 2.25 -3 14
2 24 2.25 -3 14 -2.25 -3 14
2 24 -2.25 -3 14 -2.25 -3 12.8
2 24 -2.8284 -13 2.8284 -3.215 -13 2.25
2 24 -3.215 -13 2.25 -3.215 -14 2.25
2 24 -3.6956 -14 1.5308 -3.215 -14 2.25
2 24 -3.6956 -14 1.5308 -4 -14 0
2 24 -4 -14 0 -3.6956 -14 -1.5308
2 24 -3.6956 -14 -1.5308 -3.215 -14 -2.25
2 24 -3.215 -13 -2.25 -3.215 -14 -2.25
2 24 -3.215 -13 -2.25 -2.8284 -13 -2.8284
1 16 -9.25 -9 -2.25 0 0 -4.75 -5 0 0 0 4.5 0 1-4cyli.dat
1 16 -9.25 -9 -2.25 0 0 -4.75 -5 0 0 0 1 0 1-4edge.dat
1 16 -9.25 -9 -2.25 0 0 -.95 -1 0 0 0 1 0 1-4ring4.dat
1 16 -9.25 -9 -2.25 0 0 -.9 -1 0 0 0 1 0 1-4ring4.dat
1 16 -9.25 -9 -2.25 0 0 -3.6 -4 0 0 0 1 0 1-4edge.dat
1 16 -9.25 -9 2.25 0 0 -4.75 -5 0 0 0 1 0 1-4edge.dat
1 16 -9.25 -9 2.25 0 0 -.95 -1 0 0 0 -1 0 1-4ring4.dat
1 16 -9.25 -9 2.25 0 0 -.9 -1 0 0 0 -1 0 1-4ring4.dat
1 16 -9.25 -9 2.25 0 0 -3.6 -4 0 0 0 1 0 1-4edge.dat
1 16 -12.8 -6 0 0 -1.2 0 3 0 0 0 0 2.25 box3u8p.dat
1 16 -5.75 -13 0 -3.5 0 0 0 -1 0 0 0 2.25 box3u8p.dat
2 24 -12.8 -3 2.25 -14 -3 2.25
2 24 -14 -3 2.25 -14 -3 -2.25
2 24 -14 -3 -2.25 -12.8 -3 -2.25
2 24 -2.8284 -13 -2.8284 -2.25 -13 -3.215
2 24 -2.25 -13 -3.215 -2.25 -14 -3.215
2 24 -1.5308 -14 -3.6956 -2.25 -14 -3.215
2 24 -1.5308 -14 -3.6956 0 -14 -4
2 24 0 -14 -4 1.5308 -14 -3.6956
2 24 1.5308 -14 -3.6956 2.25 -14 -3.215
2 24 2.25 -13 -3.215 2.25 -14 -3.215
2 24 2.25 -13 -3.215 2.8284 -13 -2.8284
1 16 2.25 -9 -9.25 0 -4.5 0 -5 0 0 0 0 -4.75 1-4cyli.dat
1 16 2.25 -9 -9.25 0 -1 0 -5 0 0 0 0 -4.75 1-4edge.dat
1 16 2.25 -9 -9.25 0 -1 0 -1 0 0 0 0 -.95 1-4ring4.dat
1 16 2.25 -9 -9.25 0 -1 0 -1 0 0 0 0 -.9 1-4ring4.dat
1 16 2.25 -9 -9.25 0 -1 0 -4 0 0 0 0 -3.6 1-4edge.dat
1 16 -2.25 -9 -9.25 0 -1 0 -5 0 0 0 0 -4.75 1-4edge.dat
1 16 -2.25 -9 -9.25 0 1 0 -1 0 0 0 0 -.95 1-4ring4.dat
1 16 -2.25 -9 -9.25 0 1 0 -1 0 0 0 0 -.9 1-4ring4.dat
1 16 -2.25 -9 -9.25 0 -1 0 -4 0 0 0 0 -3.6 1-4edge.dat
1 16 0 -6 -12.8 0 0 -2.25 3 0 0 0 -1.2 0 box3u8p.dat
1 16 0 -13 -5.75 0 0 -2.25 0 -1 0 -3.5 0 0 box3u8p.dat
2 24 -2.25 -3 -12.8 -2.25 -3 -14
2 24 -2.25 -3 -14 2.25 -3 -14
2 24 2.25 -3 -14 2.25 -3 -12.8
2 24 2.8284 -13 -2.8284 3.215 -13 -2.25
2 24 3.215 -13 -2.25 3.215 -14 -2.25
2 24 3.6956 -14 -1.5308 3.215 -14 -2.25
2 24 3.6956 -14 -1.5308 4 -14 0
2 24 4 -14 0 3.6956 -14 1.5308
2 24 3.6956 -14 1.5308 3.215 -14 2.25
2 24 3.215 -13 2.25 3.215 -14 2.25
2 24 3.215 -13 2.25 2.8284 -13 2.8284
1 16 9.25 -9 2.25 0 0 4.75 -5 0 0 0 -4.5 0 1-4cyli.dat
1 16 9.25 -9 2.25 0 0 4.75 -5 0 0 0 -1 0 1-4edge.dat
1 16 9.25 -9 2.25 0 0 .95 -1 0 0 0 -1 0 1-4ring4.dat
1 16 9.25 -9 2.25 0 0 .9 -1 0 0 0 -1 0 1-4ring4.dat
1 16 9.25 -9 2.25 0 0 3.6 -4 0 0 0 -1 0 1-4edge.dat
1 16 9.25 -9 -2.25 0 0 4.75 -5 0 0 0 -1 0 1-4edge.dat
1 16 9.25 -9 -2.25 0 0 .95 -1 0 0 0 1 0 1-4ring4.dat
1 16 9.25 -9 -2.25 0 0 .9 -1 0 0 0 1 0 1-4ring4.dat
1 16 9.25 -9 -2.25 0 0 3.6 -4 0 0 0 -1 0 1-4edge.dat
1 16 12.8 -6 0 0 1.2 0 3 0 0 0 0 -2.25 box3u8p.dat
1 16 5.75 -13 0 3.5 0 0 0 -1 0 0 0 -2.25 box3u8p.dat
2 24 12.8 -3 -2.25 14 -3 -2.25
2 24 14 -3 -2.25 14 -3 2.25
2 24 14 -3 2.25 12.8 -3 2.25
0 Inlined:1 16 0 0 0 1 0 0 0 1 0 0 0 1 71015s01.dat
4 16 .7654 -9.8478 -18.8085 0 -10 -18.889 0 -10 -16.667 .675 -9.848 -16.586
2 24 .7654 -9.8478 -18.8085 0 -10 -18.889
2 24 0 -10 -16.667 .675 -9.848 -16.586
4 16 1.4142 -9.4142 -18.6798 .7654 -9.8478 -18.8085 .675 -9.848 -16.586 1.245 -9.414 -16.446
2 24 1.4142 -9.4142 -18.6798 .7654 -9.8478 -18.8085
2 24 .675 -9.848 -16.586 1.245 -9.414 -16.446
4 16 8.928 -7.848 -13.422 10.2027 -7.8478 -15.3382 9.622 -7.4142 -15.6228 8.405 -7.414 -13.647
2 24 9.622 -7.4142 -15.6228 10.2027 -7.8478 -15.3382
2 24 8.928 -7.848 -13.422 8.405 -7.414 -13.647
4 16 9.504 -8 -13.081 10.854 -8 -14.9393 10.2027 -7.8478 -15.3382 8.928 -7.848 -13.422
2 24 10.2027 -7.8478 -15.3382 10.854 -8 -14.9393
2 24 9.504 -8 -13.081 8.928 -7.848 -13.422
4 16 6.8143 -4.5858 -16.4573 6.1784 -4.1522 -16.5824 5.324 -4.152 -14.289 5.883 -4.586 -14.208
2 24 6.8143 -4.5858 -16.4573 6.1784 -4.1522 -16.5824
2 24 5.324 -4.152 -14.289 5.883 -4.586 -14.208
4 16 6.1784 -4.1522 -16.5824 5.4571 -4 -16.7954 4.699 -4 -14.463 5.324 -4.152 -14.289
2 24 6.1784 -4.1522 -16.5824 5.4571 -4 -16.7954
2 24 4.699 -4 -14.463 5.324 -4.152 -14.289
4 16 5.4571 -4 -16.7954 4.7538 -4.1522 -17.0661 4.096 -4.152 -14.706 4.699 -4 -14.463
2 24 5.4571 -4 -16.7954 4.7538 -4.1522 -17.0661
2 24 4.096 -4.152 -14.706 4.699 -4 -14.463
4 16 4.7538 -4.1522 -17.0661 4.5941 -4.2705 -17.1451 3.961 -4.27 -14.781 4.096 -4.152 -14.706
2 24 3.587 -4.586 -14.932 3.961 -4.27 -14.781
2 24 4.7538 -4.1522 -17.0661 4.5941 -4.2705 -17.1451
2 24 4.5941 -4.2705 -17.1451 4.1549 -4.5858 -17.2961
4 16 4.5941 -4.2705 -17.1451 4.1549 -4.5858 -17.2961 3.587 -4.586 -14.932 3.961 -4.27 -14.781
2 24 3.961 -4.27 -14.781 4.096 -4.152 -14.706
0 outer pieces
4 16 .7654 -9.8478 -18.8085 1.4142 -9.4142 -18.6798 0 -.5 -17 0 -10 -18.889
4 16 2.4051 -7.6686 -18.27 2.2189 -.5 -16.8547 0 -.5 -17 1.4142 -9.4142 -18.6798
4 16 4.1549 -4.5858 -17.2961 4.4 -.5 -16.4208 2.2189 -.5 -16.8547 2.4051 -7.6686 -18.27
3 16 6.1784 -4.1522 -16.5824 6.8143 -4.5858 -16.4573 6.5057 -.5 -15.706
4 16 6.1784 -4.1522 -16.5824 6.5057 -.5 -15.706 4.4 -.5 -16.4208 5.4571 -4 -16.7954
3 16 4.7538 -4.1522 -17.0661 5.4571 -4 -16.7954 4.4 -.5 -16.4208
3 16 4.5941 -4.2705 -17.1451 4.7538 -4.1522 -17.0661 4.4 -.5 -16.4208
3 16 4.4 -.5 -16.4208 4.1549 -4.5858 -17.2961 4.5941 -4.2705 -17.1451
4 16 9.136 -6.9 -15.824 8.5 -.5 -14.7225 6.5057 -.5 -15.706 6.8143 -4.5858 -16.4573
4 16 9.622 -7.4142 -15.6228 10.2027 -7.8478 -15.3382 8.5 -.5 -14.7225 9.136 -6.9 -15.824
4 16 10.854 -8 -14.9393 9.9787 -.5 -13.7346 8.5 -.5 -14.7225 10.2027 -7.8478 -15.3382
0 inner surface
4 16 0 -3 -15 1.245 -9.414 -16.446 .675 -9.848 -16.586 0 -10 -16.667
4 16 0 -3 -15 1.9579 -3 -14.872 2.1027 -7.6578 -15.9714 1.245 -9.414 -16.446
4 16 1.9579 -3 -14.872 3.8824 -3 -14.4891 3.587 -4.586 -14.932 2.1027 -7.6578 -15.9714
3 16 3.961 -4.27 -14.781 3.587 -4.586 -14.932 3.8824 -3 -14.4891
3 16 5.7404 -3 -13.8584 5.883 -4.586 -14.208 5.324 -4.152 -14.289
4 16 3.8824 -3 -14.4891 5.7404 -3 -13.8584 5.324 -4.152 -14.289 4.699 -4 -14.463
3 16 3.8824 -3 -14.4891 4.699 -4 -14.463 4.096 -4.152 -14.706
3 16 3.8824 -3 -14.4891 4.096 -4.152 -14.706 3.961 -4.27 -14.781
4 16 5.7404 -3 -13.8584 7.5002 -3 -12.9906 7.9633 -6.8898 -13.7927 5.883 -4.586 -14.208
4 16 7.5002 -3 -12.9906 8.928 -7.848 -13.422 8.405 -7.414 -13.647 7.9633 -6.8898 -13.7927
4 16 7.5002 -3 -12.9906 8.805 -3 -12.119 9.504 -8 -13.081 8.928 -7.848 -13.422
2 24 6.8143 -4.5858 -16.4573 9.136 -6.9 -15.824
2 24 9.136 -6.9 -15.824 9.622 -7.4142 -15.6228
2 24 7.9633 -6.8898 -13.7927 5.883 -4.586 -14.208
2 24 8.405 -7.414 -13.647 7.9633 -6.8898 -13.7927
4 16 7.9633 -6.8898 -13.7927 9.136 -6.9 -15.824 6.8143 -4.5858 -16.4573 5.883 -4.586 -14.208
4 16 8.405 -7.414 -13.647 9.622 -7.4142 -15.6228 9.136 -6.9 -15.824 7.9633 -6.8898 -13.7927
2 24 1.4142 -9.4142 -18.6798 2.4051 -7.6686 -18.27
2 24 4.1549 -4.5858 -17.2961 2.4051 -7.6686 -18.27
2 24 1.245 -9.414 -16.446 2.1027 -7.6578 -15.9714
2 24 2.1027 -7.6578 -15.9714 3.587 -4.586 -14.932
4 16 4.1549 -4.5858 -17.2961 2.4051 -7.6686 -18.27 2.1027 -7.6578 -15.9714 3.587 -4.586 -14.932
4 16 2.4051 -7.6686 -18.27 1.4142 -9.4142 -18.6798 1.245 -9.414 -16.446 2.1027 -7.6578 -15.9714
0
0 Inlined:1 16 0 0 0 -1 0 0 0 1 0 0 0 1 71015s01.dat
4 16 0 -10 -16.667 0 -10 -18.889 -.7654 -9.8478 -18.8085 -.675 -9.848 -16.586
2 24 -.7654 -9.8478 -18.8085 0 -10 -18.889
2 24 0 -10 -16.667 -.675 -9.848 -16.586
4 16 -.675 -9.848 -16.586 -.7654 -9.8478 -18.8085 -1.4142 -9.4142 -18.6798 -1.245 -9.414 -16.446
2 24 -1.4142 -9.4142 -18.6798 -.7654 -9.8478 -18.8085
2 24 -.675 -9.848 -16.586 -1.245 -9.414 -16.446
4 16 -9.622 -7.4142 -15.6228 -10.2027 -7.8478 -15.3382 -8.928 -7.848 -13.422 -8.405 -7.414 -13.647
2 24 -9.622 -7.4142 -15.6228 -10.2027 -7.8478 -15.3382
2 24 -8.928 -7.848 -13.422 -8.405 -7.414 -13.647
4 16 -10.2027 -7.8478 -15.3382 -10.854 -8 -14.9393 -9.504 -8 -13.081 -8.928 -7.848 -13.422
2 24 -10.2027 -7.8478 -15.3382 -10.854 -8 -14.9393
2 24 -9.504 -8 -13.081 -8.928 -7.848 -13.422
4 16 -5.324 -4.152 -14.289 -6.1784 -4.1522 -16.5824 -6.8143 -4.5858 -16.4573 -5.883 -4.586 -14.208
2 24 -6.8143 -4.5858 -16.4573 -6.1784 -4.1522 -16.5824
2 24 -5.324 -4.152 -14.289 -5.883 -4.586 -14.208
4 16 -4.699 -4 -14.463 -5.4571 -4 -16.7954 -6.1784 -4.1522 -16.5824 -5.324 -4.152 -14.289
2 24 -6.1784 -4.1522 -16.5824 -5.4571 -4 -16.7954
2 24 -4.699 -4 -14.463 -5.324 -4.152 -14.289
4 16 -4.096 -4.152 -14.706 -4.7538 -4.1522 -17.0661 -5.4571 -4 -16.7954 -4.699 -4 -14.463
2 24 -5.4571 -4 -16.7954 -4.7538 -4.1522 -17.0661
2 24 -4.096 -4.152 -14.706 -4.699 -4 -14.463
4 16 -3.961 -4.27 -14.781 -4.5941 -4.2705 -17.1451 -4.7538 -4.1522 -17.0661 -4.096 -4.152 -14.706
2 24 -3.587 -4.586 -14.932 -3.961 -4.27 -14.781
2 24 -4.7538 -4.1522 -17.0661 -4.5941 -4.2705 -17.1451
2 24 -4.5941 -4.2705 -17.1451 -4.1549 -4.5858 -17.2961
4 16 -3.587 -4.586 -14.932 -4.1549 -4.5858 -17.2961 -4.5941 -4.2705 -17.1451 -3.961 -4.27 -14.781
2 24 -3.961 -4.27 -14.781 -4.096 -4.152 -14.706
0 outer pieces
4 16 0 -.5 -17 -1.4142 -9.4142 -18.6798 -.7654 -9.8478 -18.8085 0 -10 -18.889
4 16 0 -.5 -17 -2.2189 -.5 -16.8547 -2.4051 -7.6686 -18.27 -1.4142 -9.4142 -18.6798
4 16 -2.2189 -.5 -16.8547 -4.4 -.5 -16.4208 -4.1549 -4.5858 -17.2961 -2.4051 -7.6686 -18.27
3 16 -6.5057 -.5 -15.706 -6.8143 -4.5858 -16.4573 -6.1784 -4.1522 -16.5824
4 16 -4.4 -.5 -16.4208 -6.5057 -.5 -15.706 -6.1784 -4.1522 -16.5824 -5.4571 -4 -16.7954
3 16 -4.4 -.5 -16.4208 -5.4571 -4 -16.7954 -4.7538 -4.1522 -17.0661
3 16 -4.4 -.5 -16.4208 -4.7538 -4.1522 -17.0661 -4.5941 -4.2705 -17.1451
3 16 -4.5941 -4.2705 -17.1451 -4.1549 -4.5858 -17.2961 -4.4 -.5 -16.4208
4 16 -6.5057 -.5 -15.706 -8.5 -.5 -14.7225 -9.136 -6.9 -15.824 -6.8143 -4.5858 -16.4573
4 16 -8.5 -.5 -14.7225 -10.2027 -7.8478 -15.3382 -9.622 -7.4142 -15.6228 -9.136 -6.9 -15.824
4 16 -8.5 -.5 -14.7225 -9.9787 -.5 -13.7346 -10.854 -8 -14.9393 -10.2027 -7.8478 -15.3382
0 inner surface
4 16 -.675 -9.848 -16.586 -1.245 -9.414 -16.446 0 -3 -15 0 -10 -16.667
4 16 -2.1027 -7.6578 -15.9714 -1.9579 -3 -14.872 0 -3 -15 -1.245 -9.414 -16.446
4 16 -3.587 -4.586 -14.932 -3.8824 -3 -14.4891 -1.9579 -3 -14.872 -2.1027 -7.6578 -15.9714
3 16 -3.8824 -3 -14.4891 -3.587 -4.586 -14.932 -3.961 -4.27 -14.781
3 16 -5.324 -4.152 -14.289 -5.883 -4.586 -14.208 -5.7404 -3 -13.8584
4 16 -5.324 -4.152 -14.289 -5.7404 -3 -13.8584 -3.8824 -3 -14.4891 -4.699 -4 -14.463
3 16 -4.096 -4.152 -14.706 -4.699 -4 -14.463 -3.8824 -3 -14.4891
3 16 -3.961 -4.27 -14.781 -4.096 -4.152 -14.706 -3.8824 -3 -14.4891
4 16 -7.9633 -6.8898 -13.7927 -7.5002 -3 -12.9906 -5.7404 -3 -13.8584 -5.883 -4.586 -14.208
4 16 -8.405 -7.414 -13.647 -8.928 -7.848 -13.422 -7.5002 -3 -12.9906 -7.9633 -6.8898 -13.7927
4 16 -9.504 -8 -13.081 -8.805 -3 -12.119 -7.5002 -3 -12.9906 -8.928 -7.848 -13.422
2 24 -6.8143 -4.5858 -16.4573 -9.136 -6.9 -15.824
2 24 -9.136 -6.9 -15.824 -9.622 -7.4142 -15.6228
2 24 -7.9633 -6.8898 -13.7927 -5.883 -4.586 -14.208
2 24 -8.405 -7.414 -13.647 -7.9633 -6.8898 -13.7927
4 16 -6.8143 -4.5858 -16.4573 -9.136 -6.9 -15.824 -7.9633 -6.8898 -13.7927 -5.883 -4.586 -14.208
4 16 -9.136 -6.9 -15.824 -9.622 -7.4142 -15.6228 -8.405 -7.414 -13.647 -7.9633 -6.8898 -13.7927
2 24 -1.4142 -9.4142 -18.6798 -2.4051 -7.6686 -18.27
2 24 -4.1549 -4.5858 -17.2961 -2.4051 -7.6686 -18.27
2 24 -1.245 -9.414 -16.446 -2.1027 -7.6578 -15.9714
2 24 -2.1027 -7.6578 -15.9714 -3.587 -4.586 -14.932
4 16 -2.1027 -7.6578 -15.9714 -2.4051 -7.6686 -18.27 -4.1549 -4.5858 -17.2961 -3.587 -4.586 -14.932
4 16 -1.245 -9.414 -16.446 -1.4142 -9.4142 -18.6798 -2.4051 -7.6686 -18.27 -2.1027 -7.6578 -15.9714
0
0
0 Inlined:1 16 0 0 0 .309 0 -.9511 0 1 0 .9511 0 .309 71015s01.dat
4 16 18.1253 -9.8478 -5.0839 17.9653 -10 -5.8367 15.852 -10 -5.1501 15.9835 -9.848 -4.4831
2 24 18.1253 -9.8478 -5.0839 17.9653 -10 -5.8367
2 24 15.852 -10 -5.1501 15.9835 -9.848 -4.4831
4 16 18.2033 -9.4142 -4.427 18.1253 -9.8478 -5.0839 15.9835 -9.848 -4.4831 16.0265 -9.414 -3.8977
2 24 18.2033 -9.4142 -4.427 18.1253 -9.8478 -5.0839
2 24 15.9835 -9.848 -4.4831 16.0265 -9.414 -3.8977
4 16 15.5244 -7.848 4.344 17.7408 -7.8478 4.9643 17.832 -7.4142 4.324 15.5768 -7.414 3.7771
2 24 17.832 -7.4142 4.324 17.7408 -7.8478 4.9643
2 24 15.5244 -7.848 4.344 15.5768 -7.414 3.7771
4 16 15.3781 -8 4.9972 17.5627 -8 5.707 17.7408 -7.8478 4.9643 15.5244 -7.848 4.344
2 24 17.7408 -7.8478 4.9643 17.5627 -8 5.707
2 24 15.3781 -8 4.9972 15.5244 -7.848 4.344
4 16 17.7582 -4.5858 1.3958 17.6806 -4.1522 .7523 15.2354 -4.152 .6484 15.3311 -4.586 1.205
2 24 17.7582 -4.5858 1.3958 17.6806 -4.1522 .7523
2 24 15.2354 -4.152 .6484 15.3311 -4.586 1.205
4 16 17.6806 -4.1522 .7523 17.6603 -4 .0005 15.2078 -4 .0002 15.2354 -4.152 .6484
2 24 17.6806 -4.1522 .7523 17.6603 -4 .0005
2 24 15.2078 -4 .0002 15.2354 -4.152 .6484
4 16 17.6603 -4 .0005 17.7005 -4.1522 -.7521 15.2525 -4.152 -.6484 15.2078 -4 .0002
2 24 17.6603 -4 .0005 17.7005 -4.1522 -.7521
2 24 15.2525 -4.152 -.6484 15.2078 -4 .0002
4 16 17.7005 -4.1522 -.7521 17.7263 -4.2705 -.9284 15.2822 -4.27 -.8 15.2525 -4.152 -.6484
2 24 15.3102 -4.586 -1.2024 15.2822 -4.27 -.8
2 24 17.7005 -4.1522 -.7521 17.7263 -4.2705 -.9284
2 24 17.7263 -4.2705 -.9284 17.7342 -4.5858 -1.3928
4 16 17.7263 -4.2705 -.9284 17.7342 -4.5858 -1.3928 15.3102 -4.586 -1.2024 15.2822 -4.27 -.8
2 24 15.2822 -4.27 -.8 15.2525 -4.152 -.6484
0 outer pieces
4 16 18.1253 -9.8478 -5.0839 18.2033 -9.4142 -4.427 16.1687 -.5 -5.253 17.9653 -10 -5.8367
4 16 18.1198 -7.6686 -3.3579 16.7161 -.5 -3.0977 16.1687 -.5 -5.253 18.2033 -9.4142 -4.427
4 16 17.7342 -4.5858 -1.3928 16.9774 -.5 -.8892 16.7161 -.5 -3.0977 18.1198 -7.6686 -3.3579
3 16 17.6806 -4.1522 .7523 17.7582 -4.5858 1.3958 16.9482 -.5 1.3344
4 16 17.6806 -4.1522 .7523 16.9482 -.5 1.3344 16.9774 -.5 -.8892 17.6603 -4 .0005
3 16 17.7005 -4.1522 -.7521 17.6603 -4 .0005 16.9774 -.5 -.8892
3 16 17.7263 -4.2705 -.9284 17.7005 -4.1522 -.7521 16.9774 -.5 -.8892
3 16 16.9774 -.5 -.8892 17.7342 -4.5858 -1.3928 17.7263 -4.2705 -.9284
4 16 17.8732 -6.9 3.7996 16.6291 -.5 3.5351 16.9482 -.5 1.3344 17.7582 -4.5858 1.3958
4 16 17.832 -7.4142 4.324 17.7408 -7.8478 4.9643 16.6291 -.5 3.5351 17.8732 -6.9 3.7996
4 16 17.5627 -8 5.707 16.1464 -.5 5.2467 16.6291 -.5 3.5351 17.7408 -7.8478 4.9643
0 inner surface
4 16 14.2665 -3 -4.635 16.0265 -9.414 -3.8977 15.9835 -9.848 -4.4831 15.852 -10 -5.1501
4 16 14.2665 -3 -4.635 14.7498 -3 -2.7333 15.8401 -7.6578 -2.9353 16.0265 -9.414 -3.8977
4 16 14.7498 -3 -2.7333 14.9802 -3 -.7846 15.3102 -4.586 -1.2024 15.8401 -7.6578 -2.9353
3 16 15.2822 -4.27 -.8 15.3102 -4.586 -1.2024 14.9802 -3 -.7846
3 16 14.9545 -3 1.1774 15.3311 -4.586 1.205 15.2354 -4.152 .6484
4 16 14.9802 -3 -.7846 14.9545 -3 1.1774 15.2354 -4.152 .6484 15.2078 -4 .0002
3 16 14.9802 -3 -.7846 15.2078 -4 .0002 15.2525 -4.152 -.6484
3 16 14.9802 -3 -.7846 15.2525 -4.152 -.6484 15.2822 -4.27 -.8
4 16 14.9545 -3 1.1774 14.6729 -3 3.1193 15.5789 -6.8898 3.312 15.3311 -4.586 1.205
4 16 14.6729 -3 3.1193 15.5244 -7.848 4.344 15.5768 -7.414 3.7771 15.5789 -6.8898 3.312
4 16 14.6729 -3 3.1193 14.2471 -3 4.6297 15.3781 -8 4.9972 15.5244 -7.848 4.344
2 24 17.7582 -4.5858 1.3958 17.8732 -6.9 3.7996
2 24 17.8732 -6.9 3.7996 17.832 -7.4142 4.324
2 24 15.5789 -6.8898 3.312 15.3311 -4.586 1.205
2 24 15.5768 -7.414 3.7771 15.5789 -6.8898 3.312
4 16 15.5789 -6.8898 3.312 17.8732 -6.9 3.7996 17.7582 -4.5858 1.3958 15.3311 -4.586 1.205
4 16 15.5768 -7.414 3.7771 17.832 -7.4142 4.324 17.8732 -6.9 3.7996 15.5789 -6.8898 3.312
2 24 18.2033 -9.4142 -4.427 18.1198 -7.6686 -3.3579
2 24 17.7342 -4.5858 -1.3928 18.1198 -7.6686 -3.3579
2 24 16.0265 -9.414 -3.8977 15.8401 -7.6578 -2.9353
2 24 15.8401 -7.6578 -2.9353 15.3102 -4.586 -1.2024
4 16 17.7342 -4.5858 -1.3928 18.1198 -7.6686 -3.3579 15.8401 -7.6578 -2.9353 15.3102 -4.586 -1.2024
4 16 18.1198 -7.6686 -3.3579 18.2033 -9.4142 -4.427 16.0265 -9.414 -3.8977 15.8401 -7.6578 -2.9353
0
0 Inlined:1 16 0 0 0 -.309 0 -.9511 0 1 0 -.9511 0 .309 71015s01.dat
4 16 15.852 -10 -5.1501 17.9653 -10 -5.8367 17.6523 -9.8478 -6.5398 15.5664 -9.848 -5.7671
2 24 17.6523 -9.8478 -6.5398 17.9653 -10 -5.8367
2 24 15.852 -10 -5.1501 15.5664 -9.848 -5.7671
4 16 15.5664 -9.848 -5.7671 17.6523 -9.8478 -6.5398 17.3294 -9.4142 -7.1171 15.2571 -9.414 -6.2659
2 24 17.3294 -9.4142 -7.1171 17.6523 -9.8478 -6.5398
2 24 15.5664 -9.848 -5.7671 15.2571 -9.414 -6.2659
4 16 11.8856 -7.4142 -13.9789 11.4355 -7.8478 -14.4433 10.0069 -7.848 -12.6388 10.3825 -7.414 -12.2109
2 24 11.8856 -7.4142 -13.9789 11.4355 -7.8478 -14.4433
2 24 10.0069 -7.848 -12.6388 10.3825 -7.414 -12.2109
4 16 11.4355 -7.8478 -14.4433 10.8549 -8 -14.9395 9.5046 -8 -13.0813 10.0069 -7.848 -12.6388
2 24 11.4355 -7.8478 -14.4433 10.8549 -8 -14.9395
2 24 9.5046 -8 -13.0813 10.0069 -7.848 -12.6388
4 16 11.9452 -4.152 -9.479 13.8624 -4.1522 -11.0002 13.5469 -4.5858 -11.5664 11.6954 -4.586 -9.9856
2 24 13.5469 -4.5858 -11.5664 13.8624 -4.1522 -11.0002
2 24 11.9452 -4.152 -9.479 11.6954 -4.586 -9.9856
4 16 12.3038 -4 -8.9383 14.2879 -4 -10.38 13.8624 -4.1522 -11.0002 11.9452 -4.152 -9.479
2 24 13.8624 -4.1522 -11.0002 14.2879 -4 -10.38
2 24 12.3038 -4 -8.9383 11.9452 -4.152 -9.479
4 16 12.7212 -4.152 -8.4399 14.7626 -4.1522 -9.7948 14.2879 -4 -10.38 12.3038 -4 -8.9383
2 24 14.2879 -4 -10.38 14.7626 -4.1522 -9.7948
2 24 12.7212 -4.152 -8.4399 12.3038 -4 -8.9383
4 16 12.8343 -4.27 -8.3346 14.8871 -4.2705 -9.6673 14.7626 -4.1522 -9.7948 12.7212 -4.152 -8.4399
2 24 13.0934 -4.586 -8.0256 12.8343 -4.27 -8.3346
2 24 14.7626 -4.1522 -9.7948 14.8871 -4.2705 -9.6673
2 24 14.8871 -4.2705 -9.6673 15.1665 -4.5858 -9.2962
4 16 13.0934 -4.586 -8.0256 15.1665 -4.5858 -9.2962 14.8871 -4.2705 -9.6673 12.8343 -4.27 -8.3346
2 24 12.8343 -4.27 -8.3346 12.7212 -4.152 -8.4399
0 outer pieces
4 16 16.1687 -.5 -5.253 17.3294 -9.4142 -7.1171 17.6523 -9.8478 -6.5398 17.9653 -10 -5.8367
4 16 16.1687 -.5 -5.253 15.3449 -.5 -7.3185 16.6334 -7.6686 -7.9329 17.3294 -9.4142 -7.1171
4 16 15.3449 -.5 -7.3185 14.2582 -.5 -9.2589 15.1665 -4.5858 -9.2962 16.6334 -7.6686 -7.9329
3 16 12.9277 -.5 -11.0407 13.5469 -4.5858 -11.5664 13.8624 -4.1522 -11.0002
4 16 14.2582 -.5 -9.2589 12.9277 -.5 -11.0407 13.8624 -4.1522 -11.0002 14.2879 -4 -10.38
3 16 14.2582 -.5 -9.2589 14.2879 -4 -10.38 14.7626 -4.1522 -9.7948
3 16 14.2582 -.5 -9.2589 14.7626 -4.1522 -9.7948 14.8871 -4.2705 -9.6673
3 16 14.8871 -4.2705 -9.6673 15.1665 -4.5858 -9.2962 14.2582 -.5 -9.2589
4 16 12.9277 -.5 -11.0407 11.3761 -.5 -12.6336 12.2272 -6.9 -13.5789 13.5469 -4.5858 -11.5664
4 16 11.3761 -.5 -12.6336 11.4355 -7.8478 -14.4433 11.8856 -7.4142 -13.9789 12.2272 -6.9 -13.5789
4 16 11.3761 -.5 -12.6336 9.9796 -.5 -13.7347 10.8549 -8 -14.9395 11.4355 -7.8478 -14.4433
0 inner surface
4 16 15.5664 -9.848 -5.7671 15.2571 -9.414 -6.2659 14.2665 -3 -4.635 15.852 -10 -5.1501
4 16 14.5407 -7.6578 -6.935 13.5398 -3 -6.4576 14.2665 -3 -4.635 15.2571 -9.414 -6.2659
4 16 13.0934 -4.586 -8.0256 12.5809 -3 -8.1697 13.5398 -3 -6.4576 14.5407 -7.6578 -6.935
3 16 12.5809 -3 -8.1697 13.0934 -4.586 -8.0256 12.8343 -4.27 -8.3346
3 16 11.9452 -4.152 -9.479 11.6954 -4.586 -9.9856 11.4069 -3 -9.7419
4 16 11.9452 -4.152 -9.479 11.4069 -3 -9.7419 12.5809 -3 -8.1697 12.3038 -4 -8.9383
3 16 12.7212 -4.152 -8.4399 12.3038 -4 -8.9383 12.5809 -3 -8.1697
3 16 12.8343 -4.27 -8.3346 12.7212 -4.152 -8.4399 12.5809 -3 -8.1697
4 16 10.6576 -6.8898 -11.8358 10.0378 -3 -11.1475 11.4069 -3 -9.7419 11.6954 -4.586 -9.9856
4 16 10.3825 -7.414 -12.2109 10.0069 -7.848 -12.6388 10.0378 -3 -11.1475 10.6576 -6.8898 -11.8358
4 16 9.5046 -8 -13.0813 8.8056 -3 -12.1192 10.0378 -3 -11.1475 10.0069 -7.848 -12.6388
2 24 13.5469 -4.5858 -11.5664 12.2272 -6.9 -13.5789
2 24 12.2272 -6.9 -13.5789 11.8856 -7.4142 -13.9789
2 24 10.6576 -6.8898 -11.8358 11.6954 -4.586 -9.9856
2 24 10.3825 -7.414 -12.2109 10.6576 -6.8898 -11.8358
4 16 13.5469 -4.5858 -11.5664 12.2272 -6.9 -13.5789 10.6576 -6.8898 -11.8358 11.6954 -4.586 -9.9856
4 16 12.2272 -6.9 -13.5789 11.8856 -7.4142 -13.9789 10.3825 -7.414 -12.2109 10.6576 -6.8898 -11.8358
2 24 17.3294 -9.4142 -7.1171 16.6334 -7.6686 -7.9329
2 24 15.1665 -4.5858 -9.2962 16.6334 -7.6686 -7.9329
2 24 15.2571 -9.414 -6.2659 14.5407 -7.6578 -6.935
2 24 14.5407 -7.6578 -6.935 13.0934 -4.586 -8.0256
4 16 14.5407 -7.6578 -6.935 16.6334 -7.6686 -7.9329 15.1665 -4.5858 -9.2962 13.0934 -4.586 -8.0256
4 16 15.2571 -9.414 -6.2659 17.3294 -9.4142 -7.1171 16.6334 -7.6686 -7.9329 14.5407 -7.6578 -6.935
0
0 Inlined:1 16 0 0 0 -.809 0 -.5878 0 1 0 .5878 0 -.809 71015s01.dat
4 16 10.4364 -9.8478 15.666 11.103 -10 15.2812 9.7969 -10 13.4836 9.2032 -9.848 13.8148
2 24 10.4364 -9.8478 15.666 11.103 -10 15.2812
2 24 9.7969 -10 13.4836 9.2032 -9.848 13.8148
4 16 9.8359 -9.4142 15.9432 10.4364 -9.8478 15.666 9.2032 -9.848 13.8148 8.6598 -9.414 14.0366
2 24 9.8359 -9.4142 15.9432 10.4364 -9.8478 15.666
2 24 9.2032 -9.848 13.8148 8.6598 -9.414 14.0366
4 16 .6667 -7.848 16.1063 .7618 -7.8478 18.4058 1.3989 -7.4142 18.2947 1.2221 -7.414 15.9809
2 24 1.3989 -7.4142 18.2947 .7618 -7.8478 18.4058
2 24 .6667 -7.848 16.1063 1.2221 -7.414 15.9809
4 16 .0003 -8 16.169 .0004 -8 18.4659 .7618 -7.8478 18.4058 .6667 -7.848 16.1063
2 24 .7618 -7.8478 18.4058 .0004 -8 18.4659
2 24 .0003 -8 16.169 .6667 -7.848 16.1063
4 16 4.1608 -4.5858 17.3194 4.7488 -4.1522 17.0468 4.092 -4.152 14.6892 3.5921 -4.586 14.9523
2 24 4.1608 -4.5858 17.3194 4.7488 -4.1522 17.0468
2 24 4.092 -4.152 14.6892 3.5921 -4.586 14.9523
4 16 4.7488 -4.1522 17.0468 5.4575 -4 16.7952 4.6999 -4 14.4626 4.092 -4.152 14.6892
2 24 4.7488 -4.1522 17.0468 5.4575 -4 16.7952
2 24 4.6999 -4 14.4626 4.092 -4.152 14.6892
4 16 5.4575 -4 16.7952 6.1856 -4.1522 16.6008 5.3305 -4.152 14.3048 4.6999 -4 14.4626
2 24 5.4575 -4 16.7952 6.1856 -4.1522 16.6008
2 24 5.3305 -4.152 14.3048 4.6999 -4 14.4626
4 16 6.1856 -4.1522 16.6008 6.3613 -4.2705 16.5708 5.4838 -4.27 14.2861 5.3305 -4.152 14.3048
2 24 5.8751 -4.586 14.1884 5.4838 -4.27 14.2861
2 24 6.1856 -4.1522 16.6008 6.3613 -4.2705 16.5708
2 24 6.3613 -4.2705 16.5708 6.8053 -4.5858 16.4348
4 16 6.3613 -4.2705 16.5708 6.8053 -4.5858 16.4348 5.8751 -4.586 14.1884 5.4838 -4.27 14.2861
2 24 5.4838 -4.27 14.2861 5.3305 -4.152 14.3048
0 outer pieces
4 16 10.4364 -9.8478 15.666 9.8359 -9.4142 15.9432 9.9926 -.5 13.753 11.103 -10 15.2812
4 16 8.7934 -7.6686 16.1941 8.1121 -.5 14.9397 9.9926 -.5 13.753 9.8359 -9.4142 15.9432
4 16 6.8053 -4.5858 16.4348 6.0925 -.5 15.8707 8.1121 -.5 14.9397 8.7934 -7.6686 16.1941
3 16 4.7488 -4.1522 17.0468 4.1608 -4.5858 17.3194 3.9689 -.5 16.5302
4 16 4.7488 -4.1522 17.0468 3.9689 -.5 16.5302 6.0925 -.5 15.8707 5.4575 -4 16.7952
3 16 6.1856 -4.1522 16.6008 5.4575 -4 16.7952 6.0925 -.5 15.8707
3 16 6.3613 -4.2705 16.5708 6.1856 -4.1522 16.6008 6.0925 -.5 15.8707
3 16 6.0925 -.5 15.8707 6.8053 -4.5858 16.4348 6.3613 -4.2705 16.5708
4 16 1.9103 -6.9 18.1718 1.7774 -.5 16.9068 3.9689 -.5 16.5302 4.1608 -4.5858 17.3194
4 16 1.3989 -7.4142 18.2947 .7618 -7.8478 18.4058 1.7774 -.5 16.9068 1.9103 -6.9 18.1718
4 16 .0004 -8 18.4659 .0004 -.5 16.9768 1.7774 -.5 16.9068 .7618 -7.8478 18.4058
0 inner surface
4 16 8.817 -3 12.135 8.6598 -9.414 14.0366 9.2032 -9.848 13.8148 9.7969 -10 13.4836
4 16 8.817 -3 12.135 7.1578 -3 13.1823 7.6869 -7.6578 14.1568 8.6598 -9.414 14.0366
4 16 7.1578 -3 13.1823 5.3758 -3 14.0038 5.8751 -4.586 14.1884 7.6869 -7.6578 14.1568
3 16 5.4838 -4.27 14.2861 5.8751 -4.586 14.1884 5.3758 -3 14.0038
3 16 3.502 -3 14.5857 3.5921 -4.586 14.9523 4.092 -4.152 14.6892
4 16 5.3758 -3 14.0038 3.502 -3 14.5857 4.092 -4.152 14.6892 4.6999 -4 14.4626
3 16 5.3758 -3 14.0038 4.6999 -4 14.4626 5.3305 -4.152 14.3048
3 16 5.3758 -3 14.0038 5.3305 -4.152 14.3048 5.4838 -4.27 14.2861
4 16 3.502 -3 14.5857 1.5682 -3 14.918 1.665 -6.8898 15.8391 3.5921 -4.586 14.9523
4 16 1.5682 -3 14.918 .6667 -7.848 16.1063 1.2221 -7.414 15.9809 1.665 -6.8898 15.8391
4 16 1.5682 -3 14.918 .0003 -3 14.9799 .0003 -8 16.169 .6667 -7.848 16.1063
2 24 4.1608 -4.5858 17.3194 1.9103 -6.9 18.1718
2 24 1.9103 -6.9 18.1718 1.3989 -7.4142 18.2947
2 24 1.665 -6.8898 15.8391 3.5921 -4.586 14.9523
2 24 1.2221 -7.414 15.9809 1.665 -6.8898 15.8391
4 16 1.665 -6.8898 15.8391 1.9103 -6.9 18.1718 4.1608 -4.5858 17.3194 3.5921 -4.586 14.9523
4 16 1.2221 -7.414 15.9809 1.3989 -7.4142 18.2947 1.9103 -6.9 18.1718 1.665 -6.8898 15.8391
2 24 9.8359 -9.4142 15.9432 8.7934 -7.6686 16.1941
2 24 6.8053 -4.5858 16.4348 8.7934 -7.6686 16.1941
2 24 8.6598 -9.414 14.0366 7.6869 -7.6578 14.1568
2 24 7.6869 -7.6578 14.1568 5.8751 -4.586 14.1884
4 16 6.8053 -4.5858 16.4348 8.7934 -7.6686 16.1941 7.6869 -7.6578 14.1568 5.8751 -4.586 14.1884
4 16 8.7934 -7.6686 16.1941 9.8359 -9.4142 15.9432 8.6598 -9.414 14.0366 7.6869 -7.6578 14.1568
0
0 Inlined:1 16 0 0 0 .809 0 -.5878 0 1 0 -.5878 0 -.809 71015s01.dat
4 16 9.7969 -10 13.4836 11.103 -10 15.2812 11.6748 -9.8478 14.7662 10.2953 -9.848 13.0213
2 24 11.6748 -9.8478 14.7662 11.103 -10 15.2812
2 24 9.7969 -10 13.4836 10.2953 -9.848 13.0213
4 16 10.2953 -9.848 13.0213 11.6748 -9.8478 14.7662 12.1241 -9.4142 14.2807 10.6742 -9.414 12.573
2 24 12.1241 -9.4142 14.2807 11.6748 -9.8478 14.7662
2 24 10.2953 -9.848 13.0213 10.6742 -9.414 12.573
4 16 16.9673 -7.4142 6.983 17.2698 -7.8478 6.4115 15.1122 -7.848 5.6105 14.8214 -7.414 6.1
2 24 16.9673 -7.4142 6.983 17.2698 -7.8478 6.4115
2 24 15.1122 -7.848 5.6105 14.8214 -7.414 6.1
4 16 17.2698 -7.8478 6.4115 17.5622 -8 5.7059 15.3777 -8 4.9961 15.1122 -7.848 5.6105
2 24 17.2698 -7.8478 6.4115 17.5622 -8 5.7059
2 24 15.3777 -8 4.9961 15.1122 -7.848 5.6105
4 16 12.7062 -4.152 8.4304 14.7455 -4.1522 9.7835 15.1864 -4.5858 9.3085 13.1108 -4.586 8.0362
2 24 15.1864 -4.5858 9.3085 14.7455 -4.1522 9.7835
2 24 12.7062 -4.152 8.4304 13.1108 -4.586 8.0362
4 16 12.3028 -4 8.9385 14.2871 -4 10.3798 14.7455 -4.1522 9.7835 12.7062 -4.152 8.4304
2 24 14.7455 -4.1522 9.7835 14.2871 -4 10.3798
2 24 12.3028 -4 8.9385 12.7062 -4.152 8.4304
4 16 11.9579 -4.152 9.4895 13.8773 -4.1522 11.0122 14.2871 -4 10.3798 12.3028 -4 8.9385
2 24 14.2871 -4 10.3798 13.8773 -4.1522 11.0122
2 24 11.9579 -4.152 9.4895 12.3028 -4 8.9385
4 16 11.8927 -4.27 9.6296 13.7945 -4.2705 11.17 13.8773 -4.1522 11.0122 11.9579 -4.152 9.4895
2 24 11.6789 -4.586 9.9715 11.8927 -4.27 9.6296
2 24 13.8773 -4.1522 11.0122 13.7945 -4.2705 11.17
2 24 13.7945 -4.2705 11.17 13.528 -4.5858 11.5503
4 16 11.6789 -4.586 9.9715 13.528 -4.5858 11.5503 13.7945 -4.2705 11.17 11.8927 -4.27 9.6296
2 24 11.8927 -4.27 9.6296 11.9579 -4.152 9.4895
0 outer pieces
4 16 9.9926 -.5 13.753 12.1241 -9.4142 14.2807 11.6748 -9.8478 14.7662 11.103 -10 15.2812
4 16 9.9926 -.5 13.753 11.7023 -.5 12.3312 12.6848 -7.6686 13.3667 12.1241 -9.4142 14.2807
4 16 11.7023 -.5 12.3312 13.2117 -.5 10.6981 13.528 -4.5858 11.5503 12.6848 -7.6686 13.3667
3 16 14.4951 -.5 8.8821 15.1864 -4.5858 9.3085 14.7455 -4.1522 9.7835
4 16 13.2117 -.5 10.6981 14.4951 -.5 8.8821 14.7455 -4.1522 9.7835 14.2871 -4 10.3798
3 16 13.2117 -.5 10.6981 14.2871 -4 10.3798 13.8773 -4.1522 11.0122
3 16 13.2117 -.5 10.6981 13.8773 -4.1522 11.0122 13.7945 -4.2705 11.17
3 16 13.7945 -4.2705 11.17 13.528 -4.5858 11.5503 13.2117 -.5 10.6981
4 16 14.4951 -.5 8.8821 15.5304 -.5 6.9142 16.6924 -6.9 7.4315 15.1864 -4.5858 9.3085
4 16 15.5304 -.5 6.9142 17.2698 -7.8478 6.4115 16.9673 -7.4142 6.983 16.6924 -6.9 7.4315
4 16 15.5304 -.5 6.9142 16.146 -.5 5.2458 17.5622 -8 5.7059 17.2698 -7.8478 6.4115
0 inner surface
4 16 10.2953 -9.848 13.0213 10.6742 -9.414 12.573 8.817 -3 12.135 9.7969 -10 13.4836
4 16 11.0891 -7.6578 11.6849 10.3257 -3 10.8806 8.817 -3 12.135 10.6742 -9.414 12.573
4 16 11.6789 -4.586 9.9715 11.6576 -3 9.4396 10.3257 -3 10.8806 11.0891 -7.6578 11.6849
3 16 11.6576 -3 9.4396 11.6789 -4.586 9.9715 11.8927 -4.27 9.6296
3 16 12.7062 -4.152 8.4304 13.1108 -4.586 8.0362 12.79 -3 7.8372
4 16 12.7062 -4.152 8.4304 12.79 -3 7.8372 11.6576 -3 9.4396 12.3028 -4 8.9385
3 16 11.9579 -4.152 9.4895 12.3028 -4 8.9385 11.6576 -3 9.4396
3 16 11.8927 -4.27 9.6296 11.9579 -4.152 9.4895 11.6576 -3 9.4396
4 16 14.5497 -6.8898 6.4775 13.7035 -3 6.1008 12.79 -3 7.8372 13.1108 -4.586 8.0362
4 16 14.8214 -7.414 6.1 15.1122 -7.848 5.6105 13.7035 -3 6.1008 14.5497 -6.8898 6.4775
4 16 15.3777 -8 4.9961 14.2468 -3 4.6287 13.7035 -3 6.1008 15.1122 -7.848 5.6105
2 24 15.1864 -4.5858 9.3085 16.6924 -6.9 7.4315
2 24 16.6924 -6.9 7.4315 16.9673 -7.4142 6.983
2 24 14.5497 -6.8898 6.4775 13.1108 -4.586 8.0362
2 24 14.8214 -7.414 6.1 14.5497 -6.8898 6.4775
4 16 15.1864 -4.5858 9.3085 16.6924 -6.9 7.4315 14.5497 -6.8898 6.4775 13.1108 -4.586 8.0362
4 16 16.6924 -6.9 7.4315 16.9673 -7.4142 6.983 14.8214 -7.414 6.1 14.5497 -6.8898 6.4775
2 24 12.1241 -9.4142 14.2807 12.6848 -7.6686 13.3667
2 24 13.528 -4.5858 11.5503 12.6848 -7.6686 13.3667
2 24 10.6742 -9.414 12.573 11.0891 -7.6578 11.6849
2 24 11.0891 -7.6578 11.6849 11.6789 -4.586 9.9715
4 16 11.0891 -7.6578 11.6849 12.6848 -7.6686 13.3667 13.528 -4.5858 11.5503 11.6789 -4.586 9.9715
4 16 10.6742 -9.414 12.573 12.1241 -9.4142 14.2807 12.6848 -7.6686 13.3667 11.0891 -7.6578 11.6849
0
0
0 Inlined:1 16 0 0 0 -.809 0 .5878 0 1 0 -.5878 0 -.809 71015s01.dat
4 16 -11.6748 -9.8478 14.7662 -11.103 -10 15.2812 -9.7969 -10 13.4836 -10.2953 -9.848 13.0213
2 24 -11.6748 -9.8478 14.7662 -11.103 -10 15.2812
2 24 -9.7969 -10 13.4836 -10.2953 -9.848 13.0213
4 16 -12.1241 -9.4142 14.2807 -11.6748 -9.8478 14.7662 -10.2953 -9.848 13.0213 -10.6742 -9.414 12.573
2 24 -12.1241 -9.4142 14.2807 -11.6748 -9.8478 14.7662
2 24 -10.2953 -9.848 13.0213 -10.6742 -9.414 12.573
4 16 -15.1122 -7.848 5.6105 -17.2698 -7.8478 6.4115 -16.9673 -7.4142 6.983 -14.8214 -7.414 6.1
2 24 -16.9673 -7.4142 6.983 -17.2698 -7.8478 6.4115
2 24 -15.1122 -7.848 5.6105 -14.8214 -7.414 6.1
4 16 -15.3777 -8 4.9961 -17.5622 -8 5.7059 -17.2698 -7.8478 6.4115 -15.1122 -7.848 5.6105
2 24 -17.2698 -7.8478 6.4115 -17.5622 -8 5.7059
2 24 -15.3777 -8 4.9961 -15.1122 -7.848 5.6105
4 16 -15.1864 -4.5858 9.3085 -14.7455 -4.1522 9.7835 -12.7062 -4.152 8.4304 -13.1108 -4.586 8.0362
2 24 -15.1864 -4.5858 9.3085 -14.7455 -4.1522 9.7835
2 24 -12.7062 -4.152 8.4304 -13.1108 -4.586 8.0362
4 16 -14.7455 -4.1522 9.7835 -14.2871 -4 10.3798 -12.3028 -4 8.9385 -12.7062 -4.152 8.4304
2 24 -14.7455 -4.1522 9.7835 -14.2871 -4 10.3798
2 24 -12.3028 -4 8.9385 -12.7062 -4.152 8.4304
4 16 -14.2871 -4 10.3798 -13.8773 -4.1522 11.0122 -11.9579 -4.152 9.4895 -12.3028 -4 8.9385
2 24 -14.2871 -4 10.3798 -13.8773 -4.1522 11.0122
2 24 -11.9579 -4.152 9.4895 -12.3028 -4 8.9385
4 16 -13.8773 -4.1522 11.0122 -13.7945 -4.2705 11.17 -11.8927 -4.27 9.6296 -11.9579 -4.152 9.4895
2 24 -11.6789 -4.586 9.9715 -11.8927 -4.27 9.6296
2 24 -13.8773 -4.1522 11.0122 -13.7945 -4.2705 11.17
2 24 -13.7945 -4.2705 11.17 -13.528 -4.5858 11.5503
4 16 -13.7945 -4.2705 11.17 -13.528 -4.5858 11.5503 -11.6789 -4.586 9.9715 -11.8927 -4.27 9.6296
2 24 -11.8927 -4.27 9.6296 -11.9579 -4.152 9.4895
0 outer pieces
4 16 -11.6748 -9.8478 14.7662 -12.1241 -9.4142 14.2807 -9.9926 -.5 13.753 -11.103 -10 15.2812
4 16 -12.6848 -7.6686 13.3667 -11.7023 -.5 12.3312 -9.9926 -.5 13.753 -12.1241 -9.4142 14.2807
4 16 -13.528 -4.5858 11.5503 -13.2117 -.5 10.6981 -11.7023 -.5 12.3312 -12.6848 -7.6686 13.3667
3 16 -14.7455 -4.1522 9.7835 -15.1864 -4.5858 9.3085 -14.4951 -.5 8.8821
4 16 -14.7455 -4.1522 9.7835 -14.4951 -.5 8.8821 -13.2117 -.5 10.6981 -14.2871 -4 10.3798
3 16 -13.8773 -4.1522 11.0122 -14.2871 -4 10.3798 -13.2117 -.5 10.6981
3 16 -13.7945 -4.2705 11.17 -13.8773 -4.1522 11.0122 -13.2117 -.5 10.6981
3 16 -13.2117 -.5 10.6981 -13.528 -4.5858 11.5503 -13.7945 -4.2705 11.17
4 16 -16.6924 -6.9 7.4315 -15.5304 -.5 6.9142 -14.4951 -.5 8.8821 -15.1864 -4.5858 9.3085
4 16 -16.9673 -7.4142 6.983 -17.2698 -7.8478 6.4115 -15.5304 -.5 6.9142 -16.6924 -6.9 7.4315
4 16 -17.5622 -8 5.7059 -16.146 -.5 5.2458 -15.5304 -.5 6.9142 -17.2698 -7.8478 6.4115
0 inner surface
4 16 -8.817 -3 12.135 -10.6742 -9.414 12.573 -10.2953 -9.848 13.0213 -9.7969 -10 13.4836
4 16 -8.817 -3 12.135 -10.3257 -3 10.8806 -11.0891 -7.6578 11.6849 -10.6742 -9.414 12.573
4 16 -10.3257 -3 10.8806 -11.6576 -3 9.4396 -11.6789 -4.586 9.9715 -11.0891 -7.6578 11.6849
3 16 -11.8927 -4.27 9.6296 -11.6789 -4.586 9.9715 -11.6576 -3 9.4396
3 16 -12.79 -3 7.8372 -13.1108 -4.586 8.0362 -12.7062 -4.152 8.4304
4 16 -11.6576 -3 9.4396 -12.79 -3 7.8372 -12.7062 -4.152 8.4304 -12.3028 -4 8.9385
3 16 -11.6576 -3 9.4396 -12.3028 -4 8.9385 -11.9579 -4.152 9.4895
3 16 -11.6576 -3 9.4396 -11.9579 -4.152 9.4895 -11.8927 -4.27 9.6296
4 16 -12.79 -3 7.8372 -13.7035 -3 6.1008 -14.5497 -6.8898 6.4775 -13.1108 -4.586 8.0362
4 16 -13.7035 -3 6.1008 -15.1122 -7.848 5.6105 -14.8214 -7.414 6.1 -14.5497 -6.8898 6.4775
4 16 -13.7035 -3 6.1008 -14.2468 -3 4.6287 -15.3777 -8 4.9961 -15.1122 -7.848 5.6105
2 24 -15.1864 -4.5858 9.3085 -16.6924 -6.9 7.4315
2 24 -16.6924 -6.9 7.4315 -16.9673 -7.4142 6.983
2 24 -14.5497 -6.8898 6.4775 -13.1108 -4.586 8.0362
2 24 -14.8214 -7.414 6.1 -14.5497 -6.8898 6.4775
4 16 -14.5497 -6.8898 6.4775 -16.6924 -6.9 7.4315 -15.1864 -4.5858 9.3085 -13.1108 -4.586 8.0362
4 16 -14.8214 -7.414 6.1 -16.9673 -7.4142 6.983 -16.6924 -6.9 7.4315 -14.5497 -6.8898 6.4775
2 24 -12.1241 -9.4142 14.2807 -12.6848 -7.6686 13.3667
2 24 -13.528 -4.5858 11.5503 -12.6848 -7.6686 13.3667
2 24 -10.6742 -9.414 12.573 -11.0891 -7.6578 11.6849
2 24 -11.0891 -7.6578 11.6849 -11.6789 -4.586 9.9715
4 16 -13.528 -4.5858 11.5503 -12.6848 -7.6686 13.3667 -11.0891 -7.6578 11.6849 -11.6789 -4.586 9.9715
4 16 -12.6848 -7.6686 13.3667 -12.1241 -9.4142 14.2807 -10.6742 -9.414 12.573 -11.0891 -7.6578 11.6849
0
0 Inlined:1 16 0 0 0 .809 0 .5878 0 1 0 .5878 0 -.809 71015s01.dat
4 16 -9.7969 -10 13.4836 -11.103 -10 15.2812 -10.4364 -9.8478 15.666 -9.2032 -9.848 13.8148
2 24 -10.4364 -9.8478 15.666 -11.103 -10 15.2812
2 24 -9.7969 -10 13.4836 -9.2032 -9.848 13.8148
4 16 -9.2032 -9.848 13.8148 -10.4364 -9.8478 15.666 -9.8359 -9.4142 15.9432 -8.6598 -9.414 14.0366
2 24 -9.8359 -9.4142 15.9432 -10.4364 -9.8478 15.666
2 24 -9.2032 -9.848 13.8148 -8.6598 -9.414 14.0366
4 16 -1.3989 -7.4142 18.2947 -.7618 -7.8478 18.4058 -.6667 -7.848 16.1063 -1.2221 -7.414 15.9809
2 24 -1.3989 -7.4142 18.2947 -.7618 -7.8478 18.4058
2 24 -.6667 -7.848 16.1063 -1.2221 -7.414 15.9809
4 16 -.7618 -7.8478 18.4058 -.0004 -8 18.4659 -.0003 -8 16.169 -.6667 -7.848 16.1063
2 24 -.7618 -7.8478 18.4058 -.0004 -8 18.4659
2 24 -.0003 -8 16.169 -.6667 -7.848 16.1063
4 16 -4.092 -4.152 14.6892 -4.7488 -4.1522 17.0468 -4.1608 -4.5858 17.3194 -3.5921 -4.586 14.9523
2 24 -4.1608 -4.5858 17.3194 -4.7488 -4.1522 17.0468
2 24 -4.092 -4.152 14.6892 -3.5921 -4.586 14.9523
4 16 -4.6999 -4 14.4626 -5.4575 -4 16.7952 -4.7488 -4.1522 17.0468 -4.092 -4.152 14.6892
2 24 -4.7488 -4.1522 17.0468 -5.4575 -4 16.7952
2 24 -4.6999 -4 14.4626 -4.092 -4.152 14.6892
4 16 -5.3305 -4.152 14.3048 -6.1856 -4.1522 16.6008 -5.4575 -4 16.7952 -4.6999 -4 14.4626
2 24 -5.4575 -4 16.7952 -6.1856 -4.1522 16.6008
2 24 -5.3305 -4.152 14.3048 -4.6999 -4 14.4626
4 16 -5.4838 -4.27 14.2861 -6.3613 -4.2705 16.5708 -6.1856 -4.1522 16.6008 -5.3305 -4.152 14.3048
2 24 -5.8751 -4.586 14.1884 -5.4838 -4.27 14.2861
2 24 -6.1856 -4.1522 16.6008 -6.3613 -4.2705 16.5708
2 24 -6.3613 -4.2705 16.5708 -6.8053 -4.5858 16.4348
4 16 -5.8751 -4.586 14.1884 -6.8053 -4.5858 16.4348 -6.3613 -4.2705 16.5708 -5.4838 -4.27 14.2861
2 24 -5.4838 -4.27 14.2861 -5.3305 -4.152 14.3048
0 outer pieces
4 16 -9.9926 -.5 13.753 -9.8359 -9.4142 15.9432 -10.4364 -9.8478 15.666 -11.103 -10 15.2812
4 16 -9.9926 -.5 13.753 -8.1121 -.5 14.9397 -8.7934 -7.6686 16.1941 -9.8359 -9.4142 15.9432
4 16 -8.1121 -.5 14.9397 -6.0925 -.5 15.8707 -6.8053 -4.5858 16.4348 -8.7934 -7.6686 16.1941
3 16 -3.9689 -.5 16.5302 -4.1608 -4.5858 17.3194 -4.7488 -4.1522 17.0468
4 16 -6.0925 -.5 15.8707 -3.9689 -.5 16.5302 -4.7488 -4.1522 17.0468 -5.4575 -4 16.7952
3 16 -6.0925 -.5 15.8707 -5.4575 -4 16.7952 -6.1856 -4.1522 16.6008
3 16 -6.0925 -.5 15.8707 -6.1856 -4.1522 16.6008 -6.3613 -4.2705 16.5708
3 16 -6.3613 -4.2705 16.5708 -6.8053 -4.5858 16.4348 -6.0925 -.5 15.8707
4 16 -3.9689 -.5 16.5302 -1.7774 -.5 16.9068 -1.9103 -6.9 18.1718 -4.1608 -4.5858 17.3194
4 16 -1.7774 -.5 16.9068 -.7618 -7.8478 18.4058 -1.3989 -7.4142 18.2947 -1.9103 -6.9 18.1718
4 16 -1.7774 -.5 16.9068 -.0004 -.5 16.9768 -.0004 -8 18.4659 -.7618 -7.8478 18.4058
0 inner surface
4 16 -9.2032 -9.848 13.8148 -8.6598 -9.414 14.0366 -8.817 -3 12.135 -9.7969 -10 13.4836
4 16 -7.6869 -7.6578 14.1568 -7.1578 -3 13.1823 -8.817 -3 12.135 -8.6598 -9.414 14.0366
4 16 -5.8751 -4.586 14.1884 -5.3758 -3 14.0038 -7.1578 -3 13.1823 -7.6869 -7.6578 14.1568
3 16 -5.3758 -3 14.0038 -5.8751 -4.586 14.1884 -5.4838 -4.27 14.2861
3 16 -4.092 -4.152 14.6892 -3.5921 -4.586 14.9523 -3.502 -3 14.5857
4 16 -4.092 -4.152 14.6892 -3.502 -3 14.5857 -5.3758 -3 14.0038 -4.6999 -4 14.4626
3 16 -5.3305 -4.152 14.3048 -4.6999 -4 14.4626 -5.3758 -3 14.0038
3 16 -5.4838 -4.27 14.2861 -5.3305 -4.152 14.3048 -5.3758 -3 14.0038
4 16 -1.665 -6.8898 15.8391 -1.5682 -3 14.918 -3.502 -3 14.5857 -3.5921 -4.586 14.9523
4 16 -1.2221 -7.414 15.9809 -.6667 -7.848 16.1063 -1.5682 -3 14.918 -1.665 -6.8898 15.8391
4 16 -.0003 -8 16.169 -.0003 -3 14.9799 -1.5682 -3 14.918 -.6667 -7.848 16.1063
2 24 -4.1608 -4.5858 17.3194 -1.9103 -6.9 18.1718
2 24 -1.9103 -6.9 18.1718 -1.3989 -7.4142 18.2947
2 24 -1.665 -6.8898 15.8391 -3.5921 -4.586 14.9523
2 24 -1.2221 -7.414 15.9809 -1.665 -6.8898 15.8391
4 16 -4.1608 -4.5858 17.3194 -1.9103 -6.9 18.1718 -1.665 -6.8898 15.8391 -3.5921 -4.586 14.9523
4 16 -1.9103 -6.9 18.1718 -1.3989 -7.4142 18.2947 -1.2221 -7.414 15.9809 -1.665 -6.8898 15.8391
2 24 -9.8359 -9.4142 15.9432 -8.7934 -7.6686 16.1941
2 24 -6.8053 -4.5858 16.4348 -8.7934 -7.6686 16.1941
2 24 -8.6598 -9.414 14.0366 -7.6869 -7.6578 14.1568
2 24 -7.6869 -7.6578 14.1568 -5.8751 -4.586 14.1884
4 16 -7.6869 -7.6578 14.1568 -8.7934 -7.6686 16.1941 -6.8053 -4.5858 16.4348 -5.8751 -4.586 14.1884
4 16 -8.6598 -9.414 14.0366 -9.8359 -9.4142 15.9432 -8.7934 -7.6686 16.1941 -7.6869 -7.6578 14.1568
0
0
0 Inlined:1 16 0 0 0 .309 0 .9511 0 1 0 -.9511 0 .309 71015s01.dat
4 16 -17.6523 -9.8478 -6.5398 -17.9653 -10 -5.8367 -15.852 -10 -5.1501 -15.5664 -9.848 -5.7671
2 24 -17.6523 -9.8478 -6.5398 -17.9653 -10 -5.8367
2 24 -15.852 -10 -5.1501 -15.5664 -9.848 -5.7671
4 16 -17.3294 -9.4142 -7.1171 -17.6523 -9.8478 -6.5398 -15.5664 -9.848 -5.7671 -15.2571 -9.414 -6.2659
2 24 -17.3294 -9.4142 -7.1171 -17.6523 -9.8478 -6.5398
2 24 -15.5664 -9.848 -5.7671 -15.2571 -9.414 -6.2659
4 16 -10.0069 -7.848 -12.6388 -11.4355 -7.8478 -14.4433 -11.8856 -7.4142 -13.9789 -10.3825 -7.414 -12.2109
2 24 -11.8856 -7.4142 -13.9789 -11.4355 -7.8478 -14.4433
2 24 -10.0069 -7.848 -12.6388 -10.3825 -7.414 -12.2109
4 16 -9.5046 -8 -13.0813 -10.8549 -8 -14.9395 -11.4355 -7.8478 -14.4433 -10.0069 -7.848 -12.6388
2 24 -11.4355 -7.8478 -14.4433 -10.8549 -8 -14.9395
2 24 -9.5046 -8 -13.0813 -10.0069 -7.848 -12.6388
4 16 -13.5469 -4.5858 -11.5664 -13.8624 -4.1522 -11.0002 -11.9452 -4.152 -9.479 -11.6954 -4.586 -9.9856
2 24 -13.5469 -4.5858 -11.5664 -13.8624 -4.1522 -11.0002
2 24 -11.9452 -4.152 -9.479 -11.6954 -4.586 -9.9856
4 16 -13.8624 -4.1522 -11.0002 -14.2879 -4 -10.38 -12.3038 -4 -8.9383 -11.9452 -4.152 -9.479
2 24 -13.8624 -4.1522 -11.0002 -14.2879 -4 -10.38
2 24 -12.3038 -4 -8.9383 -11.9452 -4.152 -9.479
4 16 -14.2879 -4 -10.38 -14.7626 -4.1522 -9.7948 -12.7212 -4.152 -8.4399 -12.3038 -4 -8.9383
2 24 -14.2879 -4 -10.38 -14.7626 -4.1522 -9.7948
2 24 -12.7212 -4.152 -8.4399 -12.3038 -4 -8.9383
4 16 -14.7626 -4.1522 -9.7948 -14.8871 -4.2705 -9.6673 -12.8343 -4.27 -8.3346 -12.7212 -4.152 -8.4399
2 24 -13.0934 -4.586 -8.0256 -12.8343 -4.27 -8.3346
2 24 -14.7626 -4.1522 -9.7948 -14.8871 -4.2705 -9.6673
2 24 -14.8871 -4.2705 -9.6673 -15.1665 -4.5858 -9.2962
4 16 -14.8871 -4.2705 -9.6673 -15.1665 -4.5858 -9.2962 -13.0934 -4.586 -8.0256 -12.8343 -4.27 -8.3346
2 24 -12.8343 -4.27 -8.3346 -12.7212 -4.152 -8.4399
0 outer pieces
4 16 -17.6523 -9.8478 -6.5398 -17.3294 -9.4142 -7.1171 -16.1687 -.5 -5.253 -17.9653 -10 -5.8367
4 16 -16.6334 -7.6686 -7.9329 -15.3449 -.5 -7.3185 -16.1687 -.5 -5.253 -17.3294 -9.4142 -7.1171
4 16 -15.1665 -4.5858 -9.2962 -14.2582 -.5 -9.2589 -15.3449 -.5 -7.3185 -16.6334 -7.6686 -7.9329
3 16 -13.8624 -4.1522 -11.0002 -13.5469 -4.5858 -11.5664 -12.9277 -.5 -11.0407
4 16 -13.8624 -4.1522 -11.0002 -12.9277 -.5 -11.0407 -14.2582 -.5 -9.2589 -14.2879 -4 -10.38
3 16 -14.7626 -4.1522 -9.7948 -14.2879 -4 -10.38 -14.2582 -.5 -9.2589
3 16 -14.8871 -4.2705 -9.6673 -14.7626 -4.1522 -9.7948 -14.2582 -.5 -9.2589
3 16 -14.2582 -.5 -9.2589 -15.1665 -4.5858 -9.2962 -14.8871 -4.2705 -9.6673
4 16 -12.2272 -6.9 -13.5789 -11.3761 -.5 -12.6336 -12.9277 -.5 -11.0407 -13.5469 -4.5858 -11.5664
4 16 -11.8856 -7.4142 -13.9789 -11.4355 -7.8478 -14.4433 -11.3761 -.5 -12.6336 -12.2272 -6.9 -13.5789
4 16 -10.8549 -8 -14.9395 -9.9796 -.5 -13.7347 -11.3761 -.5 -12.6336 -11.4355 -7.8478 -14.4433
0 inner surface
4 16 -14.2665 -3 -4.635 -15.2571 -9.414 -6.2659 -15.5664 -9.848 -5.7671 -15.852 -10 -5.1501
4 16 -14.2665 -3 -4.635 -13.5398 -3 -6.4576 -14.5407 -7.6578 -6.935 -15.2571 -9.414 -6.2659
4 16 -13.5398 -3 -6.4576 -12.5809 -3 -8.1697 -13.0934 -4.586 -8.0256 -14.5407 -7.6578 -6.935
3 16 -12.8343 -4.27 -8.3346 -13.0934 -4.586 -8.0256 -12.5809 -3 -8.1697
3 16 -11.4069 -3 -9.7419 -11.6954 -4.586 -9.9856 -11.9452 -4.152 -9.479
4 16 -12.5809 -3 -8.1697 -11.4069 -3 -9.7419 -11.9452 -4.152 -9.479 -12.3038 -4 -8.9383
3 16 -12.5809 -3 -8.1697 -12.3038 -4 -8.9383 -12.7212 -4.152 -8.4399
3 16 -12.5809 -3 -8.1697 -12.7212 -4.152 -8.4399 -12.8343 -4.27 -8.3346
4 16 -11.4069 -3 -9.7419 -10.0378 -3 -11.1475 -10.6576 -6.8898 -11.8358 -11.6954 -4.586 -9.9856
4 16 -10.0378 -3 -11.1475 -10.0069 -7.848 -12.6388 -10.3825 -7.414 -12.2109 -10.6576 -6.8898 -11.8358
4 16 -10.0378 -3 -11.1475 -8.8056 -3 -12.1192 -9.5046 -8 -13.0813 -10.0069 -7.848 -12.6388
2 24 -13.5469 -4.5858 -11.5664 -12.2272 -6.9 -13.5789
2 24 -12.2272 -6.9 -13.5789 -11.8856 -7.4142 -13.9789
2 24 -10.6576 -6.8898 -11.8358 -11.6954 -4.586 -9.9856
2 24 -10.3825 -7.414 -12.2109 -10.6576 -6.8898 -11.8358
4 16 -10.6576 -6.8898 -11.8358 -12.2272 -6.9 -13.5789 -13.5469 -4.5858 -11.5664 -11.6954 -4.586 -9.9856
4 16 -10.3825 -7.414 -12.2109 -11.8856 -7.4142 -13.9789 -12.2272 -6.9 -13.5789 -10.6576 -6.8898 -11.8358
2 24 -17.3294 -9.4142 -7.1171 -16.6334 -7.6686 -7.9329
2 24 -15.1665 -4.5858 -9.2962 -16.6334 -7.6686 -7.9329
2 24 -15.2571 -9.414 -6.2659 -14.5407 -7.6578 -6.935
2 24 -14.5407 -7.6578 -6.935 -13.0934 -4.586 -8.0256
4 16 -15.1665 -4.5858 -9.2962 -16.6334 -7.6686 -7.9329 -14.5407 -7.6578 -6.935 -13.0934 -4.586 -8.0256
4 16 -16.6334 -7.6686 -7.9329 -17.3294 -9.4142 -7.1171 -15.2571 -9.414 -6.2659 -14.5407 -7.6578 -6.935
0
0 Inlined:1 16 0 0 0 -.309 0 .9511 0 1 0 .9511 0 .309 71015s01.dat
4 16 -15.852 -10 -5.1501 -17.9653 -10 -5.8367 -18.1253 -9.8478 -5.0839 -15.9835 -9.848 -4.4831
2 24 -18.1253 -9.8478 -5.0839 -17.9653 -10 -5.8367
2 24 -15.852 -10 -5.1501 -15.9835 -9.848 -4.4831
4 16 -15.9835 -9.848 -4.4831 -18.1253 -9.8478 -5.0839 -18.2033 -9.4142 -4.427 -16.0265 -9.414 -3.8977
2 24 -18.2033 -9.4142 -4.427 -18.1253 -9.8478 -5.0839
2 24 -15.9835 -9.848 -4.4831 -16.0265 -9.414 -3.8977
4 16 -17.832 -7.4142 4.324 -17.7408 -7.8478 4.9643 -15.5244 -7.848 4.344 -15.5768 -7.414 3.7771
2 24 -17.832 -7.4142 4.324 -17.7408 -7.8478 4.9643
2 24 -15.5244 -7.848 4.344 -15.5768 -7.414 3.7771
4 16 -17.7408 -7.8478 4.9643 -17.5627 -8 5.707 -15.3781 -8 4.9972 -15.5244 -7.848 4.344
2 24 -17.7408 -7.8478 4.9643 -17.5627 -8 5.707
2 24 -15.3781 -8 4.9972 -15.5244 -7.848 4.344
4 16 -15.2354 -4.152 .6484 -17.6806 -4.1522 .7523 -17.7582 -4.5858 1.3958 -15.3311 -4.586 1.205
2 24 -17.7582 -4.5858 1.3958 -17.6806 -4.1522 .7523
2 24 -15.2354 -4.152 .6484 -15.3311 -4.586 1.205
4 16 -15.2078 -4 .0002 -17.6603 -4 .0005 -17.6806 -4.1522 .7523 -15.2354 -4.152 .6484
2 24 -17.6806 -4.1522 .7523 -17.6603 -4 .0005
2 24 -15.2078 -4 .0002 -15.2354 -4.152 .6484
4 16 -15.2525 -4.152 -.6484 -17.7005 -4.1522 -.7521 -17.6603 -4 .0005 -15.2078 -4 .0002
2 24 -17.6603 -4 .0005 -17.7005 -4.1522 -.7521
2 24 -15.2525 -4.152 -.6484 -15.2078 -4 .0002
4 16 -15.2822 -4.27 -.8 -17.7263 -4.2705 -.9284 -17.7005 -4.1522 -.7521 -15.2525 -4.152 -.6484
2 24 -15.3102 -4.586 -1.2024 -15.2822 -4.27 -.8
2 24 -17.7005 -4.1522 -.7521 -17.7263 -4.2705 -.9284
2 24 -17.7263 -4.2705 -.9284 -17.7342 -4.5858 -1.3928
4 16 -15.3102 -4.586 -1.2024 -17.7342 -4.5858 -1.3928 -17.7263 -4.2705 -.9284 -15.2822 -4.27 -.8
2 24 -15.2822 -4.27 -.8 -15.2525 -4.152 -.6484
0 outer pieces
4 16 -16.1687 -.5 -5.253 -18.2033 -9.4142 -4.427 -18.1253 -9.8478 -5.0839 -17.9653 -10 -5.8367
4 16 -16.1687 -.5 -5.253 -16.7161 -.5 -3.0977 -18.1198 -7.6686 -3.3579 -18.2033 -9.4142 -4.427
4 16 -16.7161 -.5 -3.0977 -16.9774 -.5 -.8892 -17.7342 -4.5858 -1.3928 -18.1198 -7.6686 -3.3579
3 16 -16.9482 -.5 1.3344 -17.7582 -4.5858 1.3958 -17.6806 -4.1522 .7523
4 16 -16.9774 -.5 -.8892 -16.9482 -.5 1.3344 -17.6806 -4.1522 .7523 -17.6603 -4 .0005
3 16 -16.9774 -.5 -.8892 -17.6603 -4 .0005 -17.7005 -4.1522 -.7521
3 16 -16.9774 -.5 -.8892 -17.7005 -4.1522 -.7521 -17.7263 -4.2705 -.9284
3 16 -17.7263 -4.2705 -.9284 -17.7342 -4.5858 -1.3928 -16.9774 -.5 -.8892
4 16 -16.9482 -.5 1.3344 -16.6291 -.5 3.5351 -17.8732 -6.9 3.7996 -17.7582 -4.5858 1.3958
4 16 -16.6291 -.5 3.5351 -17.7408 -7.8478 4.9643 -17.832 -7.4142 4.324 -17.8732 -6.9 3.7996
4 16 -16.6291 -.5 3.5351 -16.1464 -.5 5.2467 -17.5627 -8 5.707 -17.7408 -7.8478 4.9643
0 inner surface
4 16 -15.9835 -9.848 -4.4831 -16.0265 -9.414 -3.8977 -14.2665 -3 -4.635 -15.852 -10 -5.1501
4 16 -15.8401 -7.6578 -2.9353 -14.7498 -3 -2.7333 -14.2665 -3 -4.635 -16.0265 -9.414 -3.8977
4 16 -15.3102 -4.586 -1.2024 -14.9802 -3 -.7846 -14.7498 -3 -2.7333 -15.8401 -7.6578 -2.9353
3 16 -14.9802 -3 -.7846 -15.3102 -4.586 -1.2024 -15.2822 -4.27 -.8
3 16 -15.2354 -4.152 .6484 -15.3311 -4.586 1.205 -14.9545 -3 1.1774
4 16 -15.2354 -4.152 .6484 -14.9545 -3 1.1774 -14.9802 -3 -.7846 -15.2078 -4 .0002
3 16 -15.2525 -4.152 -.6484 -15.2078 -4 .0002 -14.9802 -3 -.7846
3 16 -15.2822 -4.27 -.8 -15.2525 -4.152 -.6484 -14.9802 -3 -.7846
4 16 -15.5789 -6.8898 3.312 -14.6729 -3 3.1193 -14.9545 -3 1.1774 -15.3311 -4.586 1.205
4 16 -15.5768 -7.414 3.7771 -15.5244 -7.848 4.344 -14.6729 -3 3.1193 -15.5789 -6.8898 3.312
4 16 -15.3781 -8 4.9972 -14.2471 -3 4.6297 -14.6729 -3 3.1193 -15.5244 -7.848 4.344
2 24 -17.7582 -4.5858 1.3958 -17.8732 -6.9 3.7996
2 24 -17.8732 -6.9 3.7996 -17.832 -7.4142 4.324
2 24 -15.5789 -6.8898 3.312 -15.3311 -4.586 1.205
2 24 -15.5768 -7.414 3.7771 -15.5789 -6.8898 3.312
4 16 -17.7582 -4.5858 1.3958 -17.8732 -6.9 3.7996 -15.5789 -6.8898 3.312 -15.3311 -4.586 1.205
4 16 -17.8732 -6.9 3.7996 -17.832 -7.4142 4.324 -15.5768 -7.414 3.7771 -15.5789 -6.8898 3.312
2 24 -18.2033 -9.4142 -4.427 -18.1198 -7.6686 -3.3579
2 24 -17.7342 -4.5858 -1.3928 -18.1198 -7.6686 -3.3579
2 24 -16.0265 -9.414 -3.8977 -15.8401 -7.6578 -2.9353
2 24 -15.8401 -7.6578 -2.9353 -15.3102 -4.586 -1.2024
4 16 -15.8401 -7.6578 -2.9353 -18.1198 -7.6686 -3.3579 -17.7342 -4.5858 -1.3928 -15.3102 -4.586 -1.2024
4 16 -16.0265 -9.414 -3.8977 -18.2033 -9.4142 -4.427 -18.1198 -7.6686 -3.3579 -15.8401 -7.6578 -2.9353
0
