0 Technic Differential
0 Name: 73071.dat
0 Author: James Jessiman
0 !LDRAW_ORG Part UPDATE 1998-06
0 !LICENSE Redistributable under CCAL version 2.0 : see CAreadme.txt

0 !HISTORY 1998-06-20 [PTadmin] Official Update 1998-06
0 !HISTORY 2007-07-21 [PTadmin] Header formatted for Contributor Agreement
0 !HISTORY 2008-07-01 [PTadmin] Official Update 2008-01

1 16 0 0 40 6 0 0 0 0 6 0 0 0 4-4edge.dat
1 16 0 0 40 10 0 0 0 0 10 0 0 0 4-4edge.dat
1 16 0 0 26 10 0 0 0 0 10 0 0 0 4-4edge.dat
1 16 0 0 26 14 0 0 0 0 14 0 0 0 4-4edge.dat
1 16 0 0 26 20 0 0 0 0 20 0 0 0 4-4edge.dat
1 16 0 0 26 24 0 0 0 0 24 0 0 0 4-4edge.dat
1 16 0 0 25 14 0 0 0 0 14 0 0 0 4-4edge.dat
1 16 0 0 25 20 0 0 0 0 20 0 0 0 4-4edge.dat
1 16 0 0 22 24 0 0 0 0 24 0 0 0 4-4edge.dat
1 16 0 0 22 26 0 0 0 0 26 0 0 0 4-4edge.dat
1 16 0 0 20 6 0 0 0 0 6 0 0 0 4-4edge.dat
1 16 0 0 -20 6 0 0 0 0 6 0 0 0 4-4edge.dat
1 16 0 0 -26 10 0 0 0 0 10 0 0 0 4-4edge.dat
1 16 0 0 -40 6 0 0 0 0 6 0 0 0 4-4edge.dat
1 16 0 0 -40 10 0 0 0 0 10 0 0 0 4-4edge.dat

1 16 0 0 40 6 0 0 0 0 6 0 -20 0 4-4cyli.dat
1 16 0 0 40 10 0 0 0 0 10 0 -14 0 4-4cyli.dat
1 16 0 0 26 14 0 0 0 0 14 0 -1 0 4-4cyli.dat
1 16 0 0 26 20 0 0 0 0 20 0 -1 0 4-4cyli.dat
1 16 0 0 26 24 0 0 0 0 24 0 -3 0 4-4cyli.dat
1 16 0 0 22 26 0 0 0 0 26 0 -2 0 4-4cyli.dat
1 16 0 0 -20 6 0 0 0 0 6 0 -20 0 4-4cyli.dat
1 16 0 0 -26 10 0 0 0 0 10 0 -14 0 4-4cyli.dat

1 16 0 20 0 10 0 0 0 0 0 0 0 20 rect.dat
1 16 0 -20 0 10 0 0 0 0 0 0 0 20 rect.dat

1 16 0 20 0 1 0 0 0 2 0 0 0 1 stud3.dat

2 24 0 26 -26 10 24 -26
2 24 0 26 -26 -10 24 -26
2 24 0 -26 -26 10 -24 -26
2 24 0 -26 -26 -10 -24 -26

2 24 10 24 -26 10 -24 -26
2 24 -10 24 -26 -10 -24 -26
2 24 10 20 -20 10 -20 -20
2 24 -10 20 -20 -10 -20 -20
2 24 10 24 20 10 20 20
2 24 -10 24 20 -10 20 20
2 24 10 -24 20 10 -20 20
2 24 -10 -24 20 -10 -20 20

2 24 10 24 -26 10 24 20
2 24 -10 24 -26 -10 24 20
2 24 10 -24 -26 10 -24 20
2 24 -10 -24 -26 -10 -24 20

1 16 0 0 -20 6 0 0 0 0 6 0 0 0 4-4ndis.dat
4 16 10 20 -20 6 6 -20 -6 6 -20 -10 20 -20
4 16 -10 20 -20 -6 6 -20 -6 -6 -20 -10 -20 -20
4 16 -10 -20 -20 -6 -6 -20 6 -6 -20 10 -20 -20
4 16 10 -20 -20 6 -6 -20 6 6 -20 10 20 -20

1 16 0 0 -26 10 0 0 0 0 10 0 0 0 4-4ndis.dat
4 16 10 10 -26 10 24 -26 0 26 -26 0 10 -26
4 16 -10 10 -26 -10 24 -26 0 26 -26 0 10 -26
4 16 10 -10 -26 10 -24 -26 0 -26 -26 0 -10 -26
4 16 -10 -10 -26 -10 -24 -26 0 -26 -26 0 -10 -26

5 24 0 26 20 0 26 -26 10 24 20 -10 24 20
5 24 0 -26 20 0 -26 -26 10 -24 20 -10 -24 20

4 16 10 24 20 0 26 20 0 26 -26 10 24 -26
4 16 -10 24 20 0 26 20 0 26 -26 -10 24 -26
4 16 10 -24 20 0 -26 20 0 -26 -26 10 -24 -26
4 16 -10 -24 20 0 -26 20 0 -26 -26 -10 -24 -26

4 16 10 24 -26 10 20 -20 10 -20 -20 10 -24 -26
4 16 -10 24 -26 -10 20 -20 -10 -20 -20 -10 -24 -26
4 16 10 24 20 10 20 20 10 20 -20 10 24 -26
4 16 -10 24 20 -10 20 20 -10 20 -20 -10 24 -26
4 16 10 -24 20 10 -20 20 10 -20 -20 10 -24 -26
4 16 -10 -24 20 -10 -20 20 -10 -20 -20 -10 -24 -26

2 24 26 0 20 24 -10 20
2 24 24 -10 20 18.38 -18.38 20
2 24 18.38 -18.38 20 10 -24 20
2 24 -10 -24 20 -18.38 -18.38 20
2 24 -18.38 -18.38 20 -24 -10 20
2 24 -24 -10 20 -26 0 20
2 24 -26 0 20 -24 10 20
2 24 -24 10 20 -18.38 18.38 20
2 24 -18.38 18.38 20 -10 24 20
2 24 10 24 20 18.38 18.38 20
2 24 18.38 18.38 20 24 10 20
2 24 24 10 20 26 0 20

4 16 6 0 40 5.54 -2.3 40 9.24 -3.83 40 10 0 40
4 16 10 0 26 9.24 -3.83 26 12.93 -5.36 26 14 0 26
4 16 14 0 25 12.93 -5.36 25 18.48 -7.65 25 20 0 25
4 16 20 0 26 18.48 -7.65 26 22.17 -9.18 26 24 0 26
4 16 24 0 22 22.17 -9.18 22 24 -10 22 26 0 22
4 16 6 0 20 5.54 -2.3 20 24 -10 20 26 0 20
4 16 6 0 -40 5.54 -2.3 -40 9.24 -3.83 -40 10 0 -40
4 16 5.54 -2.3 40 4.24 -4.24 40 7.07 -7.07 40 9.24 -3.83 40
4 16 9.24 -3.83 26 7.07 -7.07 26 9.9 -9.9 26 12.93 -5.36 26
4 16 12.93 -5.36 25 9.9 -9.9 25 14.14 -14.14 25 18.48 -7.65 25
4 16 18.48 -7.65 26 14.14 -14.14 26 16.97 -16.97 26 22.17 -9.18 26
4 16 22.17 -9.18 22 16.97 -16.97 22 18.38 -18.38 22 24 -10 22
4 16 5.54 -2.3 20 4.24 -4.24 20 18.38 -18.38 20 24 -10 20
4 16 5.54 -2.3 -40 4.24 -4.24 -40 7.07 -7.07 -40 9.24 -3.83 -40
4 16 4.24 -4.24 40 2.3 -5.54 40 3.83 -9.24 40 7.07 -7.07 40
4 16 7.07 -7.07 26 3.83 -9.24 26 5.36 -12.93 26 9.9 -9.9 26
4 16 9.9 -9.9 25 5.36 -12.93 25 7.65 -18.48 25 14.14 -14.14 25
4 16 14.14 -14.14 26 7.65 -18.48 26 9.18 -22.17 26 16.97 -16.97 26
4 16 16.97 -16.97 22 9.18 -22.17 22 10 -24 22 18.38 -18.38 22
4 16 4.24 -4.24 20 2.3 -5.54 20 10 -24 20 18.38 -18.38 20
4 16 4.24 -4.24 -40 2.3 -5.54 -40 3.83 -9.24 -40 7.07 -7.07 -40
4 16 2.3 -5.54 40 0 -6 40 0 -10 40 3.83 -9.24 40
4 16 3.83 -9.24 26 0 -10 26 0 -14 26 5.36 -12.93 26
4 16 5.36 -12.93 25 0 -14 25 0 -20 25 7.65 -18.48 25
4 16 7.65 -18.48 26 0 -20 26 0 -24 26 9.18 -22.17 26
4 16 9.18 -22.17 22 0 -24 22 0 -26 22 10 -24 22
4 16 2.3 -5.54 20 0 -6 20 0 -26 20 10 -24 20
4 16 2.3 -5.54 -40 0 -6 -40 0 -10 -40 3.83 -9.24 -40
4 16 0 -6 40 -2.3 -5.54 40 -3.83 -9.24 40 0 -10 40
4 16 0 -10 26 -3.83 -9.24 26 -5.36 -12.93 26 0 -14 26
4 16 0 -14 25 -5.36 -12.93 25 -7.65 -18.48 25 0 -20 25
4 16 0 -20 26 -7.65 -18.48 26 -9.18 -22.17 26 0 -24 26
4 16 0 -24 22 -9.18 -22.17 22 -10 -24 22 0 -26 22
4 16 0 -6 20 -2.3 -5.54 20 -10 -24 20 0 -26 20
4 16 0 -6 -40 -2.3 -5.54 -40 -3.83 -9.24 -40 0 -10 -40
4 16 -2.3 -5.54 40 -4.24 -4.24 40 -7.07 -7.07 40 -3.83 -9.24 40
4 16 -3.83 -9.24 26 -7.07 -7.07 26 -9.9 -9.9 26 -5.36 -12.93 26
4 16 -5.36 -12.93 25 -9.9 -9.9 25 -14.14 -14.14 25 -7.65 -18.48 25
4 16 -7.65 -18.48 26 -14.14 -14.14 26 -16.97 -16.97 26 -9.18 -22.17 26
4 16 -9.18 -22.17 22 -16.97 -16.97 22 -18.38 -18.38 22 -10 -24 22
4 16 -2.3 -5.54 20 -4.24 -4.24 20 -18.38 -18.38 20 -10 -24 20
4 16 -2.3 -5.54 -40 -4.24 -4.24 -40 -7.07 -7.07 -40 -3.83 -9.24 -40
4 16 -4.24 -4.24 40 -5.54 -2.3 40 -9.24 -3.83 40 -7.07 -7.07 40
4 16 -7.07 -7.07 26 -9.24 -3.83 26 -12.93 -5.36 26 -9.9 -9.9 26
4 16 -9.9 -9.9 25 -12.93 -5.36 25 -18.48 -7.65 25 -14.14 -14.14 25
4 16 -14.14 -14.14 26 -18.48 -7.65 26 -22.17 -9.18 26 -16.97 -16.97 26
4 16 -16.97 -16.97 22 -22.17 -9.18 22 -24 -10 22 -18.38 -18.38 22
4 16 -4.24 -4.24 20 -5.54 -2.3 20 -24 -10 20 -18.38 -18.38 20
4 16 -4.24 -4.24 -40 -5.54 -2.3 -40 -9.24 -3.83 -40 -7.07 -7.07 -40
4 16 -5.54 -2.3 40 -6 0 40 -10 0 40 -9.24 -3.83 40
4 16 -9.24 -3.83 26 -10 0 26 -14 0 26 -12.93 -5.36 26
4 16 -12.93 -5.36 25 -14 0 25 -20 0 25 -18.48 -7.65 25
4 16 -18.48 -7.65 26 -20 0 26 -24 0 26 -22.17 -9.18 26
4 16 -22.17 -9.18 22 -24 0 22 -26 0 22 -24 -10 22
4 16 -5.54 -2.3 20 -6 0 20 -26 0 20 -24 -10 20
4 16 -5.54 -2.3 -40 -6 0 -40 -10 0 -40 -9.24 -3.83 -40
4 16 -6 0 40 -5.54 2.3 40 -9.24 3.83 40 -10 0 40
4 16 -10 0 26 -9.24 3.83 26 -12.93 5.36 26 -14 0 26
4 16 -14 0 25 -12.93 5.36 25 -18.48 7.65 25 -20 0 25
4 16 -20 0 26 -18.48 7.65 26 -22.17 9.18 26 -24 0 26
4 16 -24 0 22 -22.17 9.18 22 -24 10 22 -26 0 22
4 16 -6 0 20 -5.54 2.3 20 -24 10 20 -26 0 20
4 16 -6 0 -40 -5.54 2.3 -40 -9.24 3.83 -40 -10 0 -40
4 16 -5.54 2.3 40 -4.24 4.24 40 -7.07 7.07 40 -9.24 3.83 40
4 16 -9.24 3.83 26 -7.07 7.07 26 -9.9 9.9 26 -12.93 5.36 26
4 16 -12.93 5.36 25 -9.9 9.9 25 -14.14 14.14 25 -18.48 7.65 25
4 16 -18.48 7.65 26 -14.14 14.14 26 -16.97 16.97 26 -22.17 9.18 26
4 16 -22.17 9.18 22 -16.97 16.97 22 -18.38 18.38 22 -24 10 22
4 16 -5.54 2.3 20 -4.24 4.24 20 -18.38 18.38 20 -24 10 20
4 16 -5.54 2.3 -40 -4.24 4.24 -40 -7.07 7.07 -40 -9.24 3.83 -40
4 16 -4.24 4.24 40 -2.3 5.54 40 -3.83 9.24 40 -7.07 7.07 40
4 16 -7.07 7.07 26 -3.83 9.24 26 -5.36 12.93 26 -9.9 9.9 26
4 16 -9.9 9.9 25 -5.36 12.93 25 -7.65 18.48 25 -14.14 14.14 25
4 16 -14.14 14.14 26 -7.65 18.48 26 -9.18 22.17 26 -16.97 16.97 26
4 16 -16.97 16.97 22 -9.18 22.17 22 -10 24 22 -18.38 18.38 22
4 16 -4.24 4.24 20 -2.3 5.54 20 -10 24 20 -18.38 18.38 20
4 16 -4.24 4.24 -40 -2.3 5.54 -40 -3.83 9.24 -40 -7.07 7.07 -40
4 16 -2.3 5.54 40 0 6 40 0 10 40 -3.83 9.24 40
4 16 -3.83 9.24 26 0 10 26 0 14 26 -5.36 12.93 26
4 16 -5.36 12.93 25 0 14 25 0 20 25 -7.65 18.48 25
4 16 -7.65 18.48 26 0 20 26 0 24 26 -9.18 22.17 26
4 16 -9.18 22.17 22 0 24 22 0 26 22 -10 24 22
4 16 -2.3 5.54 20 0 6 20 0 26 20 -10 24 20
4 16 -2.3 5.54 -40 0 6 -40 0 10 -40 -3.83 9.24 -40
4 16 0 6 40 2.3 5.54 40 3.83 9.24 40 0 10 40
4 16 0 10 26 3.83 9.24 26 5.36 12.93 26 0 14 26
4 16 0 14 25 5.36 12.93 25 7.65 18.48 25 0 20 25
4 16 0 20 26 7.65 18.48 26 9.18 22.17 26 0 24 26
4 16 0 24 22 9.18 22.17 22 10 24 22 0 26 22
4 16 0 6 20 2.3 5.54 20 10 24 20 0 26 20
4 16 0 6 -40 2.3 5.54 -40 3.83 9.24 -40 0 10 -40
4 16 2.3 5.54 40 4.24 4.24 40 7.07 7.07 40 3.83 9.24 40
4 16 3.83 9.24 26 7.07 7.07 26 9.9 9.9 26 5.36 12.93 26
4 16 5.36 12.93 25 9.9 9.9 25 14.14 14.14 25 7.65 18.48 25
4 16 7.65 18.48 26 14.14 14.14 26 16.97 16.97 26 9.18 22.17 26
4 16 9.18 22.17 22 16.97 16.97 22 18.38 18.38 22 10 24 22
4 16 2.3 5.54 20 4.24 4.24 20 18.38 18.38 20 10 24 20
4 16 2.3 5.54 -40 4.24 4.24 -40 7.07 7.07 -40 3.83 9.24 -40
4 16 4.24 4.24 40 5.54 2.3 40 9.24 3.83 40 7.07 7.07 40
4 16 7.07 7.07 26 9.24 3.83 26 12.93 5.36 26 9.9 9.9 26
4 16 9.9 9.9 25 12.93 5.36 25 18.48 7.65 25 14.14 14.14 25
4 16 14.14 14.14 26 18.48 7.65 26 22.17 9.18 26 16.97 16.97 26
4 16 16.97 16.97 22 22.17 9.18 22 24 10 22 18.38 18.38 22
4 16 4.24 4.24 20 5.54 2.3 20 24 10 20 18.38 18.38 20
4 16 4.24 4.24 -40 5.54 2.3 -40 9.24 3.83 -40 7.07 7.07 -40
4 16 5.54 2.3 40 6 0 40 10 0 40 9.24 3.83 40
4 16 9.24 3.83 26 10 0 26 14 0 26 12.93 5.36 26
4 16 12.93 5.36 25 14 0 25 20 0 25 18.48 7.65 25
4 16 18.48 7.65 26 20 0 26 24 0 26 22.17 9.18 26
4 16 22.17 9.18 22 24 0 22 26 0 22 24 10 22
4 16 5.54 2.3 20 6 0 20 26 0 20 24 10 20
4 16 5.54 2.3 -40 6 0 -40 10 0 -40 9.24 3.83 -40

2 24 37.99 1.07 17 37.99 1.07 25
2 24 37.99 -1.07 17 37.99 -1.07 25
2 24 31.89 2.69 17 31.89 2.69 25
2 24 31.89 -2.69 17 31.89 -2.69 25
2 24 31.89 2.69 17 37.99 1.07 17
2 24 37.99 1.07 17 37.99 -1.07 17
2 24 37.99 -1.07 17 31.89 -2.69 17
2 24 31.89 -2.69 17 31.69 -4.47 17
2 24 31.89 2.69 25 37.99 1.07 25
2 24 37.99 1.07 25 37.99 -1.07 25
2 24 37.99 -1.07 25 31.89 -2.69 25
2 24 31.89 -2.69 25 31.69 -4.47 25
2 24 26 0 17 25.35 -5.79 17
2 24 26 0 22 25.35 -5.79 22
2 24 24 0 22 23.4 -5.34 22
2 24 24 0 25 23.4 -5.34 25
4 16 31.89 2.69 17 37.99 1.07 17 37.99 1.07 25 31.89 2.69 25
4 16 37.99 1.07 17 37.99 -1.07 17 37.99 -1.07 25 37.99 1.07 25
4 16 37.99 -1.07 17 31.89 -2.69 17 31.89 -2.69 25 37.99 -1.07 25
4 16 31.89 -2.69 17 31.69 -4.47 17 31.69 -4.47 25 31.89 -2.69 25
4 16 31.89 2.69 17 37.99 1.07 17 37.99 -1.07 17 31.89 -2.69 17
4 16 31.89 2.69 25 37.99 1.07 25 37.99 -1.07 25 31.89 -2.69 25
4 16 31.89 2.69 17 25 0 17 24.37 -5.56 17 31.89 -2.69 17
4 16 31.89 2.69 25 25 0 25 24.37 -5.56 25 31.89 -2.69 25
4 16 31.89 -2.69 17 25.35 -5.79 17 25.35 -5.79 17 31.69 -4.47 17
4 16 31.89 -2.69 25 23.4 -5.34 25 23.4 -5.34 25 31.69 -4.47 25
4 16 26 0 17 25.35 -5.79 17 25.35 -5.79 22 26 0 22
4 16 24 0 22 23.4 -5.34 22 25.35 -5.79 22 26 0 22
4 16 24 0 22 23.4 -5.34 22 23.4 -5.34 25 24 0 25
2 24 37.27 -7.41 17 37.27 -7.41 25
2 24 36.8 -9.49 17 36.8 -9.49 25
2 24 31.69 -4.47 17 31.69 -4.47 25
2 24 30.49 -9.72 17 30.49 -9.72 25
2 24 31.69 -4.47 17 37.27 -7.41 17
2 24 37.27 -7.41 17 36.8 -9.49 17
2 24 36.8 -9.49 17 30.49 -9.72 17
2 24 30.49 -9.72 17 29.9 -11.41 17
2 24 31.69 -4.47 25 37.27 -7.41 25
2 24 37.27 -7.41 25 36.8 -9.49 25
2 24 36.8 -9.49 25 30.49 -9.72 25
2 24 30.49 -9.72 25 29.9 -11.41 25
2 24 25.35 -5.79 17 23.43 -11.28 17
2 24 25.35 -5.79 22 23.43 -11.28 22
2 24 23.4 -5.34 22 21.62 -10.41 22
2 24 23.4 -5.34 25 21.62 -10.41 25
4 16 31.69 -4.47 17 37.27 -7.41 17 37.27 -7.41 25 31.69 -4.47 25
4 16 37.27 -7.41 17 36.8 -9.49 17 36.8 -9.49 25 37.27 -7.41 25
4 16 36.8 -9.49 17 30.49 -9.72 17 30.49 -9.72 25 36.8 -9.49 25
4 16 30.49 -9.72 17 29.9 -11.41 17 29.9 -11.41 25 30.49 -9.72 25
4 16 31.69 -4.47 17 37.27 -7.41 17 36.8 -9.49 17 30.49 -9.72 17
4 16 31.69 -4.47 25 37.27 -7.41 25 36.8 -9.49 25 30.49 -9.72 25
4 16 31.69 -4.47 17 24.37 -5.56 17 22.52 -10.85 17 30.49 -9.72 17
4 16 31.69 -4.47 25 24.37 -5.56 25 22.52 -10.85 25 30.49 -9.72 25
4 16 30.49 -9.72 17 23.43 -11.28 17 23.43 -11.28 17 29.9 -11.41 17
4 16 30.49 -9.72 25 21.62 -10.41 25 21.62 -10.41 25 29.9 -11.41 25
4 16 25.35 -5.79 17 23.43 -11.28 17 23.43 -11.28 22 25.35 -5.79 22
4 16 23.4 -5.34 22 21.62 -10.41 22 23.43 -11.28 22 25.35 -5.79 22
4 16 23.4 -5.34 22 21.62 -10.41 22 21.62 -10.41 25 23.4 -5.34 25
2 24 34.69 -15.52 17 34.69 -15.52 25
2 24 33.76 -17.44 17 33.76 -17.44 25
2 24 29.9 -11.41 17 29.9 -11.41 25
2 24 27.56 -16.26 17 27.56 -16.26 25
2 24 29.9 -11.41 17 34.69 -15.52 17
2 24 34.69 -15.52 17 33.76 -17.44 17
2 24 33.76 -17.44 17 27.56 -16.26 17
2 24 27.56 -16.26 17 26.61 -17.78 17
2 24 29.9 -11.41 25 34.69 -15.52 25
2 24 34.69 -15.52 25 33.76 -17.44 25
2 24 33.76 -17.44 25 27.56 -16.26 25
2 24 27.56 -16.26 25 26.61 -17.78 25
2 24 23.43 -11.28 17 20.33 -16.21 17
2 24 23.43 -11.28 22 20.33 -16.21 22
2 24 21.62 -10.41 22 18.76 -14.96 22
2 24 21.62 -10.41 25 18.76 -14.96 25
4 16 29.9 -11.41 17 34.69 -15.52 17 34.69 -15.52 25 29.9 -11.41 25
4 16 34.69 -15.52 17 33.76 -17.44 17 33.76 -17.44 25 34.69 -15.52 25
4 16 33.76 -17.44 17 27.56 -16.26 17 27.56 -16.26 25 33.76 -17.44 25
4 16 27.56 -16.26 17 26.61 -17.78 17 26.61 -17.78 25 27.56 -16.26 25
4 16 29.9 -11.41 17 34.69 -15.52 17 33.76 -17.44 17 27.56 -16.26 17
4 16 29.9 -11.41 25 34.69 -15.52 25 33.76 -17.44 25 27.56 -16.26 25
4 16 29.9 -11.41 17 22.52 -10.85 17 19.55 -15.59 17 27.56 -16.26 17
4 16 29.9 -11.41 25 22.52 -10.85 25 19.55 -15.59 25 27.56 -16.26 25
4 16 27.56 -16.26 17 20.33 -16.21 17 20.33 -16.21 17 26.61 -17.78 17
4 16 27.56 -16.26 25 18.76 -14.96 25 18.76 -14.96 25 26.61 -17.78 25
4 16 23.43 -11.28 17 20.33 -16.21 17 20.33 -16.21 22 23.43 -11.28 22
4 16 21.62 -10.41 22 18.76 -14.96 22 20.33 -16.21 22 23.43 -11.28 22
4 16 21.62 -10.41 22 18.76 -14.96 22 18.76 -14.96 25 21.62 -10.41 25
2 24 30.36 -22.85 17 30.36 -22.85 25
2 24 29.03 -24.52 17 29.03 -24.52 25
2 24 26.61 -17.78 17 26.61 -17.78 25
2 24 23.25 -21.98 17 23.25 -21.98 25
2 24 26.61 -17.78 17 30.36 -22.85 17
2 24 30.36 -22.85 17 29.03 -24.52 17
2 24 29.03 -24.52 17 23.25 -21.98 17
2 24 23.25 -21.98 17 21.98 -23.25 17
2 24 26.61 -17.78 25 30.36 -22.85 25
2 24 30.36 -22.85 25 29.03 -24.52 25
2 24 29.03 -24.52 25 23.25 -21.98 25
2 24 23.25 -21.98 25 21.98 -23.25 25
2 24 20.33 -16.21 17 16.21 -20.33 17
2 24 20.33 -16.21 22 16.21 -20.33 22
2 24 18.76 -14.96 22 14.96 -18.76 22
2 24 18.76 -14.96 25 14.96 -18.76 25
4 16 26.61 -17.78 17 30.36 -22.85 17 30.36 -22.85 25 26.61 -17.78 25
4 16 30.36 -22.85 17 29.03 -24.52 17 29.03 -24.52 25 30.36 -22.85 25
4 16 29.03 -24.52 17 23.25 -21.98 17 23.25 -21.98 25 29.03 -24.52 25
4 16 23.25 -21.98 17 21.98 -23.25 17 21.98 -23.25 25 23.25 -21.98 25
4 16 26.61 -17.78 17 30.36 -22.85 17 29.03 -24.52 17 23.25 -21.98 17
4 16 26.61 -17.78 25 30.36 -22.85 25 29.03 -24.52 25 23.25 -21.98 25
4 16 26.61 -17.78 17 19.55 -15.59 17 15.59 -19.55 17 23.25 -21.98 17
4 16 26.61 -17.78 25 19.55 -15.59 25 15.59 -19.55 25 23.25 -21.98 25
4 16 23.25 -21.98 17 16.21 -20.33 17 16.21 -20.33 17 21.98 -23.25 17
4 16 23.25 -21.98 25 14.96 -18.76 25 14.96 -18.76 25 21.98 -23.25 25
4 16 20.33 -16.21 17 16.21 -20.33 17 16.21 -20.33 22 20.33 -16.21 22
4 16 18.76 -14.96 22 14.96 -18.76 22 16.21 -20.33 22 20.33 -16.21 22
4 16 18.76 -14.96 22 14.96 -18.76 22 14.96 -18.76 25 18.76 -14.96 25
2 24 24.52 -29.03 17 24.52 -29.03 25
2 24 22.85 -30.36 17 22.85 -30.36 25
2 24 21.98 -23.25 17 21.98 -23.25 25
2 24 17.78 -26.61 17 17.78 -26.61 25
2 24 21.98 -23.25 17 24.52 -29.03 17
2 24 24.52 -29.03 17 22.85 -30.36 17
2 24 22.85 -30.36 17 17.78 -26.61 17
2 24 17.78 -26.61 17 16.26 -27.56 17
2 24 21.98 -23.25 25 24.52 -29.03 25
2 24 24.52 -29.03 25 22.85 -30.36 25
2 24 22.85 -30.36 25 17.78 -26.61 25
2 24 17.78 -26.61 25 16.26 -27.56 25
2 24 16.21 -20.33 17 11.28 -23.43 17
2 24 16.21 -20.33 22 11.28 -23.43 22
2 24 14.96 -18.76 22 10.41 -21.62 22
2 24 14.96 -18.76 25 10.41 -21.62 25
4 16 21.98 -23.25 17 24.52 -29.03 17 24.52 -29.03 25 21.98 -23.25 25
4 16 24.52 -29.03 17 22.85 -30.36 17 22.85 -30.36 25 24.52 -29.03 25
4 16 22.85 -30.36 17 17.78 -26.61 17 17.78 -26.61 25 22.85 -30.36 25
4 16 17.78 -26.61 17 16.26 -27.56 17 16.26 -27.56 25 17.78 -26.61 25
4 16 21.98 -23.25 17 24.52 -29.03 17 22.85 -30.36 17 17.78 -26.61 17
4 16 21.98 -23.25 25 24.52 -29.03 25 22.85 -30.36 25 17.78 -26.61 25
4 16 21.98 -23.25 17 15.59 -19.55 17 10.85 -22.52 17 17.78 -26.61 17
4 16 21.98 -23.25 25 15.59 -19.55 25 10.85 -22.52 25 17.78 -26.61 25
4 16 17.78 -26.61 17 11.28 -23.43 17 11.28 -23.43 17 16.26 -27.56 17
4 16 17.78 -26.61 25 10.41 -21.62 25 10.41 -21.62 25 16.26 -27.56 25
4 16 16.21 -20.33 17 11.28 -23.43 17 11.28 -23.43 22 16.21 -20.33 22
4 16 14.96 -18.76 22 10.41 -21.62 22 11.28 -23.43 22 16.21 -20.33 22
4 16 14.96 -18.76 22 10.41 -21.62 22 10.41 -21.62 25 14.96 -18.76 25
2 24 17.44 -33.76 17 17.44 -33.76 25
2 24 15.52 -34.69 17 15.52 -34.69 25
2 24 16.26 -27.56 17 16.26 -27.56 25
2 24 11.41 -29.9 17 11.41 -29.9 25
2 24 16.26 -27.56 17 17.44 -33.76 17
2 24 17.44 -33.76 17 15.52 -34.69 17
2 24 15.52 -34.69 17 11.41 -29.9 17
2 24 11.41 -29.9 17 9.72 -30.49 17
2 24 16.26 -27.56 25 17.44 -33.76 25
2 24 17.44 -33.76 25 15.52 -34.69 25
2 24 15.52 -34.69 25 11.41 -29.9 25
2 24 11.41 -29.9 25 9.72 -30.49 25
2 24 11.28 -23.43 17 5.79 -25.35 17
2 24 11.28 -23.43 22 5.79 -25.35 22
2 24 10.41 -21.62 22 5.34 -23.4 22
2 24 10.41 -21.62 25 5.34 -23.4 25
4 16 16.26 -27.56 17 17.44 -33.76 17 17.44 -33.76 25 16.26 -27.56 25
4 16 17.44 -33.76 17 15.52 -34.69 17 15.52 -34.69 25 17.44 -33.76 25
4 16 15.52 -34.69 17 11.41 -29.9 17 11.41 -29.9 25 15.52 -34.69 25
4 16 11.41 -29.9 17 9.72 -30.49 17 9.72 -30.49 25 11.41 -29.9 25
4 16 16.26 -27.56 17 17.44 -33.76 17 15.52 -34.69 17 11.41 -29.9 17
4 16 16.26 -27.56 25 17.44 -33.76 25 15.52 -34.69 25 11.41 -29.9 25
4 16 16.26 -27.56 17 10.85 -22.52 17 5.56 -24.37 17 11.41 -29.9 17
4 16 16.26 -27.56 25 10.85 -22.52 25 5.56 -24.37 25 11.41 -29.9 25
4 16 11.41 -29.9 17 5.79 -25.35 17 5.79 -25.35 17 9.72 -30.49 17
4 16 11.41 -29.9 25 5.34 -23.4 25 5.34 -23.4 25 9.72 -30.49 25
4 16 11.28 -23.43 17 5.79 -25.35 17 5.79 -25.35 22 11.28 -23.43 22
4 16 10.41 -21.62 22 5.34 -23.4 22 5.79 -25.35 22 11.28 -23.43 22
4 16 10.41 -21.62 22 5.34 -23.4 22 5.34 -23.4 25 10.41 -21.62 25
2 24 9.49 -36.8 17 9.49 -36.8 25
2 24 7.41 -37.27 17 7.41 -37.27 25
2 24 9.72 -30.49 17 9.72 -30.49 25
2 24 4.47 -31.69 17 4.47 -31.69 25
2 24 9.72 -30.49 17 9.49 -36.8 17
2 24 9.49 -36.8 17 7.41 -37.27 17
2 24 7.41 -37.27 17 4.47 -31.69 17
2 24 4.47 -31.69 17 2.69 -31.89 17
2 24 9.72 -30.49 25 9.49 -36.8 25
2 24 9.49 -36.8 25 7.41 -37.27 25
2 24 7.41 -37.27 25 4.47 -31.69 25
2 24 4.47 -31.69 25 2.69 -31.89 25
2 24 5.79 -25.35 17 0 -26 17
2 24 5.79 -25.35 22 0 -26 22
2 24 5.34 -23.4 22 0 -24 22
2 24 5.34 -23.4 25 0 -24 25
4 16 9.72 -30.49 17 9.49 -36.8 17 9.49 -36.8 25 9.72 -30.49 25
4 16 9.49 -36.8 17 7.41 -37.27 17 7.41 -37.27 25 9.49 -36.8 25
4 16 7.41 -37.27 17 4.47 -31.69 17 4.47 -31.69 25 7.41 -37.27 25
4 16 4.47 -31.69 17 2.69 -31.89 17 2.69 -31.89 25 4.47 -31.69 25
4 16 9.72 -30.49 17 9.49 -36.8 17 7.41 -37.27 17 4.47 -31.69 17
4 16 9.72 -30.49 25 9.49 -36.8 25 7.41 -37.27 25 4.47 -31.69 25
4 16 9.72 -30.49 17 5.56 -24.37 17 0 -25 17 4.47 -31.69 17
4 16 9.72 -30.49 25 5.56 -24.37 25 0 -25 25 4.47 -31.69 25
4 16 4.47 -31.69 17 0 -26 17 0 -26 17 2.69 -31.89 17
4 16 4.47 -31.69 25 0 -24 25 0 -24 25 2.69 -31.89 25
4 16 5.79 -25.35 17 0 -26 17 0 -26 22 5.79 -25.35 22
4 16 5.34 -23.4 22 0 -24 22 0 -26 22 5.79 -25.35 22
4 16 5.34 -23.4 22 0 -24 22 0 -24 25 5.34 -23.4 25
2 24 1.07 -37.99 17 1.07 -37.99 25
2 24 -1.07 -37.99 17 -1.07 -37.99 25
2 24 2.69 -31.89 17 2.69 -31.89 25
2 24 -2.69 -31.89 17 -2.69 -31.89 25
2 24 2.69 -31.89 17 1.07 -37.99 17
2 24 1.07 -37.99 17 -1.07 -37.99 17
2 24 -1.07 -37.99 17 -2.69 -31.89 17
2 24 -2.69 -31.89 17 -4.47 -31.69 17
2 24 2.69 -31.89 25 1.07 -37.99 25
2 24 1.07 -37.99 25 -1.07 -37.99 25
2 24 -1.07 -37.99 25 -2.69 -31.89 25
2 24 -2.69 -31.89 25 -4.47 -31.69 25
2 24 0 -26 17 -5.79 -25.35 17
2 24 0 -26 22 -5.79 -25.35 22
2 24 0 -24 22 -5.34 -23.4 22
2 24 0 -24 25 -5.34 -23.4 25
4 16 2.69 -31.89 17 1.07 -37.99 17 1.07 -37.99 25 2.69 -31.89 25
4 16 1.07 -37.99 17 -1.07 -37.99 17 -1.07 -37.99 25 1.07 -37.99 25
4 16 -1.07 -37.99 17 -2.69 -31.89 17 -2.69 -31.89 25 -1.07 -37.99 25
4 16 -2.69 -31.89 17 -4.47 -31.69 17 -4.47 -31.69 25 -2.69 -31.89 25
4 16 2.69 -31.89 17 1.07 -37.99 17 -1.07 -37.99 17 -2.69 -31.89 17
4 16 2.69 -31.89 25 1.07 -37.99 25 -1.07 -37.99 25 -2.69 -31.89 25
4 16 2.69 -31.89 17 0 -25 17 -5.56 -24.37 17 -2.69 -31.89 17
4 16 2.69 -31.89 25 0 -25 25 -5.56 -24.37 25 -2.69 -31.89 25
4 16 -2.69 -31.89 17 -5.79 -25.35 17 -5.79 -25.35 17 -4.47 -31.69 17
4 16 -2.69 -31.89 25 -5.34 -23.4 25 -5.34 -23.4 25 -4.47 -31.69 25
4 16 0 -26 17 -5.79 -25.35 17 -5.79 -25.35 22 0 -26 22
4 16 0 -24 22 -5.34 -23.4 22 -5.79 -25.35 22 0 -26 22
4 16 0 -24 22 -5.34 -23.4 22 -5.34 -23.4 25 0 -24 25
2 24 -7.41 -37.27 17 -7.41 -37.27 25
2 24 -9.49 -36.8 17 -9.49 -36.8 25
2 24 -4.47 -31.69 17 -4.47 -31.69 25
2 24 -9.72 -30.49 17 -9.72 -30.49 25
2 24 -4.47 -31.69 17 -7.41 -37.27 17
2 24 -7.41 -37.27 17 -9.49 -36.8 17
2 24 -9.49 -36.8 17 -9.72 -30.49 17
2 24 -9.72 -30.49 17 -11.41 -29.9 17
2 24 -4.47 -31.69 25 -7.41 -37.27 25
2 24 -7.41 -37.27 25 -9.49 -36.8 25
2 24 -9.49 -36.8 25 -9.72 -30.49 25
2 24 -9.72 -30.49 25 -11.41 -29.9 25
2 24 -5.79 -25.35 17 -11.28 -23.43 17
2 24 -5.79 -25.35 22 -11.28 -23.43 22
2 24 -5.34 -23.4 22 -10.41 -21.62 22
2 24 -5.34 -23.4 25 -10.41 -21.62 25
4 16 -4.47 -31.69 17 -7.41 -37.27 17 -7.41 -37.27 25 -4.47 -31.69 25
4 16 -7.41 -37.27 17 -9.49 -36.8 17 -9.49 -36.8 25 -7.41 -37.27 25
4 16 -9.49 -36.8 17 -9.72 -30.49 17 -9.72 -30.49 25 -9.49 -36.8 25
4 16 -9.72 -30.49 17 -11.41 -29.9 17 -11.41 -29.9 25 -9.72 -30.49 25
4 16 -4.47 -31.69 17 -7.41 -37.27 17 -9.49 -36.8 17 -9.72 -30.49 17
4 16 -4.47 -31.69 25 -7.41 -37.27 25 -9.49 -36.8 25 -9.72 -30.49 25
4 16 -4.47 -31.69 17 -5.56 -24.37 17 -10.85 -22.52 17 -9.72 -30.49 17
4 16 -4.47 -31.69 25 -5.56 -24.37 25 -10.85 -22.52 25 -9.72 -30.49 25
4 16 -9.72 -30.49 17 -11.28 -23.43 17 -11.28 -23.43 17 -11.41 -29.9 17
4 16 -9.72 -30.49 25 -10.41 -21.62 25 -10.41 -21.62 25 -11.41 -29.9 25
4 16 -5.79 -25.35 17 -11.28 -23.43 17 -11.28 -23.43 22 -5.79 -25.35 22
4 16 -5.34 -23.4 22 -10.41 -21.62 22 -11.28 -23.43 22 -5.79 -25.35 22
4 16 -5.34 -23.4 22 -10.41 -21.62 22 -10.41 -21.62 25 -5.34 -23.4 25
2 24 -15.52 -34.69 17 -15.52 -34.69 25
2 24 -17.44 -33.76 17 -17.44 -33.76 25
2 24 -11.41 -29.9 17 -11.41 -29.9 25
2 24 -16.26 -27.56 17 -16.26 -27.56 25
2 24 -11.41 -29.9 17 -15.52 -34.69 17
2 24 -15.52 -34.69 17 -17.44 -33.76 17
2 24 -17.44 -33.76 17 -16.26 -27.56 17
2 24 -16.26 -27.56 17 -17.78 -26.61 17
2 24 -11.41 -29.9 25 -15.52 -34.69 25
2 24 -15.52 -34.69 25 -17.44 -33.76 25
2 24 -17.44 -33.76 25 -16.26 -27.56 25
2 24 -16.26 -27.56 25 -17.78 -26.61 25
2 24 -11.28 -23.43 17 -16.21 -20.33 17
2 24 -11.28 -23.43 22 -16.21 -20.33 22
2 24 -10.41 -21.62 22 -14.96 -18.76 22
2 24 -10.41 -21.62 25 -14.96 -18.76 25
4 16 -11.41 -29.9 17 -15.52 -34.69 17 -15.52 -34.69 25 -11.41 -29.9 25
4 16 -15.52 -34.69 17 -17.44 -33.76 17 -17.44 -33.76 25 -15.52 -34.69 25
4 16 -17.44 -33.76 17 -16.26 -27.56 17 -16.26 -27.56 25 -17.44 -33.76 25
4 16 -16.26 -27.56 17 -17.78 -26.61 17 -17.78 -26.61 25 -16.26 -27.56 25
4 16 -11.41 -29.9 17 -15.52 -34.69 17 -17.44 -33.76 17 -16.26 -27.56 17
4 16 -11.41 -29.9 25 -15.52 -34.69 25 -17.44 -33.76 25 -16.26 -27.56 25
4 16 -11.41 -29.9 17 -10.85 -22.52 17 -15.59 -19.55 17 -16.26 -27.56 17
4 16 -11.41 -29.9 25 -10.85 -22.52 25 -15.59 -19.55 25 -16.26 -27.56 25
4 16 -16.26 -27.56 17 -16.21 -20.33 17 -16.21 -20.33 17 -17.78 -26.61 17
4 16 -16.26 -27.56 25 -14.96 -18.76 25 -14.96 -18.76 25 -17.78 -26.61 25
4 16 -11.28 -23.43 17 -16.21 -20.33 17 -16.21 -20.33 22 -11.28 -23.43 22
4 16 -10.41 -21.62 22 -14.96 -18.76 22 -16.21 -20.33 22 -11.28 -23.43 22
4 16 -10.41 -21.62 22 -14.96 -18.76 22 -14.96 -18.76 25 -10.41 -21.62 25
2 24 -22.85 -30.36 17 -22.85 -30.36 25
2 24 -24.52 -29.03 17 -24.52 -29.03 25
2 24 -17.78 -26.61 17 -17.78 -26.61 25
2 24 -21.98 -23.25 17 -21.98 -23.25 25
2 24 -17.78 -26.61 17 -22.85 -30.36 17
2 24 -22.85 -30.36 17 -24.52 -29.03 17
2 24 -24.52 -29.03 17 -21.98 -23.25 17
2 24 -21.98 -23.25 17 -23.25 -21.98 17
2 24 -17.78 -26.61 25 -22.85 -30.36 25
2 24 -22.85 -30.36 25 -24.52 -29.03 25
2 24 -24.52 -29.03 25 -21.98 -23.25 25
2 24 -21.98 -23.25 25 -23.25 -21.98 25
2 24 -16.21 -20.33 17 -20.33 -16.21 17
2 24 -16.21 -20.33 22 -20.33 -16.21 22
2 24 -14.96 -18.76 22 -18.76 -14.96 22
2 24 -14.96 -18.76 25 -18.76 -14.96 25
4 16 -17.78 -26.61 17 -22.85 -30.36 17 -22.85 -30.36 25 -17.78 -26.61 25
4 16 -22.85 -30.36 17 -24.52 -29.03 17 -24.52 -29.03 25 -22.85 -30.36 25
4 16 -24.52 -29.03 17 -21.98 -23.25 17 -21.98 -23.25 25 -24.52 -29.03 25
4 16 -21.98 -23.25 17 -23.25 -21.98 17 -23.25 -21.98 25 -21.98 -23.25 25
4 16 -17.78 -26.61 17 -22.85 -30.36 17 -24.52 -29.03 17 -21.98 -23.25 17
4 16 -17.78 -26.61 25 -22.85 -30.36 25 -24.52 -29.03 25 -21.98 -23.25 25
4 16 -17.78 -26.61 17 -15.59 -19.55 17 -19.55 -15.59 17 -21.98 -23.25 17
4 16 -17.78 -26.61 25 -15.59 -19.55 25 -19.55 -15.59 25 -21.98 -23.25 25
4 16 -21.98 -23.25 17 -20.33 -16.21 17 -20.33 -16.21 17 -23.25 -21.98 17
4 16 -21.98 -23.25 25 -18.76 -14.96 25 -18.76 -14.96 25 -23.25 -21.98 25
4 16 -16.21 -20.33 17 -20.33 -16.21 17 -20.33 -16.21 22 -16.21 -20.33 22
4 16 -14.96 -18.76 22 -18.76 -14.96 22 -20.33 -16.21 22 -16.21 -20.33 22
4 16 -14.96 -18.76 22 -18.76 -14.96 22 -18.76 -14.96 25 -14.96 -18.76 25
2 24 -29.03 -24.52 17 -29.03 -24.52 25
2 24 -30.36 -22.85 17 -30.36 -22.85 25
2 24 -23.25 -21.98 17 -23.25 -21.98 25
2 24 -26.61 -17.78 17 -26.61 -17.78 25
2 24 -23.25 -21.98 17 -29.03 -24.52 17
2 24 -29.03 -24.52 17 -30.36 -22.85 17
2 24 -30.36 -22.85 17 -26.61 -17.78 17
2 24 -26.61 -17.78 17 -27.56 -16.26 17
2 24 -23.25 -21.98 25 -29.03 -24.52 25
2 24 -29.03 -24.52 25 -30.36 -22.85 25
2 24 -30.36 -22.85 25 -26.61 -17.78 25
2 24 -26.61 -17.78 25 -27.56 -16.26 25
2 24 -20.33 -16.21 17 -23.43 -11.28 17
2 24 -20.33 -16.21 22 -23.43 -11.28 22
2 24 -18.76 -14.96 22 -21.62 -10.41 22
2 24 -18.76 -14.96 25 -21.62 -10.41 25
4 16 -23.25 -21.98 17 -29.03 -24.52 17 -29.03 -24.52 25 -23.25 -21.98 25
4 16 -29.03 -24.52 17 -30.36 -22.85 17 -30.36 -22.85 25 -29.03 -24.52 25
4 16 -30.36 -22.85 17 -26.61 -17.78 17 -26.61 -17.78 25 -30.36 -22.85 25
4 16 -26.61 -17.78 17 -27.56 -16.26 17 -27.56 -16.26 25 -26.61 -17.78 25
4 16 -23.25 -21.98 17 -29.03 -24.52 17 -30.36 -22.85 17 -26.61 -17.78 17
4 16 -23.25 -21.98 25 -29.03 -24.52 25 -30.36 -22.85 25 -26.61 -17.78 25
4 16 -23.25 -21.98 17 -19.55 -15.59 17 -22.52 -10.85 17 -26.61 -17.78 17
4 16 -23.25 -21.98 25 -19.55 -15.59 25 -22.52 -10.85 25 -26.61 -17.78 25
4 16 -26.61 -17.78 17 -23.43 -11.28 17 -23.43 -11.28 17 -27.56 -16.26 17
4 16 -26.61 -17.78 25 -21.62 -10.41 25 -21.62 -10.41 25 -27.56 -16.26 25
4 16 -20.33 -16.21 17 -23.43 -11.28 17 -23.43 -11.28 22 -20.33 -16.21 22
4 16 -18.76 -14.96 22 -21.62 -10.41 22 -23.43 -11.28 22 -20.33 -16.21 22
4 16 -18.76 -14.96 22 -21.62 -10.41 22 -21.62 -10.41 25 -18.76 -14.96 25
2 24 -33.76 -17.44 17 -33.76 -17.44 25
2 24 -34.69 -15.52 17 -34.69 -15.52 25
2 24 -27.56 -16.26 17 -27.56 -16.26 25
2 24 -29.9 -11.41 17 -29.9 -11.41 25
2 24 -27.56 -16.26 17 -33.76 -17.44 17
2 24 -33.76 -17.44 17 -34.69 -15.52 17
2 24 -34.69 -15.52 17 -29.9 -11.41 17
2 24 -29.9 -11.41 17 -30.49 -9.72 17
2 24 -27.56 -16.26 25 -33.76 -17.44 25
2 24 -33.76 -17.44 25 -34.69 -15.52 25
2 24 -34.69 -15.52 25 -29.9 -11.41 25
2 24 -29.9 -11.41 25 -30.49 -9.72 25
2 24 -23.43 -11.28 17 -25.35 -5.79 17
2 24 -23.43 -11.28 22 -25.35 -5.79 22
2 24 -21.62 -10.41 22 -23.4 -5.34 22
2 24 -21.62 -10.41 25 -23.4 -5.34 25
4 16 -27.56 -16.26 17 -33.76 -17.44 17 -33.76 -17.44 25 -27.56 -16.26 25
4 16 -33.76 -17.44 17 -34.69 -15.52 17 -34.69 -15.52 25 -33.76 -17.44 25
4 16 -34.69 -15.52 17 -29.9 -11.41 17 -29.9 -11.41 25 -34.69 -15.52 25
4 16 -29.9 -11.41 17 -30.49 -9.72 17 -30.49 -9.72 25 -29.9 -11.41 25
4 16 -27.56 -16.26 17 -33.76 -17.44 17 -34.69 -15.52 17 -29.9 -11.41 17
4 16 -27.56 -16.26 25 -33.76 -17.44 25 -34.69 -15.52 25 -29.9 -11.41 25
4 16 -27.56 -16.26 17 -22.52 -10.85 17 -24.37 -5.56 17 -29.9 -11.41 17
4 16 -27.56 -16.26 25 -22.52 -10.85 25 -24.37 -5.56 25 -29.9 -11.41 25
4 16 -29.9 -11.41 17 -25.35 -5.79 17 -25.35 -5.79 17 -30.49 -9.72 17
4 16 -29.9 -11.41 25 -23.4 -5.34 25 -23.4 -5.34 25 -30.49 -9.72 25
4 16 -23.43 -11.28 17 -25.35 -5.79 17 -25.35 -5.79 22 -23.43 -11.28 22
4 16 -21.62 -10.41 22 -23.4 -5.34 22 -25.35 -5.79 22 -23.43 -11.28 22
4 16 -21.62 -10.41 22 -23.4 -5.34 22 -23.4 -5.34 25 -21.62 -10.41 25
2 24 -36.8 -9.49 17 -36.8 -9.49 25
2 24 -37.27 -7.41 17 -37.27 -7.41 25
2 24 -30.49 -9.72 17 -30.49 -9.72 25
2 24 -31.69 -4.47 17 -31.69 -4.47 25
2 24 -30.49 -9.72 17 -36.8 -9.49 17
2 24 -36.8 -9.49 17 -37.27 -7.41 17
2 24 -37.27 -7.41 17 -31.69 -4.47 17
2 24 -31.69 -4.47 17 -31.89 -2.69 17
2 24 -30.49 -9.72 25 -36.8 -9.49 25
2 24 -36.8 -9.49 25 -37.27 -7.41 25
2 24 -37.27 -7.41 25 -31.69 -4.47 25
2 24 -31.69 -4.47 25 -31.89 -2.69 25
2 24 -25.35 -5.79 17 -26 0 17
2 24 -25.35 -5.79 22 -26 0 22
2 24 -23.4 -5.34 22 -24 0 22
2 24 -23.4 -5.34 25 -24 0 25
4 16 -30.49 -9.72 17 -36.8 -9.49 17 -36.8 -9.49 25 -30.49 -9.72 25
4 16 -36.8 -9.49 17 -37.27 -7.41 17 -37.27 -7.41 25 -36.8 -9.49 25
4 16 -37.27 -7.41 17 -31.69 -4.47 17 -31.69 -4.47 25 -37.27 -7.41 25
4 16 -31.69 -4.47 17 -31.89 -2.69 17 -31.89 -2.69 25 -31.69 -4.47 25
4 16 -30.49 -9.72 17 -36.8 -9.49 17 -37.27 -7.41 17 -31.69 -4.47 17
4 16 -30.49 -9.72 25 -36.8 -9.49 25 -37.27 -7.41 25 -31.69 -4.47 25
4 16 -30.49 -9.72 17 -24.37 -5.56 17 -25 0 17 -31.69 -4.47 17
4 16 -30.49 -9.72 25 -24.37 -5.56 25 -25 0 25 -31.69 -4.47 25
4 16 -31.69 -4.47 17 -26 0 17 -26 0 17 -31.89 -2.69 17
4 16 -31.69 -4.47 25 -24 0 25 -24 0 25 -31.89 -2.69 25
4 16 -25.35 -5.79 17 -26 0 17 -26 0 22 -25.35 -5.79 22
4 16 -23.4 -5.34 22 -24 0 22 -26 0 22 -25.35 -5.79 22
4 16 -23.4 -5.34 22 -24 0 22 -24 0 25 -23.4 -5.34 25
2 24 -37.99 -1.07 17 -37.99 -1.07 25
2 24 -37.99 1.07 17 -37.99 1.07 25
2 24 -31.89 -2.69 17 -31.89 -2.69 25
2 24 -31.89 2.69 17 -31.89 2.69 25
2 24 -31.89 -2.69 17 -37.99 -1.07 17
2 24 -37.99 -1.07 17 -37.99 1.07 17
2 24 -37.99 1.07 17 -31.89 2.69 17
2 24 -31.89 2.69 17 -31.69 4.47 17
2 24 -31.89 -2.69 25 -37.99 -1.07 25
2 24 -37.99 -1.07 25 -37.99 1.07 25
2 24 -37.99 1.07 25 -31.89 2.69 25
2 24 -31.89 2.69 25 -31.69 4.47 25
2 24 -26 0 17 -25.35 5.79 17
2 24 -26 0 22 -25.35 5.79 22
2 24 -24 0 22 -23.4 5.34 22
2 24 -24 0 25 -23.4 5.34 25
4 16 -31.89 -2.69 17 -37.99 -1.07 17 -37.99 -1.07 25 -31.89 -2.69 25
4 16 -37.99 -1.07 17 -37.99 1.07 17 -37.99 1.07 25 -37.99 -1.07 25
4 16 -37.99 1.07 17 -31.89 2.69 17 -31.89 2.69 25 -37.99 1.07 25
4 16 -31.89 2.69 17 -31.69 4.47 17 -31.69 4.47 25 -31.89 2.69 25
4 16 -31.89 -2.69 17 -37.99 -1.07 17 -37.99 1.07 17 -31.89 2.69 17
4 16 -31.89 -2.69 25 -37.99 -1.07 25 -37.99 1.07 25 -31.89 2.69 25
4 16 -31.89 -2.69 17 -25 0 17 -24.37 5.56 17 -31.89 2.69 17
4 16 -31.89 -2.69 25 -25 0 25 -24.37 5.56 25 -31.89 2.69 25
4 16 -31.89 2.69 17 -25.35 5.79 17 -25.35 5.79 17 -31.69 4.47 17
4 16 -31.89 2.69 25 -23.4 5.34 25 -23.4 5.34 25 -31.69 4.47 25
4 16 -26 0 17 -25.35 5.79 17 -25.35 5.79 22 -26 0 22
4 16 -24 0 22 -23.4 5.34 22 -25.35 5.79 22 -26 0 22
4 16 -24 0 22 -23.4 5.34 22 -23.4 5.34 25 -24 0 25
2 24 -37.27 7.41 17 -37.27 7.41 25
2 24 -36.8 9.49 17 -36.8 9.49 25
2 24 -31.69 4.47 17 -31.69 4.47 25
2 24 -30.49 9.72 17 -30.49 9.72 25
2 24 -31.69 4.47 17 -37.27 7.41 17
2 24 -37.27 7.41 17 -36.8 9.49 17
2 24 -36.8 9.49 17 -30.49 9.72 17
2 24 -30.49 9.72 17 -29.9 11.41 17
2 24 -31.69 4.47 25 -37.27 7.41 25
2 24 -37.27 7.41 25 -36.8 9.49 25
2 24 -36.8 9.49 25 -30.49 9.72 25
2 24 -30.49 9.72 25 -29.9 11.41 25
2 24 -25.35 5.79 17 -23.43 11.28 17
2 24 -25.35 5.79 22 -23.43 11.28 22
2 24 -23.4 5.34 22 -21.62 10.41 22
2 24 -23.4 5.34 25 -21.62 10.41 25
4 16 -31.69 4.47 17 -37.27 7.41 17 -37.27 7.41 25 -31.69 4.47 25
4 16 -37.27 7.41 17 -36.8 9.49 17 -36.8 9.49 25 -37.27 7.41 25
4 16 -36.8 9.49 17 -30.49 9.72 17 -30.49 9.72 25 -36.8 9.49 25
4 16 -30.49 9.72 17 -29.9 11.41 17 -29.9 11.41 25 -30.49 9.72 25
4 16 -31.69 4.47 17 -37.27 7.41 17 -36.8 9.49 17 -30.49 9.72 17
4 16 -31.69 4.47 25 -37.27 7.41 25 -36.8 9.49 25 -30.49 9.72 25
4 16 -31.69 4.47 17 -24.37 5.56 17 -22.52 10.85 17 -30.49 9.72 17
4 16 -31.69 4.47 25 -24.37 5.56 25 -22.52 10.85 25 -30.49 9.72 25
4 16 -30.49 9.72 17 -23.43 11.28 17 -23.43 11.28 17 -29.9 11.41 17
4 16 -30.49 9.72 25 -21.62 10.41 25 -21.62 10.41 25 -29.9 11.41 25
4 16 -25.35 5.79 17 -23.43 11.28 17 -23.43 11.28 22 -25.35 5.79 22
4 16 -23.4 5.34 22 -21.62 10.41 22 -23.43 11.28 22 -25.35 5.79 22
4 16 -23.4 5.34 22 -21.62 10.41 22 -21.62 10.41 25 -23.4 5.34 25
2 24 -34.69 15.52 17 -34.69 15.52 25
2 24 -33.76 17.44 17 -33.76 17.44 25
2 24 -29.9 11.41 17 -29.9 11.41 25
2 24 -27.56 16.26 17 -27.56 16.26 25
2 24 -29.9 11.41 17 -34.69 15.52 17
2 24 -34.69 15.52 17 -33.76 17.44 17
2 24 -33.76 17.44 17 -27.56 16.26 17
2 24 -27.56 16.26 17 -26.61 17.78 17
2 24 -29.9 11.41 25 -34.69 15.52 25
2 24 -34.69 15.52 25 -33.76 17.44 25
2 24 -33.76 17.44 25 -27.56 16.26 25
2 24 -27.56 16.26 25 -26.61 17.78 25
2 24 -23.43 11.28 17 -20.33 16.21 17
2 24 -23.43 11.28 22 -20.33 16.21 22
2 24 -21.62 10.41 22 -18.76 14.96 22
2 24 -21.62 10.41 25 -18.76 14.96 25
4 16 -29.9 11.41 17 -34.69 15.52 17 -34.69 15.52 25 -29.9 11.41 25
4 16 -34.69 15.52 17 -33.76 17.44 17 -33.76 17.44 25 -34.69 15.52 25
4 16 -33.76 17.44 17 -27.56 16.26 17 -27.56 16.26 25 -33.76 17.44 25
4 16 -27.56 16.26 17 -26.61 17.78 17 -26.61 17.78 25 -27.56 16.26 25
4 16 -29.9 11.41 17 -34.69 15.52 17 -33.76 17.44 17 -27.56 16.26 17
4 16 -29.9 11.41 25 -34.69 15.52 25 -33.76 17.44 25 -27.56 16.26 25
4 16 -29.9 11.41 17 -22.52 10.85 17 -19.55 15.59 17 -27.56 16.26 17
4 16 -29.9 11.41 25 -22.52 10.85 25 -19.55 15.59 25 -27.56 16.26 25
4 16 -27.56 16.26 17 -20.33 16.21 17 -20.33 16.21 17 -26.61 17.78 17
4 16 -27.56 16.26 25 -18.76 14.96 25 -18.76 14.96 25 -26.61 17.78 25
4 16 -23.43 11.28 17 -20.33 16.21 17 -20.33 16.21 22 -23.43 11.28 22
4 16 -21.62 10.41 22 -18.76 14.96 22 -20.33 16.21 22 -23.43 11.28 22
4 16 -21.62 10.41 22 -18.76 14.96 22 -18.76 14.96 25 -21.62 10.41 25
2 24 -30.36 22.85 17 -30.36 22.85 25
2 24 -29.03 24.52 17 -29.03 24.52 25
2 24 -26.61 17.78 17 -26.61 17.78 25
2 24 -23.25 21.98 17 -23.25 21.98 25
2 24 -26.61 17.78 17 -30.36 22.85 17
2 24 -30.36 22.85 17 -29.03 24.52 17
2 24 -29.03 24.52 17 -23.25 21.98 17
2 24 -23.25 21.98 17 -21.98 23.25 17
2 24 -26.61 17.78 25 -30.36 22.85 25
2 24 -30.36 22.85 25 -29.03 24.52 25
2 24 -29.03 24.52 25 -23.25 21.98 25
2 24 -23.25 21.98 25 -21.98 23.25 25
2 24 -20.33 16.21 17 -16.21 20.33 17
2 24 -20.33 16.21 22 -16.21 20.33 22
2 24 -18.76 14.96 22 -14.96 18.76 22
2 24 -18.76 14.96 25 -14.96 18.76 25
4 16 -26.61 17.78 17 -30.36 22.85 17 -30.36 22.85 25 -26.61 17.78 25
4 16 -30.36 22.85 17 -29.03 24.52 17 -29.03 24.52 25 -30.36 22.85 25
4 16 -29.03 24.52 17 -23.25 21.98 17 -23.25 21.98 25 -29.03 24.52 25
4 16 -23.25 21.98 17 -21.98 23.25 17 -21.98 23.25 25 -23.25 21.98 25
4 16 -26.61 17.78 17 -30.36 22.85 17 -29.03 24.52 17 -23.25 21.98 17
4 16 -26.61 17.78 25 -30.36 22.85 25 -29.03 24.52 25 -23.25 21.98 25
4 16 -26.61 17.78 17 -19.55 15.59 17 -15.59 19.55 17 -23.25 21.98 17
4 16 -26.61 17.78 25 -19.55 15.59 25 -15.59 19.55 25 -23.25 21.98 25
4 16 -23.25 21.98 17 -16.21 20.33 17 -16.21 20.33 17 -21.98 23.25 17
4 16 -23.25 21.98 25 -14.96 18.76 25 -14.96 18.76 25 -21.98 23.25 25
4 16 -20.33 16.21 17 -16.21 20.33 17 -16.21 20.33 22 -20.33 16.21 22
4 16 -18.76 14.96 22 -14.96 18.76 22 -16.21 20.33 22 -20.33 16.21 22
4 16 -18.76 14.96 22 -14.96 18.76 22 -14.96 18.76 25 -18.76 14.96 25
2 24 -24.52 29.03 17 -24.52 29.03 25
2 24 -22.85 30.36 17 -22.85 30.36 25
2 24 -21.98 23.25 17 -21.98 23.25 25
2 24 -17.78 26.61 17 -17.78 26.61 25
2 24 -21.98 23.25 17 -24.52 29.03 17
2 24 -24.52 29.03 17 -22.85 30.36 17
2 24 -22.85 30.36 17 -17.78 26.61 17
2 24 -17.78 26.61 17 -16.26 27.56 17
2 24 -21.98 23.25 25 -24.52 29.03 25
2 24 -24.52 29.03 25 -22.85 30.36 25
2 24 -22.85 30.36 25 -17.78 26.61 25
2 24 -17.78 26.61 25 -16.26 27.56 25
2 24 -16.21 20.33 17 -11.28 23.43 17
2 24 -16.21 20.33 22 -11.28 23.43 22
2 24 -14.96 18.76 22 -10.41 21.62 22
2 24 -14.96 18.76 25 -10.41 21.62 25
4 16 -21.98 23.25 17 -24.52 29.03 17 -24.52 29.03 25 -21.98 23.25 25
4 16 -24.52 29.03 17 -22.85 30.36 17 -22.85 30.36 25 -24.52 29.03 25
4 16 -22.85 30.36 17 -17.78 26.61 17 -17.78 26.61 25 -22.85 30.36 25
4 16 -17.78 26.61 17 -16.26 27.56 17 -16.26 27.56 25 -17.78 26.61 25
4 16 -21.98 23.25 17 -24.52 29.03 17 -22.85 30.36 17 -17.78 26.61 17
4 16 -21.98 23.25 25 -24.52 29.03 25 -22.85 30.36 25 -17.78 26.61 25
4 16 -21.98 23.25 17 -15.59 19.55 17 -10.85 22.52 17 -17.78 26.61 17
4 16 -21.98 23.25 25 -15.59 19.55 25 -10.85 22.52 25 -17.78 26.61 25
4 16 -17.78 26.61 17 -11.28 23.43 17 -11.28 23.43 17 -16.26 27.56 17
4 16 -17.78 26.61 25 -10.41 21.62 25 -10.41 21.62 25 -16.26 27.56 25
4 16 -16.21 20.33 17 -11.28 23.43 17 -11.28 23.43 22 -16.21 20.33 22
4 16 -14.96 18.76 22 -10.41 21.62 22 -11.28 23.43 22 -16.21 20.33 22
4 16 -14.96 18.76 22 -10.41 21.62 22 -10.41 21.62 25 -14.96 18.76 25
2 24 -17.44 33.76 17 -17.44 33.76 25
2 24 -15.52 34.69 17 -15.52 34.69 25
2 24 -16.26 27.56 17 -16.26 27.56 25
2 24 -11.41 29.9 17 -11.41 29.9 25
2 24 -16.26 27.56 17 -17.44 33.76 17
2 24 -17.44 33.76 17 -15.52 34.69 17
2 24 -15.52 34.69 17 -11.41 29.9 17
2 24 -11.41 29.9 17 -9.72 30.49 17
2 24 -16.26 27.56 25 -17.44 33.76 25
2 24 -17.44 33.76 25 -15.52 34.69 25
2 24 -15.52 34.69 25 -11.41 29.9 25
2 24 -11.41 29.9 25 -9.72 30.49 25
2 24 -11.28 23.43 17 -5.79 25.35 17
2 24 -11.28 23.43 22 -5.79 25.35 22
2 24 -10.41 21.62 22 -5.34 23.4 22
2 24 -10.41 21.62 25 -5.34 23.4 25
4 16 -16.26 27.56 17 -17.44 33.76 17 -17.44 33.76 25 -16.26 27.56 25
4 16 -17.44 33.76 17 -15.52 34.69 17 -15.52 34.69 25 -17.44 33.76 25
4 16 -15.52 34.69 17 -11.41 29.9 17 -11.41 29.9 25 -15.52 34.69 25
4 16 -11.41 29.9 17 -9.72 30.49 17 -9.72 30.49 25 -11.41 29.9 25
4 16 -16.26 27.56 17 -17.44 33.76 17 -15.52 34.69 17 -11.41 29.9 17
4 16 -16.26 27.56 25 -17.44 33.76 25 -15.52 34.69 25 -11.41 29.9 25
4 16 -16.26 27.56 17 -10.85 22.52 17 -5.56 24.37 17 -11.41 29.9 17
4 16 -16.26 27.56 25 -10.85 22.52 25 -5.56 24.37 25 -11.41 29.9 25
4 16 -11.41 29.9 17 -5.79 25.35 17 -5.79 25.35 17 -9.72 30.49 17
4 16 -11.41 29.9 25 -5.34 23.4 25 -5.34 23.4 25 -9.72 30.49 25
4 16 -11.28 23.43 17 -5.79 25.35 17 -5.79 25.35 22 -11.28 23.43 22
4 16 -10.41 21.62 22 -5.34 23.4 22 -5.79 25.35 22 -11.28 23.43 22
4 16 -10.41 21.62 22 -5.34 23.4 22 -5.34 23.4 25 -10.41 21.62 25
2 24 -9.49 36.8 17 -9.49 36.8 25
2 24 -7.41 37.27 17 -7.41 37.27 25
2 24 -9.72 30.49 17 -9.72 30.49 25
2 24 -4.47 31.69 17 -4.47 31.69 25
2 24 -9.72 30.49 17 -9.49 36.8 17
2 24 -9.49 36.8 17 -7.41 37.27 17
2 24 -7.41 37.27 17 -4.47 31.69 17
2 24 -4.47 31.69 17 -2.69 31.89 17
2 24 -9.72 30.49 25 -9.49 36.8 25
2 24 -9.49 36.8 25 -7.41 37.27 25
2 24 -7.41 37.27 25 -4.47 31.69 25
2 24 -4.47 31.69 25 -2.69 31.89 25
2 24 -5.79 25.35 17 0 26 17
2 24 -5.79 25.35 22 0 26 22
2 24 -5.34 23.4 22 0 24 22
2 24 -5.34 23.4 25 0 24 25
4 16 -9.72 30.49 17 -9.49 36.8 17 -9.49 36.8 25 -9.72 30.49 25
4 16 -9.49 36.8 17 -7.41 37.27 17 -7.41 37.27 25 -9.49 36.8 25
4 16 -7.41 37.27 17 -4.47 31.69 17 -4.47 31.69 25 -7.41 37.27 25
4 16 -4.47 31.69 17 -2.69 31.89 17 -2.69 31.89 25 -4.47 31.69 25
4 16 -9.72 30.49 17 -9.49 36.8 17 -7.41 37.27 17 -4.47 31.69 17
4 16 -9.72 30.49 25 -9.49 36.8 25 -7.41 37.27 25 -4.47 31.69 25
4 16 -9.72 30.49 17 -5.56 24.37 17 0 25 17 -4.47 31.69 17
4 16 -9.72 30.49 25 -5.56 24.37 25 0 25 25 -4.47 31.69 25
4 16 -4.47 31.69 17 0 26 17 0 26 17 -2.69 31.89 17
4 16 -4.47 31.69 25 0 24 25 0 24 25 -2.69 31.89 25
4 16 -5.79 25.35 17 0 26 17 0 26 22 -5.79 25.35 22
4 16 -5.34 23.4 22 0 24 22 0 26 22 -5.79 25.35 22
4 16 -5.34 23.4 22 0 24 22 0 24 25 -5.34 23.4 25
2 24 -1.07 37.99 17 -1.07 37.99 25
2 24 1.07 37.99 17 1.07 37.99 25
2 24 -2.69 31.89 17 -2.69 31.89 25
2 24 2.69 31.89 17 2.69 31.89 25
2 24 -2.69 31.89 17 -1.07 37.99 17
2 24 -1.07 37.99 17 1.07 37.99 17
2 24 1.07 37.99 17 2.69 31.89 17
2 24 2.69 31.89 17 4.47 31.69 17
2 24 -2.69 31.89 25 -1.07 37.99 25
2 24 -1.07 37.99 25 1.07 37.99 25
2 24 1.07 37.99 25 2.69 31.89 25
2 24 2.69 31.89 25 4.47 31.69 25
2 24 0 26 17 5.79 25.35 17
2 24 0 26 22 5.79 25.35 22
2 24 0 24 22 5.34 23.4 22
2 24 0 24 25 5.34 23.4 25
4 16 -2.69 31.89 17 -1.07 37.99 17 -1.07 37.99 25 -2.69 31.89 25
4 16 -1.07 37.99 17 1.07 37.99 17 1.07 37.99 25 -1.07 37.99 25
4 16 1.07 37.99 17 2.69 31.89 17 2.69 31.89 25 1.07 37.99 25
4 16 2.69 31.89 17 4.47 31.69 17 4.47 31.69 25 2.69 31.89 25
4 16 -2.69 31.89 17 -1.07 37.99 17 1.07 37.99 17 2.69 31.89 17
4 16 -2.69 31.89 25 -1.07 37.99 25 1.07 37.99 25 2.69 31.89 25
4 16 -2.69 31.89 17 0 25 17 5.56 24.37 17 2.69 31.89 17
4 16 -2.69 31.89 25 0 25 25 5.56 24.37 25 2.69 31.89 25
4 16 2.69 31.89 17 5.79 25.35 17 5.79 25.35 17 4.47 31.69 17
4 16 2.69 31.89 25 5.34 23.4 25 5.34 23.4 25 4.47 31.69 25
4 16 0 26 17 5.79 25.35 17 5.79 25.35 22 0 26 22
4 16 0 24 22 5.34 23.4 22 5.79 25.35 22 0 26 22
4 16 0 24 22 5.34 23.4 22 5.34 23.4 25 0 24 25
2 24 7.41 37.27 17 7.41 37.27 25
2 24 9.49 36.8 17 9.49 36.8 25
2 24 4.47 31.69 17 4.47 31.69 25
2 24 9.72 30.49 17 9.72 30.49 25
2 24 4.47 31.69 17 7.41 37.27 17
2 24 7.41 37.27 17 9.49 36.8 17
2 24 9.49 36.8 17 9.72 30.49 17
2 24 9.72 30.49 17 11.41 29.9 17
2 24 4.47 31.69 25 7.41 37.27 25
2 24 7.41 37.27 25 9.49 36.8 25
2 24 9.49 36.8 25 9.72 30.49 25
2 24 9.72 30.49 25 11.41 29.9 25
2 24 5.79 25.35 17 11.28 23.43 17
2 24 5.79 25.35 22 11.28 23.43 22
2 24 5.34 23.4 22 10.41 21.62 22
2 24 5.34 23.4 25 10.41 21.62 25
4 16 4.47 31.69 17 7.41 37.27 17 7.41 37.27 25 4.47 31.69 25
4 16 7.41 37.27 17 9.49 36.8 17 9.49 36.8 25 7.41 37.27 25
4 16 9.49 36.8 17 9.72 30.49 17 9.72 30.49 25 9.49 36.8 25
4 16 9.72 30.49 17 11.41 29.9 17 11.41 29.9 25 9.72 30.49 25
4 16 4.47 31.69 17 7.41 37.27 17 9.49 36.8 17 9.72 30.49 17
4 16 4.47 31.69 25 7.41 37.27 25 9.49 36.8 25 9.72 30.49 25
4 16 4.47 31.69 17 5.56 24.37 17 10.85 22.52 17 9.72 30.49 17
4 16 4.47 31.69 25 5.56 24.37 25 10.85 22.52 25 9.72 30.49 25
4 16 9.72 30.49 17 11.28 23.43 17 11.28 23.43 17 11.41 29.9 17
4 16 9.72 30.49 25 10.41 21.62 25 10.41 21.62 25 11.41 29.9 25
4 16 5.79 25.35 17 11.28 23.43 17 11.28 23.43 22 5.79 25.35 22
4 16 5.34 23.4 22 10.41 21.62 22 11.28 23.43 22 5.79 25.35 22
4 16 5.34 23.4 22 10.41 21.62 22 10.41 21.62 25 5.34 23.4 25
2 24 15.52 34.69 17 15.52 34.69 25
2 24 17.44 33.76 17 17.44 33.76 25
2 24 11.41 29.9 17 11.41 29.9 25
2 24 16.26 27.56 17 16.26 27.56 25
2 24 11.41 29.9 17 15.52 34.69 17
2 24 15.52 34.69 17 17.44 33.76 17
2 24 17.44 33.76 17 16.26 27.56 17
2 24 16.26 27.56 17 17.78 26.61 17
2 24 11.41 29.9 25 15.52 34.69 25
2 24 15.52 34.69 25 17.44 33.76 25
2 24 17.44 33.76 25 16.26 27.56 25
2 24 16.26 27.56 25 17.78 26.61 25
2 24 11.28 23.43 17 16.21 20.33 17
2 24 11.28 23.43 22 16.21 20.33 22
2 24 10.41 21.62 22 14.96 18.76 22
2 24 10.41 21.62 25 14.96 18.76 25
4 16 11.41 29.9 17 15.52 34.69 17 15.52 34.69 25 11.41 29.9 25
4 16 15.52 34.69 17 17.44 33.76 17 17.44 33.76 25 15.52 34.69 25
4 16 17.44 33.76 17 16.26 27.56 17 16.26 27.56 25 17.44 33.76 25
4 16 16.26 27.56 17 17.78 26.61 17 17.78 26.61 25 16.26 27.56 25
4 16 11.41 29.9 17 15.52 34.69 17 17.44 33.76 17 16.26 27.56 17
4 16 11.41 29.9 25 15.52 34.69 25 17.44 33.76 25 16.26 27.56 25
4 16 11.41 29.9 17 10.85 22.52 17 15.59 19.55 17 16.26 27.56 17
4 16 11.41 29.9 25 10.85 22.52 25 15.59 19.55 25 16.26 27.56 25
4 16 16.26 27.56 17 16.21 20.33 17 16.21 20.33 17 17.78 26.61 17
4 16 16.26 27.56 25 14.96 18.76 25 14.96 18.76 25 17.78 26.61 25
4 16 11.28 23.43 17 16.21 20.33 17 16.21 20.33 22 11.28 23.43 22
4 16 10.41 21.62 22 14.96 18.76 22 16.21 20.33 22 11.28 23.43 22
4 16 10.41 21.62 22 14.96 18.76 22 14.96 18.76 25 10.41 21.62 25
2 24 22.85 30.36 17 22.85 30.36 25
2 24 24.52 29.03 17 24.52 29.03 25
2 24 17.78 26.61 17 17.78 26.61 25
2 24 21.98 23.25 17 21.98 23.25 25
2 24 17.78 26.61 17 22.85 30.36 17
2 24 22.85 30.36 17 24.52 29.03 17
2 24 24.52 29.03 17 21.98 23.25 17
2 24 21.98 23.25 17 23.25 21.98 17
2 24 17.78 26.61 25 22.85 30.36 25
2 24 22.85 30.36 25 24.52 29.03 25
2 24 24.52 29.03 25 21.98 23.25 25
2 24 21.98 23.25 25 23.25 21.98 25
2 24 16.21 20.33 17 20.33 16.21 17
2 24 16.21 20.33 22 20.33 16.21 22
2 24 14.96 18.76 22 18.76 14.96 22
2 24 14.96 18.76 25 18.76 14.96 25
4 16 17.78 26.61 17 22.85 30.36 17 22.85 30.36 25 17.78 26.61 25
4 16 22.85 30.36 17 24.52 29.03 17 24.52 29.03 25 22.85 30.36 25
4 16 24.52 29.03 17 21.98 23.25 17 21.98 23.25 25 24.52 29.03 25
4 16 21.98 23.25 17 23.25 21.98 17 23.25 21.98 25 21.98 23.25 25
4 16 17.78 26.61 17 22.85 30.36 17 24.52 29.03 17 21.98 23.25 17
4 16 17.78 26.61 25 22.85 30.36 25 24.52 29.03 25 21.98 23.25 25
4 16 17.78 26.61 17 15.59 19.55 17 19.55 15.59 17 21.98 23.25 17
4 16 17.78 26.61 25 15.59 19.55 25 19.55 15.59 25 21.98 23.25 25
4 16 21.98 23.25 17 20.33 16.21 17 20.33 16.21 17 23.25 21.98 17
4 16 21.98 23.25 25 18.76 14.96 25 18.76 14.96 25 23.25 21.98 25
4 16 16.21 20.33 17 20.33 16.21 17 20.33 16.21 22 16.21 20.33 22
4 16 14.96 18.76 22 18.76 14.96 22 20.33 16.21 22 16.21 20.33 22
4 16 14.96 18.76 22 18.76 14.96 22 18.76 14.96 25 14.96 18.76 25
2 24 29.03 24.52 17 29.03 24.52 25
2 24 30.36 22.85 17 30.36 22.85 25
2 24 23.25 21.98 17 23.25 21.98 25
2 24 26.61 17.78 17 26.61 17.78 25
2 24 23.25 21.98 17 29.03 24.52 17
2 24 29.03 24.52 17 30.36 22.85 17
2 24 30.36 22.85 17 26.61 17.78 17
2 24 26.61 17.78 17 27.56 16.26 17
2 24 23.25 21.98 25 29.03 24.52 25
2 24 29.03 24.52 25 30.36 22.85 25
2 24 30.36 22.85 25 26.61 17.78 25
2 24 26.61 17.78 25 27.56 16.26 25
2 24 20.33 16.21 17 23.43 11.28 17
2 24 20.33 16.21 22 23.43 11.28 22
2 24 18.76 14.96 22 21.62 10.41 22
2 24 18.76 14.96 25 21.62 10.41 25
4 16 23.25 21.98 17 29.03 24.52 17 29.03 24.52 25 23.25 21.98 25
4 16 29.03 24.52 17 30.36 22.85 17 30.36 22.85 25 29.03 24.52 25
4 16 30.36 22.85 17 26.61 17.78 17 26.61 17.78 25 30.36 22.85 25
4 16 26.61 17.78 17 27.56 16.26 17 27.56 16.26 25 26.61 17.78 25
4 16 23.25 21.98 17 29.03 24.52 17 30.36 22.85 17 26.61 17.78 17
4 16 23.25 21.98 25 29.03 24.52 25 30.36 22.85 25 26.61 17.78 25
4 16 23.25 21.98 17 19.55 15.59 17 22.52 10.85 17 26.61 17.78 17
4 16 23.25 21.98 25 19.55 15.59 25 22.52 10.85 25 26.61 17.78 25
4 16 26.61 17.78 17 23.43 11.28 17 23.43 11.28 17 27.56 16.26 17
4 16 26.61 17.78 25 21.62 10.41 25 21.62 10.41 25 27.56 16.26 25
4 16 20.33 16.21 17 23.43 11.28 17 23.43 11.28 22 20.33 16.21 22
4 16 18.76 14.96 22 21.62 10.41 22 23.43 11.28 22 20.33 16.21 22
4 16 18.76 14.96 22 21.62 10.41 22 21.62 10.41 25 18.76 14.96 25
2 24 33.76 17.44 17 33.76 17.44 25
2 24 34.69 15.52 17 34.69 15.52 25
2 24 27.56 16.26 17 27.56 16.26 25
2 24 29.9 11.41 17 29.9 11.41 25
2 24 27.56 16.26 17 33.76 17.44 17
2 24 33.76 17.44 17 34.69 15.52 17
2 24 34.69 15.52 17 29.9 11.41 17
2 24 29.9 11.41 17 30.49 9.72 17
2 24 27.56 16.26 25 33.76 17.44 25
2 24 33.76 17.44 25 34.69 15.52 25
2 24 34.69 15.52 25 29.9 11.41 25
2 24 29.9 11.41 25 30.49 9.72 25
2 24 23.43 11.28 17 25.35 5.79 17
2 24 23.43 11.28 22 25.35 5.79 22
2 24 21.62 10.41 22 23.4 5.34 22
2 24 21.62 10.41 25 23.4 5.34 25
4 16 27.56 16.26 17 33.76 17.44 17 33.76 17.44 25 27.56 16.26 25
4 16 33.76 17.44 17 34.69 15.52 17 34.69 15.52 25 33.76 17.44 25
4 16 34.69 15.52 17 29.9 11.41 17 29.9 11.41 25 34.69 15.52 25
4 16 29.9 11.41 17 30.49 9.72 17 30.49 9.72 25 29.9 11.41 25
4 16 27.56 16.26 17 33.76 17.44 17 34.69 15.52 17 29.9 11.41 17
4 16 27.56 16.26 25 33.76 17.44 25 34.69 15.52 25 29.9 11.41 25
4 16 27.56 16.26 17 22.52 10.85 17 24.37 5.56 17 29.9 11.41 17
4 16 27.56 16.26 25 22.52 10.85 25 24.37 5.56 25 29.9 11.41 25
4 16 29.9 11.41 17 25.35 5.79 17 25.35 5.79 17 30.49 9.72 17
4 16 29.9 11.41 25 23.4 5.34 25 23.4 5.34 25 30.49 9.72 25
4 16 23.43 11.28 17 25.35 5.79 17 25.35 5.79 22 23.43 11.28 22
4 16 21.62 10.41 22 23.4 5.34 22 25.35 5.79 22 23.43 11.28 22
4 16 21.62 10.41 22 23.4 5.34 22 23.4 5.34 25 21.62 10.41 25
2 24 36.8 9.49 17 36.8 9.49 25
2 24 37.27 7.41 17 37.27 7.41 25
2 24 30.49 9.72 17 30.49 9.72 25
2 24 31.69 4.47 17 31.69 4.47 25
2 24 30.49 9.72 17 36.8 9.49 17
2 24 36.8 9.49 17 37.27 7.41 17
2 24 37.27 7.41 17 31.69 4.47 17
2 24 31.69 4.47 17 31.89 2.69 17
2 24 30.49 9.72 25 36.8 9.49 25
2 24 36.8 9.49 25 37.27 7.41 25
2 24 37.27 7.41 25 31.69 4.47 25
2 24 31.69 4.47 25 31.89 2.69 25
2 24 25.35 5.79 17 26 0 17
2 24 25.35 5.79 22 26 0 22
2 24 23.4 5.34 22 24 0 22
2 24 23.4 5.34 25 24 0 25
4 16 30.49 9.72 17 36.8 9.49 17 36.8 9.49 25 30.49 9.72 25
4 16 36.8 9.49 17 37.27 7.41 17 37.27 7.41 25 36.8 9.49 25
4 16 37.27 7.41 17 31.69 4.47 17 31.69 4.47 25 37.27 7.41 25
4 16 31.69 4.47 17 31.89 2.69 17 31.89 2.69 25 31.69 4.47 25
4 16 30.49 9.72 17 36.8 9.49 17 37.27 7.41 17 31.69 4.47 17
4 16 30.49 9.72 25 36.8 9.49 25 37.27 7.41 25 31.69 4.47 25
4 16 30.49 9.72 17 24.37 5.56 17 25 0 17 31.69 4.47 17
4 16 30.49 9.72 25 24.37 5.56 25 25 0 25 31.69 4.47 25
4 16 31.69 4.47 17 26 0 17 26 0 17 31.89 2.69 17
4 16 31.69 4.47 25 24 0 25 24 0 25 31.89 2.69 25
4 16 25.35 5.79 17 26 0 17 26 0 22 25.35 5.79 22
4 16 23.4 5.34 22 24 0 22 26 0 22 25.35 5.79 22
4 16 23.4 5.34 22 24 0 22 24 0 25 23.4 5.34 25
1 16 0 -35 17 2 0 0 0 0 2 0 0 0 4-4edge.dat
1 16 7.79 -34.12 17 1.95 0 -0.45 0.45 0 1.95 0 0 0 4-4edge.dat
1 16 15.19 -31.53 17 1.8 0 -0.87 0.87 0 1.8 0 0 0 4-4edge.dat
1 16 21.82 -27.36 17 1.56 0 -1.25 1.25 0 1.56 0 0 0 4-4edge.dat
1 16 27.36 -21.82 17 1.25 0 -1.56 1.56 0 1.25 0 0 0 4-4edge.dat
1 16 31.53 -15.19 17 0.87 0 -1.8 1.8 0 0.87 0 0 0 4-4edge.dat
1 16 34.12 -7.79 17 0.45 0 -1.95 1.95 0 0.45 0 0 0 4-4edge.dat
1 16 35 0 17 0 0 -2 2 0 0 0 0 0 4-4edge.dat
1 16 34.12 7.79 17 -0.45 0 -1.95 1.95 0 -0.45 0 0 0 4-4edge.dat
1 16 31.53 15.19 17 -0.87 0 -1.8 1.8 0 -0.87 0 0 0 4-4edge.dat
1 16 27.36 21.82 17 -1.25 0 -1.56 1.56 0 -1.25 0 0 0 4-4edge.dat
1 16 21.82 27.36 17 -1.56 0 -1.25 1.25 0 -1.56 0 0 0 4-4edge.dat
1 16 15.19 31.53 17 -1.8 0 -0.87 0.87 0 -1.8 0 0 0 4-4edge.dat
1 16 7.79 34.12 17 -1.95 0 -0.45 0.45 0 -1.95 0 0 0 4-4edge.dat
1 16 0 35 17 -2 0 0 0 0 -2 0 0 0 4-4edge.dat
1 16 -7.79 34.12 17 -1.95 0 0.45 -0.45 0 -1.95 0 0 0 4-4edge.dat
1 16 -15.19 31.53 17 -1.8 0 0.87 -0.87 0 -1.8 0 0 0 4-4edge.dat
1 16 -21.82 27.36 17 -1.56 0 1.25 -1.25 0 -1.56 0 0 0 4-4edge.dat
1 16 -27.36 21.82 17 -1.25 0 1.56 -1.56 0 -1.25 0 0 0 4-4edge.dat
1 16 -31.53 15.19 17 -0.87 0 1.8 -1.8 0 -0.87 0 0 0 4-4edge.dat
1 16 -34.12 7.79 17 -0.45 0 1.95 -1.95 0 -0.45 0 0 0 4-4edge.dat
1 16 -35 0 17 0 0 2 -2 0 0 0 0 0 4-4edge.dat
1 16 -34.12 -7.79 17 0.45 0 1.95 -1.95 0 0.45 0 0 0 4-4edge.dat
1 16 -31.53 -15.19 17 0.87 0 1.8 -1.8 0 0.87 0 0 0 4-4edge.dat
1 16 -27.36 -21.82 17 1.25 0 1.56 -1.56 0 1.25 0 0 0 4-4edge.dat
1 16 -21.82 -27.36 17 1.56 0 1.25 -1.25 0 1.56 0 0 0 4-4edge.dat
1 16 -15.19 -31.53 17 1.8 0 0.87 -0.87 0 1.8 0 0 0 4-4edge.dat
1 16 -7.79 -34.12 17 1.95 0 0.45 -0.45 0 1.95 0 0 0 4-4edge.dat
1 16 0 -35 17 2 0 0 0 0 2 0 -4 0 4-8sphe.dat
1 16 7.79 -34.12 17 1.95 0 -0.45 0.45 0 1.95 0 -4 0 4-8sphe.dat
1 16 15.19 -31.53 17 1.8 0 -0.87 0.87 0 1.8 0 -4 0 4-8sphe.dat
1 16 21.82 -27.36 17 1.56 0 -1.25 1.25 0 1.56 0 -4 0 4-8sphe.dat
1 16 27.36 -21.82 17 1.25 0 -1.56 1.56 0 1.25 0 -4 0 4-8sphe.dat
1 16 31.53 -15.19 17 0.87 0 -1.8 1.8 0 0.87 0 -4 0 4-8sphe.dat
1 16 34.12 -7.79 17 0.45 0 -1.95 1.95 0 0.45 0 -4 0 4-8sphe.dat
1 16 35 0 17 0 0 -2 2 0 0 0 -4 0 4-8sphe.dat
1 16 34.12 7.79 17 -0.45 0 -1.95 1.95 0 -0.45 0 -4 0 4-8sphe.dat
1 16 31.53 15.19 17 -0.87 0 -1.8 1.8 0 -0.87 0 -4 0 4-8sphe.dat
1 16 27.36 21.82 17 -1.25 0 -1.56 1.56 0 -1.25 0 -4 0 4-8sphe.dat
1 16 21.82 27.36 17 -1.56 0 -1.25 1.25 0 -1.56 0 -4 0 4-8sphe.dat
1 16 15.19 31.53 17 -1.8 0 -0.87 0.87 0 -1.8 0 -4 0 4-8sphe.dat
1 16 7.79 34.12 17 -1.95 0 -0.45 0.45 0 -1.95 0 -4 0 4-8sphe.dat
1 16 0 35 17 -2 0 0 0 0 -2 0 -4 0 4-8sphe.dat
1 16 -7.79 34.12 17 -1.95 0 0.45 -0.45 0 -1.95 0 -4 0 4-8sphe.dat
1 16 -15.19 31.53 17 -1.8 0 0.87 -0.87 0 -1.8 0 -4 0 4-8sphe.dat
1 16 -21.82 27.36 17 -1.56 0 1.25 -1.25 0 -1.56 0 -4 0 4-8sphe.dat
1 16 -27.36 21.82 17 -1.25 0 1.56 -1.56 0 -1.25 0 -4 0 4-8sphe.dat
1 16 -31.53 15.19 17 -0.87 0 1.8 -1.8 0 -0.87 0 -4 0 4-8sphe.dat
1 16 -34.12 7.79 17 -0.45 0 1.95 -1.95 0 -0.45 0 -4 0 4-8sphe.dat
1 16 -35 0 17 0 0 2 -2 0 0 0 -4 0 4-8sphe.dat
1 16 -34.12 -7.79 17 0.45 0 1.95 -1.95 0 0.45 0 -4 0 4-8sphe.dat
1 16 -31.53 -15.19 17 0.87 0 1.8 -1.8 0 0.87 0 -4 0 4-8sphe.dat
1 16 -27.36 -21.82 17 1.25 0 1.56 -1.56 0 1.25 0 -4 0 4-8sphe.dat
1 16 -21.82 -27.36 17 1.56 0 1.25 -1.25 0 1.56 0 -4 0 4-8sphe.dat
1 16 -15.19 -31.53 17 1.8 0 0.87 -0.87 0 1.8 0 -4 0 4-8sphe.dat
1 16 -7.79 -34.12 17 1.95 0 0.45 -0.45 0 1.95 0 -4 0 4-8sphe.dat
