0 Tile  2 x  2 x  0.667 with Two Offset Round Extensions
0 Name: 74169.dat
0 Author: Gerald Lasser [GeraldLasser]
0 !LDRAW_ORG Part UPDATE 2023-04
0 !LICENSE Licensed under CC BY 4.0 : see CAreadme.txt

0 BFC CERTIFY CCW

0 !KEYWORDS Mickey Mouse

0 !HISTORY 2023-08-25 [OrionP] Official Update 2023-04


1 16 0 0 0 1 0 0 0 1 0 0 0 1 s\74169s01.dat
1 16 0 0 0 0 0 1 0 1 0 -1 0 0 s\74169s01.dat
1 16 0 0 0 -1 0 0 0 1 0 0 0 -1 s\74169s01.dat
1 16 0 0 0 0 0 -1 0 1 0 1 0 0 s\74169s01.dat

1 16 0 10 0 1 0 0 0 -1.5 0 0 0 1 stud4a.dat
0 BFC INVERTNEXT
1 16 0 10 0 6 0 0 0 -6 0 0 0 6 4-4cyli.dat
1 16 0 4 0 6 0 0 0 -1 0 0 0 6 4-4edge.dat
1 16 0 4 0 6 0 0 0 -1 0 0 0 6 4-4disc.dat
4 16 6.3505 0 18.7372 0 0 20 -6.3505 0 18.7372 0 0 -20
5 24 -.0002 12 20.0005 0 0 20 6.3505 0 18.7372 -6.3505 0 18.7372

0 // Left Ear
1 16 0 0 0 0 0 -20 0 12 0 -20 0 0 5-16cyli.dat
4 16 -7.6538 12 18.4777 -7.654 8 18.478 -6.3505 8 18.7372 -.0002 12 20.0005
4 16 0 0 20 -.0002 12 20.0005 -6.3505 8 18.7372 -6.3505 0 18.7372
4 16 -18.478 0 7.654 -17.8992 0 8.52 -17.8992 8 8.52 -18.478 12 7.654
4 16 -16.87 12 10.07 -18.478 12 7.654 -17.8992 8 8.52 -15.587 8 11.9798
4 16 -15.587 8 11.9798 -15.587 4 11.9798 -14.142 4 14.142 -14.142 12 14.142
4 16 -14.142 4 14.142 -9.67 4 17.1307 -9.67 8 17.1307 -14.142 12 14.142
4 16 -9.67 8 17.1307 -7.654 8 18.478 -7.6538 12 18.4777 -14.142 12 14.142
3 16 -14.142 12 14.142 -16.87 12 10.07 -15.587 8 11.9798
5 24 -18.478 12 7.654 -18.478 0 7.654 -20 0 0 -17.8992 0 8.52
5 24 -14.142 4 14.142 -14.142 12 14.142 -9.67 4 17.1307 -15.587 4 11.9798
2 24 -7.654 8 18.478 -9.67 8 17.1307
2 24 -15.587 4 11.9798 -14.142 4 14.142
2 24 -14.142 4 14.142 -9.67 4 17.1307
2 24 -17.8992 8 8.52 -15.587 8 11.9798
2 24 -7.654 8 18.478 -6.3505 8 18.7372

1 16 -18 8 20.5 3 0 0 0 -1 0 0 0 3 3-4ring3.dat
4 16 -18 8 8.5 -18 8 11.5 -15.587 8 11.9798 -17.8992 8 8.52
4 16 -6.3505 8 18.7372 -7.654 8 18.478 -9 8 20.5 -6 8 20.5
3 16 -9.67 8 17.1307 -9 8 20.5 -7.654 8 18.478

1 16 -16.7935 6 11.7399 0 1 1.2065 -2 0 0 0 0 .2399 rect3.dat
0 BFC INVERTNEXT
1 16 -18 4 20.5 9 0 0 0 4 0 0 0 9 3-4cylo.dat
1 16 -9.335 6 18.8154 0 1 -.335 2 0 0 0 0 -1.68465 rect3.dat
5 24 -18 4 11.5 -18 8 11.5 -21.4443 8 12.1849 -15.587 8 11.9798
5 24 -9 8 20.5 -9 4 20.5 -9.67 8 17.1307 -9.6849 8 23.9443
1 16 -18 4 20.5 9 0 0 0 -1 0 0 0 9 3-4chrd.dat
3 16 -15.587 4 11.9798 -18 4 11.5 -14.142 4 14.142
3 16 -14.142 4 14.142 -18 4 11.5 -9 4 20.5
3 16 -14.142 4 14.142 -9 4 20.5 -9.67 4 17.1307

1 16 -17.9496 4 8.51 0 -1 .0504 4 0 0 0 0 .01 rect3.dat
5 24 -18 0 8.5 -18 8 8.5 -17.8992 8 8.52 -22.5924 8 9.4132
1 16 -18 0 20.5 12 0 0 0 8 0 0 0 12 3-4cylo.dat
1 16 -6.1753 4 19.6186 0 -1 -.17525 -4 0 0 0 0 -.8814 rect3.dat
5 24 -6 8 20.5 -6 0 20.5 -6.3505 0 18.7372 -6.9132 0 25.0924
1 16 -18 0 20.5 12 0 0 0 1 0 0 0 12 3-4chrd.dat
4 16 -6.3505 0 18.7372 -6 0 20.5 -18 0 8.5 -17.8992 0 8.52

1 16 0 0 0 0 0 -20 0 12 0 -20 0 0 5-16chrd.dat
1 16 0 0 0 0 0 -20 0 12 0 -20 0 0 5-16edge.dat
4 16 -6.3505 0 18.7372 -17.8992 0 8.52 -18.478 0 7.654 0 0 -20
2 24 -17.8992 0 8.52 -18.478 0 7.654
2 24 -6.35055 0 18.7372 0 0 20

0 // Right Ear
1 16 0 0 0 0 0 20 0 12 0 -20 0 0 5-16cyli.dat
4 16 6.3505 8 18.7372 7.654 8 18.478 7.6538 12 18.4777 -.0002 12 20.0005
4 16 6.3505 8 18.7372 -.0002 12 20.0005 0 0 20 6.3505 0 18.7372
4 16 17.8992 8 8.52 17.8992 0 8.52 18.478 0 7.654 18.478 12 7.654
4 16 17.8992 8 8.52 18.478 12 7.654 16.87 12 10.07 15.587 8 11.9798
4 16 14.142 4 14.142 15.587 4 11.9798 15.587 8 11.9798 14.142 12 14.142
4 16 9.67 8 17.1307 9.67 4 17.1307 14.142 4 14.142 14.142 12 14.142
4 16 7.6538 12 18.4777 7.654 8 18.478 9.67 8 17.1307 14.142 12 14.142
3 16 16.87 12 10.07 14.142 12 14.142 15.587 8 11.9798
5 24 18.478 12 7.654 18.478 0 7.654 20 0 0 17.8992 0 8.52
5 24 14.142 4 14.142 14.142 12 14.142 9.67 4 17.1307 15.587 4 11.9798
2 24 7.654 8 18.478 9.67 8 17.1307
2 24 15.587 4 11.9798 14.142 4 14.142
2 24 14.142 4 14.142 9.67 4 17.1307
2 24 17.8992 8 8.52 15.587 8 11.9798
2 24 7.654 8 18.478 6.3505 8 18.7372

1 16 18 8 20.5 -3 0 0 0 -1 0 0 0 3 3-4ring3.dat
4 16 15.587 8 11.9798 18 8 11.5 18 8 8.5 17.8992 8 8.52
4 16 9 8 20.5 7.654 8 18.478 6.3505 8 18.7372 6 8 20.5
3 16 9 8 20.5 9.67 8 17.1307 7.654 8 18.478

1 16 16.7935 6 11.7399 0 -1 -1.2065 -2 0 0 0 0 .2399 rect3.dat
0 BFC INVERTNEXT
1 16 18 4 20.5 -9 0 0 0 4 0 0 0 9 3-4cylo.dat
1 16 9.335 6 18.8154 0 -1 .335 2 0 0 0 0 -1.68465 rect3.dat
5 24 18 4 11.5 18 8 11.5 21.4443 8 12.1849 15.587 8 11.9798
5 24 9 8 20.5 9 4 20.5 9.67 8 17.1307 9.6849 8 23.9443
1 16 18 4 20.5 -9 0 0 0 -1 0 0 0 9 3-4chrd.dat
3 16 18 4 11.5 15.587 4 11.9798 14.142 4 14.142
3 16 18 4 11.5 14.142 4 14.142 9 4 20.5
3 16 9 4 20.5 14.142 4 14.142 9.67 4 17.1307

1 16 17.9496 4 8.51 0 1 -.0504 4 0 0 0 0 .01 rect3.dat
5 24 18 0 8.5 18 8 8.5 17.8992 8 8.52 22.5924 8 9.4132
1 16 18 0 20.5 -12 0 0 0 8 0 0 0 12 3-4cylo.dat
1 16 6.1753 4 19.6186 0 1 .17525 -4 0 0 0 0 -.8814 rect3.dat
5 24 6 8 20.5 6 0 20.5 6.3505 0 18.7372 6.9132 0 25.0924
1 16 18 0 20.5 -12 0 0 0 1 0 0 0 12 3-4chrd.dat
4 16 18 0 8.5 6 0 20.5 6.3505 0 18.7372 17.8992 0 8.52

1 16 0 0 0 0 0 20 0 12 0 -20 0 0 5-16chrd.dat
1 16 0 0 0 0 0 20 0 12 0 -20 0 0 5-16edge.dat
4 16 18.478 0 7.654 17.8992 0 8.52 6.3505 0 18.7372 0 0 -20
2 24 17.8992 0 8.52 18.478 0 7.654
2 24 6.3505 0 18.7372 0 0 20
