0 Sticker  0.7 x  2.1 with White "DIANA" on Transparent Background
0 Name: 820672f.dat
0 Author: Takeshi Takahashi [RainbowDolphin]
0 !LDRAW_ORG Part UPDATE 2022-04
0 !LICENSE Licensed under CC BY 4.0 : see CAreadme.txt

0 BFC CERTIFY CCW

0 !KEYWORDS harbour, Seaport, Set 6541, ship

0 !HISTORY 2022-07-18 [PTadmin] Official Update 2022-04


1 16 0 -0.25 0 21 0 0 0 0.25 0 0 0 7 box5-12.dat
0 BFC NOCLIP
4 15 -14.45 -0.25 -2.42 -15.99 -0.25 -3.8 -13.41 -0.25 -3.8 -13.18 -0.25 -2.42
4 15 -15.99 -0.25 3.87 -15.99 -0.25 -3.8 -14.45 -0.25 -2.42 -14.45 -0.25 2.52
4 15 -12.48 -0.25 -3.76 -11.78 -0.25 -3.64 -12.23 -0.25 -2.27 -13.18 -0.25 -2.42
4 15 -11.23 -0.25 -3.43 -11.59 -0.25 -1.84 -12.23 -0.25 -2.27 -11.78 -0.25 -3.64
3 15 -13.18 -0.25 -2.42 -13.41 -0.25 -3.8 -12.48 -0.25 -3.76
4 15 -14.45 -0.25 2.52 -12.99 -0.25 2.52 -12.99 -0.25 3.87 -15.99 -0.25 3.87
4 15 -11.91 -0.25 3.77 -12.99 -0.25 3.87 -12.99 -0.25 2.52 -12.14 -0.25 2.37
4 15 -11.03 -0.25 3.45 -11.91 -0.25 3.77 -12.14 -0.25 2.37 -11.55 -0.25 1.92
4 15 -9.81 -0.25 -1.83 -11.15 -0.25 -0.75 -11.32 -0.25 -1.38 -10.2 -0.25 -2.55
4 15 -11.59 -0.25 -1.84 -11.23 -0.25 -3.43 -10.74 -0.25 -3.12 -10.2 -0.25 -2.55
4 15 -11.15 -0.25 -0.75 -9.81 -0.25 -1.83 -9.57 -0.25 -0.96 -11.1 -0.25 0.03
3 15 -11.32 -0.25 -1.38 -11.59 -0.25 -1.84 -10.2 -0.25 -2.55
4 15 -11.3 -0.25 1.44 -11.15 -0.25 0.81 -9.58 -0.25 1.21 -9.87 -0.25 2.17
4 15 -11.55 -0.25 1.92 -11.3 -0.25 1.44 -9.87 -0.25 2.17 -10.35 -0.25 2.92
3 15 -11.03 -0.25 3.45 -11.55 -0.25 1.92 -10.35 -0.25 2.92
4 15 -11.15 -0.25 0.81 -11.1 -0.25 0.03 -9.49 -0.25 0.03 -9.58 -0.25 1.21
3 15 -9.49 -0.25 0.03 -11.1 -0.25 0.03 -9.57 -0.25 -0.96
4 15 -8.189 -0.25 3.87 -8.189 -0.25 -3.8 -6.61 -0.25 -3.8 -6.61 -0.25 3.87
3 15 -3.59 -0.25 -2.22 -5.75 -0.25 -3.8 -4.09 -0.25 -3.8
4 15 -3.02 -0.25 3.87 -5.75 -0.25 -3.8 -3.17 -0.25 -0.93 -2.11 -0.25 2.34
4 15 -1.04 -0.25 -0.93 -3.17 -0.25 -0.93 -3.59 -0.25 -2.22 -0.61 -0.25 -2.22
3 15 -3.17 -0.25 -0.93 -5.75 -0.25 -3.8 -3.59 -0.25 -2.22
3 15 -0.61 -0.25 -2.22 -0.09 -0.25 -3.8 1.56 -0.25 -3.8
4 15 -1.04 -0.25 -0.93 -0.61 -0.25 -2.22 1.56 -0.25 -3.8 -1.2 -0.25 3.87
3 15 -1.2 -0.25 3.87 -2.11 -0.25 2.34 -1.04 -0.25 -0.93
3 15 -1.2 -0.25 3.87 -3.02 -0.25 3.87 -2.11 -0.25 2.34
4 15 2.36 -0.25 -3.8 3.91 -0.25 -3.8 3.91 -0.25 1.47 2.36 -0.25 3.87
4 15 4.01 -0.25 3.87 2.36 -0.25 3.87 3.91 -0.25 1.47 7.12 -0.25 -1.4
4 15 7.12 -0.25 -1.4 7.05 -0.25 -3.8 8.68 -0.25 -3.8 8.68 -0.25 3.87
3 15 8.68 -0.25 3.87 7.12 -0.25 3.87 7.12 -0.25 -1.4
3 15 3.91 -0.25 1.47 7.05 -0.25 -3.8 7.12 -0.25 -1.4
3 15 11.63 -0.25 -2.22 9.47 -0.25 -3.8 11.13 -0.25 -3.8
4 15 12.2 -0.25 3.87 9.47 -0.25 -3.8 12.05 -0.25 -0.93 13.11 -0.25 2.34
4 15 14.18 -0.25 -0.93 12.05 -0.25 -0.93 11.63 -0.25 -2.22 14.61 -0.25 -2.22
3 15 12.05 -0.25 -0.93 9.47 -0.25 -3.8 11.63 -0.25 -2.22
3 15 14.61 -0.25 -2.22 15.13 -0.25 -3.8 16.79 -0.25 -3.8
4 15 14.18 -0.25 -0.93 14.61 -0.25 -2.22 16.79 -0.25 -3.8 14.02 -0.25 3.87
3 15 14.02 -0.25 3.87 13.11 -0.25 2.34 14.18 -0.25 -0.93
3 15 14.02 -0.25 3.87 12.2 -0.25 3.87 13.11 -0.25 2.34
0 BFC CLIP
4 16 -21 -0.25 -7 -15.99 -0.25 -3.8 -15.99 -0.25 3.87 -21 -0.25 7
3 16 -13.41 -0.25 -3.8 -15.99 -0.25 -3.8 -21 -0.25 -7
3 16 -12.48 -0.25 -3.76 -13.41 -0.25 -3.8 -21 -0.25 -7
4 16 -11.78 -0.25 -3.64 -12.48 -0.25 -3.76 -21 -0.25 -7 -8.189 -0.25 -3.8
4 16 -14.45 -0.25 2.52 -14.45 -0.25 -2.42 -13.18 -0.25 -2.42 -12.99 -0.25 2.52
4 16 -11.15 -0.25 -0.75 -13.18 -0.25 -2.42 -12.23 -0.25 -2.27 -11.32 -0.25 -1.38
3 16 -10.74 -0.25 -3.12 -11.23 -0.25 -3.43 -8.189 -0.25 -3.8
3 16 -10.2 -0.25 -2.55 -10.74 -0.25 -3.12 -8.189 -0.25 -3.8
3 16 -6.61 -0.25 -3.8 -8.189 -0.25 -3.8 -21 -0.25 -7
3 16 -11.23 -0.25 -3.43 -11.78 -0.25 -3.64 -8.189 -0.25 -3.8
4 16 -6.61 -0.25 3.87 -6.61 -0.25 -3.8 -5.75 -0.25 -3.8 -3.02 -0.25 3.87
3 16 -11.32 -0.25 -1.38 -12.23 -0.25 -2.27 -11.59 -0.25 -1.84
3 16 -9.81 -0.25 -1.83 -10.2 -0.25 -2.55 -8.189 -0.25 -3.8
3 16 -9.57 -0.25 -0.96 -9.81 -0.25 -1.83 -8.189 -0.25 -3.8
4 16 -9.49 -0.25 0.03 -9.57 -0.25 -0.96 -8.189 -0.25 -3.8 -8.189 -0.25 3.87
3 16 -5.75 -0.25 -3.8 -6.61 -0.25 -3.8 -21 -0.25 -7
4 16 -11.3 -0.25 1.44 -12.14 -0.25 2.37 -12.99 -0.25 2.52 -11.15 -0.25 0.81
3 16 -12.14 -0.25 2.37 -11.3 -0.25 1.44 -11.55 -0.25 1.92
3 16 -21 -0.25 7 -15.99 -0.25 3.87 -12.99 -0.25 3.87
4 16 -21 -0.25 7 -12.99 -0.25 3.87 -11.91 -0.25 3.77 -8.189 -0.25 3.87
4 16 -12.99 -0.25 2.52 -13.18 -0.25 -2.42 -11.1 -0.25 0.03 -11.15 -0.25 0.81
3 16 -8.189 -0.25 3.87 -11.03 -0.25 3.45 -10.35 -0.25 2.92
3 16 -8.189 -0.25 3.87 -9.87 -0.25 2.17 -9.58 -0.25 1.21
3 16 -8.189 -0.25 3.87 -9.58 -0.25 1.21 -9.49 -0.25 0.03
3 16 -8.189 -0.25 3.87 -10.35 -0.25 2.92 -9.87 -0.25 2.17
3 16 -8.189 -0.25 3.87 -11.91 -0.25 3.77 -11.03 -0.25 3.45
3 16 -11.1 -0.25 0.03 -13.18 -0.25 -2.42 -11.15 -0.25 -0.75
3 16 -21 -0.25 7 -8.189 -0.25 3.87 -6.61 -0.25 3.87
3 16 -4.09 -0.25 -3.8 -5.75 -0.25 -3.8 -21 -0.25 -7
4 16 21 -0.25 -7 1.56 -0.25 -3.8 -0.09 -0.25 -3.8 -21 -0.25 -7
3 16 -0.09 -0.25 -3.8 -4.09 -0.25 -3.8 -21 -0.25 -7
4 16 -4.09 -0.25 -3.8 -0.09 -0.25 -3.8 -0.61 -0.25 -2.22 -3.59 -0.25 -2.22
3 16 3.91 -0.25 -3.8 2.36 -0.25 -3.8 21 -0.25 -7
4 16 1.56 -0.25 -3.8 2.36 -0.25 -3.8 2.36 -0.25 3.87 -1.2 -0.25 3.87
3 16 2.36 -0.25 -3.8 1.56 -0.25 -3.8 21 -0.25 -7
3 16 8.68 -0.25 -3.8 7.05 -0.25 -3.8 21 -0.25 -7
3 16 11.13 -0.25 -3.8 9.47 -0.25 -3.8 21 -0.25 -7
3 16 9.47 -0.25 -3.8 8.68 -0.25 -3.8 21 -0.25 -7
3 16 7.05 -0.25 -3.8 3.91 -0.25 -3.8 21 -0.25 -7
4 16 8.68 -0.25 3.87 8.68 -0.25 -3.8 9.47 -0.25 -3.8 12.2 -0.25 3.87
4 16 14.61 -0.25 -2.22 11.63 -0.25 -2.22 11.13 -0.25 -3.8 15.13 -0.25 -3.8
3 16 16.79 -0.25 -3.8 15.13 -0.25 -3.8 21 -0.25 -7
3 16 15.13 -0.25 -3.8 11.13 -0.25 -3.8 21 -0.25 -7
4 16 16.79 -0.25 -3.8 21 -0.25 -7 21 -0.25 7 14.02 -0.25 3.87
3 16 -2.11 -0.25 2.34 -3.17 -0.25 -0.93 -1.04 -0.25 -0.93
4 16 -21 -0.25 7 -3.02 -0.25 3.87 -1.2 -0.25 3.87 21 -0.25 7
3 16 21 -0.25 7 -1.2 -0.25 3.87 2.36 -0.25 3.87
3 16 21 -0.25 7 2.36 -0.25 3.87 4.01 -0.25 3.87
3 16 13.11 -0.25 2.34 12.05 -0.25 -0.93 14.18 -0.25 -0.93
3 16 21 -0.25 7 7.12 -0.25 3.87 8.68 -0.25 3.87
3 16 21 -0.25 7 12.2 -0.25 3.87 14.02 -0.25 3.87
3 16 21 -0.25 7 8.68 -0.25 3.87 12.2 -0.25 3.87
3 16 21 -0.25 7 4.01 -0.25 3.87 7.12 -0.25 3.87
3 16 7.12 -0.25 3.87 4.01 -0.25 3.87 7.12 -0.25 -1.4
3 16 3.91 -0.25 1.47 3.91 -0.25 -3.8 7.05 -0.25 -3.8
3 16 -21 -0.25 7 -6.61 -0.25 3.87 -3.02 -0.25 3.87
