0 Sticker  1.1 x  4.3 with White Bold "PILOT" on Transparent Background
0 Name: 820673e.dat
0 Author: Takeshi Takahashi [RainbowDolphin]
0 !LDRAW_ORG Part UPDATE 2022-05
0 !LICENSE Licensed under CC BY 4.0 : see CAreadme.txt

0 BFC CERTIFY CCW

0 !KEYWORDS harbour, Pilot boat, Seaport, Set 6542, ship

0 !HISTORY 2022-09-15 [PTadmin] Official Update 2022-05


1 16 0 -0.25 0 43 0 0 0 0.25 0 0 0 11 box5-12.dat
0 // Font: Swiss 721 BT Black (kernings adjusted)
0 BFC NOCLIP
3 15 -33.07 -0.25 -3.72 -39.23 -0.25 -9.6 -33.07 -0.25 -9.6
4 15 -33.07 -0.25 0.97 -39.23 -0.25 -9.6 -33.07 -0.25 -3.72 -31.1 -0.25 0.97
4 15 -31.1 -0.25 0.97 -33.07 -0.25 -3.72 -29.39 -0.25 -3.72 -29.49 -0.25 1.07
4 15 -27.19 -0.25 -3.53 -28.52 -0.25 1.4 -29.49 -0.25 1.07 -29.39 -0.25 -3.72
4 15 -39.23 -0.25 9.58 -39.23 -0.25 -9.6 -33.07 -0.25 0.97 -33.07 -0.25 4.88
4 15 -33.07 -0.25 4.88 -31.1 -0.25 4.88 -31.34 -0.25 9.58 -39.23 -0.25 9.58
4 15 -29 -0.25 9.5 -31.34 -0.25 9.58 -31.1 -0.25 4.88 -29.46 -0.25 4.78
4 15 -27.2 -0.25 9.28 -29 -0.25 9.5 -29.46 -0.25 4.78 -28.49 -0.25 4.46
4 15 -25.37 -0.25 -2.96 -23.91 -0.25 -2.009 -28.52 -0.25 1.4 -27.19 -0.25 -3.53
4 15 -28.03 -0.25 1.99 -28.52 -0.25 1.4 -23.91 -0.25 -2.009 -22.86 -0.25 -0.7
4 15 -28.03 -0.25 1.99 -22.86 -0.25 -0.7 -22.22 -0.25 0.94 -27.87 -0.25 2.92
4 15 -27.87 -0.25 2.92 -22.22 -0.25 0.94 -22.01 -0.25 2.92 -22.17 -0.25 4.62
4 15 -28.49 -0.25 4.46 -24.64 -0.25 8.29 -25.79 -0.25 8.88 -27.2 -0.25 9.28
4 15 -28.03 -0.25 3.86 -27.87 -0.25 2.92 -22.17 -0.25 4.62 -22.66 -0.25 6.07
4 15 -24.64 -0.25 8.29 -28.49 -0.25 4.46 -28.03 -0.25 3.86 -23.48 -0.25 7.29
3 15 -23.48 -0.25 7.29 -28.03 -0.25 3.86 -22.66 -0.25 6.07
4 15 -20.95 -0.25 9.58 -20.95 -0.25 -9.6 -14.68 -0.25 -9.6 -14.68 -0.25 9.58
4 15 -12.42 -0.25 9.58 -12.42 -0.25 -9.6 -6.26 -0.25 -4.51 -6.26 -0.25 9.58
4 15 -6.26 -0.25 -4.51 -12.42 -0.25 -9.6 2.11 -0.25 -9.6 2.11 -0.25 -4.51
4 15 9.43 -0.25 -4.03 3.5 -0.25 -5.39 4.98 -0.25 -7.42 6.98 -0.25 -8.93
4 15 8.74 -0.25 -2.39 8.51 -0.25 -0.03 2.61 -0.25 -2.93 3.5 -0.25 -5.39
4 15 2.31 -0.25 -0.03 2.61 -0.25 -2.93 8.51 -0.25 -0.03 2.61 -0.25 2.88
4 15 12.28 -0.25 -5.31 10.6 -0.25 -4.99 9.42 -0.25 -9.83 12.28 -0.25 -10.13
3 15 8.74 -0.25 -2.39 3.5 -0.25 -5.39 9.43 -0.25 -4.03
4 15 10.6 -0.25 -4.99 9.43 -0.25 -4.03 6.98 -0.25 -8.93 9.42 -0.25 -9.83
4 15 3.5 -0.25 5.34 2.61 -0.25 2.88 8.74 -0.25 2.34 9.43 -0.25 3.98
4 15 9.43 -0.25 3.98 6.98 -0.25 8.87 4.98 -0.25 7.37 3.5 -0.25 5.34
4 15 6.98 -0.25 8.87 9.43 -0.25 3.98 10.6 -0.25 4.94 9.42 -0.25 9.78
4 15 9.42 -0.25 9.78 10.6 -0.25 4.94 12.28 -0.25 5.26 12.28 -0.25 10.08
3 15 2.61 -0.25 2.88 8.51 -0.25 -0.03 8.74 -0.25 2.34
4 15 13.95 -0.25 -4.99 12.28 -0.25 -5.31 15.14 -0.25 -9.83 17.57 -0.25 -8.93
4 15 15.11 -0.25 -4.04 13.95 -0.25 -4.99 17.57 -0.25 -8.93 19.56 -0.25 -7.42
4 15 21.04 -0.25 -5.39 15.78 -0.25 -2.4 15.11 -0.25 -4.04 19.56 -0.25 -7.42
4 15 21.93 -0.25 -2.93 16 -0.25 -0.03 15.78 -0.25 -2.4 21.04 -0.25 -5.39
4 15 16 -0.25 -0.03 21.93 -0.25 -2.93 22.23 -0.25 -0.03 21.93 -0.25 2.88
4 15 13.95 -0.25 4.94 15.11 -0.25 3.99 17.57 -0.25 8.87 15.14 -0.25 9.78
4 15 15.14 -0.25 9.78 12.28 -0.25 10.08 12.28 -0.25 5.26 13.95 -0.25 4.94
4 15 21.04 -0.25 5.34 15.11 -0.25 3.99 15.78 -0.25 2.35 21.93 -0.25 2.88
4 15 19.56 -0.25 7.37 17.57 -0.25 8.87 15.11 -0.25 3.99 21.04 -0.25 5.34
3 15 21.93 -0.25 2.88 15.78 -0.25 2.35 16 -0.25 -0.03
3 15 12.28 -0.25 -5.31 12.28 -0.25 -10.13 15.14 -0.25 -9.83
4 15 27.58 -0.25 4.53 39.14 -0.25 9.58 22.06 -0.25 9.58 22.06 -0.25 4.53
4 15 27.58 -0.25 4.53 27.58 -0.25 -9.6 33.74 -0.25 -9.6 33.74 -0.25 4.53
3 15 39.14 -0.25 9.58 33.74 -0.25 4.53 39.14 -0.25 4.53
3 15 39.14 -0.25 9.58 27.58 -0.25 4.53 33.74 -0.25 4.53
0 BFC CLIP
4 16 -43 -0.25 -11 -39.23 -0.25 -9.6 -39.23 -0.25 9.58 -43 -0.25 11
3 16 -33.07 -0.25 -9.6 -39.23 -0.25 -9.6 -43 -0.25 -11
3 16 -29.39 -0.25 -3.72 -33.07 -0.25 -3.72 -33.07 -0.25 -9.6
4 16 -27.19 -0.25 -3.53 -29.39 -0.25 -3.72 -33.07 -0.25 -9.6 -20.95 -0.25 -9.6
4 16 -31.1 -0.25 4.88 -33.07 -0.25 0.97 -31.1 -0.25 0.97 -29.49 -0.25 1.07
4 16 -29.49 -0.25 1.07 -28.52 -0.25 1.4 -28.03 -0.25 1.99 -27.87 -0.25 2.92
4 16 -20.95 -0.25 -9.6 -33.07 -0.25 -9.6 -43 -0.25 -11 0 -0.25 -11
4 16 3.5 -0.25 -5.39 2.61 -0.25 -2.93 2.11 -0.25 -4.51 2.11 -0.25 -9.6
4 16 2.31 -0.25 -0.03 -6.26 -0.25 -4.51 2.11 -0.25 -4.51 2.61 -0.25 -2.93
3 16 -23.91 -0.25 -2.009 -25.37 -0.25 -2.96 -20.95 -0.25 -9.6
3 16 -22.86 -0.25 -0.7 -23.91 -0.25 -2.009 -20.95 -0.25 -9.6
4 16 -14.68 -0.25 9.58 -14.68 -0.25 -9.6 -12.42 -0.25 -9.6 -12.42 -0.25 9.58
3 16 -22.22 -0.25 0.94 -22.86 -0.25 -0.7 -20.95 -0.25 -9.6
3 16 -25.37 -0.25 -2.96 -27.19 -0.25 -3.53 -20.95 -0.25 -9.6
4 16 -6.26 -0.25 -4.51 2.31 -0.25 -0.03 2.61 -0.25 2.88 -6.26 -0.25 9.58
4 16 -29.46 -0.25 4.78 -31.1 -0.25 4.88 -29.49 -0.25 1.07 -27.87 -0.25 2.92
3 16 -31.1 -0.25 4.88 -33.07 -0.25 4.88 -33.07 -0.25 0.97
4 16 -28.03 -0.25 3.86 -28.49 -0.25 4.46 -29.46 -0.25 4.78 -27.87 -0.25 2.92
3 16 -43 -0.25 11 -39.23 -0.25 9.58 -31.34 -0.25 9.58
3 16 -20.95 -0.25 9.58 -22.66 -0.25 6.07 -22.17 -0.25 4.62
3 16 -20.95 -0.25 9.58 -23.48 -0.25 7.29 -22.66 -0.25 6.07
4 16 -20.95 -0.25 9.58 -22.01 -0.25 2.92 -22.22 -0.25 0.94 -20.95 -0.25 -9.6
3 16 -6.26 -0.25 9.58 2.61 -0.25 2.88 3.5 -0.25 5.34
3 16 -20.95 -0.25 9.58 -25.79 -0.25 8.88 -24.64 -0.25 8.29
3 16 -20.95 -0.25 9.58 -24.64 -0.25 8.29 -23.48 -0.25 7.29
3 16 -20.95 -0.25 9.58 -27.2 -0.25 9.28 -25.79 -0.25 8.88
3 16 -20.95 -0.25 9.58 -22.17 -0.25 4.62 -22.01 -0.25 2.92
3 16 -6.26 -0.25 9.58 3.5 -0.25 5.34 4.98 -0.25 7.37
3 16 3.5 -0.25 -5.39 2.11 -0.25 -9.6 4.98 -0.25 -7.42
3 16 4.98 -0.25 -7.42 2.11 -0.25 -9.6 6.98 -0.25 -8.93
4 16 16 -0.25 -0.03 8.51 -0.25 -0.03 8.74 -0.25 -2.39 15.78 -0.25 -2.4
4 16 8.74 -0.25 -2.39 9.43 -0.25 -4.03 12.28 -0.25 -5.31 15.78 -0.25 -2.4
3 16 9.43 -0.25 -4.03 10.6 -0.25 -4.99 12.28 -0.25 -5.31
4 16 12.28 -0.25 -5.31 13.95 -0.25 -4.99 15.11 -0.25 -4.04 15.78 -0.25 -2.4
4 16 27.58 -0.25 -9.6 17.57 -0.25 -8.93 15.14 -0.25 -9.83 43 -0.25 -11
3 16 19.56 -0.25 -7.42 17.57 -0.25 -8.93 27.58 -0.25 -9.6
3 16 33.74 -0.25 -9.6 27.58 -0.25 -9.6 43 -0.25 -11
4 16 33.74 -0.25 -9.6 43 -0.25 -11 39.14 -0.25 4.53 33.74 -0.25 4.53
3 16 21.04 -0.25 -5.39 19.56 -0.25 -7.42 27.58 -0.25 -9.6
4 16 27.58 -0.25 -9.6 27.58 -0.25 4.53 21.93 -0.25 -2.93 21.04 -0.25 -5.39
3 16 27.58 -0.25 4.53 22.23 -0.25 -0.03 21.93 -0.25 -2.93
4 16 8.74 -0.25 2.34 8.51 -0.25 -0.03 16 -0.25 -0.03 15.78 -0.25 2.35
4 16 12.28 -0.25 5.26 10.6 -0.25 4.94 9.43 -0.25 3.98 8.74 -0.25 2.34
4 16 12.28 -0.25 5.26 15.78 -0.25 2.35 15.11 -0.25 3.99 13.95 -0.25 4.94
3 16 12.28 -0.25 5.26 8.74 -0.25 2.34 15.78 -0.25 2.35
3 16 -6.26 -0.25 9.58 4.98 -0.25 7.37 6.98 -0.25 8.87
4 16 22.06 -0.25 4.53 21.93 -0.25 2.88 22.23 -0.25 -0.03 27.58 -0.25 4.53
4 16 21.04 -0.25 5.34 21.93 -0.25 2.88 22.06 -0.25 4.53 22.06 -0.25 9.58
3 16 22.06 -0.25 9.58 19.56 -0.25 7.37 21.04 -0.25 5.34
3 16 22.06 -0.25 9.58 17.57 -0.25 8.87 19.56 -0.25 7.37
4 16 22.06 -0.25 9.58 39.14 -0.25 9.58 43 -0.25 11 15.14 -0.25 9.78
4 16 43 -0.25 11 39.14 -0.25 9.58 39.14 -0.25 4.53 43 -0.25 -11
3 16 15.14 -0.25 9.78 17.57 -0.25 8.87 22.06 -0.25 9.58
4 16 -6.26 -0.25 9.58 6.98 -0.25 8.87 9.42 -0.25 9.78 0 -0.25 11
4 16 -29 -0.25 9.5 -20.95 -0.25 9.58 -43 -0.25 11 -31.34 -0.25 9.58
3 16 -20.95 -0.25 9.58 -29 -0.25 9.5 -27.2 -0.25 9.28
4 16 0 -0.25 11 -43 -0.25 11 -20.95 -0.25 9.58 -14.68 -0.25 9.58
3 16 0 -0.25 11 -14.68 -0.25 9.58 -12.42 -0.25 9.58
3 16 0 -0.25 11 -12.42 -0.25 9.58 -6.26 -0.25 9.58
3 16 0 -0.25 11 9.42 -0.25 9.78 12.28 -0.25 10.08
3 16 43 -0.25 11 12.28 -0.25 10.08 15.14 -0.25 9.78
3 16 43 -0.25 11 0 -0.25 11 12.28 -0.25 10.08
3 16 -14.68 -0.25 -9.6 -20.95 -0.25 -9.6 0 -0.25 -11
3 16 -12.42 -0.25 -9.6 -14.68 -0.25 -9.6 0 -0.25 -11
3 16 2.11 -0.25 -9.6 -12.42 -0.25 -9.6 0 -0.25 -11
4 16 6.98 -0.25 -8.93 2.11 -0.25 -9.6 0 -0.25 -11 9.42 -0.25 -9.83
3 16 9.42 -0.25 -9.83 0 -0.25 -11 12.28 -0.25 -10.13
3 16 12.28 -0.25 -10.13 0 -0.25 -11 43 -0.25 -11
3 16 15.14 -0.25 -9.83 12.28 -0.25 -10.13 43 -0.25 -11
