0 Sticker with White/Black Triangles and Racing Number "2", Left
0 Name: 821435d.dat
0 Author: Ulrich Röder [UR]
0 !LDRAW_ORG Part UPDATE 2019-01
0 !LICENSE Redistributable under CCAL version 2.0 : see CAreadme.txt

0 BFC CERTIFY CCW


0 !KEYWORDS Set 6539, Racers, Cup

0 !HISTORY 2019-06-28 [PTadmin] Official Update 2019-01

0 // Main

1 16 0 0 0 -1 0 0 0 1 0 0 0 1 s\821435as03.dat

0 // Black
1 0 0 0 0 -1 0 0 0 1 0 0 0 1 s\821435as01.dat

0 // White
1 15 0 0 0 -1 0 0 0 1 0 0 0 1 s\821435as02.dat
1 15 -7.25 -.25 -1.25 12 0 0 0 1 0 0 0 12 type-swiss721bt-bold-n2.dat
4 15 -11.51 -.25 -7.25 -11.51 -.25 4.75 -13.063 -.25 6.25 -13.063 -.25 4.75
4 15 -13.063 -.25 4.75 -14.563 -.25 4.75 -13.063 -.25 -7.25 -11.51 -.25 -7.25
3 15 -14.563 -.25 -7.25 -13.063 -.25 -7.25 -14.563 -.25 4.75
4 15 -1.438 -.25 -8.75 -11.51 -.25 -7.25 -13.063 -.25 -7.25 -13.063 -.25 -8.75
3 15 -2.99 -.25 -7.25 -3.122 -.25 -7.25 -1.438 -.25 -8.75
4 15 -2.99 -.25 1.054 -2.99 -.25 -7.25 -1.438 -.25 -8.75 -1.438 -.25 -7.25
4 15 -1.438 -.25 4.75 -2.99 -.25 1.054 -1.438 -.25 -7.25 .062 -.25 -7.25
3 15 -1.438 -.25 -8.75 -3.122 -.25 -7.25 -11.51 -.25 -7.25
3 15 .062 -.25 4.75 -1.438 -.25 4.75 .062 -.25 -7.25
4 15 -1.438 -.25 6.25 -2.99 -.25 4.75 -2.99 -.25 1.054 -1.438 -.25 4.75
4 15 -13.063 -.25 6.25 -7.058 -.25 4.75 -2.99 -.25 4.75 -1.438 -.25 6.25
3 15 -7.058 -.25 4.75 -13.063 -.25 6.25 -11.51 -.25 4.75
