0 Homemaker Washbasin Base  4 x  4 x  4
0 Name: 839.dat
0 Author: Arne Hackstein
0 !LDRAW_ORG Part UPDATE 1998-04
0 !LICENSE Redistributable under CCAL version 2.0 : see CAreadme.txt

0 !HISTORY 1998-04-11 [PTadmin] Official Update 1998-04
0 !HISTORY 2007-07-23 [PTadmin] Header formatted for Contributor Agreement
0 !HISTORY 2008-07-01 [PTadmin] Official Update 2008-01

 1 16 0 92 0 1 0 0 0 -1 0 0 0 1 stud4.dat
 1 16 20 92 20 1 0 0 0 -1 0 0 0 1 stud4.dat
 1 16 -20 92 20 1 0 0 0 -1 0 0 0 1 stud4.dat
 1 16 20 92 -20 1 0 0 0 -1 0 0 0 1 stud4.dat
 1 16 -20 92 -20 1 0 0 0 -1 0 0 0 1 stud4.dat
0
 4 16 40 96 40 36 96 36 -36 96 36 -40 96 40
 4 16 -40 96 40 -36 96 36 -36 96 -36 -40 96 -40
 3 16 40 96 -40 36 96 -36 36 96 -40
 4 16 36 96 -40 36 96 -36 35.5 96 -36 35.5 96 -40  
 4 16 35.5 96 -40 35.5 96 -37.5 32.5 96 -37.5 32.5 96 -40  
 4 16 32.5 96 -40 32.5 96 -36 -32.5 96 -36 -32.5 96 -40  
 4 16 -35.5 96 -40 -35.5 96 -37.5 -32.5 96 -37.5 -32.5 96 -40  
 4 16 -36 96 -40 -36 96 -36 -35.5 96 -36 -35.5 96 -40  
 3 16 -40 96 -40 -36 96 -36 -36 96 -40
 4 16 40 96 -40 36 96 -36 36 96 36 40 96 40
0
 2 24 40 96 40 -40 96 40
 2 24 -40 96 40 -40 96 -40
 2 24 -40 96 -40 40 96 -40
 2 24 40 96 -40 40 96 40
0
 2 24 36 96 36 -36 96 36
 2 24 -36 96 36 -36 96 -36
 2 24 -36 96 -36 -35.5 96 -36
 2 24 -32.5 96 -36 32.5 96 -36
 2 24 35.5 96 -36 36 96 -36
 2 24 36 96 -36 36 96 36
0
 2 24 36 92 36 -36 92 36
 2 24 -36 92 36 -36 92 -36
 2 24 -36 92 -36 -35.5 92 -36
 2 24 -32.5 92 -36 32.5 92 -36
 2 24 35.5 92 -36 36 92 -36
 2 24 36 92 -36 36 92 36
0
 2 24 36 88 36 -36 88 36
 2 24 -36 88 36 -36 88 -40
 2 24 -36 88 -40 36 88 -40
 2 24 36 88 -40 36 88 36
0
 2 24 36 48 36 -36 48 36
 2 24 -36 48 36 -36 48 -33
 2 24 -36 48 -33 36 48 -33
 2 24 36 48 -33 36 48 36
0
 2 24 36 44 36 -36 44 36
 2 24 -36 44 36 -36 44 -33
 2 24 -36 44 -33 36 44 -33
 2 24 36 44 -33 36 44 36
0
 2 24 36 4 36 -36 4 36
 2 24 -36 4 36 -36 4 -40
 2 24 -36 4 -40 36 4 -40
 2 24 36 4 -40 36 4 36
0
 2 24 40 0 40 -40 0 40
 2 24 -40 0 40 -40 0 -40
 2 24 -40 0 -40 40 0 -40
 2 24 40 0 -40 40 0 40
0
 2 24 36 92 36 36 96 36
 2 24 -36 92 36 -36 96 36
 2 24 36 92 -36 36 96 -36
 2 24 -36 92 -36 -36 96 -36
0
 2 24 36 48 36 36 88 36
 2 24 -36 48 36 -36 88 36
 2 24 36 4 -40 36 88 -40
 2 24 -36 4 -40 -36 88 -40
0
 2 24 36 4 36 36 44 36
 2 24 -36 4 36 -36 44 36
 2 24 36 48 -33 36 44 -33
 2 24 -36 48 -33 -36 44 -33
0
 2 24 40 0 40 40 96 40
 2 24 -40 0 40 -40 96 40
 2 24 40 0 -40 40 96 -40
 2 24 -40 0 -40 -40 96 -40
0
 1 16 34 96 -36 -1.5 0 0 0 4 0 0 0 -1.5 2-4edge.dat 
 1 16 34 96 -36 -1.5 0 0 0 4 0 0 0 -1.5 2-4ndis.dat 
 1 16 34 92 -36 -1.5 0 0 0 4 0 0 0 -1.5 2-4cyli.dat 
 1 16 34 92 -36 1.5 0 0 0 0 0 0 0 1.5 2-4edge.dat 
 1 16 34 92 -36 1.5 0 0 0 0 0 0 0 1.5 2-4ndis.dat 
 1 16 34 88 -36 1.5 0 0 0 0 0 0 0 1.5 4-4edge.dat 
 1 16 34 88 -36 1.5 0 0 0 0 0 0 0 1.5 4-4ndis.dat 
 1 16 34 88 -36 1.5 0 0 0 4 0 0 0 1.5 4-4cyli.dat 
 1 16 34 4 -36 1.5 0 0 0 0 0 0 0 1.5 4-4edge.dat 
 1 16 34 4 -36 1.5 0 0 0 0 0 0 0 1.5 4-4ndis.dat 
 1 16 34 0 -36 1.5 0 0 0 0 0 0 0 1.5 4-4edge.dat 
 1 16 34 0 -36 1.5 0 0 0 0 0 0 0 1.5 4-4ndis.dat 
 1 16 34 0 -36 1.5 0 0 0 4 0 0 0 1.5 4-4cyli.dat 
0
 1 16 -34 96 -36 -1.5 0 0 0 4 0 0 0 -1.5 2-4edge.dat 
 1 16 -34 96 -36 -1.5 0 0 0 4 0 0 0 -1.5 2-4ndis.dat 
 1 16 -34 92 -36 -1.5 0 0 0 4 0 0 0 -1.5 2-4cyli.dat 
 1 16 -34 92 -36 1.5 0 0 0 0 0 0 0 1.5 2-4edge.dat 
 1 16 -34 92 -36 1.5 0 0 0 0 0 0 0 1.5 2-4ndis.dat 
 1 16 -34 88 -36 1.5 0 0 0 0 0 0 0 1.5 4-4edge.dat 
 1 16 -34 88 -36 1.5 0 0 0 0 0 0 0 1.5 4-4ndis.dat 
 1 16 -34 88 -36 1.5 0 0 0 4 0 0 0 1.5 4-4cyli.dat 
 1 16 -34 4 -36 1.5 0 0 0 0 0 0 0 1.5 4-4edge.dat 
 1 16 -34 4 -36 1.5 0 0 0 0 0 0 0 1.5 4-4ndis.dat 
 1 16 -34 0 -36 1.5 0 0 0 0 0 0 0 1.5 4-4edge.dat 
 1 16 -34 0 -36 1.5 0 0 0 0 0 0 0 1.5 4-4ndis.dat 
 1 16 -34 0 -36 1.5 0 0 0 4 0 0 0 1.5 4-4cyli.dat 
0
 1 16 30 4 30 1.5 0 0 0 0 0 0 0 1.5 4-4edge.dat 
 1 16 30 4 30 1.5 0 0 0 0 0 0 0 1.5 4-4ndis.dat 
 1 16 30 0 30 1.5 0 0 0 0 0 0 0 1.5 4-4edge.dat 
 1 16 30 0 30 1.5 0 0 0 0 0 0 0 1.5 4-4ndis.dat 
 1 16 30 0 30 1.5 0 0 0 4 0 0 0 1.5 4-4cyli.dat 
0
 1 16 -30 4 30 1.5 0 0 0 0 0 0 0 1.5 4-4edge.dat 
 1 16 -30 4 30 1.5 0 0 0 0 0 0 0 1.5 4-4ndis.dat 
 1 16 -30 0 30 1.5 0 0 0 0 0 0 0 1.5 4-4edge.dat 
 1 16 -30 0 30 1.5 0 0 0 0 0 0 0 1.5 4-4ndis.dat 
 1 16 -30 0 30 1.5 0 0 0 4 0 0 0 1.5 4-4cyli.dat 
0
 1 16 26 4 14 8 0 0 0 0 0 0 0 8 1-4edge.dat 
 1 16 26 4 14 8 0 0 0 0 0 0 0 8 1-4ndis.dat 
 1 16 26 0 14 8 0 0 0 0 0 0 0 8 1-4edge.dat 
 1 16 26 0 14 8 0 0 0 0 0 0 0 8 1-4ndis.dat 
 1 16 26 0 14 8 0 0 0 4 0 0 0 8 1-4cyli.dat 
0
 1 16 -26 4 14 -8 0 0 0 0 0 0 0 8 1-4edge.dat 
 1 16 -26 4 14 -8 0 0 0 0 0 0 0 8 1-4ndis.dat 
 1 16 -26 0 14 -8 0 0 0 0 0 0 0 8 1-4edge.dat 
 1 16 -26 0 14 -8 0 0 0 0 0 0 0 8 1-4ndis.dat 
 1 16 -26 0 14 -8 0 0 0 4 0 0 0 8 1-4cyli.dat 
0
 1 16 26 4 -24 8 0 0 0 0 0 0 0 -8 1-4edge.dat 
 1 16 26 4 -24 8 0 0 0 0 0 0 0 -8 1-4ndis.dat 
 1 16 26 0 -24 8 0 0 0 0 0 0 0 -8 1-4edge.dat 
 1 16 26 0 -24 8 0 0 0 0 0 0 0 -8 1-4ndis.dat 
 1 16 26 0 -24 8 0 0 0 4 0 0 0 -8 1-4cyli.dat 
0
 1 16 -26 4 -24 -8 0 0 0 0 0 0 0 -8 1-4edge.dat 
 1 16 -26 4 -24 -8 0 0 0 0 0 0 0 -8 1-4ndis.dat 
 1 16 -26 0 -24 -8 0 0 0 0 0 0 0 -8 1-4edge.dat 
 1 16 -26 0 -24 -8 0 0 0 0 0 0 0 -8 1-4ndis.dat 
 1 16 -26 0 -24 -8 0 0 0 4 0 0 0 -8 1-4cyli.dat 
0
 2 24 34 4 14 34 4 -24
 2 24 -34 4 14 -34 4 -24
 2 24 26 4 22 -26 4 22
 2 24 26 4 -32 -26 4 -32 
0
 2 24 34 0 14 34 0 -24
 2 24 -34 0 14 -34 0 -24
 2 24 26 0 22 -26 0 22
 2 24 26 0 -32 -26 0 -32 
0
 1 16 34 0 -33 1.5 0 0 0 0 0 0 0 1.5 4-4edge.dat 
 1 16 34 -6 -33 1.5 0 0 0 0 0 0 0 1.5 4-4edge.dat 
 1 16 34 -6 -33 1.5 0 0 0 0 0 0 0 1.5 4-4disc.dat 
 1 16 34 -6 -33 1.5 0 0 0 6 0 0 0 1.5 4-4cyli.dat 
0
 1 16 -34 0 -33 1.5 0 0 0 0 0 0 0 1.5 4-4edge.dat 
 1 16 -34 -6 -33 1.5 0 0 0 0 0 0 0 1.5 4-4edge.dat 
 1 16 -34 -6 -33 1.5 0 0 0 0 0 0 0 1.5 4-4disc.dat 
 1 16 -34 -6 -33 1.5 0 0 0 6 0 0 0 1.5 4-4cyli.dat 
0
 4 16 34 4 14 34 4 -24 34 0 -24 34 0 14
 4 16 -34 4 14 -34 4 -24 -34 0 -24 -34 0 14
 4 16 26 4 22 -26 4 22 -26 0 22 26 0 22
 4 16 26 4 -32 -26 4 -32 -26 0 -32 26 0 -32
0
 4 16 36 96 36 36 92 36 36 92 -36 36 96 -36
 4 16 36 96 36 36 92 36 -36 92 36 -36 96 36
 4 16 -36 96 36 -36 92 36 -36 92 -36 -36 96 -36
 4 16 36 96 -36 36 92 -36 35.5 92 -36 35.5 96 -36
 4 16 32.5 96 -36 32.5 92 -36 -32.5 92 -36 -32.5 96 -36
 4 16 -36 96 -36 -36 92 -36 -35.5 92 -36 -35.5 96 -36
0
 4 16 36 92 36 36 92 -34.5 -36 92 -34.5 -36 92 36
 4 16 36 92 -36 36 92 -34.5 35.5 92 -34.5 35.5 92 -36
 4 16 32.5 92 -36 32.5 92 -34.5 -32.5 92 -34.5 -32.5 92 -36
 4 16 -36 92 -36 -36 92 -34.5 -35.5 92 -34.5 -35.5 92 -36
0
 4 16 36 88 36 36 88 -34.5 -36 88 -34.5 -36 88 36
 4 16 36 88 -40 36 88 -34.5 35.5 88 -34.5 35.5 88 -40
 4 16 32.5 88 -40 32.5 88 -37.5 35.5 88 -37.5 35.5 88 -40
 4 16 32.5 88 -40 32.5 88 -34.5 -32.5 88 -34.5 -32.5 88 -40
 4 16 -36 88 -40 -36 88 -34.5 -35.5 88 -34.5 -35.5 88 -40
 4 16 -32.5 88 -40 -32.5 88 -37.5 -35.5 88 -37.5 -35.5 88 -40
0
 4 16 36 48 36 36 48 -33 -36 48 -33 -36 48 36
 4 16 36 44 36 36 44 -33 -36 44 -33 -36 44 36
0
 4 16 36 4 36 36 4 31.5 -36 4 31.5 -36 4 36
 4 16 36 4 28.5 36 4 22 -36 4 22 -36 4 28.5
 4 16 36 4 31.5 36 4 28.5 31.5 4 28.5 31.5 4 31.5
 4 16 28.5 4 31.5 28.5 4 28.5 -28.5 4 28.5 -28.5 4 31.5
 4 16 -36 4 31.5 -36 4 28.5 -31.5 4 28.5 -31.5 4 31.5
 4 16 36 4 22 36 4 -32 34 4 -32 34 4 22
 4 16 -36 4 22 -36 4 -32 -34 4 -32 -34 4 22
 4 16 36 4 -32 36 4 -34.5 -36 4 -34.5 -36 4 -32
 4 16 36 4 -40 36 4 -34.5 35.5 4 -34.5 35.5 4 -40
 4 16 32.5 4 -40 32.5 4 -37.5 35.5 4 -37.5 35.5 4 -40
 4 16 32.5 4 -40 32.5 4 -34.5 -32.5 4 -34.5 -32.5 4 -40
 4 16 -36 4 -40 -36 4 -34.5 -35.5 4 -34.5 -35.5 4 -40
 4 16 -32.5 4 -40 -32.5 4 -37.5 -35.5 4 -37.5 -35.5 4 -40
0
 4 16 40 0 40 40 0 31.5 -40 0 31.5 -40 0 40
 4 16 40 0 28.5 40 0 22 -40 0 22 -40 0 28.5
 4 16 40 0 31.5 40 0 28.5 31.5 0 28.5 31.5 0 31.5
 4 16 28.5 0 31.5 28.5 0 28.5 -28.5 0 28.5 -28.5 0 31.5
 4 16 -40 0 31.5 -40 0 28.5 -31.5 0 28.5 -31.5 0 31.5
 4 16 40 0 22 40 0 -32 34 0 -32 34 0 22
 4 16 -40 0 22 -40 0 -32 -34 0 -32 -34 0 22
 4 16 40 0 -32 40 0 -34.5 -40 0 -34.5 -40 0 -32
 4 16 40 0 -40 40 0 -34.5 35.5 0 -34.5 35.5 0 -40
 4 16 32.5 0 -40 32.5 0 -37.5 35.5 0 -37.5 35.5 0 -40
 4 16 32.5 0 -40 32.5 0 -34.5 -32.5 0 -34.5 -32.5 0 -40
 4 16 -40 0 -40 -40 0 -34.5 -35.5 0 -34.5 -35.5 0 -40
 4 16 -32.5 0 -40 -32.5 0 -37.5 -35.5 0 -37.5 -35.5 0 -40
0
 4 16 36 88 36 36 48 36 36 48 -40 36 88 -40
 4 16 -36 88 36 -36 48 36 -36 48 -40 -36 88 -40
 4 16 36 44 36 36 8 36 36 8 -40 36 44 -40
 4 16 -36 44 36 -36 8 36 -36 8 -40 -36 44 -40
 4 16 40 96 40 40 0 40 40 0 -40 40 96 -40
 4 16 -40 96 40 -40 0 40 -40 0 -40 -40 96 -40
0
 4 16 40 96 40 40 0 40 -40 0 40 -40 96 40
 4 16 36 88 36 36 48 36 -36 48 36 -36 88 36
 4 16 36 44 36 36 8 36 -36 8 36 -36 44 36
 4 16 40 96 -40 36 88 -40 -36 88 -40 -40 96 -40
 4 16 40 96 -40 36 88 -40 36 4 -40 40 0 -40
 4 16 -40 96 -40 -36 88 -40 -36 4 -40 -40 0 -40
 4 16 40 0 -40 36 4 -40 -36 4 -40 -40 0 -40
 4 16 36 48 -33 36 44 -33 -36 44 -33 -36 48 -33
0
 4 16 36 48 -33 36 44 -33 36 44 -40 36 48 -40
 4 16 -36 48 -33 -36 44 -33 -36 44 -40 -36 48 -40
0
 1 16 0 -1.5 -36 25 0 0 0 1.5 0 0 0 1 box.dat 
