0 Slope Brick 31  1 x  2 x  0.667 with Red Screen Console Pattern
0 Name: 85984pn1.dat
0 Author: Bertrand Lequy [Berth]
0 !LDRAW_ORG Part UPDATE 2020-03
0 !LICENSE Redistributable under CCAL version 2.0 : see CAreadme.txt

0 BFC CERTIFY CCW

0 !KEYWORDS Ninjago

0 !HISTORY 2016-12-31 [PTadmin] Official Update 2016-01
0 !HISTORY 2019-06-06 [Philo] Trimmed pattern for rounded corners
0 !HISTORY 2020-12-29 [PTadmin] Official Update 2020-03

1 16 0 0 0 1 0 0 0 1 0 0 0 1 s\85984s01.dat

4 0 -13.7188 -5.8881 -6.8532 -14.0637 -5.8881 -6.8532 -14.0637 -4.84 -8.6 -13.7188 -4.84 -8.6
4 0 -11.3695 -5.8881 -6.8532 -11.7614 -5.8881 -6.8532 -11.7614 -4.84 -8.6 -11.3695 -4.84 -8.6
4 0 -11.3955 -5.9554 -6.741 -11.7874 -5.9554 -6.741 -11.7614 -5.8881 -6.8532 -11.3695 -5.8881 -6.8532
4 0 -11.8615 -6.0125 -6.6459 -11.7874 -5.9554 -6.741 -11.3955 -5.9554 -6.741 -11.4696 -6.0125 -6.6459
4 0 -11.9725 -6.0506 -6.5823 -11.8615 -6.0125 -6.6459 -11.4696 -6.0125 -6.6459 -11.5806 -6.0506 -6.5823
4 0 -12.1033 -6.064 -6.56 -11.9725 -6.0506 -6.5823 -11.5806 -6.0506 -6.5823 -11.7114 -6.064 -6.56
4 0 -11.7614 -4.84 -8.6 -11.7874 -4.7727 -8.7122 -11.3955 -4.7727 -8.7122 -11.3695 -4.84 -8.6
4 0 -11.7874 -4.7727 -8.7122 -11.8615 -4.7156 -8.8073 -11.4696 -4.7156 -8.8073 -11.3955 -4.7727 -8.7122
4 0 -11.8615 -4.7156 -8.8073 -11.9725 -4.6775 -8.8708 -11.5806 -4.6775 -8.8708 -11.4696 -4.7156 -8.8073
4 0 -11.9725 -4.6775 -8.8708 -12.1033 -4.6641 -8.8931 -11.7114 -4.6641 -8.8931 -11.5806 -4.6775 -8.8708
4 0 -14.0637 -4.84 -8.6 -14.0897 -4.7727 -8.7122 -13.6928 -4.7727 -8.7122 -13.7188 -4.84 -8.6
4 0 -14.0897 -4.7727 -8.7122 -14.1638 -4.7156 -8.8073 -13.6187 -4.7156 -8.8073 -13.6928 -4.7727 -8.7122
4 0 -14.1638 -4.7156 -8.8073 -14.2747 -4.6775 -8.8708 -13.5078 -4.6775 -8.8708 -13.6187 -4.7156 -8.8073
4 0 -14.2747 -4.6775 -8.8708 -14.4056 -4.6641 -8.8931 -13.3769 -4.6641 -8.8931 -13.5078 -4.6775 -8.8708
4 0 -14.0897 -5.9554 -6.741 -14.0637 -5.8881 -6.8532 -13.7188 -5.8881 -6.8532 -13.6928 -5.9554 -6.741
4 0 -14.1638 -6.0125 -6.6459 -14.0897 -5.9554 -6.741 -13.6928 -5.9554 -6.741 -13.6187 -6.0125 -6.6459
4 0 -14.2747 -6.0506 -6.5823 -14.1638 -6.0125 -6.6459 -13.6187 -6.0125 -6.6459 -13.5078 -6.0506 -6.5823
4 0 -14.4056 -6.064 -6.56 -14.2747 -6.0506 -6.5823 -13.5078 -6.0506 -6.5823 -13.3769 -6.064 -6.56
4 14 -14.3262 -5.8901 -6.8498 -16.2974 -5.8901 -6.8498 -16.2974 -4.8276 -8.6207 -14.3262 -4.8276 -8.6207
4 14 -14.3262 -5.8901 -6.8498 -14.0637 -5.8881 -6.8532 -14.0897 -5.9554 -6.741 -14.1638 -6.0125 -6.6459
4 14 -14.3262 -5.8901 -6.8498 -14.1638 -6.0125 -6.6459 -14.2747 -6.0506 -6.5823 -14.4056 -6.064 -6.56
4 14 -16.316 -6.064 -6.56 -16.2974 -5.8901 -6.8498 -14.3262 -5.8901 -6.8498 -14.4056 -6.064 -6.56
4 14 -16.4469 -6.0506 -6.5823 -16.5578 -6.0125 -6.6459 -16.2974 -5.8901 -6.8498 -16.316 -6.064 -6.56
4 14 -16.6319 -5.9554 -6.741 -16.6579 -5.8881 -6.8532 -16.2974 -5.8901 -6.8498 -16.5578 -6.0125 -6.6459
4 14 -16.6579 -5.8881 -6.8532 -16.6579 -4.84 -8.6 -16.2974 -4.8276 -8.6207 -16.2974 -5.8901 -6.8498
4 14 -16.2974 -4.8276 -8.6207 -16.6579 -4.84 -8.6 -16.6319 -4.7727 -8.7122 -16.5578 -4.7156 -8.8073
4 14 -16.2974 -4.8276 -8.6207 -16.5578 -4.7156 -8.8073 -16.4469 -4.6775 -8.8708 -16.316 -4.6641 -8.8931
4 14 -16.2974 -4.8276 -8.6207 -16.316 -4.6641 -8.8931 -14.4056 -4.6641 -8.8931 -14.3262 -4.8276 -8.6207
4 14 -14.3262 -5.8901 -6.8498 -14.3262 -4.8276 -8.6207 -14.0637 -4.84 -8.6 -14.0637 -5.8881 -6.8532
4 14 -14.0897 -4.7727 -8.7122 -14.0637 -4.84 -8.6 -14.3262 -4.8276 -8.6207 -14.1638 -4.7156 -8.8073
4 14 -14.4056 -4.6641 -8.8931 -14.2747 -4.6775 -8.8708 -14.1638 -4.7156 -8.8073 -14.3262 -4.8276 -8.6207
4 14 -11.7614 -5.8881 -6.8532 -13.7188 -5.8881 -6.8532 -13.7188 -4.84 -8.6 -11.7614 -4.84 -8.6
4 14 -13.6928 -5.9554 -6.741 -13.7188 -5.8881 -6.8532 -11.7614 -5.8881 -6.8532 -11.7874 -5.9554 -6.741
4 14 -13.6187 -6.0125 -6.6459 -13.6928 -5.9554 -6.741 -11.7874 -5.9554 -6.741 -11.8615 -6.0125 -6.6459
4 14 -13.5078 -6.0506 -6.5823 -13.6187 -6.0125 -6.6459 -11.8615 -6.0125 -6.6459 -11.9725 -6.0506 -6.5823
4 14 -13.3769 -6.064 -6.56 -13.5078 -6.0506 -6.5823 -11.9725 -6.0506 -6.5823 -12.1033 -6.064 -6.56
4 14 -13.7188 -4.84 -8.6 -13.6928 -4.7727 -8.7122 -11.7874 -4.7727 -8.7122 -11.7614 -4.84 -8.6
4 14 -13.6187 -4.7156 -8.8073 -11.8615 -4.7156 -8.8073 -11.7874 -4.7727 -8.7122 -13.6928 -4.7727 -8.7122
4 14 -13.6187 -4.7156 -8.8073 -13.5078 -4.6775 -8.8708 -11.9725 -4.6775 -8.8708 -11.8615 -4.7156 -8.8073
4 14 -13.5078 -4.6775 -8.8708 -13.3769 -4.6641 -8.8931 -12.1033 -4.6641 -8.8931 -11.9725 -4.6775 -8.8708
4 14 -11.7114 -6.064 -6.56 -11.5806 -6.0506 -6.5823 -10.9928 -6.0506 -6.5823 -11.1236 -6.064 -6.56
4 14 -11.5806 -6.0506 -6.5823 -11.4696 -6.0125 -6.6459 -10.8818 -6.0125 -6.6459 -10.9928 -6.0506 -6.5823
4 14 -11.4696 -6.0125 -6.6459 -11.3955 -5.9554 -6.741 -10.8077 -5.9554 -6.741 -10.8818 -6.0125 -6.6459
4 14 -10.8077 -5.9554 -6.741 -11.3955 -5.9554 -6.741 -11.3695 -5.8881 -6.8532 -10.7817 -5.8881 -6.8532
4 14 -10.7817 -5.8881 -6.8532 -11.3695 -5.8881 -6.8532 -11.3695 -4.84 -8.6 -10.7817 -4.84 -8.6
4 14 -11.3695 -4.84 -8.6 -11.3955 -4.7727 -8.7122 -10.8077 -4.7727 -8.7122 -10.7817 -4.84 -8.6
4 14 -11.3955 -4.7727 -8.7122 -11.4696 -4.7156 -8.8073 -10.8818 -4.7156 -8.8073 -10.8077 -4.7727 -8.7122
4 14 -11.4696 -4.7156 -8.8073 -11.5806 -4.6775 -8.8708 -10.9928 -4.6775 -8.8708 -10.8818 -4.7156 -8.8073
4 14 -11.5806 -4.6775 -8.8708 -11.7114 -4.6641 -8.8931 -11.1236 -4.6641 -8.8931 -10.9928 -4.6775 -8.8708
4 0 -16.6099 -6.4879 -5.8535 -16.9061 -6.4576 -5.904 -16.4469 -6.0506 -6.5823 -16.316 -6.064 -6.56
3 0 -16.6099 -6.4879 -5.8535 -16.316 -6.064 -6.56 -14.4056 -6.064 -6.56
4 0 -16.6099 -6.4879 -5.8535 -14.4056 -6.064 -6.56 -13.3769 -6.064 -6.56 -10.7317 -6.4879 -5.8535
4 0 -16.5578 -6.0125 -6.6459 -16.4469 -6.0506 -6.5823 -16.9061 -6.4576 -5.904 -17.1572 -6.3713 -6.0479
4 0 -16.5578 -6.0125 -6.6459 -17.1572 -6.3713 -6.0479 -17.325 -6.2421 -6.2632 -16.6319 -5.9554 -6.741
4 0 -16.6319 -5.9554 -6.741 -17.325 -6.2421 -6.2632 -17.3839 -6.0897 -6.5171 -16.6579 -5.8881 -6.8532
4 0 -16.6579 -4.84 -8.6 -16.6579 -5.8881 -6.8532 -17.3839 -6.0897 -6.5171 -17.3839 -4.6784 -8.8694
4 0 -16.6319 -4.7727 -8.7122 -16.6579 -4.84 -8.6 -17.3839 -4.6784 -8.8694 -17.325 -4.526 -9.1234
4 0 -16.5578 -4.7156 -8.8073 -16.6319 -4.7727 -8.7122 -17.325 -4.526 -9.1234 -17.1572 -4.3968 -9.3387
4 0 -16.5578 -4.7156 -8.8073 -17.1572 -4.3968 -9.3387 -16.9061 -4.3105 -9.4825 -16.4469 -4.6775 -8.8708
4 0 -16.4469 -4.6775 -8.8708 -16.9061 -4.3105 -9.4825 -16.6099 -4.2802 -9.533 -16.316 -4.6641 -8.8931
3 0 -14.4056 -4.6641 -8.8931 -16.316 -4.6641 -8.8931 -16.6099 -4.2802 -9.533
4 0 -13.3769 -4.6641 -8.8931 -14.4056 -4.6641 -8.8931 -16.6099 -4.2802 -9.533 -10.7317 -4.2802 -9.533
3 0 -13.3769 -4.6641 -8.8931 -10.7317 -4.2802 -9.533 -12.1033 -4.6641 -8.8931
3 0 -12.1033 -4.6641 -8.8931 -10.7317 -4.2802 -9.533 -11.7114 -4.6641 -8.8931
4 0 -11.1236 -4.6641 -8.8931 -11.7114 -4.6641 -8.8931 -10.7317 -4.2802 -9.533 -10.4355 -4.3105 -9.4825
4 0 -10.9928 -4.6775 -8.8708 -11.1236 -4.6641 -8.8931 -10.4355 -4.3105 -9.4825 -10.1844 -4.3968 -9.3387
4 0 -10.9928 -4.6775 -8.8708 -10.1844 -4.3968 -9.3387 -10.0167 -4.526 -9.1234 -10.8818 -4.7156 -8.8073
4 0 -10.8077 -4.7727 -8.7122 -10.8818 -4.7156 -8.8073 -10.0167 -4.526 -9.1234 -9.9578 -4.6784 -8.8694
3 0 -10.7817 -4.84 -8.6 -10.8077 -4.7727 -8.7122 -9.9578 -4.6784 -8.8694
4 0 -10.7817 -5.8881 -6.8532 -10.7817 -4.84 -8.6 -9.9578 -4.6784 -8.8694 -9.9578 -6.0897 -6.5171
4 0 -10.0167 -6.2421 -6.2632 -10.8077 -5.9554 -6.741 -10.7817 -5.8881 -6.8532 -9.9578 -6.0897 -6.5171
4 0 -10.0167 -6.2421 -6.2632 -10.1844 -6.3713 -6.0479 -10.8818 -6.0125 -6.6459 -10.8077 -5.9554 -6.741
4 0 -10.4355 -6.4576 -5.904 -10.9928 -6.0506 -6.5823 -10.8818 -6.0125 -6.6459 -10.1844 -6.3713 -6.0479
4 0 -11.1236 -6.064 -6.56 -10.9928 -6.0506 -6.5823 -10.4355 -6.4576 -5.904 -10.7317 -6.4879 -5.8535
3 0 -10.7317 -6.4879 -5.8535 -11.7114 -6.064 -6.56 -11.1236 -6.064 -6.56
3 0 -10.7317 -6.4879 -5.8535 -12.1033 -6.064 -6.56 -11.7114 -6.064 -6.56
3 0 -10.7317 -6.4879 -5.8535 -13.3769 -6.064 -6.56 -12.1033 -6.064 -6.56
4 0 -2.8151 -4.84 -8.6 -2.8151 -5.8881 -6.8532 -3.1599 -5.8881 -6.8532 -3.1599 -4.84 -8.6
4 0 -5.1174 -4.84 -8.6 -5.1174 -5.8881 -6.8532 -5.5092 -5.8881 -6.8532 -5.5092 -4.84 -8.6
4 0 -5.1174 -5.8881 -6.8532 -5.0913 -5.9554 -6.741 -5.4832 -5.9554 -6.741 -5.5092 -5.8881 -6.8532
4 0 -5.4832 -5.9554 -6.741 -5.0913 -5.9554 -6.741 -5.0172 -6.0125 -6.6459 -5.4091 -6.0125 -6.6459
4 0 -5.4091 -6.0125 -6.6459 -5.0172 -6.0125 -6.6459 -4.9063 -6.0506 -6.5823 -5.2982 -6.0506 -6.5823
4 0 -5.2982 -6.0506 -6.5823 -4.9063 -6.0506 -6.5823 -4.7754 -6.064 -6.56 -5.1673 -6.064 -6.56
4 0 -5.4832 -4.7727 -8.7122 -5.0913 -4.7727 -8.7122 -5.1174 -4.84 -8.6 -5.5092 -4.84 -8.6
4 0 -5.4091 -4.7156 -8.8073 -5.0172 -4.7156 -8.8073 -5.0913 -4.7727 -8.7122 -5.4832 -4.7727 -8.7122
4 0 -5.2982 -4.6775 -8.8708 -4.9063 -4.6775 -8.8708 -5.0172 -4.7156 -8.8073 -5.4091 -4.7156 -8.8073
4 0 -5.1673 -4.6641 -8.8931 -4.7754 -4.6641 -8.8931 -4.9063 -4.6775 -8.8708 -5.2982 -4.6775 -8.8708
4 0 -3.1859 -4.7727 -8.7122 -2.789 -4.7727 -8.7122 -2.8151 -4.84 -8.6 -3.1599 -4.84 -8.6
4 0 -3.2601 -4.7156 -8.8073 -2.7149 -4.7156 -8.8073 -2.789 -4.7727 -8.7122 -3.1859 -4.7727 -8.7122
4 0 -3.371 -4.6775 -8.8708 -2.604 -4.6775 -8.8708 -2.7149 -4.7156 -8.8073 -3.2601 -4.7156 -8.8073
4 0 -3.5018 -4.6641 -8.8931 -2.4731 -4.6641 -8.8931 -2.604 -4.6775 -8.8708 -3.371 -4.6775 -8.8708
4 0 -3.1599 -5.8881 -6.8532 -2.8151 -5.8881 -6.8532 -2.789 -5.9554 -6.741 -3.1859 -5.9554 -6.741
4 0 -3.1859 -5.9554 -6.741 -2.789 -5.9554 -6.741 -2.7149 -6.0125 -6.6459 -3.2601 -6.0125 -6.6459
4 0 -3.2601 -6.0125 -6.6459 -2.7149 -6.0125 -6.6459 -2.604 -6.0506 -6.5823 -3.371 -6.0506 -6.5823
4 0 -3.371 -6.0506 -6.5823 -2.604 -6.0506 -6.5823 -2.4731 -6.064 -6.56 -3.5018 -6.064 -6.56
4 14 -0.5813 -4.8276 -8.6207 -0.5813 -5.8901 -6.8498 -2.5525 -5.8901 -6.8498 -2.5525 -4.8276 -8.6207
4 14 -2.789 -5.9554 -6.741 -2.8151 -5.8881 -6.8532 -2.5525 -5.8901 -6.8498 -2.7149 -6.0125 -6.6459
4 14 -2.604 -6.0506 -6.5823 -2.7149 -6.0125 -6.6459 -2.5525 -5.8901 -6.8498 -2.4731 -6.064 -6.56
4 14 -2.5525 -5.8901 -6.8498 -0.5813 -5.8901 -6.8498 -0.5627 -6.064 -6.56 -2.4731 -6.064 -6.56
4 14 -0.5813 -5.8901 -6.8498 -0.321 -6.0125 -6.6459 -0.4319 -6.0506 -6.5823 -0.5627 -6.064 -6.56
4 14 -0.5813 -5.8901 -6.8498 -0.2208 -5.8881 -6.8532 -0.2468 -5.9554 -6.741 -0.321 -6.0125 -6.6459
4 14 -0.5813 -4.8276 -8.6207 -0.2208 -4.84 -8.6 -0.2208 -5.8881 -6.8532 -0.5813 -5.8901 -6.8498
4 14 -0.2468 -4.7727 -8.7122 -0.2208 -4.84 -8.6 -0.5813 -4.8276 -8.6207 -0.321 -4.7156 -8.8073
4 14 -0.4319 -4.6775 -8.8708 -0.321 -4.7156 -8.8073 -0.5813 -4.8276 -8.6207 -0.5627 -4.6641 -8.8931
4 14 -2.4731 -4.6641 -8.8931 -0.5627 -4.6641 -8.8931 -0.5813 -4.8276 -8.6207 -2.5525 -4.8276 -8.6207
4 14 -2.8151 -4.84 -8.6 -2.5525 -4.8276 -8.6207 -2.5525 -5.8901 -6.8498 -2.8151 -5.8881 -6.8532
4 14 -2.5525 -4.8276 -8.6207 -2.8151 -4.84 -8.6 -2.789 -4.7727 -8.7122 -2.7149 -4.7156 -8.8073
4 14 -2.7149 -4.7156 -8.8073 -2.604 -4.6775 -8.8708 -2.4731 -4.6641 -8.8931 -2.5525 -4.8276 -8.6207
4 14 -3.1599 -4.84 -8.6 -3.1599 -5.8881 -6.8532 -5.1174 -5.8881 -6.8532 -5.1174 -4.84 -8.6
4 14 -5.1174 -5.8881 -6.8532 -3.1599 -5.8881 -6.8532 -3.1859 -5.9554 -6.741 -5.0913 -5.9554 -6.741
4 14 -5.0913 -5.9554 -6.741 -3.1859 -5.9554 -6.741 -3.2601 -6.0125 -6.6459 -5.0172 -6.0125 -6.6459
4 14 -5.0172 -6.0125 -6.6459 -3.2601 -6.0125 -6.6459 -3.371 -6.0506 -6.5823 -4.9063 -6.0506 -6.5823
4 14 -4.9063 -6.0506 -6.5823 -3.371 -6.0506 -6.5823 -3.5018 -6.064 -6.56 -4.7754 -6.064 -6.56
4 14 -5.0913 -4.7727 -8.7122 -3.1859 -4.7727 -8.7122 -3.1599 -4.84 -8.6 -5.1174 -4.84 -8.6
4 14 -5.0913 -4.7727 -8.7122 -5.0172 -4.7156 -8.8073 -3.2601 -4.7156 -8.8073 -3.1859 -4.7727 -8.7122
4 14 -4.9063 -4.6775 -8.8708 -3.371 -4.6775 -8.8708 -3.2601 -4.7156 -8.8073 -5.0172 -4.7156 -8.8073
4 14 -4.7754 -4.6641 -8.8931 -3.5018 -4.6641 -8.8931 -3.371 -4.6775 -8.8708 -4.9063 -4.6775 -8.8708
4 14 -5.886 -6.0506 -6.5823 -5.2982 -6.0506 -6.5823 -5.1673 -6.064 -6.56 -5.7551 -6.064 -6.56
4 14 -5.9969 -6.0125 -6.6459 -5.4091 -6.0125 -6.6459 -5.2982 -6.0506 -6.5823 -5.886 -6.0506 -6.5823
4 14 -6.071 -5.9554 -6.741 -5.4832 -5.9554 -6.741 -5.4091 -6.0125 -6.6459 -5.9969 -6.0125 -6.6459
4 14 -5.5092 -5.8881 -6.8532 -5.4832 -5.9554 -6.741 -6.071 -5.9554 -6.741 -6.0971 -5.8881 -6.8532
4 14 -5.5092 -4.84 -8.6 -5.5092 -5.8881 -6.8532 -6.0971 -5.8881 -6.8532 -6.0971 -4.84 -8.6
4 14 -6.071 -4.7727 -8.7122 -5.4832 -4.7727 -8.7122 -5.5092 -4.84 -8.6 -6.0971 -4.84 -8.6
4 14 -5.9969 -4.7156 -8.8073 -5.4091 -4.7156 -8.8073 -5.4832 -4.7727 -8.7122 -6.071 -4.7727 -8.7122
4 14 -5.886 -4.6775 -8.8708 -5.2982 -4.6775 -8.8708 -5.4091 -4.7156 -8.8073 -5.9969 -4.7156 -8.8073
4 14 -5.7551 -4.6641 -8.8931 -5.1673 -4.6641 -8.8931 -5.2982 -4.6775 -8.8708 -5.886 -4.6775 -8.8708
4 0 -0.4319 -6.0506 -6.5823 0.0274 -6.4576 -5.904 -0.2688 -6.4879 -5.8535 -0.5627 -6.064 -6.56
3 0 -0.2688 -6.4879 -5.8535 -2.4731 -6.064 -6.56 -0.5627 -6.064 -6.56
4 0 -3.5018 -6.064 -6.56 -2.4731 -6.064 -6.56 -0.2688 -6.4879 -5.8535 -6.147 -6.4879 -5.8535
4 0 0.0274 -6.4576 -5.904 -0.4319 -6.0506 -6.5823 -0.321 -6.0125 -6.6459 0.2785 -6.3713 -6.0479
4 0 0.4462 -6.2421 -6.2632 0.2785 -6.3713 -6.0479 -0.321 -6.0125 -6.6459 -0.2468 -5.9554 -6.741
4 0 0.5051 -6.0897 -6.5171 0.4462 -6.2421 -6.2632 -0.2468 -5.9554 -6.741 -0.2208 -5.8881 -6.8532
4 0 0.5051 -6.0897 -6.5171 -0.2208 -5.8881 -6.8532 -0.2208 -4.84 -8.6 0.5051 -4.6784 -8.8694
4 0 0.5051 -4.6784 -8.8694 -0.2208 -4.84 -8.6 -0.2468 -4.7727 -8.7122 0.4462 -4.526 -9.1234
4 0 0.4462 -4.526 -9.1234 -0.2468 -4.7727 -8.7122 -0.321 -4.7156 -8.8073 0.2785 -4.3968 -9.3387
4 0 0.0274 -4.3105 -9.4825 0.2785 -4.3968 -9.3387 -0.321 -4.7156 -8.8073 -0.4319 -4.6775 -8.8708
4 0 -0.2688 -4.2802 -9.533 0.0274 -4.3105 -9.4825 -0.4319 -4.6775 -8.8708 -0.5627 -4.6641 -8.8931
3 0 -2.4731 -4.6641 -8.8931 -0.2688 -4.2802 -9.533 -0.5627 -4.6641 -8.8931
4 0 -0.2688 -4.2802 -9.533 -2.4731 -4.6641 -8.8931 -3.5018 -4.6641 -8.8931 -6.147 -4.2802 -9.533
3 0 -3.5018 -4.6641 -8.8931 -4.7754 -4.6641 -8.8931 -6.147 -4.2802 -9.533
3 0 -4.7754 -4.6641 -8.8931 -5.1673 -4.6641 -8.8931 -6.147 -4.2802 -9.533
4 0 -6.147 -4.2802 -9.533 -5.1673 -4.6641 -8.8931 -5.7551 -4.6641 -8.8931 -6.4432 -4.3105 -9.4825
4 0 -6.4432 -4.3105 -9.4825 -5.7551 -4.6641 -8.8931 -5.886 -4.6775 -8.8708 -6.6943 -4.3968 -9.3387
4 0 -6.8621 -4.526 -9.1234 -6.6943 -4.3968 -9.3387 -5.886 -4.6775 -8.8708 -5.9969 -4.7156 -8.8073
4 0 -6.8621 -4.526 -9.1234 -5.9969 -4.7156 -8.8073 -6.071 -4.7727 -8.7122 -6.921 -4.6784 -8.8694
3 0 -6.0971 -4.84 -8.6 -6.921 -4.6784 -8.8694 -6.071 -4.7727 -8.7122
4 0 -6.921 -4.6784 -8.8694 -6.0971 -4.84 -8.6 -6.0971 -5.8881 -6.8532 -6.921 -6.0897 -6.5171
4 0 -6.0971 -5.8881 -6.8532 -6.071 -5.9554 -6.741 -6.8621 -6.2421 -6.2632 -6.921 -6.0897 -6.5171
4 0 -5.9969 -6.0125 -6.6459 -6.6943 -6.3713 -6.0479 -6.8621 -6.2421 -6.2632 -6.071 -5.9554 -6.741
4 0 -5.9969 -6.0125 -6.6459 -5.886 -6.0506 -6.5823 -6.4432 -6.4576 -5.904 -6.6943 -6.3713 -6.0479
4 0 -6.4432 -6.4576 -5.904 -5.886 -6.0506 -6.5823 -5.7551 -6.064 -6.56 -6.147 -6.4879 -5.8535
3 0 -6.147 -6.4879 -5.8535 -5.7551 -6.064 -6.56 -5.1673 -6.064 -6.56
3 0 -6.147 -6.4879 -5.8535 -5.1673 -6.064 -6.56 -4.7754 -6.064 -6.56
3 0 -6.147 -6.4879 -5.8535 -4.7754 -6.064 -6.56 -3.5018 -6.064 -6.56
4 0 5.9658 -5.3588 -7.7353 6.1012 -5.7092 -7.1513 5.7523 -5.7836 -7.0274 5.5881 -5.3588 -7.7353
4 0 6.1012 -5.0084 -8.3193 5.9658 -5.3588 -7.7353 5.5881 -5.3588 -7.7353 5.7523 -4.9341 -8.4432
4 0 6.487 -4.7114 -8.8144 6.1012 -5.0084 -8.3193 5.7523 -4.9341 -8.4432 6.22 -4.574 -9.0433
4 0 7.0644 -4.5129 -9.1452 6.487 -4.7114 -8.8144 6.22 -4.574 -9.0433 6.9199 -4.3334 -9.4443
4 0 7.7454 -4.4432 -9.2613 7.0644 -4.5129 -9.1452 6.9199 -4.3334 -9.4443 7.7454 -4.2489 -9.5851
4 0 8.4265 -4.5129 -9.1452 7.7454 -4.4432 -9.2613 7.7454 -4.2489 -9.5851 8.571 -4.3334 -9.4443
4 0 9.0039 -4.7114 -8.8144 8.4265 -4.5129 -9.1452 8.571 -4.3334 -9.4443 9.2709 -4.574 -9.0433
4 0 9.3896 -5.0084 -8.3193 9.0039 -4.7114 -8.8144 9.2709 -4.574 -9.0433 9.7385 -4.9341 -8.4432
4 0 9.5251 -5.3588 -7.7353 9.3896 -5.0084 -8.3193 9.7385 -4.9341 -8.4432 9.9027 -5.3588 -7.7353
4 0 9.3896 -5.7092 -7.1513 9.5251 -5.3588 -7.7353 9.9027 -5.3588 -7.7353 9.7385 -5.7836 -7.0274
4 0 9.0039 -6.0063 -6.6562 9.3896 -5.7092 -7.1513 9.7385 -5.7836 -7.0274 9.2709 -6.1437 -6.4272
4 0 8.4265 -6.2048 -6.3254 9.0039 -6.0063 -6.6562 9.2709 -6.1437 -6.4272 8.571 -6.3843 -6.0262
4 0 7.7454 -6.2745 -6.2092 8.4265 -6.2048 -6.3254 8.571 -6.3843 -6.0262 7.7454 -6.4688 -5.8854
4 0 7.0644 -6.2048 -6.3254 7.7454 -6.2745 -6.2092 7.7454 -6.4688 -5.8854 6.9199 -6.3843 -6.0262
4 0 6.487 -6.0063 -6.6562 7.0644 -6.2048 -6.3254 6.9199 -6.3843 -6.0262 6.22 -6.1437 -6.4272
4 0 6.1012 -5.7092 -7.1513 6.487 -6.0063 -6.6562 6.22 -6.1437 -6.4272 5.7523 -5.7836 -7.0274
4 15 7.6475 -5.6613 -7.2312 6.9134 -5.8177 -6.9705 6.8529 -5.6613 -7.2312 6.9134 -5.5048 -7.4919
4 15 7.6475 -5.6613 -7.2312 6.9134 -5.5048 -7.4919 7.0856 -5.3722 -7.713 7.3434 -5.2836 -7.8607
4 15 7.6475 -5.6613 -7.2312 7.3434 -5.2836 -7.8607 7.6475 -5.2525 -7.9125 7.9515 -5.2836 -7.8607
4 15 7.6475 -5.6613 -7.2312 7.9515 -5.2836 -7.8607 8.2093 -5.3722 -7.713 8.3815 -5.5048 -7.4919
4 15 7.6475 -5.6613 -7.2312 8.3815 -5.5048 -7.4919 8.442 -5.6613 -7.2312 8.3815 -5.8177 -6.9705
4 15 7.6475 -5.6613 -7.2312 8.3815 -5.8177 -6.9705 8.2093 -5.9503 -6.7495 7.9515 -6.0389 -6.6018
4 15 7.6475 -5.6613 -7.2312 7.9515 -6.0389 -6.6018 7.6475 -6.0701 -6.5499 7.3434 -6.0389 -6.6018
4 15 7.6475 -5.6613 -7.2312 7.3434 -6.0389 -6.6018 7.0856 -5.9503 -6.7495 6.9134 -5.8177 -6.9705
4 14 7.0644 -6.2048 -6.3254 7.3434 -6.0389 -6.6018 7.6475 -6.0701 -6.5499 7.7454 -6.2745 -6.2092
4 14 7.7454 -6.2745 -6.2092 7.6475 -6.0701 -6.5499 7.9515 -6.0389 -6.6018 8.4265 -6.2048 -6.3254
4 14 8.4265 -6.2048 -6.3254 7.9515 -6.0389 -6.6018 8.2093 -5.9503 -6.7495 9.0039 -6.0063 -6.6562
4 14 9.0039 -6.0063 -6.6562 8.2093 -5.9503 -6.7495 8.3815 -5.8177 -6.9705 9.3896 -5.7092 -7.1513
4 14 9.3896 -5.7092 -7.1513 8.3815 -5.8177 -6.9705 8.442 -5.6613 -7.2312 9.5251 -5.3588 -7.7353
4 14 9.5251 -5.3588 -7.7353 8.442 -5.6613 -7.2312 8.3815 -5.5048 -7.4919 9.3896 -5.0084 -8.3193
4 14 9.3896 -5.0084 -8.3193 8.3815 -5.5048 -7.4919 8.2093 -5.3722 -7.713 9.0039 -4.7114 -8.8144
3 14 8.2093 -5.3722 -7.713 7.9515 -5.2836 -7.8607 9.0039 -4.7114 -8.8144
4 14 7.6475 -5.2525 -7.9125 8.4265 -4.5129 -9.1452 9.0039 -4.7114 -8.8144 7.9515 -5.2836 -7.8607
4 14 7.7454 -4.4432 -9.2613 8.4265 -4.5129 -9.1452 7.6475 -5.2525 -7.9125 7.0644 -4.5129 -9.1452
4 14 7.0644 -4.5129 -9.1452 7.6475 -5.2525 -7.9125 7.3434 -5.2836 -7.8607 6.487 -4.7114 -8.8144
4 14 6.487 -4.7114 -8.8144 7.3434 -5.2836 -7.8607 7.0856 -5.3722 -7.713 6.1012 -5.0084 -8.3193
4 14 7.0644 -6.2048 -6.3254 6.487 -6.0063 -6.6562 7.0856 -5.9503 -6.7495 7.3434 -6.0389 -6.6018
4 14 6.487 -6.0063 -6.6562 6.1012 -5.7092 -7.1513 6.9134 -5.8177 -6.9705 7.0856 -5.9503 -6.7495
3 14 6.9134 -5.8177 -6.9705 6.1012 -5.7092 -7.1513 6.8529 -5.6613 -7.2312
4 14 6.1012 -5.7092 -7.1513 5.9658 -5.3588 -7.7353 6.9134 -5.5048 -7.4919 6.8529 -5.6613 -7.2312
4 14 6.9134 -5.5048 -7.4919 5.9658 -5.3588 -7.7353 6.1012 -5.0084 -8.3193 7.0856 -5.3722 -7.713
4 0 10.6683 -5.3588 -7.7353 10.8038 -5.7092 -7.1513 10.4549 -5.7836 -7.0274 10.2907 -5.3588 -7.7353
4 0 10.8038 -5.0084 -8.3193 10.6683 -5.3588 -7.7353 10.2907 -5.3588 -7.7353 10.4549 -4.9341 -8.4432
4 0 11.1896 -4.7114 -8.8144 10.8038 -5.0084 -8.3193 10.4549 -4.9341 -8.4432 10.9226 -4.574 -9.0433
4 0 11.7669 -4.5129 -9.1452 11.1896 -4.7114 -8.8144 10.9226 -4.574 -9.0433 11.6224 -4.3334 -9.4443
4 0 12.448 -4.4432 -9.2613 11.7669 -4.5129 -9.1452 11.6224 -4.3334 -9.4443 12.448 -4.2489 -9.5851
4 0 13.129 -4.5129 -9.1452 12.448 -4.4432 -9.2613 12.448 -4.2489 -9.5851 13.2736 -4.3334 -9.4443
4 0 13.7064 -4.7114 -8.8144 13.129 -4.5129 -9.1452 13.2736 -4.3334 -9.4443 13.9734 -4.574 -9.0433
4 0 14.0922 -5.0084 -8.3193 13.7064 -4.7114 -8.8144 13.9734 -4.574 -9.0433 14.4411 -4.9341 -8.4432
4 0 14.2277 -5.3588 -7.7353 14.0922 -5.0084 -8.3193 14.4411 -4.9341 -8.4432 14.6053 -5.3588 -7.7353
4 0 14.0922 -5.7092 -7.1513 14.2277 -5.3588 -7.7353 14.6053 -5.3588 -7.7353 14.4411 -5.7836 -7.0274
4 0 13.7064 -6.0063 -6.6562 14.0922 -5.7092 -7.1513 14.4411 -5.7836 -7.0274 13.9734 -6.1437 -6.4272
4 0 13.129 -6.2048 -6.3254 13.7064 -6.0063 -6.6562 13.9734 -6.1437 -6.4272 13.2736 -6.3843 -6.0262
4 0 12.448 -6.2745 -6.2092 13.129 -6.2048 -6.3254 13.2736 -6.3843 -6.0262 12.448 -6.4688 -5.8854
4 0 11.7669 -6.2048 -6.3254 12.448 -6.2745 -6.2092 12.448 -6.4688 -5.8854 11.6224 -6.3843 -6.0262
4 0 11.1896 -6.0063 -6.6562 11.7669 -6.2048 -6.3254 11.6224 -6.3843 -6.0262 10.9226 -6.1437 -6.4272
4 0 10.8038 -5.7092 -7.1513 11.1896 -6.0063 -6.6562 10.9226 -6.1437 -6.4272 10.4549 -5.7836 -7.0274
4 15 12.35 -5.6613 -7.2312 11.616 -5.8177 -6.9705 11.5555 -5.6613 -7.2312 11.616 -5.5048 -7.4919
4 15 12.35 -5.6613 -7.2312 11.616 -5.5048 -7.4919 11.7882 -5.3722 -7.713 12.046 -5.2836 -7.8607
4 15 12.35 -5.6613 -7.2312 12.046 -5.2836 -7.8607 12.35 -5.2525 -7.9125 12.6541 -5.2836 -7.8607
4 15 12.35 -5.6613 -7.2312 12.6541 -5.2836 -7.8607 12.9118 -5.3722 -7.713 13.0841 -5.5048 -7.4919
4 15 12.35 -5.6613 -7.2312 13.0841 -5.5048 -7.4919 13.1446 -5.6613 -7.2312 13.0841 -5.8177 -6.9705
4 15 12.35 -5.6613 -7.2312 13.0841 -5.8177 -6.9705 12.9118 -5.9503 -6.7495 12.6541 -6.0389 -6.6018
4 15 12.35 -5.6613 -7.2312 12.6541 -6.0389 -6.6018 12.35 -6.0701 -6.5499 12.046 -6.0389 -6.6018
4 15 12.35 -5.6613 -7.2312 12.046 -6.0389 -6.6018 11.7882 -5.9503 -6.7495 11.616 -5.8177 -6.9705
4 14 11.7669 -6.2048 -6.3254 12.046 -6.0389 -6.6018 12.35 -6.0701 -6.5499 12.448 -6.2745 -6.2092
4 14 12.448 -6.2745 -6.2092 12.35 -6.0701 -6.5499 12.6541 -6.0389 -6.6018 13.129 -6.2048 -6.3254
4 14 13.129 -6.2048 -6.3254 12.6541 -6.0389 -6.6018 12.9118 -5.9503 -6.7495 13.7064 -6.0063 -6.6562
4 14 13.7064 -6.0063 -6.6562 12.9118 -5.9503 -6.7495 13.0841 -5.8177 -6.9705 14.0922 -5.7092 -7.1513
4 14 14.0922 -5.7092 -7.1513 13.0841 -5.8177 -6.9705 13.1446 -5.6613 -7.2312 14.2277 -5.3588 -7.7353
4 14 14.2277 -5.3588 -7.7353 13.1446 -5.6613 -7.2312 13.0841 -5.5048 -7.4919 14.0922 -5.0084 -8.3193
4 14 14.0922 -5.0084 -8.3193 13.0841 -5.5048 -7.4919 12.9118 -5.3722 -7.713 13.7064 -4.7114 -8.8144
3 14 12.9118 -5.3722 -7.713 12.6541 -5.2836 -7.8607 13.7064 -4.7114 -8.8144
4 14 12.35 -5.2525 -7.9125 13.129 -4.5129 -9.1452 13.7064 -4.7114 -8.8144 12.6541 -5.2836 -7.8607
4 14 12.448 -4.4432 -9.2613 13.129 -4.5129 -9.1452 12.35 -5.2525 -7.9125 11.7669 -4.5129 -9.1452
4 14 11.7669 -4.5129 -9.1452 12.35 -5.2525 -7.9125 12.046 -5.2836 -7.8607 11.1896 -4.7114 -8.8144
4 14 11.1896 -4.7114 -8.8144 12.046 -5.2836 -7.8607 11.7882 -5.3722 -7.713 10.8038 -5.0084 -8.3193
4 14 11.7669 -6.2048 -6.3254 11.1896 -6.0063 -6.6562 11.7882 -5.9503 -6.7495 12.046 -6.0389 -6.6018
4 14 11.1896 -6.0063 -6.6562 10.8038 -5.7092 -7.1513 11.616 -5.8177 -6.9705 11.7882 -5.9503 -6.7495
3 14 11.616 -5.8177 -6.9705 10.8038 -5.7092 -7.1513 11.5555 -5.6613 -7.2312
4 14 10.8038 -5.7092 -7.1513 10.6683 -5.3588 -7.7353 11.616 -5.5048 -7.4919 11.5555 -5.6613 -7.2312
4 14 11.616 -5.5048 -7.4919 10.6683 -5.3588 -7.7353 10.8038 -5.0084 -8.3193 11.7882 -5.3722 -7.713
4 0 15.3219 -5.3588 -7.7353 15.4574 -5.7092 -7.1513 15.1085 -5.7836 -7.0274 14.9443 -5.3588 -7.7353
4 0 15.4574 -5.0084 -8.3193 15.3219 -5.3588 -7.7353 14.9443 -5.3588 -7.7353 15.1085 -4.9341 -8.4432
4 0 15.8431 -4.7114 -8.8144 15.4574 -5.0084 -8.3193 15.1085 -4.9341 -8.4432 15.5761 -4.574 -9.0433
4 0 16.4205 -4.5129 -9.1452 15.8431 -4.7114 -8.8144 15.5761 -4.574 -9.0433 16.276 -4.3334 -9.4443
4 0 17.1016 -4.4432 -9.2613 16.4205 -4.5129 -9.1452 16.276 -4.3334 -9.4443 17.1016 -4.2489 -9.5851
4 0 17.7826 -4.5129 -9.1452 17.1016 -4.4432 -9.2613 17.1016 -4.2489 -9.5851 17.9271 -4.3334 -9.4443
4 0 18.36 -4.7114 -8.8144 17.7826 -4.5129 -9.1452 17.9271 -4.3334 -9.4443 18.627 -4.574 -9.0433
4 0 18.7458 -5.0084 -8.3193 18.36 -4.7114 -8.8144 18.627 -4.574 -9.0433 19.0947 -4.9341 -8.4432
4 0 18.8812 -5.3588 -7.7353 18.7458 -5.0084 -8.3193 19.0947 -4.9341 -8.4432 19.2589 -5.3588 -7.7353
4 0 18.7458 -5.7092 -7.1513 18.8812 -5.3588 -7.7353 19.2589 -5.3588 -7.7353 19.0947 -5.7836 -7.0274
4 0 18.36 -6.0063 -6.6562 18.7458 -5.7092 -7.1513 19.0947 -5.7836 -7.0274 18.627 -6.1437 -6.4272
4 0 17.7826 -6.2048 -6.3254 18.36 -6.0063 -6.6562 18.627 -6.1437 -6.4272 17.9271 -6.3843 -6.0262
4 0 17.1016 -6.2745 -6.2092 17.7826 -6.2048 -6.3254 17.9271 -6.3843 -6.0262 17.1016 -6.4688 -5.8854
4 0 16.4205 -6.2048 -6.3254 17.1016 -6.2745 -6.2092 17.1016 -6.4688 -5.8854 16.276 -6.3843 -6.0262
4 0 15.8431 -6.0063 -6.6562 16.4205 -6.2048 -6.3254 16.276 -6.3843 -6.0262 15.5761 -6.1437 -6.4272
4 0 15.4574 -5.7092 -7.1513 15.8431 -6.0063 -6.6562 15.5761 -6.1437 -6.4272 15.1085 -5.7836 -7.0274
4 15 17.0036 -5.6613 -7.2312 16.2695 -5.8177 -6.9705 16.2091 -5.6613 -7.2312 16.2695 -5.5048 -7.4919
4 15 17.0036 -5.6613 -7.2312 16.2695 -5.5048 -7.4919 16.4418 -5.3722 -7.713 16.6995 -5.2836 -7.8607
4 15 17.0036 -5.6613 -7.2312 16.6995 -5.2836 -7.8607 17.0036 -5.2525 -7.9125 17.3077 -5.2836 -7.8607
4 15 17.0036 -5.6613 -7.2312 17.3077 -5.2836 -7.8607 17.5654 -5.3722 -7.713 17.7377 -5.5048 -7.4919
4 15 17.0036 -5.6613 -7.2312 17.7377 -5.5048 -7.4919 17.7981 -5.6613 -7.2312 17.7377 -5.8177 -6.9705
4 15 17.0036 -5.6613 -7.2312 17.7377 -5.8177 -6.9705 17.5654 -5.9503 -6.7495 17.3077 -6.0389 -6.6018
4 15 17.0036 -5.6613 -7.2312 17.3077 -6.0389 -6.6018 17.0036 -6.0701 -6.5499 16.6995 -6.0389 -6.6018
4 15 17.0036 -5.6613 -7.2312 16.6995 -6.0389 -6.6018 16.4418 -5.9503 -6.7495 16.2695 -5.8177 -6.9705
4 14 16.4205 -6.2048 -6.3254 16.6995 -6.0389 -6.6018 17.0036 -6.0701 -6.5499 17.1016 -6.2745 -6.2092
4 14 17.1016 -6.2745 -6.2092 17.0036 -6.0701 -6.5499 17.3077 -6.0389 -6.6018 17.7826 -6.2048 -6.3254
4 14 17.7826 -6.2048 -6.3254 17.3077 -6.0389 -6.6018 17.5654 -5.9503 -6.7495 18.36 -6.0063 -6.6562
4 14 18.36 -6.0063 -6.6562 17.5654 -5.9503 -6.7495 17.7377 -5.8177 -6.9705 18.7458 -5.7092 -7.1513
4 14 18.7458 -5.7092 -7.1513 17.7377 -5.8177 -6.9705 17.7981 -5.6613 -7.2312 18.8812 -5.3588 -7.7353
4 14 18.8812 -5.3588 -7.7353 17.7981 -5.6613 -7.2312 17.7377 -5.5048 -7.4919 18.7458 -5.0084 -8.3193
4 14 18.7458 -5.0084 -8.3193 17.7377 -5.5048 -7.4919 17.5654 -5.3722 -7.713 18.36 -4.7114 -8.8144
3 14 17.5654 -5.3722 -7.713 17.3077 -5.2836 -7.8607 18.36 -4.7114 -8.8144
4 14 17.0036 -5.2525 -7.9125 17.7826 -4.5129 -9.1452 18.36 -4.7114 -8.8144 17.3077 -5.2836 -7.8607
4 14 17.1016 -4.4432 -9.2613 17.7826 -4.5129 -9.1452 17.0036 -5.2525 -7.9125 16.4205 -4.5129 -9.1452
4 14 16.4205 -4.5129 -9.1452 17.0036 -5.2525 -7.9125 16.6995 -5.2836 -7.8607 15.8431 -4.7114 -8.8144
4 14 15.8431 -4.7114 -8.8144 16.6995 -5.2836 -7.8607 16.4418 -5.3722 -7.713 15.4574 -5.0084 -8.3193
4 14 16.4205 -6.2048 -6.3254 15.8431 -6.0063 -6.6562 16.4418 -5.9503 -6.7495 16.6995 -6.0389 -6.6018
4 14 15.8431 -6.0063 -6.6562 15.4574 -5.7092 -7.1513 16.2695 -5.8177 -6.9705 16.4418 -5.9503 -6.7495
3 14 16.2695 -5.8177 -6.9705 15.4574 -5.7092 -7.1513 16.2091 -5.6613 -7.2312
4 14 15.4574 -5.7092 -7.1513 15.3219 -5.3588 -7.7353 16.2695 -5.5048 -7.4919 16.2091 -5.6613 -7.2312
4 14 16.2695 -5.5048 -7.4919 15.3219 -5.3588 -7.7353 15.4574 -5.0084 -8.3193 16.4418 -5.3722 -7.713
4 16 -6.921 -6.0897 -6.5171 -9.9578 -6.0897 -6.5171 -9.9578 -4.6784 -8.8694 -6.921 -4.6784 -8.8694
4 16 -9.9578 -4.6784 -8.8694 -10.0167 -4.526 -9.1234 -6.8621 -4.526 -9.1234 -6.921 -4.6784 -8.8694
4 16 -10.0167 -4.526 -9.1234 -10.1844 -4.3968 -9.3387 -6.6943 -4.3968 -9.3387 -6.8621 -4.526 -9.1234
4 16 -10.1844 -4.3968 -9.3387 -10.4355 -4.3105 -9.4825 -6.4432 -4.3105 -9.4825 -6.6943 -4.3968 -9.3387
4 16 -10.4355 -4.3105 -9.4825 -10.7317 -4.2802 -9.533 -6.147 -4.2802 -9.533 -6.4432 -4.3105 -9.4825
4 16 -10.7317 -6.4879 -5.8535 -10.4355 -6.4576 -5.904 -6.4432 -6.4576 -5.904 -6.147 -6.4879 -5.8535
4 16 -10.4355 -6.4576 -5.904 -10.1844 -6.3713 -6.0479 -6.6943 -6.3713 -6.0479 -6.4432 -6.4576 -5.904
4 16 -10.1844 -6.3713 -6.0479 -10.0167 -6.2421 -6.2632 -6.8621 -6.2421 -6.2632 -6.6943 -6.3713 -6.0479
4 16 -10.0167 -6.2421 -6.2632 -9.9578 -6.0897 -6.5171 -6.921 -6.0897 -6.5171 -6.8621 -6.2421 -6.2632
4 4 -16.8578 -12.7481 4.5801 -17.91 -12.7481 4.5801 -17.91 -11.3165 2.1942 -16.8578 -11.3165 2.1942
4 4 -14.8494 -12.7481 4.5801 -15.9016 -12.7481 4.5801 -15.9016 -11.3165 2.1942 -14.8494 -11.3165 2.1942
4 4 -12.89 -12.7481 4.5801 -13.9422 -12.7481 4.5801 -13.9422 -11.3165 2.1942 -12.89 -11.3165 2.1942
4 4 -10.7836 -12.7481 4.5801 -11.8358 -12.7481 4.5801 -11.8358 -11.3165 2.1942 -10.7836 -11.3165 2.1942
4 320 -15.9016 -12.7481 4.5801 -16.8578 -12.7481 4.5801 -16.8578 -11.3165 2.1942 -15.9016 -11.3165 2.1942
4 320 -13.9422 -12.7481 4.5801 -14.8494 -12.7481 4.5801 -14.8494 -11.3165 2.1942 -13.9422 -11.3165 2.1942
4 320 -11.8358 -12.7481 4.5801 -12.89 -12.7481 4.5801 -12.89 -11.3165 2.1942 -11.8358 -11.3165 2.1942
4 4 -1.4686 -11.2762 2.127 -1.3787 -11.5086 2.5144 -2.1174 -11.6661 2.7768 -2.2681 -11.2762 2.127
4 4 -1.3787 -11.0438 1.7397 -1.4686 -11.2762 2.127 -2.2681 -11.2762 2.127 -2.1174 -10.8864 1.4773
4 4 -1.1228 -10.8468 1.4113 -1.3787 -11.0438 1.7397 -2.1174 -10.8864 1.4773 -1.6882 -10.5559 0.9265
4 4 -0.7399 -10.7151 1.1919 -1.1228 -10.8468 1.4113 -1.6882 -10.5559 0.9265 -1.0458 -10.3351 0.5585
4 4 -0.2881 -10.6689 1.1148 -0.7399 -10.7151 1.1919 -1.0458 -10.3351 0.5585 -0.2881 -10.2575 0.4292
4 4 0.1636 -10.7151 1.1919 -0.2881 -10.6689 1.1148 -0.2881 -10.2575 0.4292 0.4696 -10.3351 0.5585
4 4 0.5466 -10.8468 1.4113 0.1636 -10.7151 1.1919 0.4696 -10.3351 0.5585 1.1119 -10.5559 0.9265
4 4 0.8025 -11.0438 1.7397 0.5466 -10.8468 1.4113 1.1119 -10.5559 0.9265 1.5412 -10.8864 1.4773
4 4 0.8923 -11.2762 2.127 0.8025 -11.0438 1.7397 1.5412 -10.8864 1.4773 1.6919 -11.2762 2.127
4 4 0.8025 -11.5086 2.5144 0.8923 -11.2762 2.127 1.6919 -11.2762 2.127 1.5412 -11.6661 2.7768
4 4 0.5466 -11.7057 2.8428 0.8025 -11.5086 2.5144 1.5412 -11.6661 2.7768 1.1119 -11.9965 3.3276
4 4 0.1636 -11.8373 3.0622 0.5466 -11.7057 2.8428 1.1119 -11.9965 3.3276 0.4696 -12.2174 3.6956
4 4 -0.2881 -11.8836 3.1393 0.1636 -11.8373 3.0622 0.4696 -12.2174 3.6956 -0.2881 -12.2949 3.8249
4 4 -0.7399 -11.8373 3.0622 -0.2881 -11.8836 3.1393 -0.2881 -12.2949 3.8249 -1.0458 -12.2174 3.6956
4 4 -1.1228 -11.7057 2.8428 -0.7399 -11.8373 3.0622 -1.0458 -12.2174 3.6956 -1.6882 -11.9965 3.3276
4 4 -1.3787 -11.5086 2.5144 -1.1228 -11.7057 2.8428 -1.6882 -11.9965 3.3276 -2.1174 -11.6661 2.7768
4 4 4.532 -11.4461 2.4101 2.1415 -11.4461 2.4101 2.1415 -11.1064 1.8439 4.532 -11.1064 1.8439
4 4 -2.7178 -11.4461 2.4101 -5.1082 -11.4461 2.4101 -5.1082 -11.1064 1.8439 -2.7178 -11.1064 1.8439
4 0 -17.4063 -13.7778 6.2964 -19.5882 -13.7778 6.2964 -18.5644 -13.0974 5.1623 -16.6371 -13.0974 5.1623
4 0 -18.5644 -9.8583 -.2361 -18.5644 -13.0974 5.1623 -19.5882 -13.7778 6.2964 -19.5882 -6.9117 -5.1471
4 0 -18.5634 -7.4793 -4.2012 -19.5882 -6.9117 -5.1471 -7.2493 -6.9117 -5.1471 -7.6809 -7.4793 -4.2012
4 0 -15.5753 -15.4094 9.0157 -17.4063 -13.7778 6.2964 -16.6371 -13.0974 5.1623 -15.1099 -14.4583 7.4305
4 0 -15.5753 -15.4094 9.0157 -15.1099 -14.4583 7.4305 -14.0514 -14.4583 7.4305 -11.1772 -14.9306 8.2177
3 0 -11.1772 -14.9306 8.2177 -14.0514 -14.4583 7.4305 -11.8257 -14.3527 7.2545
4 0 -11.8257 -14.3527 7.2545 -14.0514 -14.4583 7.4305 -12.6273 -13.4119 5.6865 -11.0433 -13.7778 6.2964
4 0 -11.0433 -13.7778 6.2964 -12.6273 -13.4119 5.6865 -6.7594 -13.4119 5.6865 -7.4978 -13.7778 6.2964
4 0 -7.0435 -14.0116 6.6859 -7.4978 -13.7778 6.2964 -6.7594 -13.4119 5.6865 -5.6919 -13.9611 6.6019
4 0 -7.471 -14.2315 7.0525 -7.0435 -14.0116 6.6859 -5.6919 -13.9611 6.6019 -6.8051 -14.5339 7.5565
4 0 -9.6296 -14.5339 7.5565 -9.6263 -14.2315 7.0525 -7.471 -14.2315 7.0525 -6.8051 -14.5339 7.5565
3 0 -9.6296 -14.5339 7.5565 -9.8727 -14.3834 7.3057 -9.6263 -14.2315 7.0525
4 0 -0.9142 -15.4094 9.0157 -4.813 -14.9306 8.2177 -2.449 -13.7143 6.1905 1.0325 -14.4079 7.3465
4 0 1.0325 -14.4079 7.3465 -2.449 -13.7143 6.1905 8.5726 -13.7143 6.1905 10.2417 -14.4079 7.3465
4 0 10.2417 -14.4079 7.3465 8.5726 -13.7143 6.1905 10.1401 -12.9078 4.8464 11.7112 -13.6518 6.0864
4 0 11.7112 -13.6518 6.0864 10.1401 -12.9078 4.8464 18.527 -12.9078 4.8464 19.5949 -13.6518 6.0864
4 0 19.5949 -13.6518 6.0864 18.527 -12.9078 4.8464 18.527 -9.8583 -0.2361 19.5998 -8.071 -3.2149
3 0 18.527 -9.8583 -0.2361 18.527 -8.563 -2.395 19.5998 -8.071 -3.2149
4 0 13.2916 -8.563 -2.395 17.0805 -8.071 -3.2149 19.5998 -8.071 -3.2149 18.527 -8.563 -2.395
4 0 13.2916 -8.563 -2.395 11.1739 -7.2645 -4.5591 15.1898 -6.9117 -5.1471 17.0805 -8.071 -3.2149
4 0 4.7706 -7.2645 -4.5591 3.4996 -6.9117 -5.1471 15.1898 -6.9117 -5.1471 11.1739 -7.2645 -4.5591
4 0 3.9452 -7.7707 -3.7156 1.8554 -7.9198 -3.467 3.4996 -6.9117 -5.1471 4.7706 -7.2645 -4.5591
4 0 -5.5874 -8.563 -2.395 -7.6809 -7.4793 -4.2012 -7.2493 -6.9117 -5.1471 -5.2899 -7.9198 -3.467
4 0 1.8554 -7.9198 -3.467 3.9452 -7.7707 -3.7156 4.703 -8.2354 -2.9411 -5.5874 -8.563 -2.395
3 0 -5.5874 -8.563 -2.395 -5.2899 -7.9198 -3.467 1.8554 -7.9198 -3.467
4 0 -5.5874 -8.563 -2.395 4.703 -8.2354 -2.9411 8.5762 -8.2354 -2.9411 9.0593 -8.563 -2.395
4 0 8.5762 -8.2354 -2.9411 8.8718 -8.0541 -3.2432 9.8467 -8.0802 -3.1997 9.0593 -8.563 -2.395
4 0 8.8718 -8.0541 -3.2432 8.6117 -7.8946 -3.509 9.1545 -7.6557 -3.9072 9.8467 -8.0802 -3.1997
4 0 6.1432 -7.8946 -3.509 6.1487 -7.6557 -3.9072 9.1545 -7.6557 -3.9072 8.6117 -7.8946 -3.509
3 0 6.1432 -7.8946 -3.509 5.9511 -7.7769 -3.7052 6.1487 -7.6557 -3.9072
3 0 -18.5644 -9.8583 -0.2361 -19.5882 -6.9117 -5.1471 -18.5634 -7.4793 -4.2012
4 0 -15.5753 -15.4094 9.0157 -11.1772 -14.9306 8.2177 -4.813 -14.9306 8.2177 -0.9142 -15.4094 9.0157
4 4 -18.5644 -9.8583 -0.2361 -18.5634 -7.4793 -4.2012 -7.6809 -7.4793 -4.2012 -5.5874 -8.563 -2.395
4 4 18.527 -9.8583 -0.2361 -18.5644 -9.8583 -0.2361 -5.5874 -8.563 -2.395 9.0593 -8.563 -2.395
4 4 13.2916 -8.563 -2.395 18.527 -9.8583 -0.2361 9.0593 -8.563 -2.395 9.8467 -8.0802 -3.1997
3 4 18.527 -9.8583 -0.2361 13.2916 -8.563 -2.395 18.527 -8.563 -2.395
4 4 11.1739 -7.2645 -4.5591 13.2916 -8.563 -2.395 9.8467 -8.0802 -3.1997 9.1545 -7.6557 -3.9072
4 4 6.1487 -7.6557 -3.9072 4.7706 -7.2645 -4.5591 11.1739 -7.2645 -4.5591 9.1545 -7.6557 -3.9072
4 4 5.9511 -7.7769 -3.7052 3.9452 -7.7707 -3.7156 4.7706 -7.2645 -4.5591 6.1487 -7.6557 -3.9072
4 4 3.9452 -7.7707 -3.7156 5.9511 -7.7769 -3.7052 6.1432 -7.8946 -3.509 4.703 -8.2354 -2.9411
4 4 4.703 -8.2354 -2.9411 6.1432 -7.8946 -3.509 8.6117 -7.8946 -3.509 8.5762 -8.2354 -2.9411
3 4 8.5762 -8.2354 -2.9411 8.6117 -7.8946 -3.509 8.8718 -8.0541 -3.2432
4 320 -15.1099 -14.4583 7.4305 -16.6371 -13.0974 5.1623 -12.6273 -13.4119 5.6865 -14.0514 -14.4583 7.4305
4 320 -18.5644 -13.0974 5.1623 -17.91 -12.7481 4.5801 -16.8578 -12.7481 4.5801 -16.6371 -13.0974 5.1623
3 320 -16.6371 -13.0974 5.1623 -16.8578 -12.7481 4.5801 -15.9016 -12.7481 4.5801
3 320 -16.6371 -13.0974 5.1623 -15.9016 -12.7481 4.5801 -14.8494 -12.7481 4.5801
4 320 -16.6371 -13.0974 5.1623 -14.8494 -12.7481 4.5801 -13.9422 -12.7481 4.5801 -12.6273 -13.4119 5.6865
3 320 -12.6273 -13.4119 5.6865 -13.9422 -12.7481 4.5801 -12.89 -12.7481 4.5801
3 320 -12.6273 -13.4119 5.6865 -12.89 -12.7481 4.5801 -11.8358 -12.7481 4.5801
4 320 -12.6273 -13.4119 5.6865 -11.8358 -12.7481 4.5801 -10.7836 -12.7481 4.5801 -6.7594 -13.4119 5.6865
4 320 -7.4978 -13.7778 6.2964 -7.0435 -14.0116 6.6859 -7.471 -14.2315 7.0525 -9.6263 -14.2315 7.0525
3 320 -9.6263 -14.2315 7.0525 -11.0433 -13.7778 6.2964 -7.4978 -13.7778 6.2964
4 320 -9.8727 -14.3834 7.3057 -11.8257 -14.3527 7.2545 -11.0433 -13.7778 6.2964 -9.6263 -14.2315 7.0525
4 320 -11.8257 -14.3527 7.2545 -9.8727 -14.3834 7.3057 -9.6296 -14.5339 7.5565 -11.1772 -14.9306 8.2177
4 320 -11.1772 -14.9306 8.2177 -9.6296 -14.5339 7.5565 -6.8051 -14.5339 7.5565 -4.813 -14.9306 8.2177
4 320 -4.813 -14.9306 8.2177 -6.8051 -14.5339 7.5565 -5.6919 -13.9611 6.6019 -2.449 -13.7143 6.1905
4 320 -2.449 -13.7143 6.1905 -5.6919 -13.9611 6.6019 -6.7594 -13.4119 5.6865 -2.1174 -11.6661 2.7768
4 320 18.527 -9.8583 -0.2361 18.527 -12.9078 4.8464 10.1401 -12.9078 4.8464 4.532 -11.1064 1.8439
4 320 4.532 -11.4461 2.4101 4.532 -11.1064 1.8439 10.1401 -12.9078 4.8464 8.5726 -13.7143 6.1905
4 320 0.4696 -12.2174 3.6956 4.532 -11.4461 2.4101 8.5726 -13.7143 6.1905 -2.449 -13.7143 6.1905
3 320 -2.449 -13.7143 6.1905 -0.2881 -12.2949 3.8249 0.4696 -12.2174 3.6956
3 320 -2.449 -13.7143 6.1905 -1.0458 -12.2174 3.6956 -0.2881 -12.2949 3.8249
3 320 0.4696 -10.3351 0.5585 -0.2881 -10.2575 0.4292 18.527 -9.8583 -0.2361
3 320 1.1119 -10.5559 0.9265 0.4696 -10.3351 0.5585 18.527 -9.8583 -0.2361
4 320 1.5412 -10.8864 1.4773 1.1119 -10.5559 0.9265 18.527 -9.8583 -0.2361 4.532 -11.1064 1.8439
3 320 2.1415 -11.1064 1.8439 1.5412 -10.8864 1.4773 4.532 -11.1064 1.8439
4 320 1.6919 -11.2762 2.127 1.5412 -10.8864 1.4773 2.1415 -11.1064 1.8439 2.1415 -11.4461 2.4101
3 320 1.5412 -11.6661 2.7768 1.6919 -11.2762 2.127 2.1415 -11.4461 2.4101
4 320 1.5412 -11.6661 2.7768 2.1415 -11.4461 2.4101 4.532 -11.4461 2.4101 1.1119 -11.9965 3.3276
3 320 0.4696 -12.2174 3.6956 1.1119 -11.9965 3.3276 4.532 -11.4461 2.4101
4 320 -1.4686 -11.2762 2.127 -1.3787 -11.0438 1.7397 0.8025 -11.0438 1.7397 0.8923 -11.2762 2.127
4 320 -1.3787 -11.5086 2.5144 -1.4686 -11.2762 2.127 0.8923 -11.2762 2.127 0.8025 -11.5086 2.5144
4 320 -1.1228 -11.7057 2.8428 -1.3787 -11.5086 2.5144 0.8025 -11.5086 2.5144 0.5466 -11.7057 2.8428
4 320 -0.7399 -11.8373 3.0622 -1.1228 -11.7057 2.8428 0.5466 -11.7057 2.8428 0.1636 -11.8373 3.0622
3 320 -0.2881 -11.8836 3.1393 -0.7399 -11.8373 3.0622 0.1636 -11.8373 3.0622
4 320 -1.3787 -11.0438 1.7397 -1.1228 -10.8468 1.4113 0.5466 -10.8468 1.4113 0.8025 -11.0438 1.7397
4 320 -1.1228 -10.8468 1.4113 -0.7399 -10.7151 1.1919 0.1636 -10.7151 1.1919 0.5466 -10.8468 1.4113
3 320 0.1636 -10.7151 1.1919 -0.7399 -10.7151 1.1919 -0.2881 -10.6689 1.1148
3 320 -2.449 -13.7143 6.1905 -1.6882 -11.9965 3.3276 -1.0458 -12.2174 3.6956
3 320 -2.449 -13.7143 6.1905 -2.1174 -11.6661 2.7768 -1.6882 -11.9965 3.3276
4 320 -2.7178 -11.4461 2.4101 -2.7178 -11.1064 1.8439 -2.2681 -11.2762 2.127 -2.1174 -11.6661 2.7768
3 320 -2.2681 -11.2762 2.127 -2.7178 -11.1064 1.8439 -2.1174 -10.8864 1.4773
3 320 -0.2881 -10.2575 0.4292 -18.5644 -9.8583 -0.2361 18.527 -9.8583 -0.2361
3 320 -1.0458 -10.3351 0.5585 -18.5644 -9.8583 -0.2361 -0.2881 -10.2575 0.4292
4 320 -18.5644 -9.8583 -0.2361 -1.0458 -10.3351 0.5585 -1.6882 -10.5559 0.9265 -5.1082 -11.1064 1.8439
4 320 -5.1082 -11.1064 1.8439 -1.6882 -10.5559 0.9265 -2.1174 -10.8864 1.4773 -2.7178 -11.1064 1.8439
4 320 -5.1082 -11.1064 1.8439 -5.1082 -11.4461 2.4101 -10.7836 -11.3165 2.1942 -18.5644 -9.8583 -0.2361
3 320 -11.8358 -11.3165 2.1942 -18.5644 -9.8583 -0.2361 -10.7836 -11.3165 2.1942
3 320 -11.8358 -11.3165 2.1942 -12.89 -11.3165 2.1942 -18.5644 -9.8583 -0.2361
3 320 -13.9422 -11.3165 2.1942 -18.5644 -9.8583 -0.2361 -12.89 -11.3165 2.1942
3 320 -14.8494 -11.3165 2.1942 -18.5644 -9.8583 -0.2361 -13.9422 -11.3165 2.1942
3 320 -15.9016 -11.3165 2.1942 -18.5644 -9.8583 -0.2361 -14.8494 -11.3165 2.1942
3 320 -15.9016 -11.3165 2.1942 -16.8578 -11.3165 2.1942 -18.5644 -9.8583 -0.2361
3 320 -17.91 -11.3165 2.1942 -18.5644 -9.8583 -0.2361 -16.8578 -11.3165 2.1942
4 320 -18.5644 -13.0974 5.1623 -18.5644 -9.8583 -0.2361 -17.91 -11.3165 2.1942 -17.91 -12.7481 4.5801
4 320 -10.7836 -12.7481 4.5801 -10.7836 -11.3165 2.1942 -5.1082 -11.4461 2.4101 -6.7594 -13.4119 5.6865
4 320 -6.7594 -13.4119 5.6865 -5.1082 -11.4461 2.4101 -2.7178 -11.4461 2.4101 -2.1174 -11.6661 2.7768
4 16 10.2417 -14.4079 7.3465 11.7112 -13.6518 6.0864 19.5949 -13.6518 6.0864 18 -15.6 9.3333
4 16 10.2417 -14.4079 7.3465 18 -15.6 9.3333 -0.9142 -15.4094 9.0157 1.0325 -14.4079 7.3465
4 16 -18 -15.6 9.3333 -19.5882 -13.7778 6.2964 -17.4063 -13.7778 6.2964 -15.5753 -15.4094 9.0157
3 16 -19.5882 -6.9117 -5.1471 -16.9061 -6.4576 -5.904 -16.6099 -6.4879 -5.8535
3 16 -19.5882 -6.9117 -5.1471 -17.1572 -6.3713 -6.0479 -16.9061 -6.4576 -5.904
3 16 -19.5882 -6.9117 -5.1471 -17.325 -6.2421 -6.2632 -17.1572 -6.3713 -6.0479
3 16 -19.5882 -6.9117 -5.1471 -17.3839 -6.0897 -6.5171 -17.325 -6.2421 -6.2632
4 16 -20 -4 -10 -17.325 -4.526 -9.1234 -17.3839 -4.6784 -8.8694 -19.5882 -6.9117 -5.1471
3 16 -17.325 -4.526 -9.1234 -20 -4 -10 -17.1572 -4.3968 -9.3387
3 16 -17.1572 -4.3968 -9.3387 -20 -4 -10 -16.9061 -4.3105 -9.4825
3 16 -16.9061 -4.3105 -9.4825 -20 -4 -10 -16.6099 -4.2802 -9.533
3 16 -19.5882 -6.9117 -5.1471 -17.3839 -4.6784 -8.8694 -17.3839 -6.0897 -6.5171
4 16 -19.5882 -6.9117 -5.1471 -16.6099 -6.4879 -5.8535 -10.7317 -6.4879 -5.8535 -7.2493 -6.9117 -5.1471
4 16 -5.2899 -7.9198 -3.467 -7.2493 -6.9117 -5.1471 3.4996 -6.9117 -5.1471 1.8554 -7.9198 -3.467
3 16 -7.2493 -6.9117 -5.1471 -10.7317 -6.4879 -5.8535 -6.147 -6.4879 -5.8535
4 16 -7.2493 -6.9117 -5.1471 -6.147 -6.4879 -5.8535 -0.2688 -6.4879 -5.8535 3.4996 -6.9117 -5.1471
3 16 3.4996 -6.9117 -5.1471 -0.2688 -6.4879 -5.8535 0.0274 -6.4576 -5.904
3 16 3.4996 -6.9117 -5.1471 0.0274 -6.4576 -5.904 0.2785 -6.3713 -6.0479
3 16 3.4996 -6.9117 -5.1471 0.2785 -6.3713 -6.0479 0.4462 -6.2421 -6.2632
4 16 3.4996 -6.9117 -5.1471 0.4462 -6.2421 -6.2632 0.5051 -6.0897 -6.5171 5.5881 -5.3588 -7.7353
4 16 5.5881 -5.3588 -7.7353 0.5051 -6.0897 -6.5171 0.5051 -4.6784 -8.8694 5.7523 -4.9341 -8.4432
4 16 6.22 -4.574 -9.0433 5.7523 -4.9341 -8.4432 0.5051 -4.6784 -8.8694 0.4462 -4.526 -9.1234
4 16 6.9199 -4.3334 -9.4443 6.22 -4.574 -9.0433 0.4462 -4.526 -9.1234 0.2785 -4.3968 -9.3387
4 16 6.9199 -4.3334 -9.4443 0.2785 -4.3968 -9.3387 0.0274 -4.3105 -9.4825 7.7454 -4.2489 -9.5851
4 16 7.7454 -4.2489 -9.5851 .0274 -4.3105 -9.4825 -.2688 -4.2802 -9.533 .00580078125 -4 -10
3 16 3.4996 -6.9117 -5.1471 5.5881 -5.3588 -7.7353 5.7523 -5.7836 -7.0274
3 16 3.4996 -6.9117 -5.1471 5.7523 -5.7836 -7.0274 6.22 -6.1437 -6.4272
3 16 3.4996 -6.9117 -5.1471 6.22 -6.1437 -6.4272 6.9199 -6.3843 -6.0262
3 16 3.4996 -6.9117 -5.1471 6.9199 -6.3843 -6.0262 7.7454 -6.4688 -5.8854
4 16 3.4996 -6.9117 -5.1471 7.7454 -6.4688 -5.8854 12.448 -6.4688 -5.8854 15.1898 -6.9117 -5.1471
4 16 17.1016 -6.4688 -5.8854 15.1898 -6.9117 -5.1471 12.448 -6.4688 -5.8854 16.276 -6.3843 -6.0262
4 16 15.1898 -6.9117 -5.1471 17.1016 -6.4688 -5.8854 19.5998 -8.071 -3.2149 17.0805 -8.071 -3.2149
4 16 7.7454 -6.4688 -5.8854 8.571 -6.3843 -6.0262 11.6224 -6.3843 -6.0262 12.448 -6.4688 -5.8854
4 16 8.571 -6.3843 -6.0262 9.2709 -6.1437 -6.4272 10.9226 -6.1437 -6.4272 11.6224 -6.3843 -6.0262
4 16 9.2709 -6.1437 -6.4272 9.7385 -5.7836 -7.0274 10.4549 -5.7836 -7.0274 10.9226 -6.1437 -6.4272
4 16 9.7385 -5.7836 -7.0274 9.9027 -5.3588 -7.7353 10.2907 -5.3588 -7.7353 10.4549 -5.7836 -7.0274
4 16 9.9027 -5.3588 -7.7353 9.7385 -4.9341 -8.4432 10.4549 -4.9341 -8.4432 10.2907 -5.3588 -7.7353
4 16 9.7385 -4.9341 -8.4432 9.2709 -4.574 -9.0433 10.9226 -4.574 -9.0433 10.4549 -4.9341 -8.4432
4 16 9.2709 -4.574 -9.0433 8.571 -4.3334 -9.4443 11.6224 -4.3334 -9.4443 10.9226 -4.574 -9.0433
4 16 8.571 -4.3334 -9.4443 7.7454 -4.2489 -9.5851 12.448 -4.2489 -9.5851 11.6224 -4.3334 -9.4443
3 16 12.448 -6.4688 -5.8854 13.2736 -6.3843 -6.0262 16.276 -6.3843 -6.0262
4 16 13.2736 -6.3843 -6.0262 13.9734 -6.1437 -6.4272 15.5761 -6.1437 -6.4272 16.276 -6.3843 -6.0262
4 16 13.9734 -6.1437 -6.4272 14.4411 -5.7836 -7.0274 15.1085 -5.7836 -7.0274 15.5761 -6.1437 -6.4272
4 16 14.4411 -5.7836 -7.0274 14.6053 -5.3588 -7.7353 14.9443 -5.3588 -7.7353 15.1085 -5.7836 -7.0274
4 16 14.6053 -5.3588 -7.7353 14.4411 -4.9341 -8.4432 15.1085 -4.9341 -8.4432 14.9443 -5.3588 -7.7353
4 16 14.4411 -4.9341 -8.4432 13.9734 -4.574 -9.0433 15.5761 -4.574 -9.0433 15.1085 -4.9341 -8.4432
4 16 13.9734 -4.574 -9.0433 13.2736 -4.3334 -9.4443 16.276 -4.3334 -9.4443 15.5761 -4.574 -9.0433
4 16 13.2736 -4.3334 -9.4443 12.448 -4.2489 -9.5851 17.1016 -4.2489 -9.5851 16.276 -4.3334 -9.4443
3 16 17.9271 -4.3334 -9.4443 17.1016 -4.2489 -9.5851 20 -4 -10
3 16 18.627 -4.574 -9.0433 17.9271 -4.3334 -9.4443 20 -4 -10
3 16 19.0947 -4.9341 -8.4432 18.627 -4.574 -9.0433 20 -4 -10
3 16 19.2589 -5.3588 -7.7353 19.0947 -4.9341 -8.4432 20 -4 -10
4 16 19.2589 -5.3588 -7.7353 20 -4 -10 19.5998 -8.071 -3.2149 19.0947 -5.7836 -7.0274
3 16 19.5998 -8.071 -3.2149 17.9271 -6.3843 -6.0262 18.627 -6.1437 -6.4272
3 16 19.5998 -8.071 -3.2149 17.1016 -6.4688 -5.8854 17.9271 -6.3843 -6.0262
3 16 19.5998 -8.071 -3.2149 18.627 -6.1437 -6.4272 19.0947 -5.7836 -7.0274
3 16 -6.147 -4.2802 -9.533 .00580078125 -4 -10 -.2688 -4.2802 -9.533
4 16 .00580078125 -4 -10 -6.147 -4.2802 -9.533 -10.7317 -4.2802 -9.533 -20 -4 -10
3 16 -16.6099 -4.2802 -9.533 -20 -4 -10 -10.7317 -4.2802 -9.533
4 16 12.448 -4.2489 -9.5851 7.7454 -4.2489 -9.5851 .00580078125 -4 -10 20 -4 -10
3 16 12.448 -4.2489 -9.5851 20 -4 -10 17.1016 -4.2489 -9.5851
4 16 -18 -15.6 9.3333 -15.5753 -15.4094 9.0157 -0.9142 -15.4094 9.0157 18 -15.6 9.3333
4 16 19.5949 -13.6518 6.0864 19.5998 -8.071 -3.2149 20 -4 -10 20 -13.6 6
4 16 19.5949 -13.6518 6.0864 20 -13.6 6 19.41 -15.01 8.35 18 -15.6 9.3333
4 16 -20 -4 -10 -19.5882 -6.9117 -5.1471 -19.5882 -13.7778 6.2964 -20 -13.6 6
4 16 -19.41 -15.01 8.35 -20 -13.6 6 -19.5882 -13.7778 6.2964 -18 -15.6 9.3333
