0 Tile  2 x  4 with  2 Black Stripes and Vent Grille Pattern
0 Name: 87079p0d.dat
0 Author: Ulrich Röder [UR]
0 !LDRAW_ORG Part UPDATE 2019-01
0 !LICENSE Redistributable under CCAL version 2.0 : see CAreadme.txt

0 BFC CERTIFY CCW

0 !KEYWORDS Set 21307, Cuusoo, Ideas, Caterham, Bricklink 87079pb342, Car 
0 !CMDLINE c-14

0 !HISTORY 2019-06-28 [PTadmin] Official Update 2019-01

0 // Main
1 16 0 0 0 1 0 0 0 1 0 0 0 1 s\87079s01.dat
1 16 -7.5 0 12 0 0 -3 0 1 0 3 0 0 1-4ndis.dat
1 16 -7.5 0 -12 0 0 -3 0 1 0 -3 0 0 1-4ndis.dat
1 16 -1.5 0 12 0 0 -3 0 1 0 3 0 0 1-4ndis.dat
1 16 -1.5 0 -12 0 0 -3 0 1 0 -3 0 0 1-4ndis.dat
1 16 4.5 0 12 0 0 -3 0 1 0 3 0 0 1-4ndis.dat
1 16 4.5 0 -12 0 0 -3 0 1 0 -3 0 0 1-4ndis.dat
1 16 10.5 0 12 0 0 -3 0 1 0 3 0 0 1-4ndis.dat
1 16 10.5 0 -12 0 0 -3 0 1 0 -3 0 0 1-4ndis.dat
4 16 14.75 0 19.5 39.5 0 19.5 40 0 20 -40 0 20
3 16 -40 0 20 -14.75 0 19.5 14.75 0 19.5
3 16 -40 0 20 -39.5 0 19.5 -14.75 0 19.5
4 16 -39.5 0 2 -39.5 0 19.5 -40 0 20 -40 0 0
4 16 -39.5 0 2 -40 0 0 -14.75 0 -2 -14.75 0 2
4 16 40 0 0 40 0 20 39.5 0 19.5 39.5 0 2
4 16 -14.75 0 -19.5 -39.5 0 -19.5 -40 0 -20 40 0 -20
3 16 14.75 0 -19.5 -14.75 0 -19.5 40 0 -20
3 16 40 0 -20 39.5 0 -19.5 14.75 0 -19.5
4 16 39.5 0 -2 39.5 0 -19.5 40 0 -20 40 0 0
3 16 -14.75 0 -2 -40 0 0 -39.5 0 -2
4 16 -40 0 0 -40 0 -20 -39.5 0 -19.5 -39.5 0 -2
4 16 39.5 0 -2 40 0 0 14.75 0 2 14.75 0 -2
3 16 14.75 0 2 40 0 0 39.5 0 2
4 16 -14.5 0 -2 -14.5 0 -18 -10.5 0 12 -10.5 0 15
3 16 -14.5 0 2 -14.5 0 -2 -10.5 0 15
3 16 -10.5 0 15 -14.5 0 18 -14.5 0 2
3 16 -14.5 0 -18 -10.5 0 -12 -10.5 0 12
3 16 -14.5 0 -18 -10.5 0 -15 -10.5 0 -12
4 16 -4.5 0 12 -4.5 0 15 -7.5 0 15 -7.5 0 -15
3 16 -7.5 0 -15 -4.5 0 -12 -4.5 0 12
3 16 -7.5 0 -15 -4.5 0 -15 -4.5 0 -12
4 16 1.5 0 12 1.5 0 15 -1.5 0 15 -1.5 0 -15
3 16 -1.5 0 -15 1.5 0 -12 1.5 0 12
3 16 -1.5 0 -15 1.5 0 -15 1.5 0 -12
4 16 7.5 0 12 7.5 0 15 4.5 0 15 4.5 0 -15
3 16 4.5 0 -15 7.5 0 -12 7.5 0 12
3 16 4.5 0 -15 7.5 0 -15 7.5 0 -12
4 16 14.5 0 2 14.5 0 18 10.5 0 15 10.5 0 -15
3 16 10.5 0 -15 14.5 0 -2 14.5 0 2
3 16 10.5 0 -15 14.5 0 -18 14.5 0 -2
4 16 7.5 0 15 10.5 0 15 14.5 0 18 -14.5 0 18
3 16 -14.5 0 18 4.5 0 15 7.5 0 15
3 16 -14.5 0 18 1.5 0 15 4.5 0 15
3 16 -14.5 0 18 -1.5 0 15 1.5 0 15
3 16 -14.5 0 18 -4.5 0 15 -1.5 0 15
3 16 -14.5 0 18 -7.5 0 15 -4.5 0 15
3 16 -14.5 0 18 -10.5 0 15 -7.5 0 15
4 16 -7.5 0 -15 -10.5 0 -15 -14.5 0 -18 14.5 0 -18
3 16 -4.5 0 -15 -7.5 0 -15 14.5 0 -18
3 16 -1.5 0 -15 -4.5 0 -15 14.5 0 -18
3 16 1.5 0 -15 -1.5 0 -15 14.5 0 -18
3 16 4.5 0 -15 1.5 0 -15 14.5 0 -18
3 16 7.5 0 -15 4.5 0 -15 14.5 0 -18
3 16 14.5 0 -18 10.5 0 -15 7.5 0 -15

0 // Black
1 0 -7.5 0 12 0 0 -3 0 1 0 3 0 0 1-4chrd.dat
1 0 -7.5 0 -12 0 0 -3 0 1 0 -3 0 0 1-4chrd.dat
4 0 -7.5 0 15 -10.5 0 12 -10.5 0 -12 -7.5 0 -15
1 0 -1.5 0 12 0 0 -3 0 1 0 3 0 0 1-4chrd.dat
1 0 -1.5 0 -12 0 0 -3 0 1 0 -3 0 0 1-4chrd.dat
4 0 -1.5 0 15 -4.5 0 12 -4.5 0 -12 -1.5 0 -15
1 0 4.5 0 12 0 0 -3 0 1 0 3 0 0 1-4chrd.dat
1 0 4.5 0 -12 0 0 -3 0 1 0 -3 0 0 1-4chrd.dat
4 0 4.5 0 15 1.5 0 12 1.5 0 -12 4.5 0 -15
1 0 10.5 0 12 0 0 -3 0 1 0 3 0 0 1-4chrd.dat
1 0 10.5 0 -12 0 0 -3 0 1 0 -3 0 0 1-4chrd.dat
4 0 10.5 0 15 7.5 0 12 7.5 0 -12 10.5 0 -15
4 0 -14.75 0 2 -14.75 0 19.5 -39.5 0 19.5 -39.5 0 2
4 0 -39.5 0 -2 -39.5 0 -19.5 -14.75 0 -19.5 -14.75 0 -2
4 0 14.75 0 2 39.5 0 2 39.5 0 19.5 14.75 0 19.5
4 0 14.5 0 18 14.75 0 19.5 -14.75 0 19.5 -14.5 0 18
4 0 14.75 0 -19.5 14.5 0 -18 -14.5 0 -18 -14.75 0 -19.5
4 0 14.75 0 2 14.75 0 19.5 14.5 0 18 14.5 0 2
4 0 14.5 0 -18 14.75 0 -19.5 14.75 0 -2 14.5 0 -2
4 0 39.5 0 -2 14.75 0 -2 14.75 0 -19.5 39.5 0 -19.5
4 0 14.75 0 -2 14.75 0 2 14.5 0 2 14.5 0 -2
4 0 -14.75 0 -2 -14.75 0 -19.5 -14.5 0 -18 -14.5 0 -2
4 0 -14.5 0 18 -14.75 0 19.5 -14.75 0 2 -14.5 0 2
4 0 -14.75 0 2 -14.75 0 -2 -14.5 0 -2 -14.5 0 2
