0 Slope Brick Curved  4 x  1 Double with Red "NASA", Black "ESA", and Silver Background Pattern
0 Name: 93273p01.dat
0 Author: Orion Pobursky [OrionP]
0 !LDRAW_ORG Part UPDATE 2023-04
0 !LICENSE Licensed under CC BY 4.0 : see CAreadme.txt

0 BFC CERTIFY CCW

0 !KEYWORDS Hubble, Rebrickable 93273pr9993, Set 10283

0 !HISTORY 2023-08-25 [OrionP] Official Update 2023-04


1 16 0 0 0 1 0 0 0 1 0 0 0 1 s\93273s01.dat

4 80 4.653 -16 0 1.799 -16 0 1.799 -15.851 -3.161 4.653 -15.652 -7.384
4 80 -1.6 -15.878 -2.578 -4.407 -15.878 -2.578 -3.975 -15.836 -3.471 -1.999 -15.836 -3.483
3 80 -1.999 -15.836 -3.483 -3.975 -15.836 -3.471 -2.964 -15.821 -3.798
4 80 -7.722 -15.851 -3.159 -7.722 -16 0 -10 -16 0 -10 -15.652 -7.384
3 4 -3.975 -15.836 -3.471 -4.743 -15.664 -7.124 -2.964 -15.821 -3.798
4 4 -1.163 -15.664 -7.124 -1.999 -15.836 -3.483 -2.964 -15.821 -3.798 -2.935 -15.652 -7.384
3 80 -10 -15.652 -7.384 -2.987 -15.652 -7.384 -4.743 -15.664 -7.124
3 4 -2.961 -15.651 -7.388 -2.935 -15.652 -7.384 -2.987 -15.652 -7.384
3 80 -2.935 -15.652 -7.384 4.653 -15.384 -9.237 4.653 -15.652 -7.384
3 80 -5.33 -14.914 -12.493 4.653 -15.384 -9.237 -2.961 -15.651 -7.388
4 80 10 -15.652 -7.384 8 -15.652 -7.384 8 -15.004 -11.869 10 -14.604 -14.64
4 4 8 -15.004 -11.869 4.653 -15.384 -9.237 -5.33 -14.914 -12.493 -.249 -14.604 -14.64
3 80 8 -15.004 -11.869 -.249 -14.604 -14.64 10 -14.604 -14.64
4 4 -7.535 -14.604 -14.64 -6.436 -14.844 -12.977 -7.015 -14.763 -13.539 -7.44 -14.652 -14.307
3 80 -7.535 -14.604 -14.64 -10 -14.604 -14.64 -7.7 -14.464 -15.209
3 4 -.249 -14.604 -14.64 -7.535 -14.604 -14.64 -4.093 -14.293 -15.907
3 4 -7.7 -14.464 -15.209 -7.787 -14.226 -16.181 -4.286 -14.228 -16.169
4 80 -4.093 -14.293 -15.907 -4.286 -14.228 -16.169 -4.093 -14.152 -16.481 8 -13.195 -20.379
3 4 -4.093 -14.152 -16.481 -5.33 -13.333 -19.817 8 -13.195 -20.379
4 80 8 -13.195 -20.379 8 -12.883 -21.648 10 -12.883 -21.648 10 -14.604 -14.64
3 4 8 -12.883 -21.648 .451 -12.883 -21.648 8 -12.054 -23.967
4 80 .451 -12.883 -21.648 -10 -12.883 -21.648 -7.836 -11.798 -24.681 4.835 -11.798 -24.681
4 80 4.835 -11.798 -24.681 6.199 -11.694 -24.972 8 -12.054 -23.967 .451 -12.883 -21.648
4 80 10 -10.51 -28.284 10 -12.883 -21.648 8 -12.883 -21.648 8 -12.054 -23.967
3 80 8 -12.054 -23.967 6.199 -11.694 -24.972 7.305 -11.382 -25.845
3 80 8 -12.054 -23.967 7.305 -11.382 -25.845 7.99 -10.955 -27.041
4 80 8.191 -10.51 -28.284 10 -10.51 -28.284 8 -12.054 -23.967 7.99 -10.955 -27.041
3 4 4.835 -11.798 -24.681 3.945 -10.62 -27.978 4.511 -10.557 -28.154
3 4 7.305 -11.382 -25.845 4.511 -10.557 -28.154 7.99 -10.955 -27.041
3 4 8.191 -10.51 -28.284 4.575 -10.51 -28.284 4.717 -10.377 -28.559
4 80 4.575 -10.51 -28.284 -10 -10.51 -28.284 -2.693 -9.234 -30.924 -.568 -9.481 -30.412
3 80 8.191 -10.51 -28.284 10 -7.532 -34.436 10 -10.51 -28.284
3 4 -.568 -9.481 -30.412 -2.693 -9.234 -30.924 -.668 -7.867 -33.75
4 4 -2.524 -7.6 -34.304 -4.385 -8.978 -31.453 -5.647 -8.714 -31.999 -2.858 -7.532 -34.436
3 80 -2.524 -7.6 -34.304 -2.858 -7.532 -34.436 10 -7.532 -34.436
3 80 10 -7.532 -34.436 -.668 -7.867 -33.75 -2.524 -7.6 -34.304
4 80 -8 -6.994 -35.289 -7.819 -7.532 -34.436 -10 -7.532 -34.436 -10 -4.222 -39.652
4 80 -4.1 -7.234 -34.913 -4.583 -6.932 -35.387 -4.319 -6.69 -35.768 -3.798 -6.621 -35.876
3 80 -8 -6.994 -35.289 -10 -4.222 -39.652 -7.807 -6.14 -36.634
3 80 -7.807 -6.14 -36.634 -10 -4.222 -39.652 -7.228 -5.455 -37.711
4 80 8 -6.621 -35.876 8 -4.758 -38.808 10 -4.222 -39.652 10 -7.532 -34.436
3 80 -6.122 -4.932 -38.533 -7.228 -5.455 -37.711 -10 -4.222 -39.652
3 80 -4.604 -4.758 -38.808 -6.122 -4.932 -38.533 -10 -4.222 -39.652
4 80 8 -15.89 2.338 8 -16 0 10 -16 0 10 -15.652 7.384
4 80 -4.407 -16 0 -1.6 -16 0 -1.6 -15.89 2.341 -4.407 -15.728 5.771
4 80 -10 -16 0 -7.722 -16 0 -7.722 -15.728 5.771 -10 -15.652 7.384
4 80 1.799 -15.916 1.772 4.653 -15.916 1.772 4.209 -15.877 2.62 2.204 -15.876 2.633
3 80 4.209 -15.877 2.62 3.187 -15.862 2.929 2.204 -15.876 2.633
3 4 1.387 -15.705 6.267 2.204 -15.876 2.633 3.187 -15.862 2.929
3 4 6.504 -15.741 5.487 4.209 -15.877 2.62 7.623 -15.806 4.121
3 80 -1.6 -15.89 2.341 -1.227 -15.806 4.122 -4.407 -15.728 5.771
4 80 8 -15.692 6.537 7.623 -15.806 4.121 8 -15.89 2.338 10 -15.652 7.384
3 80 -4.407 -15.728 5.771 -1.227 -15.806 4.122 -.108 -15.741 5.487
3 80 6.504 -15.741 5.487 7.623 -15.806 4.121 8 -15.692 6.537
3 80 5.002 -15.705 6.267 6.504 -15.741 5.487 8 -15.692 6.537
4 80 3.198 -15.692 6.528 5.002 -15.705 6.267 8 -15.692 6.537 5.399 -15.652 7.384
3 80 10 -15.652 7.384 8 -15.652 7.384 8 -15.692 6.537
3 4 5.399 -15.652 7.384 8 -15.692 6.537 8 -15.652 7.384
3 80 -5.33 -15.152 10.847 -10 -15.652 7.384 5.399 -15.652 7.384
3 4 5.399 -15.652 7.384 8 -15.652 7.384 8 -15.234 10.275
4 80 8 -15.652 7.384 10 -15.652 7.384 10 -14.604 14.64 8 -15.234 10.275
3 4 -7.779 -14.604 14.64 -4.232 -14.604 14.64 -7.7 -14.386 15.527
4 80 -4.232 -14.604 14.64 10 -14.604 14.64 8 -13.579 18.814 -4.093 -14.558 14.829
4 4 -5.33 -13.729 18.202 -6.436 -13.846 17.728 -4.093 -14.558 14.829 8 -13.579 18.814
3 80 -10 -12.883 21.648 -5.33 -13.729 18.202 5.547 -12.883 21.648
4 80 10 -12.883 21.648 8 -12.883 21.648 8 -13.579 18.814 10 -14.604 14.64
3 4 8 -12.883 21.648 8 -12.614 22.402 5.547 -12.883 21.648
4 80 8 -12.614 22.402 6.032 -11.853 24.53 4.667 -11.853 24.53 5.547 -12.883 21.648
3 80 8 -12.614 22.402 6.952 -11.692 24.978 6.032 -11.853 24.53
3 80 8 -12.614 22.402 7.714 -11.404 25.785 6.952 -11.692 24.978
4 80 8 -12.883 21.648 10 -12.883 21.648 10 -10.51 28.284 8 -12.614 22.402
4 0 4.667 -11.853 24.53 6.032 -11.853 24.53 5.619 -11.436 25.695 4.762 -11.436 25.695
4 80 8 -11.083 26.682 7.714 -11.404 25.785 8 -12.614 22.402 10 -10.51 28.284
4 0 4 -11.789 24.708 4.667 -11.853 24.53 4.762 -11.436 25.695 4.095 -11.371 25.875
4 0 6.032 -11.853 24.53 6.952 -11.692 24.978 6.286 -11.371 25.875 5.619 -11.436 25.695
4 0 3.048 -11.596 25.247 4 -11.789 24.708 4.095 -11.371 25.875 3.619 -11.211 26.323
4 0 6.286 -11.371 25.875 6.952 -11.692 24.978 7.714 -11.404 25.785 6.762 -11.179 26.413
4 80 4.762 -11.436 25.695 5.619 -11.436 25.695 4.667 -11.275 26.144 4.095 -11.371 25.875
4 0 2.476 -11.275 26.144 3.048 -11.596 25.247 3.619 -11.211 26.323 3.524 -10.987 26.95
4 80 5.619 -11.436 25.695 6.286 -11.371 25.875 5.619 -11.275 26.144 4.667 -11.275 26.144
4 80 3.619 -11.211 26.323 4.095 -11.371 25.875 4.667 -11.275 26.144 4.667 -10.666 27.848
4 80 5.619 -11.275 26.144 6.286 -11.371 25.875 6.762 -11.179 26.413 6.857 -10.955 27.041
4 0 6.762 -11.179 26.413 7.714 -11.404 25.785 8 -11.083 26.682 7.714 -10.57 28.117
4 0 4.667 -10.666 27.848 4.667 -11.275 26.144 5.619 -11.275 26.144 5.627 -10.51 28.284
4 0 2.476 -10.826 27.4 2.476 -11.275 26.144 3.524 -10.987 26.95 3.905 -10.762 27.579
4 80 5.619 -11.275 26.144 6.857 -10.955 27.041 6.667 -10.73 27.668 6.095 -10.634 27.937
4 80 3.905 -10.762 27.579 3.524 -10.987 26.95 3.619 -11.211 26.323 4.476 -10.634 27.937
4 80 2.476 -11.275 26.144 -1.714 -10.794 27.489 -2.667 -10.859 27.309 -10 -12.883 21.648
4 80 2.476 -11.275 26.144 2.476 -10.826 27.4 -.476 -10.602 28.027 -1.714 -10.794 27.489
3 0 6.762 -11.179 26.413 7.714 -10.57 28.117 6.857 -10.955 27.041
3 0 7.714 -10.57 28.117 8 -11.083 26.682 8 -10.891 27.22
3 80 4.667 -10.666 27.848 4.476 -10.634 27.937 3.619 -11.211 26.323
4 0 6.667 -10.73 27.668 6.857 -10.955 27.041 7.714 -10.57 28.117 7.559 -10.51 28.284
4 0 -.203 -10.51 28.284 -6.272 -10.51 28.284 -3.714 -10.859 27.309 -2.667 -10.859 27.309
4 80 2.476 -10.826 27.4 2.946 -10.51 28.284 -.203 -10.51 28.284 -.476 -10.602 28.027
4 0 6.667 -10.73 27.668 7.559 -10.51 28.284 6.095 -10.51 28.284 6.095 -10.634 27.937
3 80 7.714 -10.57 28.117 10 -10.51 28.284 7.559 -10.51 28.284
4 0 4 -10.214 28.896 2.946 -10.51 28.284 5.627 -10.51 28.284 5.048 -10.09 29.153
4 80 5.63 -10.077 29.179 5.627 -10.51 28.284 6.095 -10.51 28.284 6.095 -10.463 28.381
3 0 6.19 -10.09 29.153 6.095 -10.131 29.067 6.095 -10.463 28.381
3 80 5.63 -10.077 29.179 6.095 -10.463 28.381 6.095 -10.131 29.067
4 80 -3.33 -10.251 28.82 -3.049 -10.254 28.814 -2.667 -10.131 29.067 -2.661 -9.881 29.585
4 80 2.952 -10.504 28.295 4 -10.214 28.896 3.143 -9.634 30.096 1.238 -9.675 30.011
4 80 5.63 -10.077 29.179 6.095 -10.131 29.067 6.19 -10.09 29.153 6.095 -9.8 29.753
3 80 .762 -10.09 29.153 2.952 -10.504 28.295 1.238 -9.675 30.011
4 80 -3.728 -10.092 29.148 -3.33 -10.251 28.82 -2.661 -9.881 29.585 -3.046 -9.755 29.846
4 80 6.19 -10.09 29.153 7.048 -10.256 28.81 6.857 -9.758 29.839 6.095 -9.8 29.753
4 80 3.714 -9.758 29.839 4 -10.214 28.896 5.048 -10.09 29.153 4.667 -9.758 29.839
4 80 4.667 -9.758 29.839 5.048 -10.09 29.153 5.63 -10.077 29.179 5.429 -9.427 30.525
4 80 -3.732 -9.922 29.501 -3.728 -10.092 29.148 -3.046 -9.755 29.846 -3.416 -9.771 29.813
3 80 4 -10.214 28.896 3.714 -9.758 29.839 3.143 -9.634 30.096
4 80 7.524 -9.551 30.267 6.857 -9.758 29.839 7.048 -10.256 28.81 7.559 -10.51 28.284
4 80 5.429 -9.427 30.525 5.63 -10.077 29.179 6.095 -9.8 29.753 6.095 -9.302 30.782
4 0 -7.143 -10.131 29.067 -3.732 -9.922 29.501 -4.857 -8.929 31.554 -7.81 -9.509 30.354
4 0 -1.429 -8.929 31.554 -2.661 -9.881 29.585 .762 -10.09 29.153 1.238 -9.675 30.011
4 0 6.095 -9.302 30.782 6.095 -9.8 29.753 6.857 -9.758 29.839 6.762 -9.22 30.953
4 0 -3.732 -9.922 29.501 -3.416 -9.771 29.813 -3.905 -9.136 31.125 -4.857 -8.929 31.554
4 0 4.095 -9.261 30.868 3.714 -9.758 29.839 4.667 -9.758 29.839 5.429 -9.427 30.525
4 0 -3.046 -9.755 29.846 -2.661 -9.881 29.585 -2.381 -9.136 31.125 -3.905 -9.136 31.125
4 80 1.238 -9.675 30.011 3.143 -9.634 30.096 2.762 -9.427 30.525 1.524 -9.261 30.868
3 0 -3.416 -9.771 29.813 -3.046 -9.755 29.846 -3.905 -9.136 31.125
4 0 3.143 -9.634 30.096 3.714 -9.758 29.839 3.619 -9.22 30.953 2.762 -9.427 30.525
4 0 6.762 -9.22 30.953 6.857 -9.758 29.839 7.524 -9.551 30.267 7.905 -9.178 31.04
3 0 3.714 -9.758 29.839 4.095 -9.261 30.868 3.619 -9.22 30.953
3 0 -2.661 -9.881 29.585 -1.429 -8.929 31.554 -2.381 -9.136 31.125
4 0 -1.429 -8.929 31.554 1.238 -9.675 30.011 1.524 -9.261 30.868 -.476 -8.515 32.411
4 80 1.524 -9.261 30.868 2.762 -9.427 30.525 2.476 -9.178 31.04 1.524 -8.639 32.154
4 0 4.476 -9.095 31.211 4.095 -9.261 30.868 5.429 -9.427 30.525 5.714 -8.971 31.468
3 80 6.095 -9.302 30.782 5.714 -8.971 31.468 5.429 -9.427 30.525
4 0 2.762 -9.427 30.525 3.619 -9.22 30.953 3.429 -9.012 31.383 2.476 -8.598 32.24
4 80 5.714 -8.971 31.468 6.095 -9.302 30.782 6.762 -9.22 30.953 6.952 -9.012 31.383
4 0 6.952 -9.012 31.383 6.762 -9.22 30.953 7.905 -9.178 31.04 8 -8.681 32.068
4 0 -5.619 -8.556 32.325 -8 -9.178 31.04 -7.81 -9.509 30.354 -4.857 -8.929 31.554
3 0 2.762 -9.427 30.525 2.476 -8.598 32.24 2.476 -9.178 31.04
4 80 3.619 -9.22 30.953 4.095 -9.261 30.868 3.429 -8.681 32.068 3.429 -9.012 31.383
4 80 -3.619 -8.556 32.325 -3.905 -9.136 31.125 -2.381 -9.136 31.125 -2.476 -8.556 32.325
4 80 4.095 -9.261 30.868 4.476 -9.095 31.211 3.81 -8.473 32.497 3.429 -8.681 32.068
4 80 -2.476 -8.556 32.325 -2.381 -9.136 31.125 -1.429 -8.929 31.554 -1.714 -8.349 32.754
4 80 5.905 -8.515 32.411 5.714 -8.971 31.468 6.952 -9.012 31.383 6.952 -8.639 32.154
4 0 -8 -8.722 31.982 -8 -9.178 31.04 -5.619 -8.556 32.325 -7.714 -8.225 33.011
4 0 4.762 -8.39 32.668 4.476 -9.095 31.211 5.714 -8.971 31.468 5.905 -8.515 32.411
4 80 -4.476 -8.39 32.668 -4.857 -8.929 31.554 -3.905 -9.136 31.125 -3.619 -8.556 32.325
4 0 -.476 -8.515 32.411 1.524 -9.261 30.868 1.524 -8.639 32.154 1.238 -8.183 33.097
4 80 1.524 -8.639 32.154 2.476 -9.178 31.04 2.476 -8.598 32.24 1.238 -8.183 33.097
3 0 2.476 -8.598 32.24 3.429 -9.012 31.383 3.429 -8.681 32.068
3 80 4.286 -8.432 32.583 3.81 -8.473 32.497 4.476 -9.095 31.211
4 0 6.952 -9.012 31.383 8 -8.681 32.068 7.714 -8.225 33.011 6.952 -8.639 32.154
4 80 4.286 -8.432 32.583 4.476 -9.095 31.211 4.762 -8.39 32.668 4.286 -7.976 33.526
4 80 -5.619 -8.556 32.325 -4.857 -8.929 31.554 -4.476 -8.39 32.668 -4.762 -8.142 33.183
4 80 -1.714 -8.349 32.754 -1.429 -8.929 31.554 -.476 -8.515 32.411 -1.238 -8.1 33.269
4 0 2.476 -8.598 32.24 3.429 -8.681 32.068 3.81 -8.473 32.497 3.524 -8.017 33.44
4 80 6.381 -8.39 32.668 5.905 -8.515 32.411 6.952 -8.639 32.154 6.762 -8.473 32.497
4 0 -3.619 -8.39 32.668 -3.619 -8.556 32.325 -2.476 -8.556 32.325 -2.667 -8.39 32.668
4 0 6.762 -8.473 32.497 6.952 -8.639 32.154 7.714 -8.225 33.011 6.952 -7.934 33.612
4 0 -4.762 -8.142 33.183 -4.476 -8.39 32.668 -3.619 -8.556 32.325 -4.762 -7.934 33.612
4 0 -2.476 -8.556 32.325 -1.714 -8.349 32.754 -1.238 -8.1 33.269 -1.143 -7.727 34.04
4 0 -7.714 -8.225 33.011 -5.619 -8.556 32.325 -5.81 -8.225 33.011 -7.143 -7.727 34.04
4 0 5.143 -8.1 33.269 4.762 -8.39 32.668 5.905 -8.515 32.411 5.619 -7.934 33.612
4 80 1.238 -8.183 33.097 2.476 -8.598 32.24 2.952 -8.183 33.097 .762 -7.81 33.868
4 0 3.524 -8.017 33.44 3.81 -8.473 32.497 4.286 -8.432 32.583 4.286 -7.976 33.526
4 80 -5.81 -8.225 33.011 -5.619 -8.556 32.325 -4.762 -8.142 33.183 -4.762 -7.934 33.612
4 0 5.619 -7.934 33.612 5.905 -8.515 32.411 6.381 -8.39 32.668 6.286 -7.893 33.697
3 0 3.524 -8.017 33.44 2.952 -8.183 33.097 2.476 -8.598 32.24
4 0 6.381 -8.39 32.668 6.762 -8.473 32.497 6.952 -7.934 33.612 6.286 -7.893 33.697
4 0 -.095 -8.059 33.354 -.476 -8.515 32.411 1.238 -8.183 33.097 .762 -7.81 33.868
4 0 -2.667 -8.39 32.668 -2.476 -8.556 32.325 -1.143 -7.727 34.04 -1.192 -7.532 34.436
4 80 -1.238 -8.1 33.269 -.476 -8.515 32.411 -.095 -8.059 33.354 -1.143 -7.727 34.04
4 0 -3.619 -8.556 32.325 -3.619 -8.39 32.668 -4.476 -7.686 34.126 -4.762 -7.934 33.612
4 80 4.286 -7.976 33.526 4.762 -8.39 32.668 5.143 -8.1 33.269 5.573 -7.532 34.436
4 80 -3.619 -7.561 34.383 -3.619 -8.39 32.668 -2.667 -8.39 32.668 -2.667 -7.532 34.436
4 80 -5.81 -7.852 33.783 -5.81 -8.225 33.011 -4.762 -7.934 33.612 -4.476 -7.686 34.126
3 0 -7.143 -7.727 34.04 -5.81 -8.225 33.011 -5.81 -7.852 33.783
3 80 6.952 -7.603 34.298 6.952 -7.934 33.612 7.714 -8.225 33.011
4 0 -4.476 -7.686 34.126 -3.619 -8.39 32.668 -3.619 -7.561 34.383 -4.095 -7.561 34.383
3 0 -1.192 -7.532 34.436 -2.667 -7.532 34.436 -2.667 -8.39 32.668
4 80 5.81 -7.603 34.298 5.619 -7.934 33.612 6.286 -7.893 33.697 6.952 -7.603 34.298
3 80 6.286 -7.893 33.697 6.952 -7.934 33.612 6.952 -7.603 34.298
3 0 -5.619 -7.561 34.383 -7.143 -7.727 34.04 -5.81 -7.852 33.783
3 80 -5.619 -7.561 34.383 -5.81 -7.852 33.783 -4.476 -7.686 34.126
3 80 -4.476 -7.686 34.126 -5.564 -7.532 34.436 -5.619 -7.561 34.383
3 80 -7.143 -7.727 34.04 -6.699 -7.532 34.436 -10 -7.532 34.436
4 80 -.015 -7.532 34.436 -1.192 -7.532 34.436 -1.143 -7.727 34.04 -.095 -8.059 33.354
3 0 .198 -7.532 34.436 0 -7.414 34.628 -.015 -7.532 34.436
3 80 7.173 -7.532 34.436 10 -7.532 34.436 7.619 -7.363 34.709
4 0 -6 -7.159 35.03 -6.699 -7.532 34.436 -5.564 -7.532 34.436 -4.952 -7.159 35.03
4 0 6.571 -6.955 35.352 5.573 -7.532 34.436 7.173 -7.532 34.436 7.619 -7.363 34.709
4 80 -5.564 -7.532 34.436 -2.667 -7.532 34.436 -3.905 -6.955 35.352 -4.952 -7.159 35.03
4 0 3.714 -7.466 34.547 4.286 -7.466 34.547 4.286 -6.904 35.432 3.714 -6.802 35.592
4 80 2.571 -6.904 35.432 -1.238 -7.312 34.789 0 -7.414 34.628 2.857 -7.21 34.95
4 0 2.857 -7.21 34.95 3.714 -7.466 34.547 3.714 -6.802 35.592 2.571 -6.904 35.432
4 80 4.286 -6.904 35.432 4.286 -7.466 34.547 4.857 -7.006 35.271 4.571 -6.086 36.718
4 0 4.857 -7.006 35.271 5.238 -7.414 34.628 6.095 -6.955 35.352 5.714 -6.75 35.673
4 0 6.571 -6.955 35.352 7.619 -7.363 34.709 7.905 -7.006 35.271 6.857 -6.75 35.673
4 0 -4.857 -6.853 35.512 -6 -7.159 35.03 -4.952 -7.159 35.03 -3.905 -6.955 35.352
3 80 2.571 -6.904 35.432 -1.905 -6.904 35.432 -1.238 -7.312 34.789
4 80 6.095 -6.955 35.352 6.571 -6.955 35.352 6.857 -6.75 35.673 6.952 -6.444 36.155
4 0 -3.905 -6.955 35.352 -2.667 -6.904 35.432 -3.81 -6.699 35.753 -4.857 -6.853 35.512
4 0 -2.667 -6.904 35.432 -1.905 -6.904 35.432 -2.667 -6.699 35.753 -3.81 -6.699 35.753
4 80 -2.667 -6.699 35.753 -1.905 -6.904 35.432 2.571 -6.904 35.432 2.381 -6.29 36.396
4 0 2.571 -6.904 35.432 3.714 -6.802 35.592 3.429 -6.495 36.075 2.381 -6.29 36.396
4 80 5.714 -6.75 35.673 6.095 -6.955 35.352 6.952 -6.444 36.155 6.762 -6.035 36.798
4 0 6.857 -6.75 35.673 7.905 -7.006 35.271 7.905 -6.341 36.316 6.952 -6.444 36.155
4 0 4.571 -6.086 36.718 4.857 -7.006 35.271 5.714 -6.75 35.673 5.524 -6.341 36.316
4 80 3.714 -6.802 35.592 4.286 -6.904 35.432 4.571 -6.086 36.718 3.429 -6.495 36.075
4 80 5.524 -6.341 36.316 5.714 -6.75 35.673 6.762 -6.035 36.798 6.286 -5.831 37.12
4 0 2.381 -6.29 36.396 3.429 -6.495 36.075 3.524 -6.086 36.718 2.571 -5.729 37.28
4 0 6.762 -6.035 36.798 6.952 -6.444 36.155 7.905 -6.341 36.316 7.429 -5.831 37.12
4 80 3.524 -6.086 36.718 3.429 -6.495 36.075 4.571 -6.086 36.718 3.81 -5.882 37.039
3 0 5.524 -6.341 36.316 5.238 -5.933 36.959 4.571 -6.086 36.718
3 80 -10 -4.222 39.652 -6 -7.159 35.03 -4.857 -6.853 35.512
4 80 5.238 -5.933 36.959 5.524 -6.341 36.316 6.286 -5.831 37.12 5.238 -5.831 37.12
3 80 7.429 -5.831 37.12 7.905 -6.341 36.316 7.81 -5.729 37.28
4 0 4.571 -6.086 36.718 5.238 -5.933 36.959 5.238 -5.831 37.12 4.286 -5.882 37.039
3 80 3.81 -5.882 37.039 4.571 -6.086 36.718 4.286 -5.882 37.039
3 80 -10 -4.222 39.652 -4.857 -6.853 35.512 -3.81 -6.699 35.753
4 0 2.571 -5.729 37.28 3.524 -6.086 36.718 3.81 -5.882 37.039 2.952 -5.371 37.843
4 0 6.286 -5.831 37.12 6.762 -6.035 36.798 7.429 -5.831 37.12 5.524 -5.167 38.164
4 80 -10 -4.222 39.652 -3.81 -6.699 35.753 -2.667 -6.699 35.753 2.381 -6.29 36.396
4 80 10 -4.222 39.652 7.905 -6.341 36.316 7.905 -7.006 35.271 10 -7.532 34.436
4 0 3.81 -5.882 37.039 4.286 -5.882 37.039 3.524 -5.218 38.084 2.952 -5.371 37.843
4 0 4.286 -5.882 37.039 5.238 -5.831 37.12 5.524 -5.167 38.164 3.524 -5.218 38.084
3 0 5.238 -5.831 37.12 6.286 -5.831 37.12 5.524 -5.167 38.164
4 0 7.429 -5.831 37.12 7.81 -5.729 37.28 7.81 -5.116 38.245 5.524 -5.167 38.164
4 80 7.81 -5.729 37.28 7.905 -6.341 36.316 10 -4.222 39.652 7.81 -5.116 38.245
3 80 2.381 -6.29 36.396 2.571 -5.729 37.28 -10 -4.222 39.652
3 80 2.571 -5.729 37.28 2.952 -5.371 37.843 -10 -4.222 39.652
3 80 -10 -4.222 39.652 2.952 -5.371 37.843 3.524 -5.218 38.084
3 80 -10 -4.222 39.652 3.524 -5.218 38.084 5.524 -5.167 38.164
4 80 -4.407 -16 0 -4.407 -15.878 -2.578 -1.6 -15.878 -2.578 -1.6 -16 0
4 4 -7.722 -16 0 -7.722 -15.851 -3.159 -4.407 -15.878 -2.578 -4.407 -16 0
4 4 -1.6 -16 0 -1.6 -15.878 -2.578 1.799 -15.851 -3.161 1.799 -16 0
4 4 -7.722 -15.851 -3.159 -7.349 -15.767 -4.95 -3.975 -15.836 -3.471 -4.407 -15.878 -2.578
4 4 -1.999 -15.836 -3.483 1.43 -15.766 -4.956 1.799 -15.851 -3.161 -1.6 -15.878 -2.578
4 80 8 -16 0 8 -15.652 -7.384 10 -15.652 -7.384 10 -16 0
4 4 4.653 -16 0 4.653 -15.652 -7.384 8 -15.652 -7.384 8 -16 0
4 4 -7.349 -15.767 -4.95 -6.23 -15.701 -6.334 -4.743 -15.664 -7.124 -3.975 -15.836 -3.471
4 4 -1.163 -15.664 -7.124 .32 -15.701 -6.334 1.43 -15.766 -4.956 -1.999 -15.836 -3.483
3 80 -7.722 -15.851 -3.159 -10 -15.652 -7.384 -7.349 -15.767 -4.95
3 80 1.799 -15.851 -3.161 1.43 -15.766 -4.956 4.653 -15.652 -7.384
4 4 -4.743 -15.664 -7.124 -2.987 -15.652 -7.384 -2.935 -15.652 -7.384 -2.964 -15.821 -3.798
3 80 -7.349 -15.767 -4.95 -10 -15.652 -7.384 -6.23 -15.701 -6.334
3 80 1.43 -15.766 -4.956 .32 -15.701 -6.334 4.653 -15.652 -7.384
3 80 -6.23 -15.701 -6.334 -10 -15.652 -7.384 -4.743 -15.664 -7.124
3 80 4.653 -15.652 -7.384 -1.163 -15.664 -7.124 -2.935 -15.652 -7.384
3 80 -1.163 -15.664 -7.124 4.653 -15.652 -7.384 .32 -15.701 -6.334
3 80 4.653 -15.384 -9.237 -2.935 -15.652 -7.384 -2.961 -15.651 -7.388
3 80 -2.961 -15.651 -7.388 -2.987 -15.652 -7.384 -5.33 -14.914 -12.493
4 4 4.653 -15.384 -9.237 8 -15.004 -11.869 8 -15.652 -7.384 4.653 -15.652 -7.384
4 80 -10 -15.652 -7.384 -6.436 -14.844 -12.977 -5.33 -14.914 -12.493 -2.987 -15.652 -7.384
3 80 -6.436 -14.844 -12.977 -10 -15.652 -7.384 -7.015 -14.763 -13.539
3 80 -7.015 -14.763 -13.539 -10 -15.652 -7.384 -7.44 -14.652 -14.307
4 80 -10 -15.652 -7.384 -10 -14.604 -14.64 -7.535 -14.604 -14.64 -7.44 -14.652 -14.307
4 4 -6.436 -14.844 -12.977 -7.535 -14.604 -14.64 -.249 -14.604 -14.64 -5.33 -14.914 -12.493
4 80 -7.787 -14.226 -16.181 -7.7 -14.464 -15.209 -10 -14.604 -14.64 -10 -12.883 -21.648
4 4 -7.535 -14.604 -14.64 -7.7 -14.464 -15.209 -4.286 -14.228 -16.169 -4.093 -14.293 -15.907
4 80 -.249 -14.604 -14.64 -4.093 -14.293 -15.907 8 -13.195 -20.379 10 -14.604 -14.64
4 4 -7.787 -14.226 -16.181 -7.7 -13.986 -17.156 -7.44 -13.765 -18.055 -4.286 -14.228 -16.169
4 4 -7.44 -13.765 -18.055 -7.015 -13.579 -18.814 -4.093 -14.152 -16.481 -4.286 -14.228 -16.169
4 4 -7.015 -13.579 -18.814 -6.436 -13.443 -19.367 -5.33 -13.333 -19.817 -4.093 -14.152 -16.481
3 80 -7.787 -14.226 -16.181 -10 -12.883 -21.648 -7.7 -13.986 -17.156
3 80 -7.7 -13.986 -17.156 -10 -12.883 -21.648 -7.44 -13.765 -18.055
4 4 -5.33 -13.333 -19.817 .451 -12.883 -21.648 8 -12.883 -21.648 8 -13.195 -20.379
3 80 -10 -12.883 -21.648 -7.015 -13.579 -18.814 -7.44 -13.765 -18.055
4 80 -7.836 -11.798 -24.681 -10 -12.883 -21.648 -10 -10.51 -28.284 -7.836 -10.62 -27.978
4 4 4.511 -10.557 -28.154 7.305 -11.382 -25.845 6.199 -11.694 -24.972 4.835 -11.798 -24.681
4 4 -7.836 -11.798 -24.681 -7.836 -10.62 -27.978 3.945 -10.62 -27.978 4.835 -11.798 -24.681
4 4 4.511 -10.557 -28.154 4.575 -10.51 -28.284 8.191 -10.51 -28.284 7.99 -10.955 -27.041
4 80 -7.836 -10.62 -27.978 -10 -10.51 -28.284 4.575 -10.51 -28.284 3.945 -10.62 -27.978
3 80 3.945 -10.62 -27.978 4.575 -10.51 -28.284 4.511 -10.557 -28.154
4 80 4.216 -10.069 -29.196 4.717 -10.377 -28.559 4.575 -10.51 -28.284 3.272 -9.922 -29.501
4 4 8.191 -10.51 -28.284 4.717 -10.377 -28.559 8.035 -9.859 -29.63 8.218 -10.434 -28.442
4 80 1.678 -9.725 -29.907 3.272 -9.922 -29.501 4.575 -10.51 -28.284 -.568 -9.481 -30.412
4 4 4.216 -10.069 -29.196 7.485 -9.347 -30.689 8.035 -9.859 -29.63 4.717 -10.377 -28.559
3 80 -10 -10.51 -28.284 -4.385 -8.978 -31.453 -2.693 -9.234 -30.924
3 80 -10 -10.51 -28.284 -5.647 -8.714 -31.999 -4.385 -8.978 -31.453
3 80 -10 -10.51 -28.284 -6.954 -8.268 -32.921 -5.647 -8.714 -31.999
3 80 8.191 -10.51 -28.284 8.218 -10.434 -28.442 10 -7.532 -34.436
4 4 3.272 -9.922 -29.501 4.14 -8.461 -32.522 5.131 -8.585 -32.265 4.216 -10.069 -29.196
3 80 -10 -10.51 -28.284 -7.739 -7.728 -34.038 -6.954 -8.268 -32.921
4 4 5.131 -8.585 -32.265 6.485 -8.888 -31.639 7.485 -9.347 -30.689 4.216 -10.069 -29.196
4 4 1.678 -9.725 -29.907 1.786 -8.177 -33.11 4.14 -8.461 -32.522 3.272 -9.922 -29.501
3 80 8.035 -9.859 -29.63 10 -7.532 -34.436 8.218 -10.434 -28.442
4 4 -.568 -9.481 -30.412 -.668 -7.867 -33.75 1.786 -8.177 -33.11 1.678 -9.725 -29.907
4 80 -10 -10.51 -28.284 -10 -7.532 -34.436 -7.819 -7.532 -34.436 -7.739 -7.728 -34.038
3 80 7.485 -9.347 -30.689 10 -7.532 -34.436 8.035 -9.859 -29.63
4 4 -4.385 -8.978 -31.453 -2.524 -7.6 -34.304 -.668 -7.867 -33.75 -2.693 -9.234 -30.924
3 80 6.485 -8.888 -31.639 10 -7.532 -34.436 7.485 -9.347 -30.689
3 80 5.131 -8.585 -32.265 10 -7.532 -34.436 6.485 -8.888 -31.639
3 80 4.14 -8.461 -32.522 10 -7.532 -34.436 5.131 -8.585 -32.265
3 4 -2.858 -7.532 -34.436 -5.647 -8.714 -31.999 -6.954 -8.268 -32.921
3 80 1.786 -8.177 -33.11 10 -7.532 -34.436 4.14 -8.461 -32.522
3 80 -.668 -7.867 -33.75 10 -7.532 -34.436 1.786 -8.177 -33.11
4 4 -7.739 -7.728 -34.038 -7.819 -7.532 -34.436 -2.858 -7.532 -34.436 -6.954 -8.268 -32.921
4 4 -4.583 -6.932 -35.387 -4.1 -7.234 -34.913 -7.819 -7.532 -34.436 -8 -6.994 -35.289
3 4 -4.1 -7.234 -34.913 -2.858 -7.532 -34.436 -7.819 -7.532 -34.436
4 80 -2.858 -7.532 -34.436 -4.1 -7.234 -34.913 -3.798 -6.621 -35.876 10 -7.532 -34.436
3 80 8 -6.621 -35.876 10 -7.532 -34.436 -3.798 -6.621 -35.876
4 4 -7.807 -6.14 -36.634 -4.319 -6.69 -35.768 -4.583 -6.932 -35.387 -8 -6.994 -35.289
4 4 -7.807 -6.14 -36.634 -7.228 -5.455 -37.711 -6.122 -4.932 -38.533 -4.319 -6.69 -35.768
4 4 -6.122 -4.932 -38.533 -4.604 -4.758 -38.808 -3.798 -6.621 -35.876 -4.319 -6.69 -35.768
4 4 -3.798 -6.621 -35.876 -4.604 -4.758 -38.808 8 -4.758 -38.808 8 -6.621 -35.876
4 80 -4.604 -4.758 -38.808 -10 -4.222 -39.652 10 -4.222 -39.652 8 -4.758 -38.808
4 80 4.653 -15.916 1.772 1.799 -15.916 1.772 1.799 -16 0 4.653 -16 0
4 4 8 -15.89 2.338 4.653 -15.916 1.772 4.653 -16 0 8 -16 0
4 4 1.799 -16 0 1.799 -15.916 1.772 -1.6 -15.89 2.341 -1.6 -16 0
4 4 8 -15.89 2.338 7.623 -15.806 4.121 4.209 -15.877 2.62 4.653 -15.916 1.772
4 4 2.204 -15.876 2.633 -1.227 -15.806 4.122 -1.6 -15.89 2.341 1.799 -15.916 1.772
4 4 -4.407 -15.728 5.771 -7.722 -15.728 5.771 -7.722 -16 0 -4.407 -16 0
4 4 6.504 -15.741 5.487 5.002 -15.705 6.267 3.187 -15.862 2.929 4.209 -15.877 2.62
4 4 1.387 -15.705 6.267 -.108 -15.741 5.487 -1.227 -15.806 4.122 2.204 -15.876 2.633
4 4 5.002 -15.705 6.267 3.198 -15.692 6.528 1.387 -15.705 6.267 3.187 -15.862 2.929
4 80 -10 -15.652 7.384 -4.407 -15.728 5.771 -.108 -15.741 5.487 1.387 -15.705 6.267
3 80 -7.722 -15.728 5.771 -4.407 -15.728 5.771 -10 -15.652 7.384
4 80 5.399 -15.652 7.384 -10 -15.652 7.384 1.387 -15.705 6.267 3.198 -15.692 6.528
3 80 -5.33 -15.152 10.847 -6.436 -15.086 11.306 -10 -15.652 7.384
3 80 -6.436 -15.086 11.306 -7.015 -15.004 11.869 -10 -15.652 7.384
3 80 -7.015 -15.004 11.869 -7.44 -14.893 12.642 -10 -15.652 7.384
4 4 8 -15.234 10.275 -4.093 -14.661 14.247 -5.33 -15.152 10.847 5.399 -15.652 7.384
3 80 -7.44 -14.893 12.642 -7.7 -14.76 13.56 -10 -15.652 7.384
3 80 -7.7 -14.76 13.56 -7.787 -14.617 14.552 -10 -15.652 7.384
4 80 -7.787 -14.617 14.552 -7.779 -14.604 14.64 -10 -14.604 14.64 -10 -15.652 7.384
4 4 -4.093 -14.661 14.247 -7.015 -15.004 11.869 -6.436 -15.086 11.306 -5.33 -15.152 10.847
4 4 -4.093 -14.661 14.247 -4.286 -14.615 14.565 -7.44 -14.893 12.642 -7.015 -15.004 11.869
4 80 10 -14.604 14.64 -4.232 -14.604 14.64 -4.093 -14.661 14.247 8 -15.234 10.275
4 4 -4.286 -14.615 14.565 -7.787 -14.617 14.552 -7.7 -14.76 13.56 -7.44 -14.893 12.642
3 80 -4.093 -14.661 14.247 -4.232 -14.604 14.64 -4.286 -14.615 14.565
4 4 -4.286 -14.615 14.565 -4.232 -14.604 14.64 -7.779 -14.604 14.64 -7.787 -14.617 14.552
4 4 -4.093 -14.558 14.829 -7.44 -14.166 16.422 -7.7 -14.386 15.527 -4.232 -14.604 14.64
4 4 -6.436 -13.846 17.728 -7.015 -13.981 17.176 -7.44 -14.166 16.422 -4.093 -14.558 14.829
4 80 -7.779 -14.604 14.64 -7.7 -14.386 15.527 -10 -12.883 21.648 -10 -14.604 14.64
3 80 -10 -12.883 21.648 -7.7 -14.386 15.527 -7.44 -14.166 16.422
4 4 8 -13.579 18.814 8 -12.883 21.648 5.547 -12.883 21.648 -5.33 -13.729 18.202
3 80 -10 -12.883 21.648 -7.44 -14.166 16.422 -7.015 -13.981 17.176
3 80 -10 -12.883 21.648 -7.015 -13.981 17.176 -6.436 -13.846 17.728
3 80 -10 -12.883 21.648 -6.436 -13.846 17.728 -5.33 -13.729 18.202
3 80 4.667 -11.853 24.53 4 -11.789 24.708 5.547 -12.883 21.648
4 80 5.547 -12.883 21.648 4 -11.789 24.708 3.048 -11.596 25.247 -10 -12.883 21.648
3 80 -10 -12.883 21.648 3.048 -11.596 25.247 2.476 -11.275 26.144
3 80 -10 -12.883 21.648 -2.667 -10.859 27.309 -3.714 -10.859 27.309
3 80 -10 -12.883 21.648 -3.714 -10.859 27.309 -4.667 -10.794 27.489
3 80 -10 -12.883 21.648 -4.667 -10.794 27.489 -6.095 -10.57 28.117
4 80 -6.272 -10.51 28.284 -10 -10.51 28.284 -10 -12.883 21.648 -6.095 -10.57 28.117
3 80 8 -11.083 26.682 10 -10.51 28.284 8 -10.891 27.22
4 80 6.095 -10.634 27.937 6.095 -10.51 28.284 5.627 -10.51 28.284 5.619 -11.275 26.144
4 0 -4.667 -10.794 27.489 -3.714 -10.859 27.309 -6.272 -10.51 28.284 -6.095 -10.57 28.117
4 0 -.203 -10.51 28.284 -2.667 -10.859 27.309 -1.714 -10.794 27.489 -.476 -10.602 28.027
4 0 2.946 -10.51 28.284 2.476 -10.826 27.4 3.905 -10.762 27.579 4.476 -10.634 27.937
3 80 8 -10.891 27.22 10 -10.51 28.284 7.714 -10.57 28.117
3 0 5.627 -10.51 28.284 2.946 -10.51 28.284 4.476 -10.634 27.937
3 0 4.667 -10.666 27.848 5.627 -10.51 28.284 4.476 -10.634 27.937
3 0 2.946 -10.51 28.284 4 -10.214 28.896 2.952 -10.504 28.295
4 0 6.19 -10.09 29.153 6.095 -10.463 28.381 6.095 -10.51 28.284 7.559 -10.51 28.284
4 0 -3.049 -10.254 28.814 -3.33 -10.251 28.82 -6.272 -10.51 28.284 -.203 -10.51 28.284
3 0 -.203 -10.51 28.284 -2.667 -10.131 29.067 -3.049 -10.254 28.814
3 0 7.559 -10.51 28.284 7.048 -10.256 28.81 6.19 -10.09 29.153
3 0 -6.272 -10.51 28.284 -3.33 -10.251 28.82 -3.728 -10.092 29.148
3 0 5.048 -10.09 29.153 5.627 -10.51 28.284 5.63 -10.077 29.179
4 0 -3.732 -9.922 29.501 -7.143 -10.131 29.067 -6.272 -10.51 28.284 -3.728 -10.092 29.148
4 0 -2.661 -9.881 29.585 -2.667 -10.131 29.067 -.203 -10.51 28.284 .762 -10.09 29.153
3 80 -10 -10.51 28.284 -7.143 -10.131 29.067 -7.81 -9.509 30.354
3 80 -7.143 -10.131 29.067 -10 -10.51 28.284 -6.272 -10.51 28.284
4 80 7.905 -9.178 31.04 7.524 -9.551 30.267 7.559 -10.51 28.284 10 -10.51 28.284
3 80 -10 -10.51 28.284 -7.81 -9.509 30.354 -8 -9.178 31.04
4 80 8 -8.681 32.068 7.905 -9.178 31.04 10 -10.51 28.284 10 -7.532 34.436
4 80 -10 -7.532 34.436 -10 -10.51 28.284 -8 -8.722 31.982 -7.714 -8.225 33.011
3 80 7.714 -8.225 33.011 8 -8.681 32.068 10 -7.532 34.436
4 80 2.952 -8.183 33.097 3.524 -8.017 33.44 .198 -7.532 34.436 .762 -7.81 33.868
4 80 4.286 -7.976 33.526 5.573 -7.532 34.436 .198 -7.532 34.436 3.524 -8.017 33.44
4 80 5.573 -7.532 34.436 5.143 -8.1 33.269 5.619 -7.934 33.612 5.81 -7.603 34.298
3 80 -7.714 -8.225 33.011 -7.143 -7.727 34.04 -10 -7.532 34.436
4 0 .762 -7.81 33.868 .198 -7.532 34.436 -.015 -7.532 34.436 -.095 -8.059 33.354
4 80 10 -7.532 34.436 7.173 -7.532 34.436 6.952 -7.603 34.298 7.714 -8.225 33.011
3 0 -5.619 -7.561 34.383 -5.564 -7.532 34.436 -6.699 -7.532 34.436
3 0 -6.699 -7.532 34.436 -7.143 -7.727 34.04 -5.619 -7.561 34.383
3 80 -5.564 -7.532 34.436 -4.476 -7.686 34.126 -4.095 -7.561 34.383
4 0 7.173 -7.532 34.436 5.573 -7.532 34.436 5.81 -7.603 34.298 6.952 -7.603 34.298
4 80 -2.667 -7.532 34.436 -5.564 -7.532 34.436 -4.095 -7.561 34.383 -3.619 -7.561 34.383
4 80 0 -7.414 34.628 -1.238 -7.312 34.789 -1.192 -7.532 34.436 -.015 -7.532 34.436
4 80 .198 -7.532 34.436 3.714 -7.466 34.547 2.857 -7.21 34.95 0 -7.414 34.628
4 0 6.095 -6.955 35.352 5.238 -7.414 34.628 5.573 -7.532 34.436 6.571 -6.955 35.352
3 80 10 -7.532 34.436 7.905 -7.006 35.271 7.619 -7.363 34.709
4 0 -1.238 -7.312 34.789 -1.905 -6.904 35.432 -2.667 -7.532 34.436 -1.192 -7.532 34.436
3 80 -3.905 -6.955 35.352 -2.667 -7.532 34.436 -2.667 -6.904 35.432
3 0 -2.667 -6.904 35.432 -2.667 -7.532 34.436 -1.905 -6.904 35.432
4 80 -6 -7.159 35.03 -10 -4.222 39.652 -10 -7.532 34.436 -6.699 -7.532 34.436
4 80 10 -4.222 39.652 -10 -4.222 39.652 5.524 -5.167 38.164 7.81 -5.116 38.245
3 80 -8 -9.178 31.04 -8 -8.722 31.982 -10 -10.51 28.284
3 80 -10 -12.883 -21.648 .451 -12.883 -21.648 -5.33 -13.333 -19.817
3 80 -6.436 -13.443 -19.367 -10 -12.883 -21.648 -5.33 -13.333 -19.817
3 80 -10 -12.883 -21.648 -6.436 -13.443 -19.367 -7.015 -13.579 -18.814
4 80 3.714 -7.466 34.547 .198 -7.532 34.436 5.573 -7.532 34.436 4.286 -7.466 34.547
3 80 4.286 -7.466 34.547 5.238 -7.414 34.628 4.857 -7.006 35.271
3 80 5.238 -7.414 34.628 4.286 -7.466 34.547 5.573 -7.532 34.436
4 16 -10 -4.222 39.652 10 -4.222 39.652 10 -4 40 -10 -4 40
4 16 10 -4.222 -39.652 -10 -4.222 -39.652 -10 -4 -40 10 -4 -40
3 80 .762 -10.09 29.153 2.946 -10.51 28.284 2.952 -10.504 28.295
3 80 .762 -10.09 29.153 -.203 -10.51 28.284 2.946 -10.51 28.284

5 24 -10 -7.532 -34.436 10 -7.532 -34.436 -10 -4 -40 -10 -10.51 -28.284
5 24 -10 -10.51 -28.284 10 -10.51 -28.284 -10 -7.532 -34.436 -10 -12.883 -21.648
5 24 -10 -12.883 -21.648 10 -12.883 -21.648 -10 -10.51 -28.284 -10 -14.604 -14.64
5 24 -10 -14.604 -14.64 10 -14.604 -14.64 -10 -12.883 -21.648 -10 -15.652 -7.384
5 24 -10 -15.652 -7.384 10 -15.652 -7.384 -10 -14.604 -14.64 -10 -16 0
5 24 -10 -16 0 10 -16 0 -10 -15.652 -7.384 -10 -15.652 7.384
5 24 -10 -15.652 7.384 10 -15.652 7.384 -10 -16 0 -10 -14.604 14.64
5 24 -10 -14.604 14.64 10 -14.604 14.64 -10 -15.652 7.384 -10 -12.883 21.648
5 24 -10 -12.883 21.648 10 -12.883 21.648 -10 -14.604 14.64 -10 -10.51 28.284
5 24 -10 -10.51 28.284 10 -10.51 28.284 -10 -12.883 21.648 -10 -7.532 34.436
5 24 -10 -7.532 34.436 10 -7.532 34.436 -10 -10.51 28.284 -10 -4 40
