0 ~Train Body for Train Battery Box Car
0 Name: 941.dat
0 Author: Alex Taylor [anathema]
0 !LDRAW_ORG Part UPDATE 2024-02
0 !LICENSE Licensed under CC BY 4.0 : see CAreadme.txt

0 BFC CERTIFY CCW

0 !HISTORY 2012-12-28 [PTadmin] Official Update 2012-03
0 !HISTORY 2019-08-04 [anathema] Corrected various errors
0 !HISTORY 2021-04-11 [Holly-Wood] Eliminated overlap and t-junk where possible, closed gaps, fixed edges and rounding errors
0 !HISTORY 2022-05-07 [PTadmin] Official Update 2022-03
0 !HISTORY 2024-03-23 [OrionP] Updated ring primitives
0 !HISTORY 2024-03-24 [OrionP] Official Update 2024-02

2 24 -56 32 -116 -25.465 32 -116
2 24 56 32 -116 25.465 32 -116
2 24 -56 32 116 -25.465 32 116
2 24 56 32 116 25.465 32 116
2 24 -56 32 116 -56 32 12.63
2 24 -56 32 -12.63 -56 32 -116
2 24 56 32 -116 56 32 0
2 24 56 32 0 56 32 116

1 16 0 32 69 -33 0 0 0 1 0 0 0 -33 48\2-4ndis.dat
1 16 0 32 69 3 0 0 0 1 0 0 0 3 48\2-4ring11.dat
1 16 0 32 0 0 0 33 0 1 0 -33 0 0 48\2-4ndis.dat
1 16 0 32 0 0 0 -33 0 1 0 -33 0 0 48\3-16ndis.dat
1 16 0 32 0 0 0 -33 0 1 0 33 0 0 48\3-16ndis.dat
1 16 0 32 -69 -3 0 0 0 1 0 0 0 -3 48\2-4ring11.dat
1 16 0 32 -69 33 0 0 0 1 0 0 0 33 48\2-4ndis.dat

4 16 -33 32 -33 -33 32 -36 0 32 -36 0 32 -33
4 16 33 32 -33 0 32 -33 0 32 -36 33 32 -36
4 16 -33 32 36 -33 32 33 0 32 33 0 32 36
4 16 0 32 36 0 32 33 33 32 33 33 32 36

1 16 0 32 69 -36 0 0 0 1 0 0 0 36 48\1-8ndis.dat
1 16 0 32 69 36 0 0 0 1 0 0 0 36 48\1-8ndis.dat
1 16 0 32 -69 -36 0 0 0 1 0 0 0 -36 48\1-8ndis.dat
1 16 0 32 -69 36 0 0 0 1 0 0 0 -36 48\1-8ndis.dat

1 16 -40 32 10.63 -4 0 0 0 1 0 0 0 -2 rect3.dat
3 16 -25.465 32 116 -36 32 105 -25.456 32 94.456
3 16 -36 32 105 -25.465 32 116 -56 32 116
4 16 -56 32 12.63 -36 32 69 -36 32 105 -56 32 116
3 16 -33 32 69 -36 32 69 -33 32 36
4 16 -33 32 33 -33 32 36 -36 32 69 -56 32 12.63
3 16 -33 32 33 -36 32 12.63 -30.488 32 12.628
3 16 -36 32 12.63 -33 32 33 -44 32 12.63
3 16 -44 32 12.63 -33 32 33 -56 32 12.63

3 16 36 32 105 25.465 32 116 25.456 32 94.456
3 16 25.465 32 116 36 32 105 56 32 116
4 16 56 32 0 56 32 116 36 32 105 36 32 69
4 16 56 32 0 36 32 69 33 32 69 33 32 36
3 16 56 32 0 33 32 36 33 32 33
3 16 56 32 0 33 32 33 33 32 0

3 16 25.465 32 -116 36 32 -105 25.456 32 -94.456
3 16 36 32 -105 25.465 32 -116 56 32 -116
4 16 56 32 0 36 32 -69 36 32 -105 56 32 -116
4 16 33 32 -69 36 32 -69 56 32 0 33 32 -36
3 16 33 32 -36 56 32 0 33 32 -33
3 16 33 32 -33 56 32 0 33 32 0

1 16 -40 32 -10.63 4 0 0 0 1 0 0 0 2 rect3.dat
3 16 -25.456 32 -94.456 -36 32 -105 -25.465 32 -116
3 16 -25.465 32 -116 -36 32 -105 -56 32 -116
4 16 -56 32 -12.63 -56 32 -116 -36 32 -105 -36 32 -69
4 16 -56 32 -12.63 -36 32 -69 -33 32 -69 -33 32 -36
4 16 -44 32 -12.63 -56 32 -12.63 -33 32 -36 -33 32 -33
3 16 -44 32 -12.63 -33 32 -33 -36 32 -12.63
3 16 -36 32 -12.63 -33 32 -33 -30.489 32 -12.629

0 BFC INVERTNEXT
1 16 0 48 -116 0 0 -56 -48 0 0 0 232 0 box3u5p.dat
2 24 -56 0 -116 -56 0 -12.63
2 24 -56 0 -8.63 -56 0 8.63
2 24 -56 0 12.63 -56 0 116
2 24 -56 0 116 56 0 116
2 24 56 0 116 56 0 -116

1 16 0 48 -120 0 0 -60 -48 0 0 0 240 0 box3u2p.dat
1 16 0 44 -116 -56 0 0 0 0 -44 0 -1 0 rect3.dat
1 16 0 44 -120 60 0 0 0 0 -44 0 1 0 rect3.dat
1 16 -48 92 -116 8 0 0 0 0 4 0 -1 0 rect3.dat
1 16 -50 92 -120 -10 0 0 0 0 4 0 1 0 rect3.dat
1 16 50 92 -120 -10 0 0 0 0 4 0 1 0 rect3.dat
1 16 48 92 -116 8 0 0 0 0 4 0 -1 0 rect3.dat
1 16 0 88 -118 40 0 0 0 -1 0 0 0 -2 rect2p.dat
1 16 40 92 -118 0 1 0 4 0 0 0 0 -2 rect.dat
1 16 -40 92 -118 0 -1 0 4 0 0 0 0 2 rect.dat
4 16 56 0 -116 -56 0 -116 -60 0 -120 60 0 -120
4 16 -56 0 116 56 0 116 60 0 120 -60 0 120
4 16 -56 0 -116 -56 0 116 -60 0 120 -60 0 -120
4 16 56 0 116 56 0 -116 60 0 -120 60 0 120
4 16 56 96 116 -56 96 116 -60 96 120 60 96 120
4 16 -56 96 116 -56 96 -116 -60 96 -120 -60 96 120
4 16 56 96 -116 56 96 116 60 96 120 60 96 -120
4 16 -56 96 -116 -40 96 -116 -40 96 -120 -60 96 -120
4 16 60 96 -120 40 96 -120 40 96 -116 56 96 -116

3 16 23 6 116 23 .34 116 23 3.172 113.171
3 16 -23 3.172 113.171 -23 .34 116 -23 6 116
1 16 0 1.756 114.586 23 0 0 0 1 -1.416 0 0 1.4145 rect3.dat
1 16 0 4.586 114.586 0 0 -23 -1.414 -1 0 -1.4145 0 0 rect.dat
2 24 -23 .34 116 -23 6 116
2 24 23 .34 116 23 6 116
3 16 -23 6 -116 -23 .34 -116 -23 3.172 -113.201
3 16 23 3.172 -113.201 23 .34 -116 23 6 -116
1 16 0 1.756 -114.601 0 0 23 -1.416 1 0 -1.3995 0 0 rect.dat
1 16 0 4.586 -114.601 23 0 0 0 -1 1.414 0 0 -1.3995 rect3.dat

2 24 23 .34 -116 23 6 -116
2 24 -23 .34 -116 -23 6 -116

1 16 -56 16 -10.63 0 12 0 0 0 -16 -2 0 0 box4-7a.dat
1 16 -56 16 10.63 0 12 0 0 0 -16 -2 0 0 box4-7a.dat
2 24 -56 32 12.63 -44 32 12.63
2 24 -56 32 -12.63 -44 32 -12.63
2 24 -56 32 12.63 -56 0 12.63
2 24 -56 32 -12.63 -56 0 -12.63
2 24 -56 32 -8.63 -56 0 -8.63
2 24 -56 32 8.63 -56 0 8.63

0 BFC INVERTNEXT
1 16 .004 0 0 -30.49 0 -12.63 0 122 0 12.63 0 -30.49 48\1-8cylo.dat
2 24 -36 0 -12.63 -36 0 12.63

3 16 -36 0 -12.63 -30.486 0 -12.629 -31.876 0 -8.542
3 16 -36 0 -12.63 -31.876 0 -8.542 -32.715 0 -4.307
3 16 -36 0 -12.63 -32.715 0 -4.307 -32.999 0 0
3 16 -30.486 0 12.63 -36 0 12.63 -31.872 0 8.542
3 16 -31.872 0 8.542 -36 0 12.63 -32.715 0 4.309
4 16 -36 0 -12.63 -32.999 0 0 -32.715 0 4.309 -36 0 12.63

2 24 -30.486 0 -12.629 -36 0 -12.63
2 24 -36 0 -12.63 -36 32 -12.63
2 24 -36 32 -12.63 -30.489 32 -12.629
2 24 -30.489 32 -12.629 -30.486 0 -12.629
4 16 -36 0 -12.63 -36 32 -12.63 -30.489 32 -12.629 -30.486 0 -12.629

2 24 -36 0 12.63 -30.486 0 12.63
2 24 -30.486 0 12.63 -30.488 32 12.628
2 24 -30.488 32 12.628 -36 32 12.63
2 24 -36 32 12.63 -36 0 12.63
4 16 -30.486 0 12.63 -30.488 32 12.628 -36 32 12.63 -36 0 12.63

3 16 -36 32 -8.63 -36 32 -12.63 -36 0 -12.63
4 16 -36 0 -12.63 -36 0 12.63 -36 32 8.63 -36 32 -8.63
3 16 -36 32 8.63 -36 0 12.63 -36 32 12.63

1 16 -46 34 8.63 -10 0 0 0 0 2 0 1 0 rect3.dat
1 16 -46 34 -8.63 10 0 0 0 0 2 0 -1 0 rect3.dat

2 24 -33.65 36 -12.63 -36 36 -12.63
2 24 -33.649 72 -12.63 -33.65 36 -12.63
4 16 -36 36 -12.63 -36 72 -12.63 -33.649 72 -12.63 -33.65 36 -12.63
1 16 -34.825 54 12.63 -1.175 0 0 0 0 -18 0 -1 0 rect3.dat

2 24 -36 122 -12.63 -30.5 122 -12.63
2 24 -30.5 122 -12.63 -30.5 72 -12.63
2 24 -30.5 122 12.63 -30.5 72 12.63
2 24 -30.5 122 12.63 -36 122 12.63
2 24 -36 72 -12.63 -36 36 -12.63
2 24 -33.649 72 -12.63 -30.5 72 -12.63
2 24 -33.65 72 12.63 -30.5 72 12.63

4 16 -36 32 -8.63 -36 32 8.63 -36 36 8.63 -36 36 -8.63
3 16 -36 72 -12.63 -36 36 -12.63 -36 36 -8.63
3 16 -36 36 12.63 -36 72 12.63 -36 36 8.63
4 16 -30.5 122 -12.63 -33.649 72 -12.63 -36 72 -12.63 -36 122 -12.63
3 16 -33.649 72 -12.63 -30.5 122 -12.63 -30.5 72 -12.63
3 16 -36 72 12.63 -33.65 72 12.63 -36 122 12.63
4 16 -30.5 72 12.63 -30.5 122 12.63 -36 122 12.63 -33.65 72 12.63

3 16 -30.5 122 -12.63 -36 122 -12.63 -31.876 122 -8.542
3 16 -31.876 122 -8.542 -36 122 -12.63 -32.715 122 -4.307
3 16 -32.715 122 -4.307 -36 122 -12.63 -32.999 122 0
3 16 -36 122 12.63 -30.5 122 12.63 -31.872 122 8.542
3 16 -36 122 12.63 -31.872 122 8.542 -32.715 122 4.309
4 16 -32.715 122 4.309 -32.999 122 0 -36 122 -12.63 -36 122 12.63

0 BFC INVERTNEXT
1 16 0 32 69 0 0 -33 0 40 0 33 0 0 48\4-4cylo.dat
4 16 -36 72 -12.63 -36 36 -8.63 -36 36 8.63 -36 72 12.63
1 16 -36 97 0 0 1 0 0 0 25 12.63 0 0 rect3.dat

0 BFC INVERTNEXT
1 16 0 32 0 -30.48802 0 12.62855 0 40 0 -12.62855 0 -30.48802 48\7-8cyli.dat
1 16 0 32 0 0 0 -33 0 1 0 33 0 0 48\3-16edge.dat
1 16 0 32 0 0 0 -33 0 1 0 -33 0 0 48\3-16edge.dat
1 16 0 32 0 0 0 33 0 1 0 33 0 0 48\2-4edge.dat
1 16 0 72 0 0 0 -33 0 1 0 33 0 0 48\3-16edge.dat
1 16 0 72 0 0 0 -33 0 1 0 -33 0 0 48\3-16edge.dat
1 16 0 72 0 0 0 33 0 1 0 33 0 0 48\2-4edge.dat
1 16 0 72 0 0 0 3 0 -1 0 3 0 0 48\2-4ring11.dat
1 16 0 72 69 -3 0 0 0 -1 0 0 0 3 48\4-4ring11.dat
1 16 0 72 -69 3 0 0 0 -1 0 0 0 -3 48\4-4ring11.dat
1 16 0 72 0 0 0 -3 0 -1 0 3 0 0 48\3-16ring11.dat
1 16 0 72 0 0 0 -3 0 -1 0 -3 0 0 48\3-16ring11.dat
3 16 -30.5 72 -12.63 -33.26 72 -13.777 -33.649 72 -12.63
3 16 -33.262 72 13.777 -30.5 72 12.63 -33.65 72 12.63

0 BFC INVERTNEXT
1 16 0 32 -69 0 0 -33 0 40 0 33 0 0 48\4-4cylo.dat

1 16 0 32 69 25.45584 0 -25.45584 0 4 0 25.45584 0 25.45584 48\1-4cyli.dat
1 16 0 32 -69 -25.45584 0 25.45584 0 4 0 -25.45584 0 -25.45584 48\1-4cyli.dat

1 16 0 32 69 25.45584 0 -25.45584 0 1 0 25.45584 0 25.45584 48\1-4edge.dat
1 16 0 32 -69 -25.45584 0 25.45584 0 1 0 -25.45584 0 -25.45584 48\1-4edge.dat

1 16 -25.461 34 -105.228 -.0045 -1 0 0 0 2 -10.772 0 0 rect.dat

1 16 25.461 34 -105.228 0 1 .0045 2 0 0 0 0 -10.772 rect.dat

1 16 -25.461 34 105.228 0 -1 -.0045 2 0 0 0 0 10.772 rect.dat

1 16 25.465 34 105.2 0 1 0 0 0 -2 -10.8 0 0 rect.dat

1 16 0 36 69 0 0 -36 0 36 0 36 0 0 48\4-4cyli.dat
1 16 0 36 0 9.31749 0 34.7733 0 36 0 -34.7733 0 9.31749 48\2-4cyli.dat
1 16 0 36 -69 0 0 -36 0 36 0 36 0 0 48\4-4cyli.dat
1 16 0 36 0 -9.31749 0 -34.7733 0 36 0 34.7733 0 -9.31749 48\1-6cyli.dat
1 16 0 36 0 -34.7733 0 9.31749 0 36 0 -9.31749 0 -34.7733 48\1-6cyli.dat

2 24 10.12 72 34.49 13.78 72 35.746
2 24 -10.14 72 34.49 -13.8 72 35.746
1 16 0 72 69 -36 0 0 0 1 0 0 0 -36 48\3-16edge.dat
1 16 0 72 69 36 0 0 0 1 0 0 0 -36 48\3-16edge.dat
1 16 0 72 69 -36 0 0 0 1 0 0 0 36 48\2-4edge.dat
2 24 10.12 36 34.49 13.78 36 35.746
2 24 -10.14 36 34.49 -13.8 36 35.746
1 16 0 36 69 -36 0 0 0 1 0 0 0 -36 48\3-16edge.dat
1 16 0 36 69 36 0 0 0 1 0 0 0 -36 48\3-16edge.dat
1 16 0 36 69 -36 0 0 0 1 0 0 0 36 48\1-8edge.dat
1 16 0 36 69 36 0 0 0 1 0 0 0 36 48\1-8edge.dat
1 16 0 72 0 36 0 0 0 1 0 0 0 36 48\3-16edge.dat
1 16 0 72 0 -34.77333 0 9.31749 0 1 0 -9.31749 0 -34.77333 48\7-48edge.dat
1 16 0 72 0 36 0 0 0 1 0 0 0 -36 48\3-16edge.dat
1 16 0 72 0 -34.77333 0 9.31749 0 1 0 9.31749 0 34.77333 48\7-48edge.dat
2 24 -10.12 72 -34.51 -13.78 72 -33.254
2 24 -10.12 72 -34.51 -10.12 34 -34.51
2 24 10.14 72 -34.51 13.8 72 -33.254
2 24 10.14 72 -34.51 10.14 36 -34.51
2 24 -10.12 72 34.51 -13.78 72 33.254
2 24 -10.12 72 34.51 -10.12 36 34.51
2 24 10.14 72 34.51 13.8 72 33.254
2 24 10.14 72 34.51 10.14 36 34.51
1 16 0 36 0 36 0 0 0 1 0 0 0 36 48\3-16edge.dat
1 16 0 36 0 -34.77333 0 9.31749 0 1 0 -9.31749 0 -34.77333 48\7-48edge.dat
1 16 0 36 0 36 0 0 0 1 0 0 0 -36 48\3-16edge.dat
1 16 0 36 0 -34.77333 0 9.31749 0 1 0 9.31749 0 34.77333 48\7-48edge.dat
2 24 -10.12 36 -34.51 -13.78 36 -33.254
2 24 10.14 36 -34.51 13.8 36 -33.254
2 24 -10.12 36 34.51 -13.78 36 33.254
2 24 10.14 36 34.51 13.8 36 33.254
1 16 0 72 -69 36 0 0 0 1 0 0 0 36 48\3-16edge.dat
1 16 0 72 -69 -36 0 0 0 1 0 0 0 36 48\3-16edge.dat
1 16 0 72 -69 36 0 0 0 1 0 0 0 -36 48\2-4edge.dat
2 24 10.12 72 -34.49 13.78 72 -35.746
2 24 -10.14 72 -34.49 -13.8 72 -35.746
1 16 0 36 -69 36 0 0 0 1 0 0 0 36 48\3-16edge.dat
1 16 0 36 -69 -36 0 0 0 1 0 0 0 36 48\3-16edge.dat
1 16 0 36 -69 36 0 0 0 1 0 0 0 -36 48\1-8edge.dat
1 16 0 36 -69 -36 0 0 0 1 0 0 0 -36 48\1-8edge.dat
2 24 10.12 36 -34.49 13.78 36 -35.746
2 24 -10.14 36 -34.49 -13.8 36 -35.746
2 24 -36 36 12.63 -36 36 8.63
2 24 -36 36 -12.63 -36 36 -8.63
2 24 -56 36 -116 -56 36 -8.63
2 24 -56 36 8.63 -56 36 116
2 24 56 36 116 56 36 -116
2 24 -56 36 -116 -25.465 36 -116
2 24 56 36 -116 25.465 36 -116
2 24 -56 36 116 -25.465 36 116
2 24 56 36 116 25.465 36 116

1 16 0 36 -69 36 0 0 0 -1 0 0 0 36 48\5-24ndis.dat
1 16 0 36 0 36 0 0 0 -1 0 0 0 -36 48\5-24ndis.dat
1 16 0 36 0 36 0 0 0 -1 0 0 0 36 48\5-24ndis.dat
1 16 0 36 69 36 0 0 0 -1 0 0 0 -36 48\5-24ndis.dat
1 16 0 36 69 -36 0 0 0 -1 0 0 0 36 48\1-8ndis.dat
1 16 0 36 69 36 0 0 0 -1 0 0 0 36 48\1-8ndis.dat
1 16 0 36 -69 -36 0 0 0 -1 0 0 0 -36 48\1-8ndis.dat
1 16 0 36 -69 36 0 0 0 -1 0 0 0 -36 48\1-8ndis.dat
1 16 0 36 -69 -36 0 0 0 -1 0 0 0 36 48\5-24ndis.dat
1 16 0 36 69 -36 0 0 0 -1 0 0 0 -36 48\5-24ndis.dat
1 16 0 36 0 -36 0 0 0 -1 0 0 0 -36 48\5-24ndis.dat
1 16 0 36 0 -36 0 0 0 -1 0 0 0 36 48\5-24ndis.dat

3 16 -36 36 105 -25.465 36 116 -25.456 36 94.456
3 16 -25.465 36 116 -36 36 105 -56 36 116
4 16 -36 36 105 -36 36 69 -56 36 8.63 -56 36 116
3 16 -36 36 69 -36 36 12.63 -56 36 8.63
3 16 -56 36 8.63 -36 36 12.63 -36 36 8.63
3 16 25.465 36 116 36 36 105 25.456 36 94.456
3 16 36 36 105 25.465 36 116 56 36 116
4 16 36 36 105 56 36 116 56 36 0 36 36 69
3 16 36 36 69 56 36 0 36 36 0

3 16 36 36 -105 25.465 36 -116 25.456 36 -94.456
3 16 25.465 36 -116 36 36 -105 56 36 -116
4 16 56 36 0 56 36 -116 36 36 -105 36 36 -69
3 16 56 36 0 36 36 -69 36 36 0
3 16 -36 36 -105 -25.456 36 -94.456 -25.465 36 -116
3 16 -36 36 -105 -25.465 36 -116 -56 36 -116
4 16 -56 36 -8.63 -36 36 -69 -36 36 -105 -56 36 -116
3 16 -36 36 -12.63 -36 36 -69 -56 36 -8.63
3 16 -36 36 -12.63 -56 36 -8.63 -36 36 -8.63

1 16 45 32 -54.5 1 0 0 0 -1 0 0 0 -1.5 box4-4a.dat
1 16 45 32 -49.5 -1 0 0 0 -1 0 0 0 1.5 box4-4a.dat
1 16 47.5 32 -52 0 0 1.5 0 -1 0 1 0 0 box4-4a.dat
1 16 42.5 32 -52 0 0 -1.5 0 -1 0 -1 0 0 box4-4a.dat
1 16 45 30 -68 8 0 0 0 2 0 0 0 8 4-4cylo.dat
1 16 45 30 -68 4 0 0 0 1 0 0 0 4 4-4ring1.dat
1 16 45 28 -68 4 0 0 0 2 0 0 0 4 4-4cylc.dat
1 16 45 30 0 8 0 0 0 2 0 0 0 8 4-4cylc.dat
1 16 45 30 68 8 0 0 0 2 0 0 0 8 4-4cylc.dat
1 16 45 32 84 0 0 -1 0 -1 0 -4 0 0 box5.dat
1 16 45 32 16 0 0 1 0 -1 0 4 0 0 box5.dat

1 16 45 96 70 4 0 0 0 -60 0 0 0 4 4-4cylc.dat
1 16 45 96 -70 4 0 0 0 -60 0 0 0 4 4-4cylc.dat
1 16 -45 96 -70 4 0 0 0 -60 0 0 0 4 4-4cylc.dat
1 16 -45 96 70 4 0 0 0 -60 0 0 0 4 4-4cylc.dat
