0 Minifig Torso with Zippers, Badge with Minifig Head, Radio and Belt Pattern
0 Name: 973p0f.dat
0 Author: Evert-Jan Boer [ejboer]
0 !LDRAW_ORG Part UPDATE 2022-05
0 !LICENSE Licensed under CC BY 4.0 : see CAreadme.txt

0 BFC CERTIFY CCW

0 !KEYWORDS Bad Cop, Bricklink 973pb1734, police, Set 70802, Set 70819
0 !KEYWORDS Set 71213

0 !HISTORY 2022-09-15 [PTadmin] Official Update 2022-05


1 16 0 0 0 1 0 0 0 1 0 0 0 1 s\973s01.dat
1 15 0 -4 0 4.243 0 -4.243 0 -8 0 -4.243 0 -4.243 1-4cyli.dat

4 80 -2.93 30.1 -10 -3.39 30.1 -10 -3.27 30.55 -10 -2.87 30.32 -10
4 80 -2.95 30.87 -10 -2.72 30.47 -10 -2.87 30.32 -10 -3.27 30.55 -10
4 80 -2.5 30.99 -10 -2.5 30.53 -10 -2.72 30.47 -10 -2.95 30.87 -10
4 80 -2.87 24.48 -10 -3.27 24.25 -10 -3.39 24.7 -10 -2.93 24.7 -10
4 80 -2.95 23.93 -10 -2.72 24.33 -10 -2.5 24.27 -10 -2.5 23.81 -10
4 80 -3.27 24.25 -10 -2.87 24.48 -10 -2.72 24.33 -10 -2.95 23.93 -10
4 80 -3.39 24.7 -10 -3.39 30.1 -10 -2.93 30.1 -10 -2.93 24.7 -10
4 80 3.27 30.55 -10 3.39 30.1 -10 2.93 30.1 -10 2.87 30.32 -10
4 80 2.87 30.32 -10 2.72 30.47 -10 2.95 30.87 -10 3.27 30.55 -10
4 80 2.72 30.47 -10 2.5 30.53 -10 2.5 30.99 -10 2.95 30.87 -10
4 80 2.87 24.48 -10 2.93 24.7 -10 3.39 24.7 -10 3.27 24.25 -10
4 80 2.5 24.27 -10 2.72 24.33 -10 2.95 23.93 -10 2.5 23.81 -10
4 80 2.72 24.33 -10 2.87 24.48 -10 3.27 24.25 -10 2.95 23.93 -10
4 80 2.93 27.3 -10 2.93 26.9 -10 0.6 26.9 -10 0.6 27.3 -10
3 80 3.39 30.1 -10 2.93 27.3 -10 2.93 30.1 -10
3 80 3.39 30.1 -10 2.93 26.9 -10 2.93 27.3 -10
4 80 3.39 30.1 -10 3.39 24.7 -10 2.93 24.7 -10 2.93 26.9 -10
3 72 -2.2 25 -10 -0.48 26.65 -10 -0.15 26.32 -10
3 72 -2.2 25 -10 -0.6 27.1 -10 -0.48 26.65 -10
4 72 -2.2 25 -10 -2.2 29.5 -10 -0.48 27.55 -10 -0.6 27.1 -10
3 72 -0.48 27.55 -10 -2.2 29.5 -10 -0.15 27.88 -10
3 72 -0.15 27.88 -10 -2.2 29.5 -10 0.3 28 -10
4 72 2 29.5 -10 2 28 -10 0.3 28 -10 -2.2 29.5 -10
4 72 -0.15 26.32 -10 0.3 26.2 -10 2 25 -10 -2.2 25 -10
3 72 2 25 -10 0.3 26.2 -10 2 26.2 -10
4 16 -2.87 24.48 -10 -2.2 25 -10 -2.5 24.27 -10 -2.72 24.33 -10
4 16 -2.87 24.48 -10 -2.93 24.7 -10 -2.2 29.5 -10 -2.2 25 -10
4 16 -2.93 24.7 -10 -2.93 30.1 -10 -2.87 30.32 -10 -2.2 29.5 -10
4 16 -2.5 30.53 -10 -2.2 29.5 -10 -2.87 30.32 -10 -2.72 30.47 -10
4 16 -2.2 29.5 -10 -2.5 30.53 -10 2.5 30.53 -10 2 29.5 -10
4 16 2.87 30.32 -10 2 29.5 -10 2.5 30.53 -10 2.72 30.47 -10
3 16 2.93 30.1 -10 2 29.5 -10 2.87 30.32 -10
4 16 2 29.5 -10 2.93 30.1 -10 2.93 27.3 -10 2 28 -10
4 16 2.93 27.3 -10 0.6 27.3 -10 0.3 28 -10 2 28 -10
3 16 0.3 28 -10 0.6 27.3 -10 -0.15 27.88 -10
4 16 -0.15 27.88 -10 0.6 27.3 -10 -0.6 27.1 -10 -0.48 27.55 -10
4 16 0.6 27.3 -10 0.6 26.9 -10 -0.48 26.65 -10 -0.6 27.1 -10
4 16 -0.48 26.65 -10 0.6 26.9 -10 0.3 26.2 -10 -0.15 26.32 -10
4 16 0.3 26.2 -10 0.6 26.9 -10 2.93 26.9 -10 2 26.2 -10
4 16 2.93 24.7 -10 2 25 -10 2 26.2 -10 2.93 26.9 -10
3 16 2.93 24.7 -10 2.87 24.48 -10 2 25 -10
4 16 2.5 24.27 -10 2 25 -10 2.87 24.48 -10 2.72 24.33 -10
4 16 -2.2 25 -10 2 25 -10 2.5 24.27 -10 -2.5 24.27 -10
4 80 -2.5 23.81 -10 -2.5 24.27 -10 2.5 24.27 -10 2.5 23.81 -10
4 80 2.5 30.99 -10 2.5 30.53 -10 -2.5 30.53 -10 -2.5 30.99 -10
3 72 -18 29 -10 -18 30 -10 -4 30 -10
4 72 -17.23 24.5 -10 -18 29 -10 -4 30 -10 -4 24.5 -10
3 72 4 24.5 -10 4 30 -10 18 30 -10
4 72 17.23 24.5 -10 4 24.5 -10 18 30 -10 18 29 -10
4 16 -19 29 -10 -19 32 -10 -18 30 -10 -18 29 -10
3 16 19 32 -10 18 29 -10 18 30 -10
4 16 19 32 -10 19 29 -10 17.23 24.5 -10 18 29 -10
4 16 4 24.5 -10 3.39 24.7 -10 3.39 30.1 -10 4 30 -10
4 16 18 30 -10 4 30 -10 3.39 30.1 -10 3.27 30.55 -10
4 16 2.95 30.87 -10 19 32 -10 18 30 -10 3.27 30.55 -10
3 16 -3.39 24.7 -10 -3.27 24.25 -10 -4 24.5 -10
4 16 -3.39 30.1 -10 -3.39 24.7 -10 -4 24.5 -10 -4 30 -10
3 16 -3.39 30.1 -10 -4 30 -10 -3.27 30.55 -10
4 16 -18 30 -10 -19 32 -10 -3.27 30.55 -10 -4 30 -10
3 16 -2.95 30.87 -10 -3.27 30.55 -10 -19 32 -10
4 16 0 32 -10 -2.5 30.99 -10 -2.95 30.87 -10 -19 32 -10
3 16 0 32 -10 2.5 30.99 -10 -2.5 30.99 -10
4 16 0 32 -10 19 32 -10 2.95 30.87 -10 2.5 30.99 -10
3 16 4 24.5 -10 3.27 24.25 -10 3.39 24.7 -10
4 80 -1 19.4 -10 -1 20.3 -10 -0.3 20.3 -10 -0.3 19.4 -10
4 80 -0.3 20.3 -10 0.3 20.1 -10 0.3 19.6 -10 -0.3 19.4 -10
4 80 1 20.1 -10 1 19.6 -10 0.3 19.6 -10 0.3 20.1 -10
4 80 0.3 21.5 -10 1 21.5 -10 1 20.6 -10 0.3 20.6 -10
4 80 0.3 21.5 -10 0.3 20.6 -10 -0.3 20.8 -10 -0.3 21.3 -10
4 80 -1 21.3 -10 -0.3 21.3 -10 -0.3 20.8 -10 -1 20.8 -10
4 16 -0.3 20.8 -10 -0.3 20.3 -10 -1 20.3 -10 -1 20.8 -10
4 16 0.3 20.1 -10 -0.3 20.3 -10 -0.3 20.8 -10 0.3 20.6 -10
4 16 0.3 20.6 -10 1 20.6 -10 1 20.1 -10 0.3 20.1 -10
4 80 -1 17 -10 -1 17.9 -10 -0.3 17.9 -10 -0.3 17 -10
4 80 0.3 17.2 -10 -0.3 17 -10 -0.3 17.9 -10 0.3 17.7 -10
4 80 0.3 17.2 -10 0.3 17.7 -10 1 17.7 -10 1 17.2 -10
4 80 0.3 19.1 -10 1 19.1 -10 1 18.2 -10 0.3 18.2 -10
4 80 -0.3 18.4 -10 -0.3 18.9 -10 0.3 19.1 -10 0.3 18.2 -10
4 80 -1 18.9 -10 -0.3 18.9 -10 -0.3 18.4 -10 -1 18.4 -10
4 16 0.3 18.2 -10 -0.3 17.9 -10 -1 18.4 -10 -0.3 18.4 -10
4 16 1 18.2 -10 0.3 17.7 -10 -0.3 17.9 -10 0.3 18.2 -10
4 16 -1 18.9 -10 -1 19.4 -10 -0.3 19.4 -10 -0.3 18.9 -10
4 16 -0.3 18.9 -10 -0.3 19.4 -10 0.3 19.6 -10 0.3 19.1 -10
4 16 1 19.6 -10 1 19.1 -10 0.3 19.1 -10 0.3 19.6 -10
4 80 -1 14.6 -10 -1 15.5 -10 -0.3 15.5 -10 -0.3 14.6 -10
4 80 0.3 14.8 -10 -0.3 14.6 -10 -0.3 15.5 -10 0.3 15.3 -10
4 80 0.3 14.8 -10 0.3 15.3 -10 1 15.3 -10 1 14.8 -10
4 80 1 15.8 -10 0.3 15.8 -10 0.3 16.7 -10 1 16.7 -10
4 80 0.3 16.7 -10 0.3 15.8 -10 -0.3 16 -10 -0.3 16.5 -10
4 80 -0.3 16 -10 -1 16 -10 -1 16.5 -10 -0.3 16.5 -10
4 16 -1 15.5 -10 -1 16 -10 -0.3 16 -10 -0.3 15.5 -10
4 16 0.3 15.3 -10 -0.3 15.5 -10 -0.3 16 -10 0.3 15.8 -10
4 16 0.3 15.8 -10 1 15.8 -10 1 15.3 -10 0.3 15.3 -10
4 80 -0.3 13.1 -10 -0.3 12.2 -10 -1 12.2 -10 -1 13.1 -10
4 80 -0.3 13.1 -10 0.3 12.9 -10 0.3 12.4 -10 -0.3 12.2 -10
4 80 1 12.9 -10 1 12.4 -10 0.3 12.4 -10 0.3 12.9 -10
4 80 0.3 14.3 -10 1 14.3 -10 1 13.4 -10 0.3 13.4 -10
4 80 -0.3 13.6 -10 -0.3 14.1 -10 0.3 14.3 -10 0.3 13.4 -10
4 80 -1 14.1 -10 -0.3 14.1 -10 -0.3 13.6 -10 -1 13.6 -10
4 16 -1.8 13.9 -10 -1 13.6 -10 -0.3 13.1 -10 -1 13.1 -10
4 16 0.3 13.4 -10 -0.3 13.1 -10 -1 13.6 -10 -0.3 13.6 -10
4 16 -0.3 13.1 -10 0.3 13.4 -10 1 13.4 -10 0.3 12.9 -10
4 16 -0.3 14.6 -10 -0.3 14.1 -10 -1 14.1 -10 -1 14.6 -10
4 16 -0.3 14.1 -10 -0.3 14.6 -10 0.3 14.8 -10 0.3 14.3 -10
4 16 0.3 14.3 -10 0.3 14.8 -10 1 14.8 -10 1 14.3 -10
4 16 -1 16.5 -10 -1 17 -10 -0.3 17 -10 -0.3 16.5 -10
4 16 0.3 17.2 -10 0.3 16.7 -10 -0.3 16.5 -10 -0.3 17 -10
4 16 0.3 16.7 -10 0.3 17.2 -10 1 17.2 -10 1 16.7 -10
4 80 -0.3 22.7 -10 -0.3 21.8 -10 -1 21.8 -10 -1 22.7 -10
4 80 -0.3 22.7 -10 0.3 22.5 -10 0.3 22 -10 -0.3 21.8 -10
4 80 0.3 22 -10 0.3 22.5 -10 1 22.5 -10 1 22 -10
4 16 -0.3 21.8 -10 -0.3 21.3 -10 -1 21.3 -10 -1 21.8 -10
4 16 -0.3 21.3 -10 -0.3 21.8 -10 0.3 22 -10 0.3 21.5 -10
4 16 1 22 -10 1 21.5 -10 0.3 21.5 -10 0.3 22 -10
4 80 -0.3 10.7 -10 -0.3 9.8 -10 -1 9.8 -10 -1 10.7 -10
4 80 0.3 10 -10 -0.3 9.8 -10 -0.3 10.7 -10 0.3 10.5 -10
4 80 1 10.5 -10 1 10 -10 0.3 10 -10 0.3 10.5 -10
4 80 0.3 11.9 -10 1 11.9 -10 1 11 -10 0.3 11 -10
4 80 0.3 11.9 -10 0.3 11 -10 -0.3 11.2 -10 -0.3 11.7 -10
4 80 -1 11.7 -10 -0.3 11.7 -10 -0.3 11.2 -10 -1 11.2 -10
4 16 -0.3 11.2 -10 -0.3 10.7 -10 -1 10.7 -10 -1 11.2 -10
4 16 -0.3 11.2 -10 0.3 11 -10 0.3 10.5 -10 -0.3 10.7 -10
4 16 1 10.5 -10 0.3 10.5 -10 0.3 11 -10 1 11 -10
4 16 -1 11.7 -10 -1 12.2 -10 -0.3 12.2 -10 -0.3 11.7 -10
4 16 -0.3 11.7 -10 -0.3 12.2 -10 0.3 12.4 -10 0.3 11.9 -10
4 16 1 12.4 -10 1 11.9 -10 0.3 11.9 -10 0.3 12.4 -10
4 80 1 8.6 -10 0.3 8.6 -10 0.3 9.5 -10 1 9.5 -10
4 80 -0.3 8.8 -10 -0.3 9.3 -10 0.3 9.5 -10 0.3 8.6 -10
4 80 -0.3 8.8 -10 -1 8.8 -10 -1 9.3 -10 -0.3 9.3 -10
4 16 -0.3 9.8 -10 -0.3 9.3 -10 -1 9.3 -10 -1 9.8 -10
4 16 -0.3 9.3 -10 -0.3 9.8 -10 0.3 10 -10 0.3 9.5 -10
4 16 0.3 9.5 -10 0.3 10 -10 1 10 -10 1 9.5 -10
4 72 -6.7 2.3 -10 -6.7 1.6 -10 -7.4 1.1 -10 -7.5 1.5 -10
4 72 -6.7 1.6 -10 -6.7 2.3 -10 -5.3 3.5 -10 -5.4 2.7 -10
4 72 -3.9 4.5 -10 -4.1 3.6 -10 -5.4 2.7 -10 -5.3 3.5 -10
4 72 -2.7 5.3 -10 -1.9 4.8 -10 -4.1 3.6 -10 -3.9 4.5 -10
4 72 -1.8 13.9 -10 -1.9 4.8 -10 -2.7 5.3 -10 -2.4 13.45 -10
4 72 -1.75 18.4 -10 -1.8 13.9 -10 -2.4 14.3 -10 -2.3 18.1 -10
4 72 -1.7 19.9 -10 -1.75 18.4 -10 -2.3 18.1 -10 -2.2 19.4 -10
4 72 -1.7 23 -10 -1.7 19.9 -10 -2.2 19.4 -10 -2.2 23 -10
4 72 -14.35 10.5 -10 -14.45 11.05 -10 -13.9 11.8 -10 -13.55 11.2 -10
4 72 -13.55 11.2 -10 -13.9 11.8 -10 -12.65 12.7 -10 -12.5 12 -10
4 72 -8.65 13.65 -10 -4.9 14.1 -10 -2.4 13.45 -10 -6.95 13.1 -10
4 72 -1.8 13.9 -10 -2.4 13.45 -10 -4.9 14.1 -10 -2.4 14.3 -10
4 72 6.7 2.3 -10 7.5 1.5 -10 7.4 1.1 -10 6.7 1.6 -10
4 72 5.3 3.5 -10 6.7 2.3 -10 6.7 1.6 -10 5.4 2.7 -10
4 72 3.9 4.5 -10 5.3 3.5 -10 5.4 2.7 -10 4.1 3.6 -10
4 72 2.7 5.3 -10 3.9 4.5 -10 4.1 3.6 -10 1.9 4.8 -10
3 72 2.4 13.45 -10 1.8 13.9 -10 2.4 14.3 -10
4 72 1.75 18.4 -10 2.3 18.1 -10 2.4 14.3 -10 1.8 13.9 -10
4 72 2.3 18.1 -10 1.75 18.4 -10 1.7 19.9 -10 2.2 19.4 -10
4 72 1.7 23 -10 2.2 23 -10 2.2 19.4 -10 1.7 19.9 -10
4 72 14.35 10.5 -10 13.55 11.2 -10 13.9 11.8 -10 14.45 11.05 -10
4 72 -12.5 12 -10 -12.65 12.7 -10 -11.75 13 -10 -12.05 12.5 -10
4 72 10.25 15.9 -10 9.45 15.65 -10 8.6 16.15 -10 9.2 16.55 -10
4 72 9.45 15.65 -10 10.25 15.9 -10 11.6 14.65 -10 10.7 14.6 -10
4 72 12.7 13.5 -10 11.8 13.55 -10 10.7 14.6 -10 11.6 14.65 -10
4 72 13 12.8 -10 12.35 12.8 -10 11.8 13.55 -10 12.7 13.5 -10
4 72 12.6 7.05 -10 12.25 8.7 -10 12.55 11.3 -10 12.9 9.45 -10
4 72 12.25 5.8 -10 11.95 6.25 -10 12.25 8.7 -10 12.6 7.05 -10
4 72 11.8 5.9 -10 11.95 6.25 -10 12.25 5.8 -10 12 5.6 -10
4 72 11.5 5.7 -10 11.8 5.9 -10 12 5.6 -10 11.6 5.45 -10
4 72 11.6 5.45 -10 10.7 5.3 -10 10.6 5.6 -10 11.5 5.7 -10
4 72 3.95 11.1 -10 4.45 11.3 -10 4.75 8.7 -10 4.1 9.45 -10
4 72 4.1 9.45 -10 4.75 8.7 -10 5.05 6.25 -10 4.4 7.05 -10
4 72 4.4 7.05 -10 5.05 6.25 -10 5 5.6 -10 4.75 5.8 -10
3 72 5 5.6 -10 5.05 6.25 -10 5.2 5.9 -10
4 72 5 5.6 -10 5.2 5.9 -10 5.5 5.7 -10 5.4 5.45 -10
4 72 6.4 5.6 -10 6.3 5.3 -10 5.4 5.45 -10 5.5 5.7 -10
4 72 3.9 12.05 -10 4.5 12.35 -10 4.45 11.3 -10 3.95 11.1 -10
4 72 6.75 15.9 -10 6.3 14.6 -10 5.2 13.55 -10 5.4 14.65 -10
4 72 6.3 14.6 -10 6.75 15.9 -10 7.8 16.55 -10 7.55 15.65 -10
4 72 7.55 15.65 -10 7.8 16.55 -10 8.5 16.85 -10 8.4 16.15 -10
4 72 9.2 16.55 -10 8.6 16.15 -10 8.4 16.15 -10 8.5 16.85 -10
4 72 4 12.8 -10 4.65 12.8 -10 4.5 12.35 -10 3.9 12.05 -10
4 72 6.4 5.6 -10 10.6 5.6 -10 10.7 5.3 -10 6.3 5.3 -10
4 72 2.4 13.45 -10 2.4 14.3 -10 4.88 14.1 -10 4.23 13.33 -10
4 72 13.07 11.56 -10 13.05 12.41 -10 13.9 11.8 -10 13.55 11.2 -10
4 72 12.35 12.8 -10 13 12.8 -10 13.05 12.41 -10 12.5 12.35 -10
4 72 13.05 12.41 -10 13.07 11.56 -10 12.55 11.3 -10 12.5 12.35 -10
4 72 12.9 9.45 -10 12.55 11.3 -10 13.07 11.56 -10 13.05 11.1 -10
4 72 4 12.8 -10 4.23 13.33 -10 5.2 13.55 -10 4.65 12.8 -10
4 72 5.4 14.65 -10 5.2 13.55 -10 4.23 13.33 -10 4.88 14.1 -10
4 16 7.55 7.9 -10 7.55 8.5 -10 9.45 8.5 -10 9.45 7.9 -10
4 16 9.65 12.4 -10 9.65 12.1 -10 7.35 12.1 -10 7.35 12.4 -10
4 16 10.08 8.61 -10 9.65 8.5 -10 9.45 8.5 -10 9.65 12.1 -10
4 16 10.5 9.35 -10 10.39 8.92 -10 10.08 8.61 -10 9.65 12.1 -10
3 16 10.5 11.25 -10 10.5 9.35 -10 9.65 12.1 -10
4 16 10.08 11.99 -10 10.39 11.68 -10 10.5 11.25 -10 9.65 12.1 -10
4 16 6.92 8.61 -10 7.35 12.1 -10 7.55 8.5 -10 7.35 8.5 -10
4 16 6.5 9.35 -10 7.35 12.1 -10 6.92 8.61 -10 6.61 8.92 -10
3 16 7.35 12.1 -10 6.5 9.35 -10 6.5 11.25 -10
4 16 6.92 11.99 -10 7.35 12.1 -10 6.5 11.25 -10 6.61 11.68 -10
4 15 7.8 10.3 -10 8.1 10.3 -10 8.1 10 -10 7.8 10 -10
4 15 9.2 10 -10 8.9 10 -10 8.9 10.3 -10 9.2 10.3 -10
4 16 8.1 10 -10 8.1 10.3 -10 8.9 10.3 -10 8.9 10 -10
3 16 8.1 10 -10 7.55 8.5 -10 7.8 10 -10
4 16 8.1 10 -10 8.9 10 -10 9.45 8.5 -10 7.55 8.5 -10
3 16 9.2 10 -10 9.45 8.5 -10 8.9 10 -10
4 16 7.35 12.1 -10 7.8 10.3 -10 7.8 10 -10 7.55 8.5 -10
4 16 9.65 12.1 -10 9.45 8.5 -10 9.2 10 -10 9.2 10.3 -10
3 16 9.65 12.1 -10 8.9 10.3 -10 8.1 10.3 -10
4 16 7.35 12.1 -10 9.65 12.1 -10 8.1 10.3 -10 7.8 10.3 -10
4 82 6.03 9.12 -10 6.61 8.92 -10 6.92 8.61 -10 6.03 7.68 -10
4 82 6.03 7.68 -10 6.92 8.61 -10 7.55 7.9 -10 7.47 7.68 -10
3 82 6.92 8.61 -10 7.35 8.5 -10 7.55 7.9 -10
3 82 7.35 8.5 -10 7.55 8.5 -10 7.55 7.9 -10
4 82 7.55 7.9 -10 9.45 7.9 -10 9.53 7.68 -10 7.47 7.68 -10
3 82 7.47 7.68 -10 9.53 7.68 -10 8.5 6.65 -10
3 82 6.03 9.12 -10 6.5 9.35 -10 6.61 8.92 -10
4 82 5 10.15 -10 6.03 11.18 -10 6.5 9.35 -10 6.03 9.12 -10
3 82 6.03 11.18 -10 6.5 11.25 -10 6.5 9.35 -10
3 82 6.61 11.68 -10 6.5 11.25 -10 6.03 11.18 -10
4 82 6.92 11.99 -10 6.61 11.68 -10 6.03 11.18 -10 6.03 12.62 -10
4 82 6.03 12.62 -10 7.35 12.4 -10 7.35 12.1 -10 6.92 11.99 -10
4 82 6.03 12.62 -10 7.47 12.62 -10 9.65 12.4 -10 7.35 12.4 -10
4 82 9.65 12.4 -10 7.47 12.62 -10 8.5 13.65 -10 9.53 12.62 -10
3 82 9.53 12.62 -10 10.97 12.62 -10 9.65 12.4 -10
4 82 9.65 12.1 -10 9.65 12.4 -10 10.97 12.62 -10 10.08 11.99 -10
3 82 10.08 11.99 -10 10.97 12.62 -10 10.39 11.68 -10
4 82 10.5 11.25 -10 10.39 11.68 -10 10.97 12.62 -10 10.97 11.18 -10
4 82 10.97 9.12 -10 10.5 9.35 -10 10.5 11.25 -10 10.97 11.18 -10
3 82 10.97 11.18 -10 12 10.15 -10 10.97 9.12 -10
3 82 9.53 7.68 -10 9.45 7.9 -10 10.97 7.68 -10
4 82 9.45 8.5 -10 9.65 8.5 -10 10.97 7.68 -10 9.45 7.9 -10
3 82 9.65 8.5 -10 10.08 8.61 -10 10.97 7.68 -10
4 82 10.08 8.61 -10 10.39 8.92 -10 10.97 9.12 -10 10.97 7.68 -10
3 82 10.5 9.35 -10 10.97 9.12 -10 10.39 8.92 -10
4 16 5.2 5.9 -10 6.03 7.68 -10 6.4 5.6 -10 5.5 5.7 -10
4 16 8.5 6.65 -10 6.4 5.6 -10 6.03 7.68 -10 7.47 7.68 -10
3 16 8.5 6.65 -10 10.6 5.6 -10 6.4 5.6 -10
4 16 10.97 7.68 -10 10.6 5.6 -10 8.5 6.65 -10 9.53 7.68 -10
4 16 11.8 5.9 -10 11.5 5.7 -10 10.6 5.6 -10 10.97 7.68 -10
4 16 11.8 5.9 -10 10.97 7.68 -10 12.25 8.7 -10 11.95 6.25 -10
4 16 10.97 7.68 -10 10.97 9.12 -10 12 10.15 -10 12.25 8.7 -10
3 16 12.55 11.3 -10 12.25 8.7 -10 12 10.15 -10
4 16 10.97 12.62 -10 12.55 11.3 -10 12 10.15 -10 10.97 11.18 -10
4 16 12.55 11.3 -10 10.97 12.62 -10 12.35 12.8 -10 12.5 12.35 -10
4 16 12.35 12.8 -10 10.97 12.62 -10 10.7 14.6 -10 11.8 13.55 -10
4 16 8.5 13.65 -10 10.7 14.6 -10 10.97 12.62 -10 9.53 12.62 -10
4 16 5.2 5.9 -10 5.05 6.25 -10 4.75 8.7 -10 6.03 7.68 -10
4 16 5 10.15 -10 6.03 9.12 -10 6.03 7.68 -10 4.75 8.7 -10
3 16 5 10.15 -10 4.75 8.7 -10 4.45 11.3 -10
4 16 5 10.15 -10 4.45 11.3 -10 6.03 12.62 -10 6.03 11.18 -10
4 16 4.65 12.8 -10 6.03 12.62 -10 4.45 11.3 -10 4.5 12.35 -10
4 16 6.3 14.6 -10 6.03 12.62 -10 4.65 12.8 -10 5.2 13.55 -10
4 16 8.5 13.65 -10 7.47 12.62 -10 6.03 12.62 -10 6.3 14.6 -10
4 16 9.45 15.65 -10 8.5 13.65 -10 6.3 14.6 -10 7.55 15.65 -10
3 16 10.7 14.6 -10 8.5 13.65 -10 9.45 15.65 -10
4 16 8.4 16.15 -10 8.6 16.15 -10 9.45 15.65 -10 7.55 15.65 -10
3 16 4.23 13.33 -10 4 12.8 -10 2.4 13.45 -10
3 16 4 12.8 -10 3.9 12.05 -10 2.4 13.45 -10
4 16 2.5 8.5 -10 2.4 13.45 -10 3.9 12.05 -10 3.95 11.1 -10
3 16 4.75 5.8 -10 3.9 4.5 -10 4.4 7.05 -10
4 16 4.75 5.8 -10 5 5.6 -10 5.3 3.5 -10 3.9 4.5 -10
3 16 5.4 5.45 -10 5.3 3.5 -10 5 5.6 -10
4 16 5.4 5.45 -10 6.3 5.3 -10 6.7 2.3 -10 5.3 3.5 -10
4 16 6.3 5.3 -10 10.7 5.3 -10 7.5 1.5 -10 6.7 2.3 -10
4 16 11.6 5.45 -10 14.345 2 -10 7.5 1.5 -10 10.7 5.3 -10
3 16 12 5.6 -10 14.345 2 -10 11.6 5.45 -10
3 16 12.25 5.8 -10 14.345 2 -10 12 5.6 -10
4 16 14.345 2 -10 12 0 -10 7.4 1.1 -10 7.5 1.5 -10
3 16 13.55 11.2 -10 13.05 11.1 -10 13.07 11.56 -10
4 16 14.35 10.5 -10 12.9 9.45 -10 13.05 11.1 -10 13.55 11.2 -10
4 16 12.9 9.45 -10 14.35 10.5 -10 14.345 2 -10 12.6 7.05 -10
3 16 12.6 7.05 -10 14.345 2 -10 12.25 5.8 -10
4 16 -2.95 23.93 -10 -2.5 23.81 -10 -1.7 23 -10 -2.2 23 -10
4 16 -1.7 23 -10 -2.5 23.81 -10 2.5 23.81 -10 1.7 23 -10
4 16 1.7 23 -10 2.5 23.81 -10 2.95 23.93 -10 2.2 23 -10
4 16 -1 22.7 -10 -1.7 23 -10 1.7 23 -10 -0.3 22.7 -10
4 16 -0.3 22.7 -10 1.7 23 -10 1 22.5 -10 0.3 22.5 -10
3 16 1.7 23 -10 1 22 -10 1 22.5 -10
3 16 1.7 23 -10 1 21.5 -10 1 22 -10
3 16 1.7 23 -10 1 20.6 -10 1 21.5 -10
4 16 1 20.1 -10 1 20.6 -10 1.7 23 -10 1.7 19.9 -10
3 16 1.7 19.9 -10 1 19.6 -10 1 20.1 -10
4 16 1 19.6 -10 1.7 19.9 -10 1.75 18.4 -10 1 19.1 -10
3 16 1.75 18.4 -10 1 18.2 -10 1 19.1 -10
4 16 0.3 17.7 -10 1 18.2 -10 1.75 18.4 -10 1 17.7 -10
3 16 1.8 13.9 -10 1 13.4 -10 1 14.3 -10
3 16 1 14.8 -10 1.8 13.9 -10 1 14.3 -10
3 16 1 15.3 -10 1.8 13.9 -10 1 14.8 -10
3 16 1 15.8 -10 1.8 13.9 -10 1 15.3 -10
3 16 1 16.7 -10 1.8 13.9 -10 1 15.8 -10
4 16 1.8 13.9 -10 1 16.7 -10 1 17.2 -10 1.75 18.4 -10
3 16 1.75 18.4 -10 1 17.2 -10 1 17.7 -10
3 16 -1 14.1 -10 -1 13.6 -10 -1.8 13.9 -10
3 16 -1 14.1 -10 -1.8 13.9 -10 -1 14.6 -10
3 16 -1 14.6 -10 -1.8 13.9 -10 -1 15.5 -10
3 16 -1 15.5 -10 -1.8 13.9 -10 -1 16 -10
3 16 -1 16 -10 -1.8 13.9 -10 -1 16.5 -10
4 16 -1.75 18.4 -10 -1 17 -10 -1 16.5 -10 -1.8 13.9 -10
3 16 -1 17.9 -10 -1 17 -10 -1.75 18.4 -10
4 16 -0.3 17.9 -10 -1 17.9 -10 -1.75 18.4 -10 -1 18.4 -10
3 16 -1 18.9 -10 -1 18.4 -10 -1.75 18.4 -10
4 16 -1.7 19.9 -10 -1 19.4 -10 -1 18.9 -10 -1.75 18.4 -10
3 16 -1 20.3 -10 -1 19.4 -10 -1.7 19.9 -10
3 16 -1 20.3 -10 -1.7 19.9 -10 -1 20.8 -10
3 16 -1 20.8 -10 -1.7 19.9 -10 -1 21.3 -10
4 16 -1.7 23 -10 -1 21.8 -10 -1 21.3 -10 -1.7 19.9 -10
3 16 -1 22.7 -10 -1 21.8 -10 -1.7 23 -10
3 16 -1 13.1 -10 -1 12.2 -10 -1.8 13.9 -10
3 16 -1 12.2 -10 -1 11.7 -10 -1.8 13.9 -10
3 16 -1 11.7 -10 -1 11.2 -10 -1.8 13.9 -10
3 16 -1 11.2 -10 -1 10.7 -10 -1.8 13.9 -10
3 16 -1 10.7 -10 -1 9.8 -10 -1.8 13.9 -10
3 16 -1 9.8 -10 -1 9.3 -10 -1.8 13.9 -10
4 16 0.3 12.9 -10 1 13.4 -10 1.8 13.9 -10 1 12.9 -10
3 16 1.8 13.9 -10 1 12.4 -10 1 12.9 -10
3 16 1.8 13.9 -10 1 11.9 -10 1 12.4 -10
3 16 1.8 13.9 -10 1 11 -10 1 11.9 -10
3 16 1.8 13.9 -10 1 10.5 -10 1 11 -10
3 16 1.8 13.9 -10 1 10 -10 1 10.5 -10
4 16 1.9 8.8 -10 1 9.5 -10 1 10 -10 1.8 13.9 -10
4 16 -11.96 9.06 -10 -11.6 9.01 -10 -11.54 8.06 -10 -11.9 7.97 -10
4 16 -11.73 9.62 -10 -11.55 10.09 -10 -10.5 10.6 -10 -11.24 9.91 -10
4 16 -10.11 11.03 -10 -10.5 10.6 -10 -11.55 10.09 -10 -10.72 10.89 -10
4 16 -10.6 6.26 -10 -10.42 6.57 -10 -9.52 6.25 -10 -9.57 5.89 -10
4 16 -10.42 6.57 -10 -10.6 6.26 -10 -11.42 6.98 -10 -11.13 7.2 -10
4 16 -11.9 7.97 -10 -11.54 8.06 -10 -11.13 7.2 -10 -11.42 6.98 -10
4 16 -9.89 11.55 -10 -10.11 11.03 -10 -10.72 10.89 -10 -10.32 11.36 -10
4 16 -10.32 11.36 -10 -10.14 11.89 -10 -9.61 12.77 -10 -9.89 11.55 -10
3 16 -9.61 12.77 -10 -10.14 11.89 -10 -10.02 12.38 -10
4 72 -10.98 12.41 -10 -10.41 12.48 -10 -10.02 12.38 -10 -10.14 11.89 -10
4 72 -10.14 11.89 -10 -10.32 11.36 -10 -11.52 12.13 -10 -10.98 12.41 -10
4 72 -10.72 10.89 -10 -11.91 11.53 -10 -11.52 12.13 -10 -10.32 11.36 -10
4 72 -12.1 10.5 -10 -12.13 11.01 -10 -11.91 11.53 -10 -10.72 10.89 -10
4 72 -12.1 10.5 -10 -10.72 10.89 -10 -11.55 10.09 -10 -11.8 10.15 -10
3 72 -11.73 9.62 -10 -11.8 10.15 -10 -11.55 10.09 -10
4 16 -11.96 9.06 -10 -11.73 9.62 -10 -11.24 9.91 -10 -11.6 9.01 -10
4 16 -10.03 8.74 -10 -10.52 8.81 -10 -10.23 10.18 -10 -9.88 10.14 -10
4 16 -10.62 7.41 -10 -10.52 8.81 -10 -10.03 8.74 -10 -10.27 7.36 -10
4 72 -9.64 6.82 -10 -10.27 7.36 -10 -10.03 8.74 -10 -9.49 8.62 -10
4 72 -9.88 10.14 -10 -9.14 10.38 -10 -9.49 8.62 -10 -10.03 8.74 -10
4 72 -9.52 6.25 -10 -10.42 6.57 -10 -10.27 7.36 -10 -9.64 6.82 -10
4 72 -10.27 7.36 -10 -10.42 6.57 -10 -11.13 7.2 -10 -10.62 7.41 -10
4 72 -11.13 7.2 -10 -11.54 8.06 -10 -10.52 8.81 -10 -10.62 7.41 -10
3 72 -11.54 8.06 -10 -11.6 9.01 -10 -10.52 8.81 -10
4 72 -11.6 9.01 -10 -11.24 9.91 -10 -10.23 10.18 -10 -10.52 8.81 -10
3 72 -11.24 9.91 -10 -10.5 10.6 -10 -10.23 10.18 -10
4 72 -10.5 10.6 -10 -10.11 11.03 -10 -9.88 10.14 -10 -10.23 10.18 -10
4 72 -9.88 10.14 -10 -10.11 11.03 -10 -9.89 11.55 -10 -9.14 10.38 -10
4 72 -12.37 10.03 -10 -12.07 9.99 -10 -12.24 8.8 -10 -12.56 9.05 -10
4 72 -12.56 9.05 -10 -12.24 8.8 -10 -12.28 7.8 -10 -12.64 8.15 -10
4 72 -12.1 6.91 -10 -12.49 7.02 -10 -12.64 8.15 -10 -12.28 7.8 -10
4 72 -12.49 7.02 -10 -12.1 6.91 -10 -11.79 6.26 -10 -12.49 6.31 -10
4 72 -12.49 6.31 -10 -11.79 6.26 -10 -11.42 5.66 -10 -12.44 5.6 -10
4 72 -11.96 4.72 -10 -12.23 4.91 -10 -12.44 5.6 -10 -11.42 5.66 -10
3 72 -11.71 4.69 -10 -11.96 4.72 -10 -11.42 5.66 -10
4 72 -11.28 4.88 -10 -11.5 4.71 -10 -11.71 4.69 -10 -11.42 5.66 -10
4 72 -11.15 5.06 -10 -11.28 4.88 -10 -11.42 5.66 -10 -11.17 5.27 -10
4 72 -11.56 6.43 -10 -11.81 7.18 -10 -11.9 7.97 -10 -11.42 6.98 -10
4 72 -11.56 6.43 -10 -11.42 6.98 -10 -10.6 6.26 -10 -11.23 5.93 -10
4 72 -9.57 5.89 -10 -10.93 5.59 -10 -11.23 5.93 -10 -10.6 6.26 -10
3 72 -10.82 5.27 -10 -10.93 5.59 -10 -9.57 5.89 -10
3 72 -10.86 4.97 -10 -10.82 5.27 -10 -9.57 5.89 -10
4 72 -11 4.69 -10 -10.9 3.97 -10 -11.35 4.33 -10 -11.23 4.52 -10
4 72 -11.35 4.33 -10 -10.9 3.97 -10 -11.19 4.06 -10 -11.33 4.18 -10
4 72 -9.57 5.89 -10 -10.9 3.97 -10 -11 4.69 -10 -10.86 4.97 -10
4 16 -11 4.69 -10 -11.23 4.52 -10 -11.5 4.71 -10 -11.28 4.88 -10
4 16 -11.28 4.88 -10 -11.15 5.06 -10 -10.86 4.97 -10 -11 4.69 -10
4 16 -10.86 4.97 -10 -11.15 5.06 -10 -11.17 5.27 -10 -10.82 5.27 -10
3 16 -10.82 5.27 -10 -11.17 5.27 -10 -10.93 5.59 -10
4 16 -11.17 5.27 -10 -11.42 5.66 -10 -11.23 5.93 -10 -10.93 5.59 -10
4 16 -11.42 5.66 -10 -11.79 6.26 -10 -11.56 6.43 -10 -11.23 5.93 -10
4 16 -11.81 7.18 -10 -11.56 6.43 -10 -11.79 6.26 -10 -12.1 6.91 -10
4 16 -11.9 7.97 -10 -11.81 7.18 -10 -12.1 6.91 -10 -12.28 7.8 -10
4 16 -11.96 9.06 -10 -11.9 7.97 -10 -12.28 7.8 -10 -12.24 8.8 -10
4 16 -11.96 9.06 -10 -12.24 8.8 -10 -12.07 9.99 -10 -11.73 9.62 -10
3 16 -11.8 10.15 -10 -11.73 9.62 -10 -12.07 9.99 -10
4 16 -11.8 10.15 -10 -12.07 9.99 -10 -12.37 10.03 -10 -12.1 10.5 -10
4 16 -6.4 8.28 -10 -6.76 7.25 -10 -7.07 7.43 -10 -6.76 8.33 -10
4 16 -7.09 10.38 -10 -6.51 9.38 -10 -6.86 9.29 -10 -7.38 10.16 -10
4 16 -9.52 6.25 -10 -8.57 6.31 -10 -8.48 5.96 -10 -9.57 5.89 -10
4 16 -7.49 6.43 -10 -8.48 5.96 -10 -8.57 6.31 -10 -7.71 6.72 -10
4 16 -6.76 7.25 -10 -7.49 6.43 -10 -7.71 6.72 -10 -7.07 7.43 -10
4 16 -7.35 10.94 -10 -7.09 10.38 -10 -7.38 10.16 -10 -7.64 10.68 -10
4 16 -7.64 10.68 -10 -7.71 11.24 -10 -7.37 11.5 -10 -7.35 10.94 -10
4 16 -7.71 11.24 -10 -7.63 12.49 -10 -7.35 12 -10 -7.37 11.5 -10
4 72 -6.42 11.77 -10 -7.37 11.5 -10 -7.35 12 -10 -6.95 11.99 -10
4 72 -5.98 11.35 -10 -7.35 10.94 -10 -7.37 11.5 -10 -6.42 11.77 -10
4 72 -7.09 10.38 -10 -7.35 10.94 -10 -5.98 11.35 -10 -5.77 10.67 -10
4 72 -5.87 9.62 -10 -7.09 10.38 -10 -5.77 10.67 -10 -5.7 10.1 -10
4 72 -6.51 9.38 -10 -7.09 10.38 -10 -5.87 9.62 -10 -6.25 9.37 -10
3 72 -6.46 8.88 -10 -6.51 9.38 -10 -6.25 9.37 -10
3 16 -6.46 8.88 -10 -6.4 8.28 -10 -6.76 8.33 -10
4 16 -6.51 9.38 -10 -6.46 8.88 -10 -6.76 8.33 -10 -6.86 9.29 -10
4 16 -7.75 9.84 -10 -7.85 8.44 -10 -8.34 8.51 -10 -8.1 9.88 -10
4 16 -8.14 7.06 -10 -8.49 7.11 -10 -8.34 8.51 -10 -7.85 8.44 -10
4 72 -8.34 8.51 -10 -8.49 7.11 -10 -9.25 6.76 -10 -8.9 8.53 -10
4 72 -8.1 9.88 -10 -8.34 8.51 -10 -8.9 8.53 -10 -8.74 10.33 -10
4 72 -9.64 6.82 -10 -9.25 6.76 -10 -8.57 6.31 -10 -9.52 6.25 -10
4 72 -9.25 6.76 -10 -8.49 7.11 -10 -8.14 7.06 -10 -8.57 6.31 -10
4 72 -7.07 7.43 -10 -7.71 6.72 -10 -8.57 6.31 -10 -8.14 7.06 -10
4 72 -8.14 7.06 -10 -7.85 8.44 -10 -6.76 8.33 -10 -7.07 7.43 -10
3 72 -6.76 8.33 -10 -7.85 8.44 -10 -6.86 9.29 -10
4 72 -7.85 8.44 -10 -7.75 9.84 -10 -7.38 10.16 -10 -6.86 9.29 -10
3 72 -7.75 9.84 -10 -7.64 10.68 -10 -7.38 10.16 -10
4 72 -7.75 9.84 -10 -8.1 9.88 -10 -8.74 10.33 -10 -7.64 10.68 -10
3 72 -8.74 10.33 -10 -7.71 11.24 -10 -7.64 10.68 -10
4 72 -5.74 9.1 -10 -5.83 8.1 -10 -6.2 7.95 -10 -6.03 9.14 -10
4 72 -5.83 8.1 -10 -6 7.22 -10 -6.44 6.98 -10 -6.2 7.95 -10
4 72 -6.85 6.18 -10 -6.44 6.98 -10 -6 7.22 -10 -6.45 6.17 -10
4 72 -7.33 5.64 -10 -6.85 6.18 -10 -6.45 6.17 -10 -6.65 5.49 -10
4 72 -7.86 5.15 -10 -7.33 5.64 -10 -6.65 5.49 -10 -6.89 4.82 -10
3 72 -7.28 4.22 -10 -7.86 5.15 -10 -6.89 4.82 -10
4 72 -7.28 4.22 -10 -7.6 4.11 -10 -7.85 4.14 -10 -7.86 5.15 -10
4 72 -8.21 4.45 -10 -7.86 5.15 -10 -7.85 4.14 -10 -8.04 4.22 -10
4 72 -7.86 5.15 -10 -8.21 4.45 -10 -8.28 4.66 -10 -8.2 4.85 -10
3 72 -7.49 6.43 -10 -6.76 7.25 -10 -7.06 6.51 -10
4 72 -7.96 5.47 -10 -7.49 6.43 -10 -7.06 6.51 -10 -7.5 5.86 -10
4 72 -8.35 5.22 -10 -8.48 5.96 -10 -7.49 6.43 -10 -7.96 5.47 -10
4 72 -8.48 5.96 -10 -8.35 5.22 -10 -8.54 4.95 -10 -9.57 5.89 -10
4 72 -8.82 3.67 -10 -9.57 5.89 -10 -8.54 4.95 -10 -8.58 4.65 -10
4 72 -8.53 4.34 -10 -8.36 4.11 -10 -8.28 3.9 -10 -8.82 3.67 -10
4 72 -8.52 3.68 -10 -8.82 3.67 -10 -8.28 3.9 -10 -8.36 3.76 -10
3 72 -8.82 3.67 -10 -8.58 4.65 -10 -8.53 4.34 -10
4 16 -8.04 4.22 -10 -8.36 4.11 -10 -8.53 4.34 -10 -8.21 4.45 -10
4 16 -8.58 4.65 -10 -8.28 4.66 -10 -8.21 4.45 -10 -8.53 4.34 -10
4 16 -8.58 4.65 -10 -8.54 4.95 -10 -8.2 4.85 -10 -8.28 4.66 -10
4 16 -7.86 5.15 -10 -8.2 4.85 -10 -8.54 4.95 -10 -8.35 5.22 -10
4 16 -7.33 5.64 -10 -7.86 5.15 -10 -8.35 5.22 -10 -7.96 5.47 -10
4 16 -7.96 5.47 -10 -7.5 5.86 -10 -6.85 6.18 -10 -7.33 5.64 -10
4 16 -6.44 6.98 -10 -6.85 6.18 -10 -7.5 5.86 -10 -7.06 6.51 -10
4 16 -7.06 6.51 -10 -6.76 7.25 -10 -6.2 7.95 -10 -6.44 6.98 -10
3 16 -6.2 7.95 -10 -6.76 7.25 -10 -6.4 8.28 -10
4 16 -6.4 8.28 -10 -6.46 8.88 -10 -6.03 9.14 -10 -6.2 7.95 -10
3 16 -5.87 9.62 -10 -5.74 9.1 -10 -6.03 9.14 -10
4 16 -6.46 8.88 -10 -6.25 9.37 -10 -5.87 9.62 -10 -6.03 9.14 -10
4 16 -9.25 6.76 -10 -9.64 6.82 -10 -9.49 8.62 -10 -8.9 8.53 -10
4 16 -8.9 8.53 -10 -9.49 8.62 -10 -9.14 10.38 -10 -8.74 10.33 -10
4 72 -9.89 11.55 -10 -9.61 12.77 -10 -7.63 12.49 -10 -9.14 10.38 -10
4 72 -7.71 11.24 -10 -8.74 10.33 -10 -9.14 10.38 -10 -7.63 12.49 -10
3 72 -8.82 3.67 -10 -10.9 3.97 -10 -9.57 5.89 -10
3 72 -10.65 2.35 -10 -10.75 3.15 -10 -10.15 3.05 -10
4 72 -9.8 1.7 -10 -10.25 1.85 -10 -10.65 2.35 -10 -10.15 3.05 -10
4 72 -9.05 1.95 -10 -9.3 1.7 -10 -9.8 1.7 -10 -10.15 3.05 -10
4 72 -9.05 1.95 -10 -10.15 3.05 -10 -8.95 3 -10 -8.95 2.4 -10
4 72 -6.25 5.55 -10 -6.3 5.8 -10 -5.65 5.55 -10 -5.85 5.4 -10
4 72 -5.65 5.55 -10 -6.3 5.8 -10 -5.95 6.6 -10 -5.45 6.15 -10
4 72 -5.75 7.2 -10 -5.25 6.95 -10 -5.45 6.15 -10 -5.95 6.6 -10
4 72 -5.25 6.95 -10 -5.75 7.2 -10 -5.55 8.05 -10 -5 7.6 -10
3 72 -5 7.6 -10 -5.55 8.05 -10 -4.6 8.2 -10
4 72 -4.9 8.7 -10 -4.65 8.45 -10 -4.6 8.2 -10 -5.55 8.05 -10
4 72 -5.2 8.8 -10 -4.9 8.7 -10 -5.55 8.05 -10 -5.4 8.7 -10
4 16 -6.25 5.55 -10 -6.65 5.49 -10 -6.45 6.17 -10 -6.3 5.8 -10
3 16 -5.95 6.6 -10 -6.3 5.8 -10 -6.45 6.17 -10
4 16 -6.45 6.17 -10 -6 7.22 -10 -5.75 7.2 -10 -5.95 6.6 -10
4 16 -5.55 8.05 -10 -5.75 7.2 -10 -6 7.22 -10 -5.83 8.1 -10
4 16 -5.83 8.1 -10 -5.74 9.1 -10 -5.4 8.7 -10 -5.55 8.05 -10
3 16 -5.2 8.8 -10 -5.4 8.7 -10 -5.74 9.1 -10
4 16 -5.7 10.1 -10 -5.2 8.8 -10 -5.74 9.1 -10 -5.87 9.62 -10
4 16 -6.65 5.49 -10 -6.25 5.55 -10 -5.85 5.4 -10 -6.89 4.82 -10
4 16 -8.36 4.11 -10 -8.04 4.22 -10 -7.85 4.14 -10 -8.28 3.9 -10
4 16 -11.71 4.69 -10 -11.5 4.71 -10 -11.23 4.52 -10 -11.35 4.33 -10
4 16 -10.75 3.15 -10 -10.9 3.97 -10 -8.82 3.67 -10 -10.15 3.05 -10
4 16 -10.15 3.05 -10 -8.82 3.67 -10 -8.52 3.68 -10 -8.95 3 -10
4 16 -8.95 2.4 -10 -8.95 3 -10 -8.52 3.68 -10 -7.5 1.5 -10
4 16 -7.4 1.1 -10 -9.05 1.95 -10 -8.95 2.4 -10 -7.5 1.5 -10
3 16 -9.05 1.95 -10 -7.4 1.1 -10 -9.3 1.7 -10
4 16 -13.55 11.2 -10 -12.1 10.5 -10 -12.37 10.03 -10 -14.35 10.5 -10
4 16 -12.5 12 -10 -12.13 11.01 -10 -12.1 10.5 -10 -13.55 11.2 -10
4 16 -12.05 12.5 -10 -11.91 11.53 -10 -12.13 11.01 -10 -12.5 12 -10
3 16 -11.52 12.13 -10 -11.91 11.53 -10 -12.05 12.5 -10
4 16 -10.98 12.41 -10 -11.52 12.13 -10 -12.05 12.5 -10 -11.75 13 -10
3 16 -9.61 12.77 -10 -10.02 12.38 -10 -10.41 12.48 -10
4 16 -10.98 12.41 -10 -11.75 13 -10 -9.61 12.77 -10 -10.41 12.48 -10
3 16 -8.65 13.65 -10 -9.61 12.77 -10 -11.75 13 -10
4 16 -9.61 12.77 -10 -8.65 13.65 -10 -6.95 13.1 -10 -7.63 12.49 -10
4 16 -7.63 12.49 -10 -6.95 13.1 -10 -6.95 11.99 -10 -7.35 12 -10
4 16 -2.4 13.45 -10 -6.42 11.77 -10 -6.95 11.99 -10 -6.95 13.1 -10
3 16 -2.4 13.45 -10 -5.98 11.35 -10 -6.42 11.77 -10
4 16 -4.9 8.7 -10 -5.77 10.67 -10 -5.98 11.35 -10 -2.4 13.45 -10
4 16 -5.77 10.67 -10 -4.9 8.7 -10 -5.2 8.8 -10 -5.7 10.1 -10
3 16 -2.4 13.45 -10 -4.65 8.45 -10 -4.9 8.7 -10
4 16 -4.65 8.45 -10 -2.4 13.45 -10 -2.7 5.3 -10 -4.6 8.2 -10
3 16 -4.6 8.2 -10 -2.7 5.3 -10 -5 7.6 -10
4 16 -5 7.6 -10 -2.7 5.3 -10 -5.45 6.15 -10 -5.25 6.95 -10
4 16 -6.7 2.3 -10 -7.5 1.5 -10 -8.52 3.68 -10 -8.36 3.76 -10
3 16 -8.28 3.9 -10 -6.7 2.3 -10 -8.36 3.76 -10
4 16 -8.28 3.9 -10 -7.85 4.14 -10 -7.6 4.11 -10 -6.7 2.3 -10
4 16 -7.6 4.11 -10 -7.28 4.22 -10 -5.3 3.5 -10 -6.7 2.3 -10
4 16 -7.28 4.22 -10 -6.89 4.82 -10 -5.85 5.4 -10 -5.3 3.5 -10
4 16 -5.65 5.55 -10 -3.9 4.5 -10 -5.3 3.5 -10 -5.85 5.4 -10
4 16 -5.45 6.15 -10 -2.7 5.3 -10 -3.9 4.5 -10 -5.65 5.55 -10
4 16 -10.9 3.97 -10 -10.75 3.15 -10 -10.65 2.35 -10 -14.345 2 -10
4 16 -10.25 1.85 -10 -12 0 -10 -14.345 2 -10 -10.65 2.35 -10
3 16 -9.8 1.7 -10 -12 0 -10 -10.25 1.85 -10
4 16 -9.8 1.7 -10 -9.3 1.7 -10 -7.4 1.1 -10 -12 0 -10
3 16 -10.9 3.97 -10 -14.345 2 -10 -11.19 4.06 -10
3 16 -11.19 4.06 -10 -14.345 2 -10 -11.33 4.18 -10
4 16 -11.33 4.18 -10 -14.345 2 -10 -11.71 4.69 -10 -11.35 4.33 -10
3 16 -11.71 4.69 -10 -14.345 2 -10 -11.96 4.72 -10
3 16 -11.96 4.72 -10 -14.345 2 -10 -12.23 4.91 -10
3 16 -12.23 4.91 -10 -14.345 2 -10 -12.44 5.6 -10
3 16 -12.44 5.6 -10 -14.345 2 -10 -12.49 6.31 -10
4 16 -12.64 8.15 -10 -12.49 7.02 -10 -12.49 6.31 -10 -14.345 2 -10
4 16 -14.345 2 -10 -14.35 10.5 -10 -12.56 9.05 -10 -12.64 8.15 -10
3 16 -12.37 10.03 -10 -12.56 9.05 -10 -14.35 10.5 -10
4 16 -17.23 24.5 -10 -14.45 11.05 -10 -14.35 10.5 -10 -14.345 2 -10
4 16 -18 29 -10 -17.23 24.5 -10 -14.345 2 -10 -19 29 -10
3 16 14.45 11.05 -10 14.345 2 -10 14.35 10.5 -10
3 16 19 29 -10 14.345 2 -10 17.23 24.5 -10
4 80 10.02 19.15 -10 10.2 18.73 -10 9.83 18.58 -10 9.65 18.99 -10
4 80 9.31 19.28 -10 10.05 19.59 -10 10.02 19.15 -10 9.65 18.99 -10
4 80 9.89 19.96 -10 10.05 19.59 -10 9.31 19.28 -10 9.16 19.65 -10
4 80 10.31 20.14 -10 10.68 20.29 -10 10.85 19.88 -10 10.48 19.72 -10
4 80 10.46 19.28 -10 10.48 19.72 -10 10.85 19.88 -10 11.19 19.59 -10
4 80 11.35 19.22 -10 10.61 18.91 -10 10.46 19.28 -10 11.19 19.59 -10
4 16 10.61 18.91 -10 10.2 18.73 -10 10.02 19.15 -10 10.46 19.28 -10
4 16 10.02 19.15 -10 10.05 19.59 -10 10.48 19.72 -10 10.46 19.28 -10
4 16 9.89 19.96 -10 10.31 20.14 -10 10.48 19.72 -10 10.05 19.59 -10
4 80 11.76 19.4 -10 11.59 19.81 -10 11.96 19.97 -10 12.13 19.55 -10
4 80 11.96 19.97 -10 11.59 19.81 -10 11.25 20.1 -10 11.98 20.41 -10
4 80 11.83 20.78 -10 11.98 20.41 -10 11.25 20.1 -10 11.09 20.47 -10
4 80 12.74 20.68 -10 12.37 20.53 -10 12.2 20.94 -10 12.56 21.1 -10
4 80 12.74 20.68 -10 13.08 20.39 -10 12.34 20.08 -10 12.37 20.53 -10
4 80 13.24 20.02 -10 12.5 19.71 -10 12.34 20.08 -10 13.08 20.39 -10
4 16 11.96 19.97 -10 12.34 20.08 -10 12.5 19.71 -10 12.13 19.55 -10
4 16 12.37 20.53 -10 12.34 20.08 -10 11.96 19.97 -10 11.98 20.41 -10
4 16 12.37 20.53 -10 11.98 20.41 -10 11.83 20.78 -10 12.2 20.94 -10
4 16 11.59 19.81 -10 11.76 19.4 -10 11.35 19.22 -10 11.19 19.59 -10
4 16 11.59 19.81 -10 11.19 19.59 -10 10.85 19.88 -10 11.25 20.1 -10
4 16 11.09 20.47 -10 11.25 20.1 -10 10.85 19.88 -10 10.68 20.29 -10
4 80 6.01 16.96 -10 5.83 17.37 -10 6.2 17.53 -10 6.38 17.11 -10
4 80 6.2 17.53 -10 5.83 17.37 -10 5.49 17.66 -10 6.23 17.97 -10
4 80 5.49 17.66 -10 5.34 18.03 -10 6.07 18.34 -10 6.23 17.97 -10
4 80 6.49 18.52 -10 6.86 18.67 -10 7.03 18.26 -10 6.66 18.1 -10
4 80 7.03 18.26 -10 7.37 17.97 -10 6.64 17.66 -10 6.66 18.1 -10
4 80 6.64 17.66 -10 7.37 17.97 -10 7.53 17.6 -10 6.79 17.29 -10
4 16 6.2 17.53 -10 6.64 17.66 -10 6.79 17.29 -10 6.38 17.11 -10
4 16 6.66 18.1 -10 6.64 17.66 -10 6.2 17.53 -10 6.23 17.97 -10
4 16 6.07 18.34 -10 6.49 18.52 -10 6.66 18.1 -10 6.23 17.97 -10
4 80 7.94 17.78 -10 7.77 18.19 -10 8.14 18.35 -10 8.31 17.93 -10
4 80 7.43 18.48 -10 8.16 18.79 -10 8.14 18.35 -10 7.77 18.19 -10
4 80 7.43 18.48 -10 7.27 18.85 -10 8.01 19.16 -10 8.16 18.79 -10
4 80 8.92 19.06 -10 8.55 18.9 -10 8.37 19.32 -10 8.74 19.47 -10
4 80 8.52 18.46 -10 8.55 18.9 -10 8.92 19.06 -10 9.26 18.77 -10
4 80 9.42 18.4 -10 8.68 18.09 -10 8.52 18.46 -10 9.26 18.77 -10
4 16 8.68 18.09 -10 8.31 17.93 -10 8.14 18.35 -10 8.52 18.46 -10
4 16 8.14 18.35 -10 8.16 18.79 -10 8.55 18.9 -10 8.52 18.46 -10
4 16 8.01 19.16 -10 8.37 19.32 -10 8.55 18.9 -10 8.16 18.79 -10
4 16 7.53 17.6 -10 7.37 17.97 -10 7.77 18.19 -10 7.94 17.78 -10
4 16 7.77 18.19 -10 7.37 17.97 -10 7.03 18.26 -10 7.43 18.48 -10
4 16 7.27 18.85 -10 7.43 18.48 -10 7.03 18.26 -10 6.86 18.67 -10
4 16 9.26 18.77 -10 9.65 18.99 -10 9.83 18.58 -10 9.42 18.4 -10
4 16 9.65 18.99 -10 9.26 18.77 -10 8.92 19.06 -10 9.31 19.28 -10
4 16 9.16 19.65 -10 9.31 19.28 -10 8.92 19.06 -10 8.74 19.47 -10
4 80 13.6 20.18 -10 13.43 20.59 -10 13.8 20.75 -10 13.97 20.34 -10
4 80 13.09 20.88 -10 13.82 21.2 -10 13.8 20.75 -10 13.43 20.59 -10
4 80 13.09 20.88 -10 12.93 21.25 -10 13.67 21.56 -10 13.82 21.2 -10
4 80 14.04 21.72 -10 14.4 21.88 -10 14.58 21.46 -10 14.21 21.31 -10
4 80 14.58 21.46 -10 14.92 21.17 -10 14.18 20.86 -10 14.21 21.31 -10
4 80 14.18 20.86 -10 14.92 21.17 -10 15.08 20.8 -10 14.34 20.49 -10
4 16 14.34 20.49 -10 13.97 20.34 -10 13.8 20.75 -10 14.18 20.86 -10
4 16 14.21 21.31 -10 14.18 20.86 -10 13.8 20.75 -10 13.82 21.2 -10
4 16 14.21 21.31 -10 13.82 21.2 -10 13.67 21.56 -10 14.04 21.72 -10
4 16 13.24 20.02 -10 13.08 20.39 -10 13.43 20.59 -10 13.6 20.18 -10
4 16 13.08 20.39 -10 12.74 20.68 -10 13.09 20.88 -10 13.43 20.59 -10
4 16 12.74 20.68 -10 12.56 21.1 -10 12.93 21.25 -10 13.09 20.88 -10
4 80 5.38 18.32 -10 5.43 18.72 -10 9.75 20.55 -10 9.89 20.23 -10
4 80 14.49 22.57 -10 14.63 22.24 -10 9.89 20.23 -10 9.75 20.55 -10
4 16 5.34 18.03 -10 5.38 18.32 -10 6.49 18.52 -10 6.07 18.34 -10
4 16 7.27 18.85 -10 6.86 18.67 -10 6.49 18.52 -10 5.38 18.32 -10
4 16 9.89 20.23 -10 8.01 19.16 -10 7.27 18.85 -10 5.38 18.32 -10
3 16 8.37 19.32 -10 8.01 19.16 -10 9.89 20.23 -10
4 16 9.16 19.65 -10 8.74 19.47 -10 8.37 19.32 -10 9.89 20.23 -10
4 16 9.16 19.65 -10 9.89 20.23 -10 10.31 20.14 -10 9.89 19.96 -10
4 16 11.09 20.47 -10 10.68 20.29 -10 10.31 20.14 -10 9.89 20.23 -10
4 16 12.2 20.94 -10 11.83 20.78 -10 11.09 20.47 -10 9.89 20.23 -10
3 16 12.2 20.94 -10 9.89 20.23 -10 12.56 21.1 -10
4 16 14.63 22.24 -10 12.93 21.25 -10 12.56 21.1 -10 9.89 20.23 -10
3 16 13.67 21.56 -10 12.93 21.25 -10 14.63 22.24 -10
4 16 13.67 21.56 -10 14.63 22.24 -10 14.4 21.88 -10 14.04 21.72 -10
4 16 14.4 21.88 -10 14.63 22.24 -10 14.92 21.17 -10 14.58 21.46 -10
4 80 5.64 16.8 -10 5.18 16.6 -10 5.01 17.02 -10 5.47 17.21 -10
4 80 5.22 17.65 -10 5.47 17.21 -10 5.01 17.02 -10 5.03 17.35 -10
4 80 4.5 16.8 -10 4.72 16.41 -10 4.31 16.23 -10 4.06 16.56 -10
4 80 4.39 17.19 -10 4.5 16.8 -10 4.06 16.56 -10 3.93 17 -10
4 80 3.77 17.25 -10 3.5 18.01 -10 3.43 18.68 -10 4.05 17.48 -10
4 80 4.28 17.58 -10 4.05 17.48 -10 3.43 18.68 -10 4.02 18.83 -10
4 80 5.02 18.65 -10 4.28 17.58 -10 4.02 18.83 -10 4.49 18.87 -10
3 80 5.02 18.65 -10 4.46 17.55 -10 4.28 17.58 -10
3 80 5.02 18.65 -10 4.72 17.44 -10 4.46 17.55 -10
4 80 3.95 19.5 -10 3.98 19.19 -10 3.38 19.05 -10 3.38 19.32 -10
4 80 3.98 19.19 -10 3.95 19.5 -10 4.6 19.51 -10 4.51 19.2 -10
4 80 5.17 19.32 -10 5.08 19.01 -10 4.51 19.2 -10 4.6 19.51 -10
4 16 3.98 19.19 -10 4.02 18.83 -10 3.43 18.68 -10 3.38 19.05 -10
4 16 3.98 19.19 -10 4.51 19.2 -10 4.49 18.87 -10 4.02 18.83 -10
4 16 5.02 18.65 -10 4.49 18.87 -10 4.51 19.2 -10 5.08 19.01 -10
4 16 3.77 17.25 -10 4.05 17.48 -10 4.39 17.19 -10 3.93 17 -10
4 16 4.05 17.48 -10 4.28 17.58 -10 4.46 17.55 -10 4.39 17.19 -10
4 16 5.18 16.6 -10 4.72 16.41 -10 4.5 16.8 -10 5.01 17.02 -10
3 16 5.01 17.02 -10 4.5 16.8 -10 4.39 17.19 -10
4 16 4.46 17.55 -10 4.72 17.44 -10 5.01 17.02 -10 4.39 17.19 -10
3 16 5.03 17.35 -10 5.01 17.02 -10 4.72 17.44 -10
4 16 5.34 18.03 -10 5.22 17.65 -10 5.03 17.35 -10 4.72 17.44 -10
4 16 5.83 17.37 -10 6.01 16.96 -10 5.64 16.8 -10 5.47 17.21 -10
4 16 5.22 17.65 -10 5.49 17.66 -10 5.83 17.37 -10 5.47 17.21 -10
3 16 5.49 17.66 -10 5.22 17.65 -10 5.34 18.03 -10
4 16 5.02 18.65 -10 5.38 18.32 -10 5.34 18.03 -10 4.72 17.44 -10
3 16 5.43 18.72 -10 5.38 18.32 -10 5.02 18.65 -10
4 16 5.17 19.32 -10 5.43 18.72 -10 5.02 18.65 -10 5.08 19.01 -10
3 16 9.75 20.55 -10 5.43 18.72 -10 5.17 19.32 -10
4 80 -10.02 19.15 -10 -9.65 18.99 -10 -9.83 18.58 -10 -10.2 18.73 -10
4 80 -10.02 19.15 -10 -10.05 19.59 -10 -9.31 19.28 -10 -9.65 18.99 -10
4 80 -9.89 19.96 -10 -9.16 19.65 -10 -9.31 19.28 -10 -10.05 19.59 -10
4 80 -10.85 19.88 -10 -10.68 20.29 -10 -10.31 20.14 -10 -10.48 19.72 -10
4 80 -10.46 19.28 -10 -11.19 19.59 -10 -10.85 19.88 -10 -10.48 19.72 -10
4 80 -10.46 19.28 -10 -10.61 18.91 -10 -11.35 19.22 -10 -11.19 19.59 -10
4 16 -10.61 18.91 -10 -10.46 19.28 -10 -10.02 19.15 -10 -10.2 18.73 -10
4 16 -10.48 19.72 -10 -10.05 19.59 -10 -10.02 19.15 -10 -10.46 19.28 -10
4 16 -9.89 19.96 -10 -10.05 19.59 -10 -10.48 19.72 -10 -10.31 20.14 -10
4 80 -11.76 19.4 -10 -12.13 19.55 -10 -11.96 19.97 -10 -11.59 19.81 -10
4 80 -11.96 19.97 -10 -11.98 20.41 -10 -11.25 20.1 -10 -11.59 19.81 -10
4 80 -11.25 20.1 -10 -11.98 20.41 -10 -11.83 20.78 -10 -11.09 20.47 -10
4 80 -12.74 20.68 -10 -12.56 21.1 -10 -12.2 20.94 -10 -12.37 20.53 -10
4 80 -12.34 20.08 -10 -13.08 20.39 -10 -12.74 20.68 -10 -12.37 20.53 -10
4 80 -13.24 20.02 -10 -13.08 20.39 -10 -12.34 20.08 -10 -12.5 19.71 -10
4 16 -12.5 19.71 -10 -12.34 20.08 -10 -11.96 19.97 -10 -12.13 19.55 -10
4 16 -11.96 19.97 -10 -12.34 20.08 -10 -12.37 20.53 -10 -11.98 20.41 -10
4 16 -12.37 20.53 -10 -12.2 20.94 -10 -11.83 20.78 -10 -11.98 20.41 -10
4 16 -11.59 19.81 -10 -11.19 19.59 -10 -11.35 19.22 -10 -11.76 19.4 -10
4 16 -10.85 19.88 -10 -11.19 19.59 -10 -11.59 19.81 -10 -11.25 20.1 -10
4 16 -10.85 19.88 -10 -11.25 20.1 -10 -11.09 20.47 -10 -10.68 20.29 -10
4 80 -6.01 16.96 -10 -6.38 17.11 -10 -6.2 17.53 -10 -5.83 17.37 -10
4 80 -6.2 17.53 -10 -6.23 17.97 -10 -5.49 17.66 -10 -5.83 17.37 -10
4 80 -6.07 18.34 -10 -5.34 18.03 -10 -5.49 17.66 -10 -6.23 17.97 -10
4 80 -6.49 18.52 -10 -6.66 18.1 -10 -7.03 18.26 -10 -6.86 18.67 -10
4 80 -7.03 18.26 -10 -6.66 18.1 -10 -6.64 17.66 -10 -7.37 17.97 -10
4 80 -6.64 17.66 -10 -6.79 17.29 -10 -7.53 17.6 -10 -7.37 17.97 -10
4 16 -6.2 17.53 -10 -6.38 17.11 -10 -6.79 17.29 -10 -6.64 17.66 -10
4 16 -6.2 17.53 -10 -6.64 17.66 -10 -6.66 18.1 -10 -6.23 17.97 -10
4 16 -6.66 18.1 -10 -6.49 18.52 -10 -6.07 18.34 -10 -6.23 17.97 -10
4 80 -7.94 17.78 -10 -8.31 17.93 -10 -8.14 18.35 -10 -7.77 18.19 -10
4 80 -7.43 18.48 -10 -7.77 18.19 -10 -8.14 18.35 -10 -8.16 18.79 -10
4 80 -7.43 18.48 -10 -8.16 18.79 -10 -8.01 19.16 -10 -7.27 18.85 -10
4 80 -8.92 19.06 -10 -8.74 19.47 -10 -8.37 19.32 -10 -8.55 18.9 -10
4 80 -8.52 18.46 -10 -9.26 18.77 -10 -8.92 19.06 -10 -8.55 18.9 -10
4 80 -8.52 18.46 -10 -8.68 18.09 -10 -9.42 18.4 -10 -9.26 18.77 -10
4 16 -8.68 18.09 -10 -8.52 18.46 -10 -8.14 18.35 -10 -8.31 17.93 -10
4 16 -8.55 18.9 -10 -8.16 18.79 -10 -8.14 18.35 -10 -8.52 18.46 -10
4 16 -8.55 18.9 -10 -8.37 19.32 -10 -8.01 19.16 -10 -8.16 18.79 -10
4 16 -7.77 18.19 -10 -7.37 17.97 -10 -7.53 17.6 -10 -7.94 17.78 -10
4 16 -7.03 18.26 -10 -7.37 17.97 -10 -7.77 18.19 -10 -7.43 18.48 -10
4 16 -7.27 18.85 -10 -6.86 18.67 -10 -7.03 18.26 -10 -7.43 18.48 -10
4 16 -9.26 18.77 -10 -9.42 18.4 -10 -9.83 18.58 -10 -9.65 18.99 -10
4 16 -8.92 19.06 -10 -9.26 18.77 -10 -9.65 18.99 -10 -9.31 19.28 -10
4 16 -9.16 19.65 -10 -8.74 19.47 -10 -8.92 19.06 -10 -9.31 19.28 -10
4 80 -13.6 20.18 -10 -13.97 20.34 -10 -13.8 20.75 -10 -13.43 20.59 -10
4 80 -13.09 20.88 -10 -13.43 20.59 -10 -13.8 20.75 -10 -13.82 21.2 -10
4 80 -13.67 21.56 -10 -12.93 21.25 -10 -13.09 20.88 -10 -13.82 21.2 -10
4 80 -14.04 21.72 -10 -14.21 21.31 -10 -14.58 21.46 -10 -14.4 21.88 -10
4 80 -14.18 20.86 -10 -14.92 21.17 -10 -14.58 21.46 -10 -14.21 21.31 -10
4 80 -14.18 20.86 -10 -14.34 20.49 -10 -15.08 20.8 -10 -14.92 21.17 -10
4 16 -13.8 20.75 -10 -13.97 20.34 -10 -14.34 20.49 -10 -14.18 20.86 -10
4 16 -13.8 20.75 -10 -14.18 20.86 -10 -14.21 21.31 -10 -13.82 21.2 -10
4 16 -13.67 21.56 -10 -13.82 21.2 -10 -14.21 21.31 -10 -14.04 21.72 -10
4 16 -13.43 20.59 -10 -13.08 20.39 -10 -13.24 20.02 -10 -13.6 20.18 -10
4 16 -13.08 20.39 -10 -13.43 20.59 -10 -13.09 20.88 -10 -12.74 20.68 -10
4 16 -12.74 20.68 -10 -13.09 20.88 -10 -12.93 21.25 -10 -12.56 21.1 -10
4 80 -9.75 20.55 -10 -5.43 18.72 -10 -5.38 18.32 -10 -9.89 20.23 -10
4 80 -9.89 20.23 -10 -14.63 22.24 -10 -14.49 22.57 -10 -9.75 20.55 -10
4 16 -6.49 18.52 -10 -5.38 18.32 -10 -5.34 18.03 -10 -6.07 18.34 -10
4 16 -6.49 18.52 -10 -6.86 18.67 -10 -7.27 18.85 -10 -5.38 18.32 -10
3 16 -8.01 19.16 -10 -5.38 18.32 -10 -7.27 18.85 -10
4 16 -5.38 18.32 -10 -8.01 19.16 -10 -8.37 19.32 -10 -9.89 20.23 -10
4 16 -9.16 19.65 -10 -9.89 20.23 -10 -8.37 19.32 -10 -8.74 19.47 -10
4 16 -10.31 20.14 -10 -9.89 20.23 -10 -9.16 19.65 -10 -9.89 19.96 -10
4 16 -11.09 20.47 -10 -9.89 20.23 -10 -10.31 20.14 -10 -10.68 20.29 -10
4 16 -12.2 20.94 -10 -9.89 20.23 -10 -11.09 20.47 -10 -11.83 20.78 -10
3 16 -12.56 21.1 -10 -9.89 20.23 -10 -12.2 20.94 -10
3 16 -12.93 21.25 -10 -9.89 20.23 -10 -12.56 21.1 -10
4 16 -9.89 20.23 -10 -12.93 21.25 -10 -13.67 21.56 -10 -14.63 22.24 -10
4 16 -14.4 21.88 -10 -14.63 22.24 -10 -13.67 21.56 -10 -14.04 21.72 -10
4 16 -14.92 21.17 -10 -14.63 22.24 -10 -14.4 21.88 -10 -14.58 21.46 -10
4 80 -5.64 16.8 -10 -5.47 17.21 -10 -5.01 17.02 -10 -5.18 16.6 -10
4 80 -5.01 17.02 -10 -5.47 17.21 -10 -5.22 17.65 -10 -5.03 17.35 -10
4 80 -4.5 16.8 -10 -4.06 16.56 -10 -4.31 16.23 -10 -4.72 16.41 -10
4 80 -4.06 16.56 -10 -4.5 16.8 -10 -4.39 17.19 -10 -3.93 17 -10
4 80 -3.43 18.68 -10 -3.5 18.01 -10 -3.77 17.25 -10 -4.05 17.48 -10
3 80 -3.43 18.68 -10 -4.05 17.48 -10 -4.02 18.83 -10
4 80 -4.05 17.48 -10 -4.28 17.58 -10 -4.49 18.87 -10 -4.02 18.83 -10
4 80 -4.49 18.87 -10 -4.28 17.58 -10 -4.46 17.55 -10 -5.02 18.65 -10
3 80 -4.46 17.55 -10 -4.72 17.44 -10 -5.02 18.65 -10
4 80 -3.95 19.5 -10 -3.38 19.32 -10 -3.38 19.05 -10 -3.98 19.19 -10
4 80 -4.6 19.51 -10 -3.95 19.5 -10 -3.98 19.19 -10 -4.51 19.2 -10
4 80 -4.51 19.2 -10 -5.08 19.01 -10 -5.17 19.32 -10 -4.6 19.51 -10
4 16 -3.43 18.68 -10 -4.02 18.83 -10 -3.98 19.19 -10 -3.38 19.05 -10
4 16 -4.49 18.87 -10 -4.51 19.2 -10 -3.98 19.19 -10 -4.02 18.83 -10
4 16 -5.02 18.65 -10 -5.08 19.01 -10 -4.51 19.2 -10 -4.49 18.87 -10
4 16 -4.28 17.58 -10 -4.05 17.48 -10 -3.93 17 -10 -4.39 17.19 -10
4 16 -4.72 17.44 -10 -4.46 17.55 -10 -4.28 17.58 -10 -4.39 17.19 -10
4 16 -4.5 16.8 -10 -4.72 16.41 -10 -5.18 16.6 -10 -5.01 17.02 -10
3 16 -4.39 17.19 -10 -4.5 16.8 -10 -5.01 17.02 -10
4 16 -4.39 17.19 -10 -5.01 17.02 -10 -5.03 17.35 -10 -4.72 17.44 -10
4 16 -5.34 18.03 -10 -4.72 17.44 -10 -5.03 17.35 -10 -5.22 17.65 -10
4 16 -5.83 17.37 -10 -5.47 17.21 -10 -5.64 16.8 -10 -6.01 16.96 -10
4 16 -5.83 17.37 -10 -5.49 17.66 -10 -5.22 17.65 -10 -5.47 17.21 -10
3 16 -5.34 18.03 -10 -5.22 17.65 -10 -5.49 17.66 -10
4 16 -5.02 18.65 -10 -4.72 17.44 -10 -5.34 18.03 -10 -5.38 18.32 -10
4 16 -5.08 19.01 -10 -5.02 18.65 -10 -5.38 18.32 -10 -5.43 18.72 -10
4 16 -5.08 19.01 -10 -5.43 18.72 -10 -9.75 20.55 -10 -5.17 19.32 -10
4 16 -17.23 24.5 -10 -15.08 20.8 -10 -13.9 11.8 -10 -14.45 11.05 -10
3 16 -14.34 20.49 -10 -13.9 11.8 -10 -15.08 20.8 -10
4 16 -13.6 20.18 -10 -13.9 11.8 -10 -14.34 20.49 -10 -13.97 20.34 -10
3 16 -13.24 20.02 -10 -13.9 11.8 -10 -13.6 20.18 -10
4 16 -12.65 12.7 -10 -13.9 11.8 -10 -13.24 20.02 -10 -12.5 19.71 -10
4 16 -12.5 19.71 -10 -12.13 19.55 -10 -11.75 13 -10 -12.65 12.7 -10
4 16 -12.13 19.55 -10 -11.76 19.4 -10 -11.35 19.22 -10 -11.75 13 -10
4 16 -11.35 19.22 -10 -10.61 18.91 -10 -10.2 18.73 -10 -11.75 13 -10
4 16 -10.2 18.73 -10 -9.83 18.58 -10 -9.42 18.4 -10 -11.75 13 -10
4 16 -8.65 13.65 -10 -11.75 13 -10 -9.42 18.4 -10 -8.68 18.09 -10
3 16 -8.31 17.93 -10 -8.65 13.65 -10 -8.68 18.09 -10
4 16 -8.31 17.93 -10 -7.94 17.78 -10 -7.53 17.6 -10 -8.65 13.65 -10
4 16 -6.38 17.11 -10 -8.65 13.65 -10 -7.53 17.6 -10 -6.79 17.29 -10
4 16 -5.64 16.8 -10 -8.65 13.65 -10 -6.38 17.11 -10 -6.01 16.96 -10
4 16 -4.9 14.1 -10 -8.65 13.65 -10 -5.64 16.8 -10 -5.18 16.6 -10
4 16 -5.18 16.6 -10 -4.72 16.41 -10 -4.31 16.23 -10 -4.9 14.1 -10
4 16 -4.06 16.56 -10 -2.4 14.3 -10 -4.9 14.1 -10 -4.31 16.23 -10
3 16 -3.93 17 -10 -2.4 14.3 -10 -4.06 16.56 -10
4 16 -4.05 17.48 -10 -3.77 17.25 -10 -2.4 14.3 -10 -3.93 17 -10
4 16 -3.5 18.01 -10 -2.3 18.1 -10 -2.4 14.3 -10 -3.77 17.25 -10
4 16 -2.2 19.4 -10 -2.3 18.1 -10 -3.5 18.01 -10 -3.43 18.68 -10
3 16 -2.2 19.4 -10 -3.43 18.68 -10 -3.38 19.05 -10
4 16 -2.2 23 -10 -2.2 19.4 -10 -3.38 19.05 -10 -3.38 19.32 -10
4 16 -14.63 22.24 -10 -14.92 21.17 -10 -15.08 20.8 -10 -17.23 24.5 -10
3 16 -14.49 22.57 -10 -14.63 22.24 -10 -17.23 24.5 -10
4 16 -9.75 20.55 -10 -14.49 22.57 -10 -17.23 24.5 -10 -4 24.5 -10
4 16 -3.27 24.25 -10 -2.95 23.93 -10 -9.75 20.55 -10 -4 24.5 -10
4 16 -9.75 20.55 -10 -2.95 23.93 -10 -4.6 19.51 -10 -5.17 19.32 -10
4 16 -2.95 23.93 -10 -2.2 23 -10 -3.95 19.5 -10 -4.6 19.51 -10
3 16 -2.2 23 -10 -3.38 19.32 -10 -3.95 19.5 -10
3 16 5.4 14.65 -10 4.88 14.1 -10 4.31 16.23 -10
4 16 5.18 16.6 -10 5.4 14.65 -10 4.31 16.23 -10 4.72 16.41 -10
4 16 6.01 16.96 -10 5.4 14.65 -10 5.18 16.6 -10 5.64 16.8 -10
4 16 5.4 14.65 -10 6.01 16.96 -10 6.38 17.11 -10 6.75 15.9 -10
4 16 7.8 16.55 -10 6.75 15.9 -10 6.38 17.11 -10 6.79 17.29 -10
3 16 7.53 17.6 -10 7.8 16.55 -10 6.79 17.29 -10
4 16 7.53 17.6 -10 7.94 17.78 -10 8.5 16.85 -10 7.8 16.55 -10
3 16 8.31 17.93 -10 8.5 16.85 -10 7.94 17.78 -10
4 16 9.2 16.55 -10 8.5 16.85 -10 8.31 17.93 -10 8.68 18.09 -10
3 16 9.42 18.4 -10 9.2 16.55 -10 8.68 18.09 -10
4 16 10.25 15.9 -10 9.2 16.55 -10 9.42 18.4 -10 9.83 18.58 -10
3 16 10.2 18.73 -10 10.25 15.9 -10 9.83 18.58 -10
4 16 10.2 18.73 -10 10.61 18.91 -10 11.35 19.22 -10 10.25 15.9 -10
4 16 11.76 19.4 -10 11.6 14.65 -10 10.25 15.9 -10 11.35 19.22 -10
3 16 12.13 19.55 -10 11.6 14.65 -10 11.76 19.4 -10
4 16 12.13 19.55 -10 12.5 19.71 -10 12.7 13.5 -10 11.6 14.65 -10
3 16 13.24 20.02 -10 12.7 13.5 -10 12.5 19.71 -10
4 16 13 12.8 -10 12.7 13.5 -10 13.24 20.02 -10 13.6 20.18 -10
4 16 13.6 20.18 -10 13.9 11.8 -10 13.05 12.41 -10 13 12.8 -10
4 16 13.97 20.34 -10 14.45 11.05 -10 13.9 11.8 -10 13.6 20.18 -10
3 16 14.34 20.49 -10 14.45 11.05 -10 13.97 20.34 -10
3 16 15.08 20.8 -10 14.45 11.05 -10 14.34 20.49 -10
4 16 14.345 2 -10 14.45 11.05 -10 15.08 20.8 -10 17.23 24.5 -10
4 16 15.08 20.8 -10 14.92 21.17 -10 14.63 22.24 -10 17.23 24.5 -10
3 16 17.23 24.5 -10 14.63 22.24 -10 14.49 22.57 -10
4 16 9.75 20.55 -10 4 24.5 -10 17.23 24.5 -10 14.49 22.57 -10
4 16 9.75 20.55 -10 5.17 19.32 -10 4.6 19.51 -10 4 24.5 -10
4 16 3.27 24.25 -10 4 24.5 -10 4.6 19.51 -10 2.95 23.93 -10
4 16 4.6 19.51 -10 3.95 19.5 -10 2.2 23 -10 2.95 23.93 -10
4 16 2.2 19.4 -10 2.2 23 -10 3.95 19.5 -10 3.38 19.32 -10
4 16 3.38 19.32 -10 3.38 19.05 -10 2.3 18.1 -10 2.2 19.4 -10
4 16 3.5 18.01 -10 2.3 18.1 -10 3.38 19.05 -10 3.43 18.68 -10
4 16 3.77 17.25 -10 2.4 14.3 -10 2.3 18.1 -10 3.5 18.01 -10
4 16 4.06 16.56 -10 2.4 14.3 -10 3.77 17.25 -10 3.93 17 -10
4 16 4.88 14.1 -10 2.4 14.3 -10 4.06 16.56 -10 4.31 16.23 -10
3 16 9.65 12.1 -10 9.2 10.3 -10 8.9 10.3 -10
4 80 -0.75 8.5 -10 -0.5 7.3 -10 -0.85 7.3 -10 -1 8.35 -10
4 80 -0.75 8.5 -10 -0.4 8.5 -10 -0.15 8.4 -10 -0.5 7.3 -10
4 80 -0.55 1.85 -10 -1.25 2.05 -10 -1.3 2.6 -10 -0.55 2.45 -10
4 80 -0.55 2.45 -10 -1.3 2.6 -10 -1.25 3.15 -10 -0.75 3.15 -10
4 80 -0.15 2.6 -10 0.5 2.45 -10 0.45 1.75 -10 -0.2 1.8 -10
4 80 -0.2 3.9 -10 0.45 3.85 -10 0.5 2.45 -10 -0.15 2.6 -10
3 80 1.4 1.95 -10 0.8 1.75 -10 0.85 2.65 -10
4 80 1.5 3.2 -10 1.4 1.95 -10 0.85 2.65 -10 1.05 3.1 -10
4 80 0.05 4.45 -10 -0.25 4.25 -10 -0.65 4.35 -10 -0.5 5.45 -10
4 80 0.65 5.6 -10 0.05 4.45 -10 -0.5 5.45 -10 0 5.8 -10
4 80 1.25 5.35 -10 0.45 4.4 -10 0.05 4.45 -10 0.65 5.6 -10
3 80 1.25 5.35 -10 0.7 4.2 -10 0.45 4.4 -10
4 80 1.25 5.35 -10 1.1 3.75 -10 0.75 3.9 -10 0.7 4.2 -10
4 80 1.45 5.8 -10 1.8 5.55 -10 1.1 3.75 -10 1.25 5.35 -10
4 80 -0.1 7.1 -10 0.1 6.35 -10 0 5.8 -10 -0.5 5.45 -10
4 80 0.1 6.35 -10 -0.1 7.1 -10 0.35 7.3 -10 0.2 6.7 -10
4 80 0.2 7.9 -10 0.45 7.55 -10 0.35 7.3 -10 -0.1 7.1 -10
4 80 0.5 8.2 -10 0.7 7.9 -10 0.45 7.55 -10 0.2 7.9 -10
4 80 0.5 8.2 -10 0.9 8.35 -10 1 8 -10 0.7 7.9 -10
4 80 0.9 8.35 -10 1.35 8.3 -10 1.6 7.8 -10 1 8 -10
4 80 1.35 8.3 -10 2.05 7.95 -10 2.05 7.45 -10 1.6 7.8 -10
4 80 2.05 7.95 -10 2.35 7.65 -10 2.45 7.2 -10 2.05 7.45 -10
3 80 2.45 7.2 -10 2.05 7.15 -10 2.05 7.45 -10
4 80 1.95 6.9 -10 2.05 7.15 -10 2.45 7.2 -10 2.3 6.75 -10
4 80 1.8 5.55 -10 1.85 6.65 -10 1.95 6.9 -10 2.3 6.75 -10
4 80 1.85 6.65 -10 1.8 5.55 -10 1.45 5.8 -10 1.6 6.15 -10
4 80 1.6 6.15 -10 1.45 5.8 -10 0.1 6.35 -10 0.2 6.7 -10
4 80 0.35 7.3 -10 0.45 7.55 -10 1.95 6.9 -10 1.85 6.65 -10
4 72 2.7 6.3 -10 2.7 5.3 -10 1.9 4.8 -10 2.55 6.25 -10
4 72 2.15 8.5 -10 1.9 8.8 -10 1.8 13.9 -10 2.4 13.45 -10
3 72 2.5 8.5 -10 2.15 8.5 -10 2.4 13.45 -10
4 16 -0.2 1.8 -10 -0.55 1.85 -10 -0.55 2.45 -10 -0.15 2.6 -10
4 16 -0.2 3.9 -10 -0.15 2.6 -10 -0.55 2.45 -10 -0.75 3.15 -10
4 16 -0.65 4.35 -10 -0.25 4.25 -10 0.45 3.85 -10 -0.2 3.9 -10
4 16 -0.25 4.25 -10 0.05 4.45 -10 0.45 4.4 -10 0.45 3.85 -10
4 16 0.75 3.9 -10 0.45 3.85 -10 0.45 4.4 -10 0.7 4.2 -10
4 16 0.45 3.85 -10 0.75 3.9 -10 0.85 2.65 -10 0.5 2.45 -10
3 16 0.85 2.65 -10 0.45 1.75 -10 0.5 2.45 -10
4 16 0 0 -10 0.45 1.75 -10 0.85 2.65 -10 0.8 1.75 -10
4 16 0.75 3.9 -10 1.1 3.75 -10 1.05 3.1 -10 0.85 2.65 -10
3 16 1.5 3.2 -10 1.05 3.1 -10 1.1 3.75 -10
4 16 4.1 3.6 -10 1.5 3.2 -10 1.1 3.75 -10 1.9 4.8 -10
4 16 2.55 6.25 -10 1.9 4.8 -10 1.1 3.75 -10 1.8 5.55 -10
3 16 2.55 6.25 -10 1.8 5.55 -10 2.3 6.75 -10
4 16 2.3 6.75 -10 2.45 7.2 -10 2.7 6.3 -10 2.55 6.25 -10
4 16 2.35 7.65 -10 4.4 7.05 -10 2.7 6.3 -10 2.45 7.2 -10
4 16 -0.2 3.9 -10 -0.75 3.15 -10 -1.25 3.15 -10 -0.65 4.35 -10
4 16 -4.1 3.6 -10 -1.9 4.8 -10 -0.65 4.35 -10 -1.25 3.15 -10
3 16 -0.5 5.45 -10 -0.65 4.35 -10 -1.9 4.8 -10
4 16 -0.5 7.3 -10 -0.5 5.45 -10 -1.9 4.8 -10 -0.85 7.3 -10
3 16 -0.1 7.1 -10 -0.5 5.45 -10 -0.5 7.3 -10
4 16 0.2 7.9 -10 -0.1 7.1 -10 -0.5 7.3 -10 -0.15 8.4 -10
4 16 -1 9.3 -10 -1 8.8 -10 -1.9 4.8 -10 -1.8 13.9 -10
3 16 -1 8.35 -10 -1.9 4.8 -10 -1 8.8 -10
3 16 -0.85 7.3 -10 -1.9 4.8 -10 -1 8.35 -10
4 16 0 5.8 -10 0.1 6.35 -10 1.45 5.8 -10 0.65 5.6 -10
3 16 1.45 5.8 -10 1.25 5.35 -10 0.65 5.6 -10
4 16 1.6 6.15 -10 0.2 6.7 -10 0.35 7.3 -10 1.85 6.65 -10
4 16 3.9 4.5 -10 2.7 5.3 -10 2.7 6.3 -10 4.4 7.05 -10
4 16 -1 8.35 -10 -1 8.8 -10 -0.3 8.8 -10 -0.75 8.5 -10
3 16 -0.3 8.8 -10 -0.4 8.5 -10 -0.75 8.5 -10
4 16 -0.4 8.5 -10 -0.3 8.8 -10 0.3 8.6 -10 -0.15 8.4 -10
4 16 -0.15 8.4 -10 0.3 8.6 -10 0.5 8.2 -10 0.2 7.9 -10
4 16 0.3 8.6 -10 1 8.6 -10 0.9 8.35 -10 0.5 8.2 -10
4 16 0.9 8.35 -10 1 8.6 -10 1.9 8.8 -10 1.35 8.3 -10
4 16 2.05 7.95 -10 1.35 8.3 -10 1.9 8.8 -10 2.15 8.5 -10
4 16 2.15 8.5 -10 2.5 8.5 -10 2.35 7.65 -10 2.05 7.95 -10
4 16 0.7 7.9 -10 1 8 -10 1.6 7.8 -10 0.45 7.55 -10
3 16 1.6 7.8 -10 2.05 7.45 -10 0.45 7.55 -10
4 16 1.95 6.9 -10 0.45 7.55 -10 2.05 7.45 -10 2.05 7.15 -10
3 16 1.9 8.8 -10 1 8.6 -10 1 9.5 -10
3 16 4.1 9.45 -10 2.5 8.5 -10 3.95 11.1 -10
4 16 2.35 7.65 -10 2.5 8.5 -10 4.1 9.45 -10 4.4 7.05 -10
4 16 -3.15 1.95 -10 -1.25 2.05 -10 -0.55 1.85 -10 0 0 -10
3 16 -0.2 1.8 -10 0 0 -10 -0.55 1.85 -10
3 16 0.45 1.75 -10 0 0 -10 -0.2 1.8 -10
4 16 3.15 1.95 -10 0 0 -10 0.8 1.75 -10 1.4 1.95 -10
4 16 -3.85 1.35 -10 0 0 -10 -12 0 -10 -7.4 1.1 -10
3 82 -4.55 2.9 -10 -3.8 2.9 -10 -4.6 2.2 -10
4 82 -4.6 2.2 -10 -3.8 2.9 -10 -3.35 2.4 -10 -4.2 1.6 -10
4 82 -4.2 1.6 -10 -3.35 2.4 -10 -3.15 1.95 -10 -3.85 1.35 -10
3 82 3.8 2.9 -10 4.55 2.9 -10 4.6 2.2 -10
4 82 4.6 2.2 -10 4.2 1.6 -10 3.35 2.4 -10 3.8 2.9 -10
4 82 3.15 1.95 -10 3.35 2.4 -10 4.2 1.6 -10 3.85 1.35 -10
4 16 -6.7 1.6 -10 -4.6 2.2 -10 -4.2 1.6 -10 -7.4 1.1 -10
3 16 -3.85 1.35 -10 -7.4 1.1 -10 -4.2 1.6 -10
3 16 -3.15 1.95 -10 0 0 -10 -3.85 1.35 -10
4 16 -1.3 2.6 -10 -1.25 2.05 -10 -3.15 1.95 -10 -3.35 2.4 -10
4 16 -3.8 2.9 -10 -1.25 3.15 -10 -1.3 2.6 -10 -3.35 2.4 -10
4 16 -4.55 2.9 -10 -4.1 3.6 -10 -1.25 3.15 -10 -3.8 2.9 -10
4 16 -6.7 1.6 -10 -5.4 2.7 -10 -4.55 2.9 -10 -4.6 2.2 -10
3 16 -4.55 2.9 -10 -5.4 2.7 -10 -4.1 3.6 -10
3 16 3.85 1.35 -10 0 0 -10 3.15 1.95 -10
4 16 12 0 -10 0 0 -10 3.85 1.35 -10 7.4 1.1 -10
4 16 7.4 1.1 -10 3.85 1.35 -10 4.2 1.6 -10 6.7 1.6 -10
3 16 4.6 2.2 -10 6.7 1.6 -10 4.2 1.6 -10
4 16 6.7 1.6 -10 4.6 2.2 -10 4.55 2.9 -10 5.4 2.7 -10
4 16 1.4 1.95 -10 1.5 3.2 -10 3.35 2.4 -10 3.15 1.95 -10
4 16 3.35 2.4 -10 1.5 3.2 -10 4.1 3.6 -10 3.8 2.9 -10
3 16 4.1 3.6 -10 4.55 2.9 -10 3.8 2.9 -10
3 16 4.1 3.6 -10 5.4 2.7 -10 4.55 2.9 -10

4 72 18 29 10 18 31 10 -0.4 31 10 -0.45 28.45 10
3 72 18 29 10 -0.45 28.45 10 -0.5 26.5 10
4 72 18 29 10 -0.5 26.5 10 -0.6 25.4 10 17.36 25.3 10
4 16 19 29 10 19 32 10 18 31 10 18 29 10
4 16 -0.4 31 10 18 31 10 19 32 10 0 32 10
4 16 19 29 10 18 29 10 17.36 25.3 10 14.345 2 10
4 72 5.9 1 10 6.7 1 10 6 1.65 10 5.1 1.5 10
4 72 5.1 1.5 10 6 1.65 10 4.85 2.35 10 3.95 2.05 10
4 72 3.95 2.05 10 4.85 2.35 10 3.6 2.8 10 2.5 2.5 10
4 72 2.5 2.5 10 3.6 2.8 10 1.95 3.2 10 1.4 2.7 10
4 72 1.4 2.7 10 1.95 3.2 10 0.95 3.3 10 0 2.75 10
4 72 0 2.75 10 0.95 3.3 10 0 3.35 10 -0.95 3.3 10
4 16 0 0 10 5.9 1 10 5.1 1.5 10 3.95 2.05 10
4 16 0 0 10 3.95 2.05 10 2.5 2.5 10 1.4 2.7 10
4 16 0 0 10 1.4 2.7 10 0 2.75 10 -1.4 2.7 10
4 16 6.7 1 10 5.9 1 10 0 0 10 12 0 10
4 72 -10.8 31 10 -18 31 10 -18 29 10 -11.1 26.3 10
4 72 -11.1 26.3 10 -18 29 10 -17.36 25.3 10 -11 25.85 10
3 72 -11 25.85 10 -17.36 25.3 10 -10.7 25.45 10
4 72 -2.55 28.8 10 -2.55 31 10 -8.6 31 10 -2.65 28.55 10
4 72 -3 28.4 10 -2.65 28.55 10 -8.6 31 10 -8.25 28.55 10
4 72 -8.6 31 10 -8.65 28.9 10 -8.5 28.65 10 -8.25 28.55 10
4 16 -2.15 31 10 -2.55 31 10 -2.55 28.8 10 -2.2 28.75 10
4 16 -2.35 28.4 10 -2.2 28.75 10 -2.55 28.8 10 -2.65 28.55 10
4 16 -2.6 28.15 10 -2.35 28.4 10 -2.65 28.55 10 -3 28.4 10
4 16 -2.95 28.1 10 -2.6 28.15 10 -3 28.4 10 -8.25 28.55 10
4 16 -8.4 28.25 10 -2.95 28.1 10 -8.25 28.55 10 -8.75 28.4 10
4 16 -8.75 28.4 10 -8.25 28.55 10 -8.5 28.65 10 -8.95 28.6 10
4 16 -8.95 28.6 10 -8.5 28.65 10 -8.65 28.9 10 -9.05 28.85 10
4 16 -9.05 28.85 10 -8.65 28.9 10 -8.6 31 10 -9 31 10
4 72 -0.95 31 10 -2.15 31 10 -2.2 28.75 10 -1.15 26.75 10
4 72 -1.25 26 10 -1.15 26.75 10 -2.2 28.75 10 -2.35 28.4 10
4 72 -1.25 26 10 -2.35 28.4 10 -2.6 28.15 10 -1.4 25.75 10
4 72 -1.65 25.6 10 -1.4 25.75 10 -2.6 28.15 10 -2 25.5 10
4 72 -2 25.5 10 -2.6 28.15 10 -2.95 28.1 10 -9.6 25.8 10
4 72 -9.6 25.8 10 -2.95 28.1 10 -8.4 28.25 10 -10.05 25.9 10
4 72 -10.05 25.9 10 -8.4 28.25 10 -8.75 28.4 10 -10.3 26.15 10
4 72 -10.3 26.15 10 -8.75 28.4 10 -8.95 28.6 10 -10.35 26.5 10
4 72 -10.35 26.5 10 -8.95 28.6 10 -9.05 28.85 10 -10.15 31 10
3 72 -10.15 31 10 -9.05 28.85 10 -9 31 10
4 16 -0.45 28.45 10 -0.4 31 10 -0.95 31 10 -1.15 26.75 10
4 16 -0.5 26.5 10 -0.45 28.45 10 -1.15 26.75 10 -1.25 26 10
4 16 -0.6 25.4 10 -0.5 26.5 10 -1.25 26 10 -1.4 25.75 10
3 16 -1.4 25.75 10 -1.65 25.6 10 -0.6 25.4 10
4 16 -0.6 25.4 10 -1.65 25.6 10 -2 25.5 10 -3.05 24.45 10
4 16 -10.7 25.45 10 -9.6 25.8 10 -10.05 25.9 10 -11 25.85 10
4 16 -11 25.85 10 -10.05 25.9 10 -10.3 26.15 10 -11.1 26.3 10
3 16 -11.1 26.3 10 -10.3 26.15 10 -10.35 26.5 10
4 16 -10.8 31 10 -11.1 26.3 10 -10.35 26.5 10 -10.15 31 10
4 16 -18 29 10 -18 31 10 -19 32 10 -19 29 10
3 16 -18 29 10 -19 29 10 -17.36 25.3 10
3 16 -10.8 31 10 -19 32 10 -18 31 10
3 16 -10.15 31 10 -19 32 10 -10.8 31 10
3 16 -9 31 10 -19 32 10 -10.15 31 10
4 16 -19 32 10 -9 31 10 -8.6 31 10 0 32 10
3 16 0 32 10 -8.6 31 10 -2.55 31 10
3 16 0 32 10 -2.55 31 10 -2.15 31 10
3 16 0 32 10 -2.15 31 10 -0.95 31 10
3 16 0 32 10 -0.95 31 10 -0.4 31 10
4 72 13.1 16.5 10 14.55 15.45 10 14.8 16.05 10 13.3 17.1 10
4 72 13.1 16.5 10 13.3 17.1 10 12.9 17.35 10 12.65 16.75 10
4 72 12.65 16.75 10 12.9 17.35 10 12.45 17.45 10 12.2 16.85 10
4 72 12.2 16.85 10 12.45 17.45 10 7.45 17.75 10 5.35 17 10
4 72 5.35 17 10 7.45 17.75 10 0 17.95 10 0 17.15 10
4 72 -15.7 16.25 10 -15.45 15.65 10 -14 16.7 10 -14.2 17.3 10
4 72 -13.8 17.55 10 -14.2 17.3 10 -14 16.7 10 -13.55 16.95 10
4 72 -13.35 17.65 10 -13.8 17.55 10 -13.55 16.95 10 -12.9 17.05 10
4 72 0 17.95 10 -7.45 17.75 10 -5.35 17 10 0 17.15 10
4 72 -9.1 17 10 -5.35 17 10 -7.45 17.75 10 -8.85 17.7 10
3 72 -12.9 17.05 10 -12.7 17.7 10 -13.35 17.65 10
4 72 -5.1 18.85 10 -3.1 18.85 10 -3.15 20.3 10 -5.15 20.4 10
4 72 -5.15 20.4 10 -3.15 20.3 10 -3.2 22.15 10 -5.1 21.85 10
4 72 -5.1 21.85 10 -3.2 22.15 10 -3.15 23.15 10 -5.05 23.15 10
4 72 -5.05 23.15 10 -3.15 23.15 10 -3.05 24.45 10 -4.95 24.5 10
4 72 -3.8 24.95 10 -3.75 24.65 10 -3.4 24.65 10 -3.5 25.3 10
4 72 -3.8 24.95 10 -3.5 25.3 10 -4.55 25.3 10 -4.15 24.95 10
4 72 -4.45 24.65 10 -4.1 24.65 10 -4.15 24.95 10 -4.55 25.3 10
4 16 -4.1 24.65 10 -3.75 24.65 10 -3.8 24.95 10 -4.15 24.95 10
3 16 -3.05 24.45 10 -3.4 24.65 10 -3.75 24.65 10
3 16 -3.05 24.45 10 -3.75 24.65 10 -4.1 24.65 10
4 16 -3.05 24.45 10 -4.1 24.65 10 -4.45 24.65 10 -4.95 24.5 10
4 16 -4.95 24.5 10 -4.45 24.65 10 -4.55 25.3 10 -6.9 25 10
4 16 -3.5 25.3 10 -3.4 24.65 10 -3.05 24.45 10 -2 25.5 10
4 16 -4.55 25.3 10 -3.5 25.3 10 -2 25.5 10 -9.6 25.8 10
4 16 -0.6 25.4 10 -3.05 24.45 10 -3.15 23.15 10 -3.2 22.15 10
4 16 -0.6 25.4 10 -3.2 22.15 10 -3.15 20.3 10 -3.1 18.85 10
3 16 14.8 16.05 10 17.36 25.3 10 13.3 17.1 10
3 16 13.3 17.1 10 17.36 25.3 10 12.9 17.35 10
3 16 12.9 17.35 10 17.36 25.3 10 12.45 17.45 10
4 16 7.45 17.75 10 12.45 17.45 10 17.36 25.3 10 -0.6 25.4 10
4 16 0 17.95 10 7.45 17.75 10 -0.6 25.4 10 -3.1 18.85 10
4 16 0 17.95 10 -3.1 18.85 10 -5.1 18.85 10 -7.45 17.75 10
3 16 -7.45 17.75 10 -5.1 18.85 10 -5.15 20.4 10
3 16 -7.45 17.75 10 -5.15 20.4 10 -5.1 21.85 10
4 16 -7.45 17.75 10 -5.1 21.85 10 -5.05 23.15 10 -9.25 22.05 10
3 16 14.55 15.45 10 14.345 2 10 14.8 16.05 10
3 16 14.8 16.05 10 14.345 2 10 17.36 25.3 10
4 16 6.7 1 10 12 0 10 14.345 2 10 14.55 15.45 10
4 16 6.7 1 10 14.55 15.45 10 13.1 16.5 10 12.65 16.75 10
4 16 6.7 1 10 12.65 16.75 10 12.2 16.85 10 6 1.65 10
4 16 6 1.65 10 12.2 16.85 10 5.35 17 10 4.85 2.35 10
3 16 4.85 2.35 10 5.35 17 10 3.6 2.8 10
4 16 1.95 3.2 10 3.6 2.8 10 5.35 17 10 0 17.15 10
3 16 0 17.15 10 0.95 3.3 10 1.95 3.2 10
4 16 0 3.35 10 0.95 3.3 10 0 17.15 10 -5.35 17 10
4 72 -6 1.65 10 -6.7 1 10 -5.9 1 10 -5.1 1.5 10
4 72 -4.85 2.35 10 -6 1.65 10 -5.1 1.5 10 -3.95 2.05 10
4 72 -3.6 2.8 10 -4.85 2.35 10 -3.95 2.05 10 -2.5 2.5 10
4 72 -1.95 3.2 10 -3.6 2.8 10 -2.5 2.5 10 -1.4 2.7 10
4 72 -0.95 3.3 10 -1.95 3.2 10 -1.4 2.7 10 0 2.75 10
4 16 0 0 10 -5.9 1 10 -6.7 1 10 -12 0 10
4 16 -5.1 1.5 10 -5.9 1 10 0 0 10 -3.95 2.05 10
4 16 -2.5 2.5 10 -3.95 2.05 10 0 0 10 -1.4 2.7 10
3 16 0 3.35 10 -5.35 17 10 -0.95 3.3 10
3 16 -0.95 3.3 10 -5.35 17 10 -1.95 3.2 10
3 16 -1.95 3.2 10 -5.35 17 10 -3.6 2.8 10
4 16 -4.85 2.35 10 -3.6 2.8 10 -5.35 17 10 -9.1 17 10
4 72 -9.1 24.5 10 -7.85 23.8 10 -6.9 25 10 -8.8 25.05 10
4 72 -9.25 22.05 10 -8.55 23.35 10 -8.95 23.65 10 -9.7 22.25 10
4 72 -9.75 21 10 -9.25 22.05 10 -9.7 22.25 10 -10.25 21.15 10
4 72 -10.3 19.6 10 -9.75 21 10 -10.25 21.15 10 -10.85 19.75 10
4 16 -5.05 23.15 10 -4.95 24.5 10 -6.9 25 10 -7.85 23.8 10
4 16 -8.55 23.35 10 -7.85 23.8 10 -9.1 24.5 10 -8.95 23.65 10
4 16 -10.7 25.45 10 -9.1 24.5 10 -8.8 25.05 10 -9.6 25.8 10
4 16 -6.9 25 10 -4.55 25.3 10 -9.6 25.8 10 -8.8 25.05 10
4 16 -8.95 23.65 10 -9.1 24.5 10 -10.7 25.45 10 -9.7 22.25 10
4 16 -9.7 22.25 10 -10.7 25.45 10 -17.36 25.3 10 -10.25 21.15 10
4 16 -10.85 19.75 10 -10.25 21.15 10 -17.36 25.3 10 -11.15 19.25 10
4 16 -5.05 23.15 10 -7.85 23.8 10 -8.55 23.35 10 -9.25 22.05 10
4 16 -7.45 17.75 10 -9.25 22.05 10 -9.75 21 10 -9.1 18.65 10
4 72 -9.55 17.55 10 -9.1 18.65 10 -10.05 19 10 -10.6 17.85 10
4 72 -10.6 17.85 10 -10.05 19 10 -11.15 19.25 10 -11.6 18 10
4 72 -10.1 16.05 10 -9.75 17.2 10 -10.75 17.45 10 -11.15 16.25 10
4 72 -11.15 16.25 10 -10.75 17.45 10 -11.75 17.5 10 -12.2 16.3 10
4 72 -10.5 14.4 10 -10.2 15.6 10 -11.25 15.8 10 -12.35 15.75 10
3 72 -12.55 14.45 10 -10.5 14.4 10 -12.35 15.75 10
4 72 -10.7 12.65 10 -10.6 13.85 10 -12.65 13.85 10 -12.75 12.6 10
4 72 -10.85 10.8 10 -10.8 12.15 10 -11.95 12.1 10 -12 10.7 10
4 72 -12 10.7 10 -11.95 12.1 10 -12.9 11.9 10 -12.9 10.5 10
4 72 -10.8 9 10 -10.85 10.25 10 -11.9 10.25 10 -12 8.85 10
4 72 -12 8.85 10 -11.9 10.25 10 -12.4 10.15 10 -12.9 9.9 10
3 72 -12 8.85 10 -12.9 9.9 10 -12.75 8.65 10
4 72 -10.7 7.35 10 -10.9 8.6 10 -11.95 8.45 10 -11.8 7.05 10
4 72 -11.8 7.05 10 -11.95 8.45 10 -12.85 8.15 10 -12.65 6.7 10
4 72 -10.35 5.6 10 -10.75 6.85 10 -11.7 6.6 10 -11.5 5.15 10
4 72 -11.5 5.15 10 -11.7 6.6 10 -12.7 6.1 10 -12.3 4.75 10
4 72 -11.2 3.7 10 -11.4 4.6 10 -11.9 4.45 10 -11.65 3.45 10
4 72 -11.2 3.7 10 -11.65 3.45 10 -11.45 2.9 10 -11 3.05 10
4 72 -10.8 2.7 10 -11 3.05 10 -11.45 2.9 10 -11.2 2.5 10
4 72 -10.1 1.5 10 -9.55 1.8 10 -9.7 2 10 -10.5 1.9 10
4 72 -10.9 1.3 10 -10.1 1.5 10 -10.5 1.9 10 -11.2 1.85 10
4 72 -11.45 1.3 10 -10.9 1.3 10 -11.2 1.85 10 -11.65 1.9 10
4 72 -12 1.4 10 -11.45 1.3 10 -11.65 1.9 10 -12.5 1.8 10
4 72 -12.5 1.8 10 -11.65 1.9 10 -11.9 2.1 10 -12.8 2.3 10
4 72 -12.8 2.3 10 -11.9 2.1 10 -12.25 2.55 10 -12.65 2.9 10
3 72 -12.95 2.85 10 -12.8 2.3 10 -12.65 2.9 10
4 16 -12 0 10 -6.7 1 10 -10.9 1.3 10 -11.45 1.3 10
3 16 -12 0 10 -11.45 1.3 10 -12 1.4 10
4 16 -12 0 10 -12 1.4 10 -12.5 1.8 10 -14.345 2 10
3 16 -12.8 2.3 10 -14.345 2 10 -12.5 1.8 10
3 16 -12.8 2.3 10 -12.95 2.85 10 -14.345 2 10
3 16 -10.1 1.5 10 -10.9 1.3 10 -6.7 1 10
4 16 -9.55 1.8 10 -10.1 1.5 10 -6.7 1 10 -6 1.65 10
4 16 -9.7 2 10 -9.55 1.8 10 -6 1.65 10 -10.35 5.6 10
4 16 -10.8 2.7 10 -9.7 2 10 -10.35 5.6 10 -11 3.05 10
4 16 -11.2 3.7 10 -11 3.05 10 -10.35 5.6 10 -11.4 4.6 10
4 16 -11.4 4.6 10 -10.35 5.6 10 -11.5 5.15 10 -12.3 4.75 10
3 16 -11.9 4.45 10 -11.4 4.6 10 -12.3 4.75 10
4 16 -10.5 1.9 10 -9.7 2 10 -10.8 2.7 10 -11.2 1.85 10
4 16 -11.2 1.85 10 -10.8 2.7 10 -11.2 2.5 10 -11.65 1.9 10
4 16 -11.9 2.1 10 -11.65 1.9 10 -11.2 2.5 10 -12.25 2.55 10
4 16 -12.25 2.55 10 -11.2 2.5 10 -11.45 2.9 10 -12.65 2.9 10
3 16 -11.45 2.9 10 -11.65 3.45 10 -12.65 2.9 10
4 16 -12.65 2.9 10 -11.65 3.45 10 -11.9 4.45 10 -12.3 4.75 10
4 16 -12.95 2.85 10 -12.65 2.9 10 -12.3 4.75 10 -12.7 6.1 10
4 16 -10.75 6.85 10 -10.7 7.35 10 -11.8 7.05 10 -11.7 6.6 10
4 16 -11.7 6.6 10 -11.8 7.05 10 -12.65 6.7 10 -12.7 6.1 10
4 16 -10.9 8.6 10 -10.8 9 10 -12 8.85 10 -11.95 8.45 10
4 16 -11.95 8.45 10 -12 8.85 10 -12.75 8.65 10 -12.85 8.15 10
4 16 -11.9 10.25 10 -10.85 10.25 10 -10.85 10.8 10 -12 10.7 10
4 16 -12.4 10.15 10 -11.9 10.25 10 -12 10.7 10 -12.9 10.5 10
3 16 -12.9 9.9 10 -12.4 10.15 10 -12.9 10.5 10
4 16 -11.95 12.1 10 -10.8 12.15 10 -10.7 12.65 10 -12.75 12.6 10
3 16 -11.95 12.1 10 -12.75 12.6 10 -12.9 11.9 10
4 16 -10.6 13.85 10 -10.5 14.4 10 -12.55 14.45 10 -12.65 13.85 10
4 16 -10.2 15.6 10 -10.1 16.05 10 -11.15 16.25 10 -11.25 15.8 10
4 16 -12.35 15.75 10 -11.25 15.8 10 -11.15 16.25 10 -12.2 16.3 10
4 16 -9.75 17.2 10 -9.55 17.55 10 -10.6 17.85 10 -10.75 17.45 10
4 16 -11.75 17.5 10 -10.75 17.45 10 -10.6 17.85 10 -11.6 18 10
4 16 -9.1 17 10 -8.85 17.7 10 -9.55 17.55 10 -9.75 17.2 10
3 16 -8.85 17.7 10 -9.1 18.65 10 -9.55 17.55 10
3 16 -7.45 17.75 10 -9.1 18.65 10 -8.85 17.7 10
4 16 -9.1 18.65 10 -9.75 21 10 -10.3 19.6 10 -10.05 19 10
4 16 -10.05 19 10 -10.3 19.6 10 -10.85 19.75 10 -11.15 19.25 10
4 16 -10.35 5.6 10 -6 1.65 10 -4.85 2.35 10 -10.75 6.85 10
3 16 -4.85 2.35 10 -10.7 7.35 10 -10.75 6.85 10
4 16 -10.9 8.6 10 -10.7 7.35 10 -4.85 2.35 10 -10.8 9 10
4 16 -10.85 10.25 10 -10.8 9 10 -4.85 2.35 10 -10.85 10.8 10
4 16 -10.8 12.15 10 -10.85 10.8 10 -4.85 2.35 10 -10.7 12.65 10
4 16 -10.6 13.85 10 -10.7 12.65 10 -4.85 2.35 10 -10.5 14.4 10
3 16 -10.2 15.6 10 -10.5 14.4 10 -4.85 2.35 10
4 16 -10.1 16.05 10 -10.2 15.6 10 -4.85 2.35 10 -9.1 17 10
3 16 -9.75 17.2 10 -10.1 16.05 10 -9.1 17 10
4 16 -12.9 17.05 10 -12.2 16.3 10 -11.75 17.5 10 -12.7 17.7 10
3 16 -12.7 17.7 10 -11.75 17.5 10 -11.6 18 10
4 16 -12.7 17.7 10 -11.6 18 10 -11.15 19.25 10 -13.35 17.65 10
4 16 -13.35 17.65 10 -11.15 19.25 10 -17.36 25.3 10 -13.8 17.55 10
3 16 -14.2 17.3 10 -13.8 17.55 10 -17.36 25.3 10
4 16 -15.7 16.25 10 -17.36 25.3 10 -19 29 10 -14.345 2 10
4 16 -12.35 15.75 10 -12.2 16.3 10 -12.9 17.05 10 -13.55 16.95 10
4 16 -12.35 15.75 10 -13.55 16.95 10 -14 16.7 10 -15.45 15.65 10
4 16 -12.55 14.45 10 -12.35 15.75 10 -15.45 15.65 10 -12.65 13.85 10
4 16 -12.75 12.6 10 -12.65 13.85 10 -15.45 15.65 10 -12.9 11.9 10
3 16 -14.345 2 10 -12.95 2.85 10 -12.7 6.1 10
4 16 -14.345 2 10 -12.7 6.1 10 -12.65 6.7 10 -12.85 8.15 10
3 16 -12.9 11.9 10 -15.45 15.65 10 -12.9 10.5 10
3 16 -12.9 10.5 10 -15.45 15.65 10 -12.9 9.9 10
4 16 -12.85 8.15 10 -12.75 8.65 10 -12.9 9.9 10 -15.45 15.65 10
4 16 -14.345 2 10 -12.85 8.15 10 -15.45 15.65 10 -15.7 16.25 10
3 16 -17.36 25.3 10 -15.7 16.25 10 -14.2 17.3 10
