0 Minifig Torso with Purple Greatcoat with Dark Grey Border Pattern
0 Name: 973phb.dat
0 Author: Andy Westrate [westrate]
0 !LDRAW_ORG Part UPDATE 2022-01
0 !LICENSE Licensed under CC BY 2.0 and CC BY 4.0 : see CAreadme.txt

0 BFC CERTIFY CCW

0 !KEYWORDS bricklink 973px148, glow in the dark head, Harry Potter, Hogwarts
0 !KEYWORDS set 4705, set 4709, set 4733, Severus Snape, Slytherin
0 !KEYWORDS Sorcerer's Stone

0 !CMDLINE -c0

0 !HISTORY 2004-04-22 [PTadmin] Official Update 2004-02
0 !HISTORY 2007-07-29 [PTadmin] Header formatted for Contributor Agreement
0 !HISTORY 2008-07-01 [PTadmin] Official Update 2008-01
0 !HISTORY 2015-06-28 [MagFors] Made bfc ccw, inlined subfile
0 !HISTORY 2015-10-11 [PTadmin] Official Update 2015-01
0 !HISTORY 2020-10-02 [MagFors] subfiled part of the pattern
0 !HISTORY 2022-01-14 [PTadmin] Official Update 2022-01


1 16 0 0 0 1 0 0 0 1 0 0 0 1 s\973s01.dat
4 16 -12 0 10 12 0 10 14.345 2 10 -14.345 2 10
4 16 -14.345 2 10 14.345 2 10 19 29 10 -19 29 10
4 16 -19 29 10 19 29 10 19 32 10 -19 32 10
1 15 0 -4 0 4.243 0 -4.243 0 -8 0 -4.243 0 -4.243 1-4cyli.dat

1 8 0 0 0 1 0 0 0 1 0 0 0 1 s\973phbs01.dat
0 // border
4 8 -16 26 -10 -18 31 -10 -17 32 -10 -16.5 31 -10
4 8 -15 21 -10 -16 21 -10 -16 26 -10 -15 26 -10
4 8 -15 21 -10 -14 18 -10 -15 18 -10 -16 21 -10
3 8 -16 26 -10 -16.5 31 -10 -15 26 -10
4 8 -14 18 -10 -14 13 -10 -15 13 -10 -15 18 -10
4 8 -15 13 -10 -14 13 -10 -13.5 10 -10 -14.5 10 -10
4 8 -11 6 -10 -10 1 -10 -11 0 -10 -12 5 -10
4 8 -11 6 -10 -12 5 -10 -14.5 10 -10 -13.5 10 -10
4 8 12 0 -10 11 1 -10 12 6 -10 13 6 -10
4 8 13 6 -10 12 6 -10 14 11 -10 15 11 -10
4 8 15 11 -10 14 11 -10 14.5 15 -10 15.5 15 -10
4 8 15.5 15 -10 14.5 15 -10 14.5 19 -10 15.5 19 -10
4 8 15.5 19 -10 14.5 19 -10 13.5 23 -10 14.5 23 -10
4 8 14.5 23 -10 13.5 23 -10 13.5 26 -10 14.5 26 -10
4 8 14.5 26 -10 13.5 26 -10 15 31 -10 16 31 -10
3 8 -16.5 31 -10 -17 32 -10 0 31 -10
4 8 1 31 -10 0 31 -10 -17 32 -10 16 32 -10
3 8 15 31 -10 16 32 -10 16 31 -10
3 8 1 31 -10 16 32 -10 15 31 -10
0 // chest
3 16 3.25 4 -10 3 6 -10 7 1 -10
4 16 .5 9 -10 3 6 -10 3.25 4 -10 1.5 4 -10
4 16 -.5 9 -10 0 4.5 -10 -1 4 -10 -3 4 -10
0 // sides
4 16 14.345 2 -10 12 0 -10 13 6 -10 15 11 -10
4 16 19 29 -10 14.345 2 -10 15 11 -10 15.5 15 -10
3 16 15.5 19 -10 19 29 -10 15.5 15 -10
4 16 19 29 -10 15.5 19 -10 14.5 23 -10 14.5 26 -10
4 16 16 31 -10 16 32 -10 19 32 -10 19 29 -10
3 16 16 31 -10 19 29 -10 14.5 26 -10
4 16 -12 5 -10 -11 0 -10 -12 0 -10 -14.345 2 -10
3 16 -14.5 10 -10 -12 5 -10 -14.345 2 -10
3 16 -19 32 -10 -17 32 -10 -18 31 -10
4 16 -16 26 -10 -19 29 -10 -19 32 -10 -18 31 -10
4 16 -19 29 -10 -15 13 -10 -14.5 10 -10 -14.345 2 -10
4 16 -19 29 -10 -16 21 -10 -15 18 -10 -15 13 -10
3 16 -19 29 -10 -16 26 -10 -16 21 -10
