0 Minifig Torso with SW Rebel A-Wing Pilot Pattern
0 Name: 973ps0.dat
0 Author: Franklin W. Cain [fwcain]
0 !LDRAW_ORG Part UPDATE 2002-04
0 !LICENSE Redistributable under CCAL version 2.0 : see CAreadme.txt

0 !KEYWORDS Star Wars, Classic Trilogy, military, uniform, jumpsuit, flight suit
0 !KEYWORDS chestplate, lifevest, Rebel Alliance, A-Wing Starfighter
0 !CMDLINE -c2

0 !HISTORY 2002-08-18 [PTadmin] Official Update 2002-04
0 !HISTORY 2007-07-29 [PTadmin] Header formatted for Contributor Agreement
0 !HISTORY 2008-07-01 [PTadmin] Official Update 2008-01

 1  16 0 0 0 1 0 0 0 1 0 0 0 1 s\973s01.dat
 1 383 0 0 0 1 0 0 0 1 0 0 0 1 s\973ps0a.dat
0
 1 15 0 -4 0 4.243 0 -4.243 0 -8 0 -4.243 0 -4.243 1-4cyli.dat
0
 4 16 12 0 10 19 32 10 14.345 2 10 19 29 10
 4 16 -12 0 10 -19 32 10 -14.345 2 10 -19 29 10
 4 16 12 0 10 -12 0 10 -19 32 10 19 32 10
0
0 lifevest
0
 4 16 -5.500 0 -10 5.500 0 -10 4.500 6 -10 -4.500 6 -10
 4 0 -5.500 0 -10 -6 0.500 -10 -5 6.500 -10 -4.500 6 -10
 4 0 5.500 0 -10 6 0.500 -10 5 6.500 -10 4.500 6 -10
 2 0 -5.750 0.250 -10 -4.750 6.250 -10
 2 0 5.750 0.250 -10 4.750 6.250 -10
 4 0 -5.500 0 -10 -11 0 -10 -10.500 0.500 -10 -6 0.500 -10
 4 0 5.500 0 -10 11 0 -10 10.500 0.500 -10 6 0.500 -10
 2 0 -5.750 0.250 -10 -10.750 0.250 -10
 2 0 5.750 0.250 -10 10.750 0.250 -10
 4 0 -11 0 -10 -10.500 0.500 -10 -11.500 6.500 -10 -12 6.500 -10
 4 0 11 0 -10 10.500 0.500 -10 11.500 6.500 -10 12 6.500 -10
 2 0 -10.750 0.250 -10 -11.750 6.500 -10
 2 0 10.750 0.250 -10 11.750 6.500 -10
 3 16 -11 0 -10 -12 0 -10 -12 6.500 -10
 3 16 11 0 -10 12 0 -10 12 6.500 -10
 3 16 -12 0 -10 -14.345 2 -10 -12 6.500 -10
 3 16 12 0 -10 14.345 2 -10 12 6.500 -10
 4 16 -14.345 2 -10 -12 6.500 -10 -13.500 10.250 -10 -16.405 14 -10
 4 16 14.345 2 -10 12 6.500 -10 13.500 10.250 -10 16.405 14 -10
 4 0 -4.500 6 -10 4.500 6 -10 5 6.500 -10 -5 6.500 -10
 2 0 -4.750 6.250 -10 4.750 6.250 -10
 4 8 -11.500 6.500 -10 11.500 6.500 -10 9 8 -10 -9 8 -10
 3 8 -11.500 6.500 -10 -9 8 -10 -13 10.500 -10
 3 8 11.500 6.500 -10 9 8 -10 13 10.500 -10
 4 0 -11.500 6.500 -10 -12 6.500 -10 -13.500 10.250 -10 -13 10.500 -10
 4 0 11.500 6.500 -10 12 6.500 -10 13.500 10.250 -10 13 10.500 -10
 2 0 -11.750 6.500 -10 -13.250 10.375 -10
 2 0 11.750 6.500 -10 13.250 10.375 -10
 3 8 -9 8 -10 -13 10.500 -10 -11 14.500 -10
 3 8 9 8 -10 13 10.500 -10 11 14.500 -10
 4 0 -13.500 10.250 -10 -13 10.500 -10 -15.991 14.500 -10 -16.405 14 -10
 4 0 13.500 10.250 -10 13 10.500 -10 15.991 14.500 -10 16.405 14 -10
 2 0 -13.250 10.375 -10 -16.198 14.250 -10
 2 0 13.250 10.375 -10 16.198 14.250 -10
 3 8 -13 10.500 -10 -11 14.500 -10 -15.991 14.500 -10
 3 8 13 10.500 -10 11 14.500 -10 15.991 14.500 -10
 4 0 -16.405 14 -10 -15.991 14.500 -10 -17.021 20.500 -10 -17.607 21 -10
 4 0 16.405 14 -10 15.991 14.500 -10 17.021 20.500 -10 17.607 21 -10
 2 0 -16.198 14.250 -10 -17.314 20.750 -10
 2 0 16.198 14.250 -10 17.314 20.750 -10
 4 8 -11 14.500 -10 -15.991 14.500 -10 -17.021 20.500 -10 -12.846 20.500 -10
 4 8 11 14.500 -10 15.991 14.500 -10 17.021 20.500 -10 12.846 20.500 -10
 4 0 -12.846 20.500 -10 -17.021 20.500 -10 -17.607 21 -10 -13 21 -10
 4 0 12.846 20.500 -10 17.021 20.500 -10 17.607 21 -10 13 21 -10
 2 0 -12.923 20.750 -10 -17.314 20.750 -10
 2 0 12.923 20.750 -10 17.314 20.750 -10
0
0 shoulder straps
0
 4 8 -6 0.500 -10 -10.500 0.500 -10 -10.792 2.250 -10 -5.708 2.250 -10
 4 8 6 0.500 -10 10.500 0.500 -10 10.792 2.250 -10 5.708 2.250 -10
 4 0 -5.708 2.250 -10 -10.792 2.250 -10 -10.875 2.750 -10 -5.625 2.750 -10
 4 0 5.708 2.250 -10 10.792 2.250 -10 10.875 2.750 -10 5.625 2.750 -10
 2 0 -5.667 2.500 -10 -10.833 2.500 -10
 2 0 5.667 2.500 -10 10.833 2.500 -10
 4 8 -5.625 2.750 -10 -10.875 2.750 -10 -11.125 4.250 -10 -5.375 4.250 -10
 4 8 5.625 2.750 -10 10.875 2.750 -10 11.125 4.250 -10 5.375 4.250 -10
 4 0 -5.375 4.250 -10 -11.125 4.250 -10 -11.208 4.750 -10 -5.292 4.750 -10
 4 0 5.375 4.250 -10 11.125 4.250 -10 11.208 4.750 -10 5.292 4.750 -10
 2 0 -5.333 4.500 -10 -11.167 4.500 -10
 2 0 5.333 4.500 -10 11.167 4.500 -10
 4 8 -5.292 4.750 -10 -11.208 4.750 -10 -11.500 6.500 -10 -5 6.500 -10
 4 8 5.292 4.750 -10 11.208 4.750 -10 11.500 6.500 -10 5 6.500 -10
0
0 chestplate
0
 4 0 -9 8 -10 9 8 -10 7.500 10 -10 -7.500 10 -10
 4 0 -9 8 -10 -7.500 10 -10 -8.750 14 -10 -13 21 -10
 4 0 9 8 -10 7.500 10 -10 8.750 14 -10 13 21 -10
 3 0 -8.750 14 -10 -5 15.500 -10 -13 21 -10
 3 0 8.750 14 -10 5 15.500 -10 13 21 -10
 4 0 -8.750 14 -10 8.750 14 -10 5 15.500 -10 -5 15.500 -10
 3 0 -5 15.500 -10 -5 20.500 -10 -13 21 -10
 3 0 5 15.500 -10 5 20.500 -10 13 21 -10
 4 0 -5 20.500 -10 5 20.500 -10 13 21 -10 -13 21 -10
 4 0 -13 21 -10 13 21 -10 13 22 -10 -13 22 -10
0
 4 7 -7.500 10 -10 7.500 10 -10 7 10.500 -10 -7 10.500 -10
 4 7 -7.500 10 -10 -7 10.500 -10 -8 13.500 -10 -8.750 14 -10
 4 15 7.500 10 -10 7 10.500 -10 8 13.500 -10 8.750 14 -10
 4 15 -8 13.500 -10 8 13.500 -10 8.750 14 -10 -8.750 14 -10
0
 4 8 -4 15.500 -10 -5 15.500 -10 -5 20.500 -10 -4 20.500 -10
 4 8 4 15.500 -10 5 15.500 -10 5 20.500 -10 4 20.500 -10
 2 8 -4.500 15.750 -10 -4.500 20.250 -10
 2 8 4.500 15.750 -10 4.500 20.250 -10
 4 8 -4 15.500 -10 4 15.500 -10 4 16 -10 -4 16 -10
 2 8 -4.500 15.750 -10 4.500 15.750 -10
 4 0 -4 16 -10 4 16 -10 4 17 -10 -4 17 -10
 4 8 -4 17 -10 4 17 -10 4 17.500 -10 -4 17.500 -10
 2 8 -4.500 17.250 -10 4.500 17.250 -10
 4 8 0 17.500 -10 1 17.500 -10 1 18.500 -10 0 18.500 -10
 2 8 0.500 17.500 -10 0.500 18.500 -10
 4 16 1 17.500 -10 4 17.500 -10 4 18.500 -10 1 18.500 -10
 4 8 -4 18.500 -10 4 18.500 -10 4 19 -10 -4 19 -10
 2 8 -4.500 18.750 -10 4.500 18.750 -10
 4 0 0 19 -10 -4 19 -10 -4 20 -10 0 20 -10
 4 8 0 19 -10 1 19 -10 1 20 -10 0 20 -10
 2 8 0.500 19 -10 0.500 20 -10
 4 0 1 19 -10 4 19 -10 4 20 -10 1 20 -10
 4 8 -4 20 -10 4 20 -10 4 20.500 -10 -4 20.500 -10
 2 8 -4.500 20.250 -10 4.500 20.250 -10
0
0 torso
0
 4 16 -13 21 -10 -17.607 21 -10 -17.778 22 -10 -13 22 -10
 4 16 13 21 -10 17.607 21 -10 17.778 22 -10 13 22 -10
 4 16 -17.778 22 -10 17.778 22 -10 18.808 28 -10 -18.808 28 -10
0
0 belt
0
 4 0 -11 29.250 -10 3 29.250 -10 3 30.750 -10 -11 30.750 -10
 2 0 -11 30 -10 3 30 -10
 4 16 -12 28 -10 4 28 -10 3 29.250 -10 -11 29.250 -10
 4 16 -11 30.750 -10 3 30.750 -10 4 32 -10 -12 32 -10
0
 3 16 -18 28 -10 -18.808 28 -10 -19 29.250 -10
 3 16 18 28 -10 18.808 28 -10 19 29.250 -10
 3 16 -18 32 -10 -19 30.750 -10 -19 32 -10
 3 16 18 32 -10 19 30.750 -10 19 32 -10
0
 4 0 -12 28 -10 -18 28 -10 -17.750 28.500 -10 -12.250 28.500 -10
 2 0 -12.125 28.250 -10 -17.875 28.250 -10
 4 0 -12 28 -10 -12.250 28.500 -10 -11.500 29.500 -10 -11 29.250 -10
 2 0 -12.125 28.250 -10 -11.250 29.375 -10
 4 0 -18 28 -10 -17.750 28.500 -10 -18.500 29.500 -10 -19 29.250 -10
 2 0 -17.875 28.250 -10 -18.750 29.375 -10
 4 0 -11 29.250 -10 -11.500 29.500 -10 -11.500 30.500 -10 -11 30.750 -10
 2 0 -11.250 29.375 -10 -11.250 30.625 -10
 4 0 -19 29.250 -10 -18.500 29.500 -10 -18.500 30.500 -10 -19 30.750 -10
 2 0 -18.750 29.375 -10 -18.750 30.625 -10
 4 0 -11.500 30.500 -10 -11 30.750 -10 -12 32 -10 -12.250 31.500 -10
 2 0 -11.250 30.625 -10 -12.125 31.750 -10
 4 0 -18.500 30.500 -10 -17.750 31.500 -10 -18 32 -10 -19 30.750 -10
 2 0 -18.750 30.625 -10 -17.875 31.750 -10
 4 0 -12.250 31.500 -10 -17.750 31.500 -10 -18 32 -10 -12 32 -10
 2 0 -12.125 31.750 -10 -17.875 31.750 -10
0
 4 0 4 28 -10 3 29.250 -10 3 30.750 -10 4 32 -10
 4 0 18 28 -10 19 29.250 -10 19 30.750 -10 18 32 -10
 4 0 4 28 -10 10.250 28 -10 10.250 32 -10 4 32 -10
 2 0 10.125 28.125 -10 10.125 31.875 -10
 4 0 16 28 -10 18 28 -10 18 32 -10 16 32 -10
 2 0 16.125 28.125 -10 16.125 31.875 -10
 4 0 10.250 28 -10 16 28 -10 16 28.250 -10 10.250 28.250 -10
 2 0 10.125 28.125 -10 16.125 28.125 -10
 4 0 10.250 31.750 -10 16 31.750 -10 16 32 -10 10.250 32 -10
 2 0 10.125 31.875 -10 16.125 31.875 -10
 4 0 12 28.250 -10 12.250 28.250 -10 12.250 31.750 -10 12 31.750 -10
 2 0 12.125 28.125 -10 12.125 31.875 -10
 4 0 14 28.250 -10 14.250 28.250 -10 14.250 31.750 -10 14 31.750 -10
 2 0 14.125 28.125 -10 14.125 31.875 -10
 4 8 10.250 28.250 -10 12 28.250 -10 12 31.750 -10 10.250 31.750 -10
 4 8 14.250 28.250 -10 16 28.250 -10 16 31.750 -10 14.250 31.750 -10
0
0 COMMENT end of file
