0 Minifig Torso with SW Scout Trooper Pattern
0 Name: 973pse.dat
0 Author: Mark Chittenden [mdublade]
0 !LDRAW_ORG Part UPDATE 2003-02
0 !LICENSE Redistributable under CCAL version 2.0 : see CAreadme.txt

0 !KEYWORDS Star Wars, Speeder Bike, Empire, Scout Trooper
0 !CMDLINE -c15

0 !HISTORY 2002-08-18 [PTadmin] Official Update 2002-04
0 !HISTORY 2002-08-21 [fwcain] Separated DAT code for dithered color into subfile...  
0 !HISTORY 2003-08-01 [PTadmin] Official Update 2003-02
0 !HISTORY 2007-07-29 [PTadmin] Header formatted for Contributor Agreement
0 !HISTORY 2008-07-01 [PTadmin] Official Update 2008-01

 1  16 0 0 0 1 0 0 0 1 0 0 0 1 s\973s01.dat
 1 376 0 0 0 1 0 0 0 1 0 0 0 1 s\973pse1.dat
0
 1 0 0 -4 0 4.243 0 -4.243 0 -8 0 -4.243 0 -4.243 1-4cyli.dat
0
 4 16 14.35 2 10 12 0 10 -12 0 10 -14.35 2 10
 4 16 -14.35 2 10 -19 29 10 19 29 10 14.35 2 10
 4 16 19 29 10 19 32 10 -19 32 10 -19 29 10
0
3 0 16.50 31.30 -10 16.50 31.70 -10 17.40 31.20 -10
3 0 16.50 31.30 -10 17 30.90 -10 17.40 31.20 -10
4 0 17 30.90 -10 17.20 30.40 -10 18.10 29.90 -10 17.40 31.20 -10
3 0 18.10 29.90 -10 17.80 29.80 -10 17.20 30.40 -10
3 0 17.80 29.80 -10 17.30 29.90 -10 17.20 30.40 -10
3 0 17.20 30.40 -10 15.30 30.40 -10 15.50 29.90 -10
3 0 17.30 29.90 -10 15.50 29.90 -10 17.20 30.40 -10
4 0 15.50 29.90 -10 12.20 29.40 -10 12.10 29.80 -10 15.30 30.40 -10
4 0 12.10 29.80 -10 10.20 29.90 -10 10.30 29.50 -10 12.20 29.40 -10
4 0 10.30 29.50 -10 9.80 29.40 -10 9.70 29.70 -10 10.20 29.90 -10
4 0 10.20 29.90 -10 9.50 30.70 -10 9.10 30.40 -10 9.70 29.70 -10
3 0 9.10 30.40 -10 7.60 30.80 -10 8.90 31 -10
3 0 8.90 31 -10 9.50 30.70 -10 9.10 30.40 -10
4 0 7.60 30.80 -10 7.50 31.60 -10 6.90 31.30 -10 6.80 30.80 -10
4 0 6.80 30.80 -10 6.80 30.50 -10 7.50 30.40 -10 7.60 30.80 -10
4 0 7.50 31.60 -10 8.90 31.60 -10 8.90 31 -10 7.60 30.80 -10
4 0 8.90 31.60 -10 16.50 31.70 -10 16.50 31.30 -10 8.90 31 -10
4 0 17.30 29.90 -10 17.20 27.80 -10 17.80 27.70 -10 17.80 29.80 -10
4 0 17.20 27.80 -10 17 26 -10 17.50 25.70 -10 17.80 27.70 -10
4 0 17 26 -10 16.60 25.20 -10 17.20 24.90 -10 17.50 25.70 -10
3 0 16.60 25.20 -10 16.50 24.70 -10 17.20 24.90 -10
4 0 16.60 25.20 -10 14.10 25.20 -10 14.30 24.80 -10 16.50 24.70 -10
4 0 16.50 24.70 -10 16.50 23.40 -10 17.20 23.40 -10 17.20 24.90 -10
4 0 16.50 23.40 -10 15.90 19.70 -10 16.50 19.60 -10 17.20 23.40 -10
4 0 14.30 24.80 -10 9.80 21.90 -10 9.40 22.10 -10 14.10 25.20 -10
4 0 9.40 22.10 -10 10.10 26 -10 9.60 26 -10 8.90 22.10 -10
3 0 8.90 22.10 -10 8.70 21.40 -10 9.40 22.10 -10
4 0 9.80 21.90 -10 9 21.10 -10 8.70 21.40 -10 9.40 22.10 -10
4 0 8.70 21.40 -10 8.20 20.70 -10 8.60 20.60 -10 9 21.10 -10
4 0 8.20 20.70 -10 7.90 19.50 -10 8.20 18.70 -10 8.60 20.60 -10
4 0 8.20 18.70 -10 7.80 18.20 -10 6.90 18.70 -10 7.10 19.20 -10
3 0 7.90 19.50 -10 7.10 19.20 -10 8.20 18.70 -10
3 0 7.90 19.50 -10 7.30 20.30 -10 6.80 20.10 -10
3 0 7.10 19.20 -10 6.80 20.10 -10 7.90 19.50 -10
3 0 6.80 20.10 -10 6.30 20.50 -10 6.10 21.40 -10
3 0 7.30 20.30 -10 6.80 20.10 -10 6.10 21.40 -10
4 0 7.10 19.20 -10 6.60 19.60 -10 6.10 19.30 -10 6.90 18.70 -10
4 0 6.10 19.30 -10 5.40 20.80 -10 6.30 20.50 -10 6.60 19.60 -10
4 0 5.40 20.80 -10 5.30 21.20 -10 6.10 21.40 -10 6.30 20.50 -10
4 0 5.30 21.20 -10 5.60 23 -10 6.30 22.80 -10 6.10 21.40 -10
4 0 5.60 23 -10 5.80 23.80 -10 6.40 23.70 -10 6.30 22.80 -10
4 0 5.80 23.80 -10 6.30 26.20 -10 7 26.10 -10 6.40 23.70 -10
4 0 6.30 26.20 -10 6.40 26.80 -10 7.10 26.70 -10 7 26.10 -10
4 0 9.60 26 -10 10.10 26 -10 10.30 29.50 -10 9.80 29.40 -10
4 0 7.10 26.70 -10 7.40 27.70 -10 6.80 27.80 -10 6.40 26.80 -10
4 0 6.80 27.80 -10 6.80 30.50 -10 7.50 30.40 -10 7.40 27.70 -10
4 0 15.90 19.70 -10 15.40 18.60 -10 15.80 18.10 -10 16.50 19.60 -10
4 0 15.40 18.60 -10 8.50 18.60 -10 8.30 18.10 -10 15.80 18.10 -10
4 0 8.50 18.60 -10 8.20 18.70 -10 7.80 18.20 -10 8.30 18.10 -10
3 0 5.30 21.20 -10 -6.50 21.20 -10 -6.40 20.80 -10
3 0 5.40 20.80 -10 5.30 21.20 -10 -6.40 20.80 -10
4 0 -6.40 20.80 -10 -7 19.80 -10 -7.40 19.90 -10 -6.50 21.20 -10
4 0 -7.40 19.90 -10 -7.40 20.40 -10 -7.10 21.40 -10 -6.50 21.20 -10
4 0 -7.40 19.90 -10 -7.70 19.60 -10 -7.10 19.20 -10 -7 19.80 -10
4 0 -7.70 19.60 -10 -8.30 19.20 -10 -8.80 18.10 -10 -7.10 19.20 -10
4 0 -7.40 20.40 -10 -8.10 19.70 -10 -8.60 20 -10 -7.60 21.10 -10
3 0 -7.60 21.10 -10 -7.10 21.40 -10 -7.40 20.40 -10
3 0 -8.10 19.70 -10 -8.30 19.20 -10 -8.60 20 -10
4 0 -6.50 21.20 -10 -6.80 23 -10 -7.30 22.80 -10 -7.10 21.40 -10
4 0 -7.30 22.80 -10 -7.60 24 -10 -7 24.20 -10 -6.80 23 -10
4 0 -7.60 24 -10 -8.10 26.30 -10 -7.60 26.30 -10 -7 24.20 -10
4 0 -8.10 26.30 -10 -8.50 27.80 -10 -8 27.90 -10 -7.60 26.30 -10
4 0 -8.50 27.80 -10 -8.60 29.20 -10 -8 29.20 -10 -8 27.90 -10
4 0 6.80 30.50 -10 -8 30.50 -10 -8.10 30.80 -10 6.80 30.80 -10
4 0 -8 30.50 -10 -8 29.20 -10 -8.60 29.20 -10 -8.60 30.50 -10
4 0 -8.60 30.50 -10 -8.80 30.80 -10 -8.10 30.80 -10 -8 30.50 -10
3 0 -8.10 30.80 -10 -8.30 31.30 -10 -8.80 30.80 -10
3 0 -8.80 30.80 -10 -8.80 31.50 -10 -8.30 31.30 -10
3 0 -8.60 20 -10 -8.90 19.40 -10 -8.30 19.20 -10
4 0 -8.90 19.40 -10 -9.30 18.80 -10 -8.80 18.10 -10 -8.30 19.20 -10
4 0 -9.30 18.80 -10 -9.70 20.50 -10 -9.30 20.70 -10 -8.90 19.40 -10
3 0 -9.30 18.80 -10 -9.50 18.60 -10 -8.80 18.10 -10
4 0 -8.80 18.10 -10 -16.20 18.10 -10 -16.10 18.60 -10 -9.50 18.60 -10
4 0 -16.20 18.10 -10 -17 19.20 -10 -16.60 19.40 -10 -16.10 18.60 -10
4 0 -16.60 19.40 -10 -17.20 23.20 -10 -17.70 23.20 -10 -17 19.20 -10
4 0 -17.70 23.20 -10 -17.70 24.70 -10 -17.20 24.70 -10 -17.20 23.20 -10
4 0 -17.20 24.70 -10 -17.20 25.10 -10 -17.60 25.10 -10 -17.70 24.70 -10
4 0 -17.20 25.10 -10 -17.70 26.40 -10 -18.10 26.30 -10 -17.60 25.10 -10
4 0 -18.10 26.30 -10 -18.40 29.70 -10 -17.90 29.70 -10 -17.70 26.40 -10
4 0 -17.90 29.70 -10 -17.90 30.20 -10 -18.40 30.20 -10 -18.40 29.70 -10
4 0 -18.40 30.20 -10 -18.30 30.80 -10 -17.90 30.60 -10 -17.90 30.20 -10
4 0 -18.30 30.80 -10 -18 31.20 -10 -17.70 31 -10 -17.90 30.60 -10
4 0 -18 31.20 -10 -17.60 31.60 -10 -17.30 31.20 -10 -17.70 31 -10
4 0 -17.60 31.60 -10 -16.90 31.60 -10 -16.90 31.20 -10 -17.30 31.20 -10
4 0 -8.80 30.80 -10 -10.20 31 -10 -10.20 31.50 -10 -8.80 31.50 -10
3 0 -8.80 30.80 -10 -9.70 30.60 -10 -10.20 31 -10
4 0 -10.20 31 -10 -16.90 31.20 -10 -16.90 31.60 -10 -10.20 31.50 -10
4 0 -10.20 31 -10 -11.10 30 -10 -10.60 29.60 -10 -9.70 30.60 -10
3 0 -10.60 29.60 -10 -10.90 29.50 -10 -11.10 30 -10
3 0 -10.90 29.50 -10 -11.40 29.50 -10 -11.10 30 -10
4 0 -11.10 30 -10 -12.60 29.80 -10 -12.70 29.40 -10 -11.40 29.50 -10
4 0 -12.60 29.80 -10 -13.90 30 -10 -14 29.50 -10 -12.70 29.40 -10
4 0 -14 29.50 -10 -16.60 29.90 -10 -16.50 30.30 -10 -13.90 30 -10
4 0 -16.50 30.30 -10 -17.90 30.20 -10 -17.90 29.70 -10 -16.60 29.90 -10
4 0 -9.30 20.70 -10 -9.80 21.50 -10 -10.40 21.50 -10 -9.70 20.50 -10
3 0 -10.40 21.50 -10 -10.40 22.20 -10 -9.80 21.50 -10
3 0 -10.40 22.20 -10 -9.90 22.30 -10 -9.80 21.50 -10
3 0 -10.40 21.50 -10 -10.80 21.80 -10 -10.40 22.20 -10
4 0 -10.40 22.20 -10 -11.20 26.40 -10 -10.70 26.60 -10 -9.90 22.30 -10
4 0 -10.40 22.20 -10 -15.40 25.10 -10 -15.50 24.70 -10 -10.80 21.80 -10
4 0 -15.50 24.70 -10 -17.20 24.70 -10 -17.20 25.10 -10 -15.40 25.10 -10
4 0 -10.70 26.60 -10 -10.90 29.50 -10 -11.40 29.50 -10 -11.20 26.40 -10
3 16 17.40 31.20 -10 19 32 -10 16.50 31.70 -10
3 16 19 32 -10 18.10 29.90 -10 17.40 31.20 -10
3 16 18.10 29.90 -10 19 29 -10 19 32 -10
3 16 17.80 29.80 -10 18.10 29.90 -10 19 29 -10
3 16 17.80 29.80 -10 17.80 27.70 -10 19 29 -10
3 16 17.20 27.80 -10 17.30 29.90 -10 15.50 29.90 -10
3 16 15.50 29.90 -10 17.20 27.80 -10 17 26 -10
3 16 16.60 25.20 -10 17 26 -10 15.50 29.90 -10
3 16 14.10 25.20 -10 16.60 25.20 -10 15.50 29.90 -10
3 16 15.50 29.90 -10 12.20 29.40 -10 14.10 25.20 -10
3 16 12.20 29.40 -10 10.10 26 -10 14.10 25.20 -10
3 16 10.10 26 -10 10.30 29.50 -10 12.20 29.40 -10
3 16 10.10 26 -10 9.40 22.10 -10 14.10 25.20 -10
3 16 17.80 27.70 -10 17.40 22 -10 19 29 -10
3 16 14.35 2 -10 17.40 22 -10 19 29 -10
3 16 17.40 22 -10 15.90 16.50 -10 14.35 2 -10
3 16 15.90 16.50 -10 14.60 8.90 -10 14.35 2 -10
3 16 14.60 8.90 -10 14.60 12.90 -10 15.90 16.50 -10
3 16 15.80 18.10 -10 15.90 16.50 -10 16.50 19.60 -10
3 16 16.50 19.60 -10 17.40 22 -10 15.90 16.50 -10
3 16 16.50 19.60 -10 17.20 23.40 -10 17.40 22 -10
3 16 17.40 22 -10 17.20 23.40 -10 17.80 27.70 -10
3 16 17.80 27.70 -10 17.50 25.70 -10 17.20 23.40 -10
3 16 17.20 23.40 -10 17.50 25.70 -10 17.20 24.90 -10
3 16 16.50 24.70 -10 16.50 23.40 -10 14.30 24.80 -10
3 16 14.30 24.80 -10 15.90 19.70 -10 16.50 23.40 -10
3 16 14.30 24.80 -10 13.70 22.70 -10 15.90 19.70 -10
3 16 15.40 18.60 -10 13.70 22.70 -10 15.90 19.70 -10
3 16 13.70 22.70 -10 9.80 21.90 -10 14.30 24.80 -10
3 16 13.70 22.70 -10 11.40 21.10 -10 9.80 21.90 -10
3 16 9.80 21.90 -10 10.50 20.40 -10 11.40 21.10 -10
3 16 10.50 20.40 -10 9 21.10 -10 9.80 21.90 -10
3 16 10.50 20.40 -10 10.10 20 -10 8.60 20.60 -10
3 16 8.60 20.60 -10 9 21.10 -10 10.50 20.40 -10
3 16 11.60 20.80 -10 13.70 22.70 -10 15.40 18.60 -10
3 16 10.90 20 -10 11.60 20.80 -10 15.40 18.60 -10
3 16 15.40 18.60 -10 11.10 19.40 -10 10.90 20 -10
3 16 10.90 19.50 -10 11.10 19.40 -10 10.90 20 -10
3 16 10.90 20 -10 10.90 19.50 -10 10.80 19.80 -10
3 16 10.60 19.30 -10 11.10 19.40 -10 15.40 18.60 -10
3 16 10.60 19.30 -10 8.50 18.60 -10 15.40 18.60 -10
3 16 8.50 18.60 -10 10.10 19.50 -10 10.60 19.30 -10
3 16 8.50 18.60 -10 10 19.80 -10 10.10 19.50 -10
3 16 8.50 18.60 -10 8.60 20.60 -10 8.20 18.70 -10
3 16 8.60 20.60 -10 10 19.80 -10 10.10 20 -10
3 16 10 19.80 -10 8.50 18.60 -10 8.60 20.60 -10
3 16 8.20 20.70 -10 8.10 21.20 -10 8.70 21.40 -10
3 16 7.70 21 -10 8.10 22.70 -10 6.90 21.30 -10
3 16 6.90 21.30 -10 6.10 21.40 -10 8.10 22.70 -10
3 16 8.10 22.70 -10 6.30 22.80 -10 6.10 21.40 -10
3 16 8.50 22.70 -10 8.70 21.40 -10 8.10 21.20 -10
3 16 8.50 22.70 -10 8.90 22.10 -10 8.70 21.40 -10
3 16 8.90 22.10 -10 9.10 24.50 -10 8.50 22.70 -10
3 16 8.10 22.70 -10 6.40 23.70 -10 6.30 22.80 -10
3 16 6.40 23.70 -10 9.10 25.10 -10 8.10 22.70 -10
3 16 9.10 25.10 -10 7 26.10 -10 6.40 23.70 -10
3 16 7 26.10 -10 9.10 25.10 -10 9.10 26 -10
3 16 9.10 26 -10 9.30 28.70 -10 7 26.10 -10
3 16 7 26.10 -10 7.10 26.70 -10 9.30 28.70 -10
3 16 9.30 28.70 -10 9.80 29.40 -10 9.60 27.60 -10
3 16 7.40 27.70 -10 9.30 28.70 -10 7.10 26.70 -10
3 16 7.40 27.70 -10 9.30 28.70 -10 9.80 29.40 -10
3 16 7.40 27.70 -10 9.80 29.40 -10 9.70 29.70 -10
3 16 9.70 29.70 -10 7.40 27.70 -10 9.10 30.40 -10
3 16 7.50 30.40 -10 7.60 30.80 -10 9.10 30.40 -10
3 16 9.10 30.40 -10 7.40 27.70 -10 7.50 30.40 -10
3 16 5.30 22 -10 1.50 23.50 -10 5.60 23 -10
3 16 5.60 23 -10 5.80 23.80 -10 1.50 23.50 -10
3 16 1.50 23.50 -10 6 25.40 -10 5.80 23.80 -10
3 16 1.50 23.50 -10 5.10 25.60 -10 6 25.40 -10
3 16 5.10 25.60 -10 3.30 25.80 -10 1.50 23.50 -10
3 16 1.50 23.50 -10 0.20 26 -10 3.30 25.80 -10
3 16 0.20 26 -10 -3.80 23.50 -10 1.50 23.50 -10
3 16 0.20 26 -10 -7.50 27.30 -10 -3.80 23.50 -10
3 16 0.20 26 -10 -0.40 28.10 -10 -7.50 27.30 -10
3 16 0.50 28 -10 0.20 26 -10 0.20 28.10 -10
3 16 0.20 28.10 -10 0.20 26 -10 -0.40 28.10 -10
3 16 0.50 28 -10 3.30 26.20 -10 0.20 26 -10
3 16 0.50 28 -10 5.20 28.30 -10 3.30 26.20 -10
3 16 5.20 28.30 -10 6.80 27.80 -10 6.40 26.80 -10
3 16 6.40 26.80 -10 6.30 26.20 -10 5.20 28.30 -10
3 16 5.20 28.30 -10 5.30 26.40 -10 6.30 26.20 -10
3 16 5.20 28.30 -10 5.30 26.40 -10 3.30 26.20 -10
3 16 1.50 23.50 -10 4.10 22 -10 5.30 22 -10
3 16 1.50 23.50 -10 2.50 22.20 -10 4.10 22 -10
3 16 1.50 23.50 -10 1.30 21.90 -10 2.50 22.20 -10
3 16 1.30 21.90 -10 -6.30 22.40 -10 -6.50 21.20 -10
3 16 -6.30 22.40 -10 -3.20 23.20 -10 1.30 21.90 -10
3 16 1.30 21.90 -10 1.50 23.50 -10 -3.20 23.20 -10
3 16 5.30 21.20 -10 5.10 21.60 -10 -6.50 21.20 -10
3 16 3.90 21.70 -10 5.10 21.60 -10 -6.50 21.20 -10
3 16 4 21.70 -10 2.60 21.90 -10 -6.50 21.20 -10
3 16 2.60 21.90 -10 1.30 21.90 -10 -6.50 21.20 -10
3 16 -6.40 23 -10 -6.30 22.40 -10 -6.50 21.20 -10
3 16 -6.40 23 -10 -6.80 23 -10 -6.50 21.20 -10
3 16 -6.80 23 -10 -7.50 27.30 -10 -6.40 23 -10
3 16 -7 24.20 -10 -7.50 27.30 -10 -6.80 23 -10
3 16 -6.40 23 -10 -7.50 27.30 -10 -3.80 23.50 -10
3 16 -7.50 27.30 -10 -7.60 26.30 -10 -7 24.20 -10
3 16 -7.60 26.30 -10 -8 27.90 -10 -7.50 27.30 -10
3 16 -7.50 27.30 -10 -7.60 27.60 -10 -8 27.90 -10
3 16 5.20 28.30 -10 6.80 30.50 -10 6.80 27.80 -10
3 16 5.20 28.30 -10 6.80 30.50 -10 -8 30.50 -10
3 16 -8 30.50 -10 0.70 28.60 -10 5.20 28.30 -10
3 16 0.70 28.60 -10 0.50 28 -10 5.20 28.30 -10
3 16 0.70 28.60 -10 0.30 28.20 -10 0.50 28 -10
3 16 0.30 28.20 -10 -0.40 28.30 -10 0.70 28.60 -10
3 16 -0.40 28.30 -10 -8 30.50 -10 0.70 28.60 -10
3 16 -0.40 28.30 -10 -7.60 27.60 -10 -8 30.50 -10
3 16 -8 30.50 -10 -8 27.90 -10 -7.60 27.60 -10
3 16 -7.60 21.10 -10 -8.90 26.90 -10 -7.30 22.80 -10
3 16 -8.50 24.30 -10 -7.60 21.10 -10 -8.90 26.90 -10
3 16 -7.30 22.80 -10 -7.60 21.10 -10 -7.10 21.40 -10
3 16 -7.30 22.80 -10 -7.60 24 -10 -8.90 26.90 -10
3 16 -8.90 26.90 -10 -8.10 26.30 -10 -7.60 24 -10
3 16 -8.90 26.90 -10 -8.10 26.30 -10 -8.50 27.80 -10
3 16 -8.90 26.90 -10 -9.20 28.80 -10 -8.50 27.80 -10
3 16 -9.20 28.80 -10 -8.60 29.20 -10 -8.50 27.80 -10
3 16 -9.20 28.80 -10 -8.60 30.50 -10 -8.60 29.20 -10
3 16 -9.20 28.80 -10 -8.80 30.80 -10 -8.60 30.50 -10
3 16 -9.20 28.80 -10 -9.70 30.60 -10 -8.80 30.80 -10
3 16 -9.20 28.80 -10 -9.70 30.60 -10 -10.60 29.60 -10
3 16 -9.20 26.80 -10 -10.70 26.60 -10 -9.20 28.80 -10
3 16 -9.20 28.80 -10 -10.70 26.60 -10 -10.90 29.50 -10
3 16 -10.90 29.50 -10 -10.60 29.60 -10 -9.20 28.80 -10
3 16 -9.20 26.80 -10 -9.90 22.30 -10 -10.70 26.60 -10
3 16 -9.20 26.80 -10 -8.90 24 -10 -9.90 22.30 -10
3 16 -9.90 22.30 -10 -8.30 20.80 -10 -8.90 24 -10
3 16 -8.30 20.80 -10 -9.80 21.50 -10 -9.90 22.30 -10
3 16 -9.80 21.50 -10 -9.30 20.70 -10 -8.30 20.80 -10
3 16 -8.30 20.80 -10 -8.60 20 -10 -9.30 20.70 -10
3 16 -9.30 20.70 -10 -8.60 20 -10 -8.90 19.40 -10
3 16 -11.20 26.40 -10 -15.40 25.10 -10 -10.40 22.20 -10
3 16 -12.70 29.40 -10 -11.20 26.40 -10 -11.40 29.50 -10
3 16 -12.70 29.40 -10 -15.40 25.10 -10 -11.20 26.40 -10
3 16 -15.40 25.10 -10 -14 29.50 -10 -12.70 29.40 -10
3 16 -14 29.50 -10 -15.40 25.10 -10 -16.60 29.90 -10
3 16 -16.60 29.90 -10 -17.90 29.70 -10 -15.40 25.10 -10
3 16 -15.40 25.10 -10 -17.70 26.40 -10 -17.90 29.70 -10
3 16 -17.70 26.40 -10 -15.40 25.10 -10 -17.20 25.10 -10
3 16 -17.70 24.70 -10 -17.60 25.10 -10 -18.10 26.30 -10
3 16 -19 29 -10 -18.40 30.20 -10 -19 32 -10
3 16 -18.40 30.20 -10 -18.40 29.70 -10 -19 29 -10
3 16 -19 29 -10 -18.10 26.30 -10 -18.40 29.70 -10
3 16 -19 29 -10 -18.10 26.30 -10 -17.70 23.20 -10
3 16 -17.70 23.20 -10 -18.10 26.30 -10 -17.70 24.70 -10
3 16 -14.35 2 -10 -15.30 9 -10 -19 29 -10
3 16 -19 29 -10 -17.70 23.20 -10 -15.30 9 -10
3 16 -15.30 9 -10 -17 19.20 -10 -16.20 18.10 -10
3 16 -18.30 30.80 -10 -18.40 30.20 -10 -19 32 -10
3 16 -18.30 30.80 -10 -18 31.20 -10 -19 32 -10
3 16 -19 32 -10 -18 31.20 -10 -17.60 31.60 -10
3 16 -11.10 32 -10 -17.60 31.60 -10 -19 32 -10
3 16 -17.60 31.60 -10 -16.90 31.60 -10 -11.10 32 -10
3 16 -11.10 32 -10 -8.80 31.50 -10 -16.90 31.60 -10
3 16 -11.10 32 -10 -8.80 31.50 -10 -7.50 32 -10
3 16 -7.50 32 -10 -8.30 31.30 -10 -8.80 31.50 -10
3 16 -7.50 32 -10 -8.10 30.80 -10 -8.30 31.30 -10
3 16 -7.50 32 -10 -8.10 30.80 -10 6.80 30.80 -10
3 16 6.80 30.80 -10 5.90 32 -10 -7.50 32 -10
3 16 6.80 30.80 -10 6.90 31.30 -10 5.90 32 -10
3 16 5.90 32 -10 6.90 31.30 -10 7.50 31.60 -10
3 16 5.90 32 -10 7.50 31.60 -10 9.20 32 -10
3 16 9.20 32 -10 8.90 31.60 -10 7.50 31.60 -10
3 16 8.90 31.60 -10 9.20 32 -10 16.50 31.70 -10
3 16 16.50 31.70 -10 19 32 -10 9.20 32 -10
4 16 5.40 20.80 -10 6.10 19.30 -10 -7 19.80 -10 -6.40 20.80 -10
4 16 -7 19.80 -10 -7.10 19.20 -10 6.90 18.70 -10 6.10 19.30 -10
3 16 6.90 18.70 -10 2.20 16.10 -10 -7.10 19.20 -10
3 16 -7.10 19.20 -10 -2.10 16.10 -10 2.20 16.10 -10
3 16 2.20 16.10 -10 9.40 16.10 -10 6.90 18.70 -10
3 16 9.40 16.10 -10 8.30 18.10 -10 7.80 18.20 -10
3 16 9.40 16.10 -10 7.80 18.20 -10 6.90 18.70 -10
3 16 -7.10 19.20 -10 -8.80 18.10 -10 -2.10 16.10 -10
3 16 -2.10 16.10 -10 -8.80 18.10 -10 -13.50 16.10 -10
3 16 -13.50 16.10 -10 -16.20 18.10 -10 -8.80 18.10 -10
3 16 -14.60 12.90 -10 -16.20 18.10 -10 -13.50 16.10 -10
3 16 -16.10 18.60 -10 -11.20 20.40 -10 -9.50 18.60 -10
3 16 -2.10 16.10 -10 0 15.50 -10 -0.20 14.50 -10
3 16 -0.20 14.50 -10 0 15.50 -10 0.20 14.50 -10
3 16 0.20 14.50 -10 0 15.50 -10 2.20 16.10 -10
3 16 0 15.50 -10 -2.10 16.10 -10 2.20 16.10 -10
3 16 -11.20 20.40 -10 -9.70 20.50 -10 -9.30 18.80 -10
3 16 -11.20 20.40 -10 -9.70 20.50 -10 -10.40 21.50 -10
3 16 -10.40 21.50 -10 -11.20 20.70 -10 -11.20 20.40 -10
3 16 -11.20 20.70 -10 -10.80 21.80 -10 -10.40 21.50 -10
3 16 -10.80 21.80 -10 -14.50 23 -10 -11.20 20.70 -10
3 16 -14.50 23 -10 -15.50 24.70 -10 -10.80 21.80 -10
3 16 -14.50 23 -10 -17.20 24.70 -10 -15.50 24.70 -10
3 16 -14.50 23 -10 -15.20 23 -10 -17.20 24.70 -10
3 16 -17.20 24.70 -10 -15.60 22.80 -10 -15.20 23 -10
3 16 -15.60 22.80 -10 -17.20 23.20 -10 -17.20 24.70 -10
3 16 -17.20 23.20 -10 -15.60 22.80 -10 -16.60 19.40 -10
3 16 -16.60 19.40 -10 -16.10 18.60 -10 -15.60 22.80 -10
3 16 -15.60 22.80 -10 -16.10 18.60 -10 -15.20 22.70 -10
3 16 -14.70 22.70 -10 -16.10 18.60 -10 -15.20 22.70 -10
3 16 -14.70 22.70 -10 -16.10 18.60 -10 -11.20 20.40 -10
3 16 -11.20 20.40 -10 -11.40 20.60 -10 -14.70 22.70 -10
3 16 -11.20 20.40 -10 -9.30 18.80 -10 -9.50 18.60 -10
3 16 -14.60 12.90 -10 -15.30 9 -10 -16.20 18.10 -10
3 16 9.40 16.10 -10 8.30 18.10 -10 15.80 18.10 -10
3 16 15.80 18.10 -10 13.50 16.10 -10 9.40 16.10 -10
3 16 13.50 16.10 -10 15.90 16.50 -10 15.80 18.10 -10
3 16 15.90 16.50 -10 14.60 12.90 -10 13.50 16.10 -10
4 16 14.60 12.90 -10 13.20 14.50 -10 3.20 14.50 -10 0.90 12.60 -10
3 16 14.60 12.90 -10 3.70 10.90 -10 0.90 12.60 -10
3 16 0 6.20 -10 0.90 12.60 -10 3.70 10.90 -10
3 0 6 9 -10 6 10 -10 9 10 -10
4 0 9 8 -10 9 7 -10 6 7 -10 6 8 -10
3 0 9 10 -10 9 9 -10 6 9 -10
4 16 6 9 -10 6 8 -10 9 8 -10 9 9 -10
3 16 14.60 8.90 -10 13 1.30 -10 14.35 2 -10
3 16 14.35 2 -10 13 1.30 -10 12 0 -10
3 0 14.60 8.90 -10 13.50 6.30 -10 13 4 -10
3 0 14.60 8.90 -10 13 1.30 -10 13 4 -10
3 0 13 4 -10 12 3.30 -10 13 1.30 -10
3 0 13.50 6.30 -10 13.10 8.10 -10 14 8.80 -10
3 0 14 8.80 -10 14.60 8.90 -10 13.50 6.30 -10
3 0 13.50 6.30 -10 12.20 6.80 -10 13.10 8.10 -10
3 0 13 4 -10 11.70 4.60 -10 12 3.30 -10
3 0 13 4 -10 12.70 5.40 -10 13.50 6.30 -10
3 0 12.70 5.40 -10 12.20 6.80 -10 13.50 6.30 -10
3 0 12.70 5.40 -10 11.70 4.60 -10 13 4 -10
3 0 11.70 4.60 -10 11.70 5.40 -10 12.70 5.40 -10
3 0 12.70 5.40 -10 11.70 5.40 -10 12.20 6.80 -10
3 0 -15.30 9 -10 -13.90 8.10 -10 -13.70 1.80 -10
3 16 -15.30 9 -10 -13.70 1.80 -10 -14.35 2 -10
3 16 -13.70 1.80 -10 -12 0 -10 -14.35 2 -10
3 0 -13.70 1.80 -10 -13.10 2.50 -10 -13.90 8.10 -10
3 0 -13.90 8.10 -10 -12.70 6.70 -10 -13.20 5.30 -10
3 0 -13.20 5.30 -10 -13.10 2.50 -10 -13.90 8.10 -10
3 0 -13.20 5.30 -10 -12.50 5.50 -10 -12.70 6.70 -10
3 0 -12.50 5.50 -10 -12.50 4.10 -10 -13.20 5.30 -10
3 0 -13.20 5.30 -10 -12.50 4.10 -10 -13.10 2.50 -10
3 0 -1 5.10 -10 1 5.10 -10 1 0.40 -10
3 0 1 0.40 -10 -1 0.40 -10 -1 5.10 -10
4 0 -1 0.40 -10 -3 0.40 -10 -3 4.90 -10 -1 5.10 -10
4 0 1 5.10 -10 2.90 4.90 -10 2.90 0.40 -10 1 0.40 -10
4 0 -3 4.90 -10 -5.40 4.20 -10 -5.40 0.40 -10 -3 0.40 -10
4 0 2.90 4.90 -10 5.40 4.20 -10 5.40 0.40 -10 2.90 0.40 -10
4 0 5.40 4.20 -10 7 2.70 -10 7 0.40 -10 5.40 0.40 -10
4 0 -5.40 4.20 -10 -7 2.70 -10 -7 0.40 -10 -5.40 0.40 -10
4 0 7 2.70 -10 7.80 1.10 -10 7.80 0.40 -10 7 0.40 -10
4 0 -7 2.70 -10 -7.80 1.10 -10 -7.80 0.40 -10 -7 0.40 -10
4 16 -0.90 12.60 -10 -14.60 12.90 -10 -13.20 14.50 -10 -3.10 14.50 -10
3 16 0 6.20 -10 -0.90 12.60 -10 -14.60 12.90 -10
3 16 -14.60 12.90 -10 -15.30 9 -10 -13.90 8.10 -10
3 16 -13.90 8.10 -10 -14.60 12.90 -10 0 6.20 -10
3 16 0 6.20 -10 -12.70 6.70 -10 -13.90 8.10 -10
3 16 -12.70 6.70 -10 -6.30 5.40 -10 0 6.20 -10
3 16 0 6.20 -10 -1 5.10 -10 1 5.10 -10
3 16 -1 5.10 -10 -3 4.90 -10 0 6.20 -10
3 16 0 6.20 -10 -3 4.90 -10 -6.30 5.40 -10
3 16 -6.30 5.40 -10 -5.40 4.20 -10 -3 4.90 -10
3 16 -5.40 4.20 -10 -6.30 5.40 -10 -12.70 6.70 -10
3 16 -12.70 6.70 -10 -7 2.70 -10 -5.40 4.20 -10
3 16 -7 2.70 -10 -12.50 5.50 -10 -12.70 6.70 -10
3 16 -12.50 5.50 -10 -12.50 4.10 -10 -7 2.70 -10
4 16 -7 2.70 -10 -7.80 1.10 -10 -13.10 2.50 -10 -12.50 4.10 -10
4 16 -13.70 1.80 -10 -13.10 2.50 -10 -7.80 1.10 -10 -7.80 0.40 -10
3 16 -7.80 0.40 -10 -12 0 -10 -13.70 1.80 -10
3 16 0 6.20 -10 6 7 -10 6 10 -10
3 16 6 10 -10 3.70 10.90 -10 0 6.20 -10
3 16 0 6.20 -10 1 5.10 -10 6 7 -10
3 16 1 5.10 -10 2.90 4.90 -10 6 7 -10
3 16 9 10 -10 14.60 8.90 -10 14.60 12.90 -10
3 16 9 10 -10 3.70 10.90 -10 14.60 12.90 -10
3 16 9 10 -10 6 10 -10 3.70 10.90 -10
3 16 9 10 -10 9 9 -10 14 8.80 -10
3 16 14 8.80 -10 14.60 8.90 -10 9 10 -10
3 16 9 9 -10 13.10 8.10 -10 14 8.80 -10
4 16 13.10 8.10 -10 12.20 6.80 -10 9 8 -10 9 9 -10
4 16 9 8 -10 9 7 -10 11.70 5.40 -10 12.20 6.80 -10
4 16 11.70 5.40 -10 9 7 -10 6 7 -10 7.60 5.50 -10
3 16 7.60 5.50 -10 5.40 4.20 -10 2.90 4.90 -10
3 16 2.90 4.90 -10 6 7 -10 7.60 5.50 -10
3 16 5.40 4.20 -10 7.60 5.50 -10 11.70 5.40 -10
3 16 12 0 -10 7.80 0.40 -10 13 1.30 -10
3 16 13 1.30 -10 7.80 1.10 -10 7.80 0.40 -10
3 16 7.80 1.10 -10 12 3.30 -10 13 1.30 -10
3 16 12 3.30 -10 7 2.70 -10 7.80 1.10 -10
3 16 12 3.30 -10 11.70 4.60 -10 7 2.70 -10
3 16 7 2.70 -10 5.40 4.20 -10 11.70 4.60 -10
4 16 12 0 -10 7.80 0.40 -10 -7.80 0.40 -10 -12 0 -10
3 16 11.70 4.60 -10 11.70 5.40 -10 5.40 4.20 -10
0

