0 Tile  1 x  1 Round with Rainbow Swirl on Black Background Pattern
0 Name: 98138p1b.dat
0 Author: Gerald Lasser [GeraldLasser]
0 !LDRAW_ORG Part UPDATE 2022-03
0 !LICENSE Licensed under CC BY 4.0 : see CAreadme.txt

0 BFC CERTIFY CCW

0 !KEYWORDS Bricklink 98138pb135, Dots, Poo, Set 41908

0 !HISTORY 2022-05-07 [PTadmin] Official Update 2022-03


1 16 0 0 0 1 0 0 0 1 0 0 0 1 s\98138s01.dat
1 0 0 0 0 9 0 0 0 1 0 0 0 9 4-4ering.dat
4 353 .07 0 5.09 -.07 0 5.24 -.72 0 5.21 .08 0 4.96
4 353 -.03 0 4.79 .08 0 4.96 -.72 0 5.21 -1.26 0 5.07
4 353 -.11 0 4.52 -.03 0 4.79 -1.26 0 5.07 -1.69 0 4.8
4 353 -.11 0 4.52 -1.69 0 4.8 -2.01 0 4.39 -.12 0 4.21
4 353 -.12 0 4.21 -2.01 0 4.39 -2.16 0 3.85 -.03 0 3.94
4 353 -.03 0 3.94 -2.16 0 3.85 -2.14 0 3.34 .19 0 3.77
4 353 .19 0 3.77 -2.14 0 3.34 -1.91 0 2.95 -1.55 0 2.74
4 353 .19 0 3.77 -1.55 0 2.74 -1.19 0 2.69 -.67 0 2.73
4 353 .52 0 3.66 .19 0 3.77 -.67 0 2.73 -.15 0 2.76
4 353 1.02 0 3.58 .52 0 3.66 -.15 0 2.76 .47 0 2.73
4 353 1.02 0 3.58 .47 0 2.73 .85 0 2.63 1.62 0 3.57
4 353 1.62 0 3.57 .85 0 2.63 1.1 0 2.44 2.17 0 3.5
4 353 2.17 0 3.5 1.1 0 2.44 1.29 0 2.12 2.51 0 3.31
4 353 2.72 0 3.03 2.51 0 3.31 1.29 0 2.12 2.83 0 2.67
4 353 2.83 0 2.32 2.83 0 2.67 1.29 0 2.12 1.39 0 1.8
4 353 2.83 0 2.32 1.39 0 1.8 1.61 0 1.61 1.92 0 1.5
4 353 2.83 0 2.32 1.92 0 1.5 2.22 0 1.51 2.5 0 1.63
3 353 2.83 0 2.32 2.5 0 1.63 2.69 0 1.89
3 226 -.15 0 2.76 .25 0 2.57 .47 0 2.73
4 226 .47 0 2.73 .25 0 2.57 .47 0 2.42 .85 0 2.63
4 226 .85 0 2.63 .47 0 2.42 .59 0 2.22 1.1 0 2.44
4 226 1.29 0 2.12 1.1 0 2.44 .59 0 2.22 .57 0 2.01
4 226 1.39 0 1.8 1.29 0 2.12 .57 0 2.01 .46 0 1.82
4 226 1.61 0 1.61 1.39 0 1.8 .46 0 1.82 .8 0 -.57
4 226 2.68 0 3.37 2.17 0 3.5 2.51 0 3.31 3.02 0 3.15
3 226 2.51 0 3.31 2.72 0 3.03 3.02 0 3.15
4 226 3.02 0 3.15 2.72 0 3.03 2.83 0 2.67 3.35 0 2.75
4 226 3.35 0 2.75 2.83 0 2.67 2.83 0 2.32 3.57 0 2.25
4 226 3.62 0 1.61 3.57 0 2.25 2.83 0 2.32 2.69 0 1.89
4 226 3.46 0 .88 3.62 0 1.61 2.69 0 1.89 2.5 0 1.63
4 226 2.95 0 .19 3.46 0 .88 2.5 0 1.63 2.22 0 1.51
4 226 2.36 0 -.21 2.95 0 .19 2.22 0 1.51 1.92 0 1.5
4 226 1.61 0 -.48 2.36 0 -.21 1.92 0 1.5 1.61 0 1.61
3 226 1.61 0 1.61 .8 0 -.57 1.61 0 -.48
4 226 .8 0 -.57 .46 0 1.82 .19 0 1.77 .09 0 -.43
4 226 -.49 0 -.25 .09 0 -.43 .19 0 1.77 -.4 0 1.88
4 226 -.95 0 -.2 -.49 0 -.25 -.4 0 1.88 -.88 0 2.02
4 226 -.95 0 -.2 -.88 0 2.02 -1.59 0 2.11 -1.43 0 -.22
4 226 -1.43 0 -.22 -1.59 0 2.11 -2.37 0 2.06 -3.04 0 1.89
4 226 -1.43 0 -.22 -3.04 0 1.89 -3.42 0 1.67 -3.49 0 1.41
4 226 -1.43 0 -.22 -3.49 0 1.41 -3.52 0 .88 -3.4 0 .29
4 226 -1.74 0 -.34 -1.43 0 -.22 -3.4 0 .29 -2.12 0 -.42
4 226 -2.12 0 -.42 -3.4 0 .29 -3.01 0 -.12 -2.6 0 -.38
4 3 -3.49 0 1.41 -3.42 0 1.67 -3.84 0 1.29 -4.1 0 .79
4 3 -3.52 0 .88 -3.49 0 1.41 -4.1 0 .79 -4.18 0 .15
4 3 -3.4 0 .29 -3.52 0 .88 -4.18 0 .15 -4.08 0 -.42
4 3 -3.01 0 -.12 -3.4 0 .29 -4.08 0 -.42 -3.79 0 -.98
4 3 -2.6 0 -.38 -3.01 0 -.12 -3.79 0 -.98 -3.26 0 -1.55
4 3 -2.12 0 -.42 -2.6 0 -.38 -3.26 0 -1.55 -1.5 0 -.96
4 3 -2.12 0 -.42 -1.5 0 -.96 -1.45 0 -.75 -1.74 0 -.34
4 3 -1.74 0 -.34 -1.45 0 -.75 -1.26 0 -.6 -1.43 0 -.22
4 3 -1.43 0 -.22 -1.26 0 -.6 -.9 0 -.52 -.95 0 -.2
4 3 -.95 0 -.2 -.9 0 -.52 -.4 0 -.56 -.49 0 -.25
4 3 -.49 0 -.25 -.4 0 -.56 .13 0 -.59 .09 0 -.43
3 3 .09 0 -.43 .13 0 -.59 .8 0 -.57
3 3 -1.5 0 -.96 -3.26 0 -1.55 -1.42 0 -1.13
3 3 -1.42 0 -1.13 -3.26 0 -1.55 -1.19 0 -1.28
4 3 -.79 0 -1.47 -1.19 0 -1.28 -3.26 0 -1.55 -.38 0 -1.79
4 3 -.38 0 -1.79 -3.26 0 -1.55 -2.57 0 -2.99 -1.66 0 -2.79
4 3 -.38 0 -1.79 -1.66 0 -2.79 -.82 0 -2.73 -.43 0 -2.64
4 3 -.13 0 -2.04 -.38 0 -1.79 -.43 0 -2.64 -.15 0 -2.51
4 3 -.05 0 -2.18 -.13 0 -2.04 -.15 0 -2.51 -.05 0 -2.39
4 3 -3.36 0 -3.5 -2.57 0 -2.99 -3.26 0 -1.55 -3.87 0 -1.32
4 3 -3.75 0 -4.16 -3.36 0 -3.5 -3.87 0 -1.32 -6.39 0 -2.45
4 3 -6.33 0 -1.79 -6.39 0 -2.45 -3.87 0 -1.32 -4.35 0 -.96
4 3 -6.16 0 -1.41 -6.33 0 -1.79 -4.35 0 -.96 -5.88 0 -1.09
4 3 -5.42 0 -.82 -5.88 0 -1.09 -4.35 0 -.96 -4.58 0 -.73
3 3 -4.75 0 -.59 -5.42 0 -.82 -4.58 0 -.73
4 3 -3.75 0 -4.16 -6.39 0 -2.45 -6.24 0 -3.26 -5.83 0 -3.89
4 3 -3.75 0 -4.16 -5.83 0 -3.89 -5.27 0 -4.34 -4.4 0 -4.8
3 3 -3.75 0 -4.16 -4.4 0 -4.8 -3.96 0 -4.95
4 321 -3.75 0 -4.16 -3.96 0 -4.95 -2.7 0 -5.23 -3.36 0 -3.5
4 321 -3.36 0 -3.5 -2.7 0 -5.23 -1.43 0 -5.46 -2.57 0 -2.99
4 321 -1.66 0 -2.79 -2.57 0 -2.99 -1.43 0 -5.46 -.82 0 -2.73
4 321 -.82 0 -2.73 -1.43 0 -5.46 .01 0 -5.54 -.43 0 -2.64
4 321 .67 0 -5.14 -.43 0 -2.64 .01 0 -5.54 .63 0 -5.47
4 321 -.43 0 -2.64 .67 0 -5.14 .9 0 -4.73 -.15 0 -2.51
4 321 -.15 0 -2.51 .9 0 -4.73 1.34 0 -4.31 -.05 0 -2.39
4 321 -.05 0 -2.39 1.34 0 -4.31 2.07 0 -3.84 -.05 0 -2.18
4 321 -.05 0 -2.18 2.07 0 -3.84 2.68 0 -3.27 3.13 0 -2.65
4 321 -.05 0 -2.18 3.13 0 -2.65 3.17 0 -2.33 3.14 0 -2.05
4 321 -.05 0 -2.18 3.14 0 -2.05 2.98 0 -1.84 -.13 0 -2.04
4 321 1.26 0 -1.46 -.13 0 -2.04 2.98 0 -1.84 2.61 0 -1.52
3 321 2.3 0 -1.34 1.26 0 -1.46 2.61 0 -1.52
4 321 -.38 0 -1.79 -.13 0 -2.04 1.26 0 -1.46 .12 0 -1.52
3 321 -.79 0 -1.47 -.38 0 -1.79 .12 0 -1.52
3 31 3.09 0 -1.06 2.3 0 -1.34 2.61 0 -1.52
3 31 3.09 0 -1.06 2.61 0 -1.52 2.98 0 -1.84
4 31 3.09 0 -1.06 2.98 0 -1.84 3.14 0 -2.05 5.81 0 -1.83
4 31 3.09 0 -1.06 5.81 0 -1.83 5.75 0 -1.28 3.58 0 -.74
4 31 3.58 0 -.74 5.75 0 -1.28 5.61 0 -.86 4 0 -.31
4 31 4 0 -.31 5.61 0 -.86 5.29 0 -.41 4.23 0 .03
4 31 4.23 0 .03 5.29 0 -.41 4.88 0 .04 4.31 0 .25
4 31 4.31 0 .25 4.88 0 .04 4.53 0 .28 4.35 0 .34
4 31 5.81 0 -1.83 3.14 0 -2.05 3.17 0 -2.33 5.8 0 -2.48
4 31 5.67 0 -3.03 5.8 0 -2.48 3.17 0 -2.33 3.13 0 -2.65
4 31 5.36 0 -3.58 5.67 0 -3.03 3.13 0 -2.65 2.68 0 -3.27
4 31 4.73 0 -4.22 5.36 0 -3.58 2.68 0 -3.27 2.07 0 -3.84
4 31 4.04 0 -4.65 4.73 0 -4.22 2.07 0 -3.84 3.26 0 -4.96
4 31 3.26 0 -4.96 2.07 0 -3.84 1.34 0 -4.31 2.2 0 -5.27
4 31 2.2 0 -5.27 1.34 0 -4.31 .9 0 -4.73 1.2 0 -5.41
4 31 1.2 0 -5.41 .9 0 -4.73 .67 0 -5.14 .63 0 -5.47
4 16 1.93 0 -6.64 1.63 0 -6.47 1.58 0 -6.64 1.63 0 -6.82
4 16 1.93 0 -6.64 1.63 0 -6.82 1.76 0 -6.94 1.93 0 -6.99
4 16 1.93 0 -6.64 1.93 0 -6.99 2.11 0 -6.94 2.23 0 -6.82
4 16 1.93 0 -6.64 2.23 0 -6.82 2.28 0 -6.64 2.23 0 -6.47
4 16 1.93 0 -6.64 2.23 0 -6.47 2.11 0 -6.34 1.93 0 -6.29
4 16 1.93 0 -6.64 1.93 0 -6.29 1.76 0 -6.34 1.63 0 -6.47
4 16 -.38 0 -6.81 -.68 0 -6.64 -.73 0 -6.81 -.68 0 -6.99
4 16 -.38 0 -6.81 -.68 0 -6.99 -.56 0 -7.11 -.38 0 -7.16
4 16 -.38 0 -6.81 -.38 0 -7.16 -.21 0 -7.11 -.08 0 -6.99
4 16 -.38 0 -6.81 -.08 0 -6.99 -.03 0 -6.81 -.08 0 -6.64
4 16 -.38 0 -6.81 -.08 0 -6.64 -.21 0 -6.51 -.38 0 -6.46
4 16 -.38 0 -6.81 -.38 0 -6.46 -.56 0 -6.51 -.68 0 -6.64
4 16 -7.22 0 1.26 -7.52 0 1.44 -7.57 0 1.26 -7.52 0 1.09
4 16 -7.22 0 1.26 -7.52 0 1.09 -7.4 0 .96 -7.22 0 .91
4 16 -7.22 0 1.26 -7.22 0 .91 -7.05 0 .96 -6.92 0 1.09
4 16 -7.22 0 1.26 -6.92 0 1.09 -6.87 0 1.26 -6.92 0 1.44
4 16 -7.22 0 1.26 -6.92 0 1.44 -7.05 0 1.56 -7.22 0 1.61
4 16 -7.22 0 1.26 -7.22 0 1.61 -7.4 0 1.56 -7.52 0 1.44
4 16 -6.1 0 2.55 -6.46 0 2.76 -6.51 0 2.55 -6.46 0 2.35
4 16 -6.1 0 2.55 -6.46 0 2.35 -6.31 0 2.2 -6.1 0 2.14
4 16 -6.1 0 2.55 -6.1 0 2.14 -5.9 0 2.2 -5.75 0 2.35
4 16 -6.1 0 2.55 -5.75 0 2.35 -5.69 0 2.55 -5.75 0 2.76
4 16 -6.1 0 2.55 -5.75 0 2.76 -5.9 0 2.91 -6.1 0 2.96
4 16 -6.1 0 2.55 -6.1 0 2.96 -6.31 0 2.91 -6.46 0 2.76
4 16 2.21 0 6.65 1.91 0 6.83 1.86 0 6.65 1.91 0 6.48
4 16 2.21 0 6.65 1.91 0 6.48 2.04 0 6.35 2.21 0 6.3
4 16 2.21 0 6.65 2.21 0 6.3 2.39 0 6.35 2.51 0 6.48
4 16 2.21 0 6.65 2.51 0 6.48 2.56 0 6.65 2.51 0 6.83
4 16 2.21 0 6.65 2.51 0 6.83 2.39 0 6.95 2.21 0 7
4 16 2.21 0 6.65 2.21 0 7 2.04 0 6.95 1.91 0 6.83
4 16 -2.08 0 6.51 -2.38 0 6.69 -2.43 0 6.51 -2.38 0 6.34
4 16 -2.08 0 6.51 -2.38 0 6.34 -2.26 0 6.21 -2.08 0 6.16
4 16 -2.08 0 6.51 -2.08 0 6.16 -1.91 0 6.21 -1.78 0 6.34
4 16 -2.08 0 6.51 -1.78 0 6.34 -1.73 0 6.51 -1.78 0 6.69
4 16 -2.08 0 6.51 -1.78 0 6.69 -1.91 0 6.81 -2.08 0 6.86
4 16 -2.08 0 6.51 -2.08 0 6.86 -2.26 0 6.81 -2.38 0 6.69
4 16 3.44 0 4.89 3.14 0 5.07 3.09 0 4.89 3.14 0 4.72
4 16 3.44 0 4.89 3.14 0 4.72 3.27 0 4.59 3.44 0 4.54
4 16 3.44 0 4.89 3.44 0 4.54 3.62 0 4.59 3.74 0 4.72
4 16 3.44 0 4.89 3.74 0 4.72 3.79 0 4.89 3.74 0 5.07
4 16 3.44 0 4.89 3.74 0 5.07 3.62 0 5.19 3.44 0 5.24
4 16 3.44 0 4.89 3.44 0 5.24 3.27 0 5.19 3.14 0 5.07
4 16 -4.75 0 5.52 -4.79 0 5.37 -4.19 0 5.07 -4.64 0 5.63
4 16 -4.19 0 5.07 -4.19 0 5.37 -4.23 0 5.52 -4.34 0 5.63
4 16 -4.19 0 5.07 -4.34 0 5.63 -4.49 0 5.67 -4.64 0 5.63
4 0 -3.59 0 4.77 -4.19 0 5.07 -4.15 0 4.92 -4.04 0 4.81
3 0 -4.04 0 4.81 -3.89 0 4.77 -3.59 0 4.77
4 16 -3.89 0 4.17 -3.29 0 4.47 -3.33 0 4.62 -3.44 0 4.73
4 16 -3.89 0 4.17 -3.44 0 4.73 -3.59 0 4.77 -3.89 0 4.77
4 16 -4.19 0 5.07 -4.79 0 5.37 -4.79 0 5.07 -4.15 0 4.92
4 0 -4.83 0 4.92 -4.79 0 5.07 -4.79 0 5.37 -4.94 0 4.81
4 0 -5.09 0 4.77 -4.94 0 4.81 -4.79 0 5.37 -5.39 0 4.77
4 16 -5.09 0 4.17 -5.09 0 4.77 -5.39 0 4.77 -5.54 0 4.73
4 16 -5.09 0 4.17 -5.54 0 4.73 -5.65 0 4.62 -5.69 0 4.47
4 16 -4.19 0 3.87 -4.79 0 3.57 -4.75 0 3.42 -4.64 0 3.31
4 16 -4.23 0 3.42 -4.19 0 3.57 -4.19 0 3.87 -4.34 0 3.31
4 16 -4.49 0 3.27 -4.34 0 3.31 -4.19 0 3.87 -4.64 0 3.31
4 0 -4.15 0 4.02 -4.19 0 3.87 -3.59 0 4.17 -4.04 0 4.13
3 0 -3.59 0 4.17 -3.89 0 4.17 -4.04 0 4.13
4 16 -3.33 0 4.32 -3.29 0 4.47 -3.89 0 4.17 -3.44 0 4.21
3 16 -3.44 0 4.21 -3.89 0 4.17 -3.59 0 4.17
3 16 -4.19 0 3.87 -4.79 0 3.87 -4.79 0 3.57
4 0 -4.79 0 3.57 -4.79 0 3.87 -4.83 0 4.02 -4.94 0 4.13
4 0 -4.79 0 3.57 -4.94 0 4.13 -5.09 0 4.17 -5.39 0 4.17
4 16 -5.54 0 4.21 -5.39 0 4.17 -5.09 0 4.17 -5.65 0 4.32
3 16 -5.69 0 4.47 -5.65 0 4.32 -5.09 0 4.17
4 16 -5.09 0 4.77 -5.09 0 4.17 -4.94 0 4.13 -4.94 0 4.81
4 16 -4.83 0 4.92 -4.94 0 4.81 -4.04 0 4.81 -4.15 0 4.92
4 16 -4.04 0 4.81 -4.04 0 4.13 -3.89 0 4.17 -3.89 0 4.77
4 16 -4.94 0 4.13 -4.83 0 4.02 -4.15 0 4.02 -4.04 0 4.13
3 16 -4.79 0 5.07 -4.83 0 4.92 -4.15 0 4.92
4 16 -4.83 0 4.02 -4.79 0 3.87 -4.19 0 3.87 -4.15 0 4.02
4 16 -4.04 0 4.81 -4.94 0 4.81 -4.94 0 4.13 -4.04 0 4.13
4 0 -4.79 0 3.57 -5.39 0 4.17 -5.54 0 4.21 -4.75 0 3.42
3 0 -3.59 0 4.17 -4.19 0 3.87 -4.19 0 3.57
4 0 -3.59 0 4.17 -4.19 0 3.57 -4.23 0 3.42 -3.44 0 4.21
4 0 -4.19 0 5.37 -4.19 0 5.07 -3.59 0 4.77 -3.44 0 4.73
4 0 -4.23 0 5.52 -4.19 0 5.37 -3.44 0 4.73 -2.43 0 6.51
4 0 -5.54 0 4.73 -5.39 0 4.77 -4.79 0 5.37 -4.75 0 5.52
4 16 5.65 0 3.82 5.61 0 3.67 6.21 0 3.37 5.76 0 3.93
4 16 6.21 0 3.37 6.21 0 3.67 6.17 0 3.82 6.06 0 3.93
4 16 6.21 0 3.37 6.06 0 3.93 5.91 0 3.97 5.76 0 3.93
4 0 6.81 0 3.07 6.21 0 3.37 6.25 0 3.22 6.36 0 3.11
3 0 6.36 0 3.11 6.51 0 3.07 6.81 0 3.07
4 16 6.51 0 2.47 7.11 0 2.77 7.07 0 2.92 6.96 0 3.03
4 16 6.51 0 2.47 6.96 0 3.03 6.81 0 3.07 6.51 0 3.07
4 16 6.21 0 3.37 5.61 0 3.67 5.61 0 3.37 6.25 0 3.22
4 0 5.57 0 3.22 5.61 0 3.37 5.61 0 3.67 5.46 0 3.11
4 0 5.31 0 3.07 5.46 0 3.11 5.61 0 3.67 5.01 0 3.07
4 16 5.31 0 2.47 5.31 0 3.07 5.01 0 3.07 4.86 0 3.03
4 16 5.31 0 2.47 4.86 0 3.03 4.75 0 2.92 4.71 0 2.77
4 16 6.21 0 2.17 5.61 0 1.87 5.65 0 1.72 5.76 0 1.61
4 16 6.17 0 1.72 6.21 0 1.87 6.21 0 2.17 6.06 0 1.61
4 16 5.91 0 1.57 6.06 0 1.61 6.21 0 2.17 5.76 0 1.61
4 0 6.25 0 2.32 6.21 0 2.17 6.81 0 2.47 6.36 0 2.43
3 0 6.81 0 2.47 6.51 0 2.47 6.36 0 2.43
4 16 7.07 0 2.62 7.11 0 2.77 6.51 0 2.47 6.96 0 2.51
3 16 6.96 0 2.51 6.51 0 2.47 6.81 0 2.47
3 16 6.21 0 2.17 5.61 0 2.17 5.61 0 1.87
4 0 5.61 0 1.87 5.61 0 2.17 5.57 0 2.32 5.46 0 2.43
4 0 5.61 0 1.87 5.46 0 2.43 5.31 0 2.47 5.01 0 2.47
4 16 4.86 0 2.51 5.01 0 2.47 5.31 0 2.47 4.75 0 2.62
3 16 4.71 0 2.77 4.75 0 2.62 5.31 0 2.47
4 16 5.31 0 3.07 5.31 0 2.47 5.46 0 2.43 5.46 0 3.11
4 16 5.57 0 3.22 5.46 0 3.11 6.36 0 3.11 6.25 0 3.22
4 16 6.36 0 3.11 6.36 0 2.43 6.51 0 2.47 6.51 0 3.07
4 16 5.46 0 2.43 5.57 0 2.32 6.25 0 2.32 6.36 0 2.43
3 16 5.61 0 3.37 5.57 0 3.22 6.25 0 3.22
4 16 5.57 0 2.32 5.61 0 2.17 6.21 0 2.17 6.25 0 2.32
4 16 6.36 0 3.11 5.46 0 3.11 5.46 0 2.43 6.36 0 2.43
4 0 5.61 0 1.87 5.01 0 2.47 4.86 0 2.51 5.65 0 1.72
3 0 6.81 0 2.47 6.21 0 2.17 6.21 0 1.87
4 0 6.81 0 2.47 6.21 0 1.87 6.17 0 1.72 6.96 0 2.51
4 0 6.21 0 3.67 6.21 0 3.37 6.81 0 3.07 6.96 0 3.03
4 0 6.17 0 3.82 6.21 0 3.67 6.96 0 3.03 8.3151 0 3.4443
4 0 4.86 0 3.03 5.01 0 3.07 5.61 0 3.67 5.65 0 3.82
4 0 -1.45 0 -.75 -1.5 0 -.96 -1.42 0 -1.13 -1.26 0 -.6
4 0 -1.26 0 -.6 -1.42 0 -1.13 -1.19 0 -1.28 -.9 0 -.52
4 0 -.9 0 -.52 -1.19 0 -1.28 -.79 0 -1.47 -.4 0 -.56
4 0 -.4 0 -.56 -.79 0 -1.47 .12 0 -1.52 .13 0 -.59
4 0 .8 0 -.57 .13 0 -.59 .12 0 -1.52 1.26 0 -1.46
4 0 1.61 0 -.48 .8 0 -.57 1.26 0 -1.46 2.3 0 -1.34
4 0 2.36 0 -.21 1.61 0 -.48 2.3 0 -1.34 3.09 0 -1.06
4 0 2.95 0 .19 2.36 0 -.21 3.09 0 -1.06 3.58 0 -.74
4 0 2.95 0 .19 3.58 0 -.74 4 0 -.31 4.23 0 .03
3 0 4.31 0 .25 2.95 0 .19 4.23 0 .03
4 0 2.95 0 .19 4.31 0 .25 4.35 0 .34 3.46 0 .88
3 0 3.62 0 1.61 3.46 0 .88 4.35 0 .34
4 0 3.57 0 2.25 3.62 0 1.61 4.35 0 .34 4.86 0 2.51
3 0 4.86 0 2.51 4.35 0 .34 5.65 0 1.72
3 0 5.65 0 1.72 4.35 0 .34 5.76 0 1.61
4 0 5.91 0 1.57 5.76 0 1.61 4.35 0 .34 4.53 0 .28
3 0 5.91 0 1.57 4.53 0 .28 4.88 0 .04
4 0 5.91 0 1.57 4.88 0 .04 5.29 0 -.41 6.06 0 1.61
4 0 6.06 0 1.61 5.29 0 -.41 9 0 0 6.17 0 1.72
3 0 6.96 0 2.51 6.17 0 1.72 9 0 0
3 0 7.07 0 2.62 6.96 0 2.51 9 0 0
4 0 7.11 0 2.77 7.07 0 2.62 9 0 0 8.3151 0 3.4443
3 0 8.3151 0 3.4443 7.07 0 2.92 7.11 0 2.77
3 0 8.3151 0 3.4443 6.96 0 3.03 7.07 0 2.92
4 0 6.06 0 3.93 6.17 0 3.82 8.3151 0 3.4443 6.3639 0 6.3639
3 0 6.3639 0 6.3639 5.91 0 3.97 6.06 0 3.93
3 0 6.3639 0 6.3639 5.76 0 3.93 5.91 0 3.97
4 0 5.65 0 3.82 5.76 0 3.93 6.3639 0 6.3639 3.79 0 4.89
3 0 3.79 0 4.89 3.74 0 4.72 5.65 0 3.82
4 0 5.65 0 3.82 3.74 0 4.72 3.62 0 4.59 4.86 0 3.03
3 0 3.62 0 4.59 4.75 0 2.92 4.86 0 3.03
4 0 4.71 0 2.77 4.75 0 2.92 3.62 0 4.59 3.35 0 2.75
4 0 4.71 0 2.77 3.35 0 2.75 3.57 0 2.25 4.75 0 2.62
3 0 4.75 0 2.62 3.57 0 2.25 4.86 0 2.51
4 0 3.44 0 4.54 3.02 0 3.15 3.35 0 2.75 3.62 0 4.59
4 0 3.02 0 3.15 3.44 0 4.54 3.27 0 4.59 2.68 0 3.37
4 0 2.17 0 3.5 2.68 0 3.37 3.27 0 4.59 3.14 0 4.72
4 0 2.17 0 3.5 3.14 0 4.72 3.09 0 4.89 1.62 0 3.57
4 0 1.02 0 3.58 1.62 0 3.57 3.09 0 4.89 .52 0 3.66
4 0 .19 0 3.77 .52 0 3.66 3.09 0 4.89 -.03 0 4.79
4 0 -.03 0 3.94 .19 0 3.77 -.03 0 4.79 -.11 0 4.52
3 0 -.11 0 4.52 -.12 0 4.21 -.03 0 3.94
4 0 .08 0 4.96 -.03 0 4.79 3.09 0 4.89 3.14 0 5.07
4 0 .07 0 5.09 .08 0 4.96 3.14 0 5.07 3.27 0 5.19
4 0 -.07 0 5.24 .07 0 5.09 3.27 0 5.19 2.21 0 6.3
4 0 2.39 0 6.35 3.27 0 5.19 3.44 0 5.24 2.51 0 6.48
4 0 2.51 0 6.48 3.44 0 5.24 3.62 0 5.19 6.3639 0 6.3639
3 0 6.3639 0 6.3639 3.62 0 5.19 3.74 0 5.07
3 0 6.3639 0 6.3639 3.74 0 5.07 3.79 0 4.89
3 0 2.39 0 6.35 2.21 0 6.3 3.27 0 5.19
3 0 2.04 0 6.35 -.07 0 5.24 2.21 0 6.3
3 0 1.91 0 6.48 -.07 0 5.24 2.04 0 6.35
4 0 -.07 0 5.24 1.91 0 6.48 1.86 0 6.65 0 0 9
3 0 0 0 9 1.86 0 6.65 1.91 0 6.83
3 0 0 0 9 1.91 0 6.83 2.04 0 6.95
4 0 0 0 9 2.04 0 6.95 2.21 0 7 3.4443 0 8.3151
3 0 3.4443 0 8.3151 2.21 0 7 2.39 0 6.95
3 0 3.4443 0 8.3151 2.39 0 6.95 2.51 0 6.83
4 0 3.4443 0 8.3151 2.51 0 6.83 2.56 0 6.65 6.3639 0 6.3639
3 0 2.56 0 6.65 2.51 0 6.48 6.3639 0 6.3639
4 0 -1.78 0 6.34 -.72 0 5.21 -.07 0 5.24 -1.73 0 6.51
4 0 -1.78 0 6.69 -1.73 0 6.51 -.07 0 5.24 0 0 9
3 0 0 0 9 -1.91 0 6.81 -1.78 0 6.69
4 0 -2.08 0 6.86 -1.91 0 6.81 0 0 9 -3.4443 0 8.3151
3 0 -3.4443 0 8.3151 -2.26 0 6.81 -2.08 0 6.86
3 0 -3.4443 0 8.3151 -2.38 0 6.69 -2.26 0 6.81
4 0 -2.43 0 6.51 -2.38 0 6.69 -3.4443 0 8.3151 -4.34 0 5.63
3 0 -2.43 0 6.51 -4.34 0 5.63 -4.23 0 5.52
4 0 -2.43 0 6.51 -3.44 0 4.73 -3.33 0 4.62 -2.38 0 6.34
4 0 -2.26 0 6.21 -2.38 0 6.34 -3.33 0 4.62 -3.29 0 4.47
4 0 -2.26 0 6.21 -3.29 0 4.47 -2.01 0 4.39 -1.69 0 4.8
4 0 -2.08 0 6.16 -2.26 0 6.21 -1.69 0 4.8 -1.26 0 5.07
3 0 -1.91 0 6.21 -2.08 0 6.16 -1.26 0 5.07
4 0 -1.78 0 6.34 -1.91 0 6.21 -1.26 0 5.07 -.72 0 5.21
4 0 -3.29 0 4.47 -3.33 0 4.32 -2.16 0 3.85 -2.01 0 4.39
4 0 -2.16 0 3.85 -3.33 0 4.32 -3.44 0 4.21 -2.14 0 3.34
4 0 -2.14 0 3.34 -3.44 0 4.21 -4.23 0 3.42 -1.91 0 2.95
4 0 -1.91 0 2.95 -4.23 0 3.42 -2.37 0 2.06 -1.59 0 2.11
3 0 -1.91 0 2.95 -1.59 0 2.11 -1.55 0 2.74
4 0 -1.19 0 2.69 -1.55 0 2.74 -1.59 0 2.11 -.88 0 2.02
4 0 -.67 0 2.73 -1.19 0 2.69 -.88 0 2.02 -.4 0 1.88
4 0 -.15 0 2.76 -.67 0 2.73 -.4 0 1.88 .25 0 2.57
4 0 .25 0 2.57 -.4 0 1.88 .19 0 1.77 .47 0 2.42
4 0 .59 0 2.22 .47 0 2.42 .19 0 1.77 .46 0 1.82
3 0 .59 0 2.22 .46 0 1.82 .57 0 2.01
4 0 -2.37 0 2.06 -4.23 0 3.42 -4.34 0 3.31 -3.04 0 1.89
4 0 -3.42 0 1.67 -3.04 0 1.89 -4.34 0 3.31 -4.49 0 3.27
4 0 -3.84 0 1.29 -3.42 0 1.67 -4.49 0 3.27 -5.69 0 2.55
3 0 -5.69 0 2.55 -5.75 0 2.35 -3.84 0 1.29
4 0 -5.75 0 2.76 -5.69 0 2.55 -4.49 0 3.27 -4.64 0 3.31
4 0 -5.75 0 2.76 -4.64 0 3.31 -4.75 0 3.42 -5.9 0 2.91
4 0 -6.1 0 2.96 -5.9 0 2.91 -4.75 0 3.42 -5.54 0 4.21
4 0 -6.1 0 2.96 -5.54 0 4.21 -5.65 0 4.32 -6.31 0 2.91
4 0 -8.3151 0 3.4443 -6.31 0 2.91 -5.65 0 4.32 -5.69 0 4.47
4 0 -8.3151 0 3.4443 -5.69 0 4.47 -5.65 0 4.62 -6.3639 0 6.3639
3 0 -6.3639 0 6.3639 -5.65 0 4.62 -5.54 0 4.73
3 0 -6.3639 0 6.3639 -5.54 0 4.73 -4.75 0 5.52
3 0 -6.3639 0 6.3639 -4.75 0 5.52 -4.64 0 5.63
4 0 -6.3639 0 6.3639 -4.64 0 5.63 -4.49 0 5.67 -3.4443 0 8.3151
3 0 -3.4443 0 8.3151 -4.49 0 5.67 -4.34 0 5.63
4 0 -3.87 0 -1.32 -3.26 0 -1.55 -3.79 0 -.98 -4.35 0 -.96
4 0 -4.35 0 -.96 -3.79 0 -.98 -4.08 0 -.42 -4.58 0 -.73
4 0 -4.75 0 -.59 -4.58 0 -.73 -4.08 0 -.42 -4.18 0 .15
4 0 -5.42 0 -.82 -4.75 0 -.59 -4.18 0 .15 -4.1 0 .79
4 0 -6.92 0 1.09 -5.42 0 -.82 -4.1 0 .79 -6.87 0 1.26
4 0 -6.87 0 1.26 -4.1 0 .79 -3.84 0 1.29 -6.92 0 1.44
3 0 -5.75 0 2.35 -5.9 0 2.2 -3.84 0 1.29
4 0 -3.84 0 1.29 -5.9 0 2.2 -6.1 0 2.14 -6.92 0 1.44
4 0 -7.05 0 1.56 -6.92 0 1.44 -6.1 0 2.14 -6.31 0 2.2
4 0 -7.05 0 1.56 -6.31 0 2.2 -6.46 0 2.35 -7.22 0 1.61
4 0 -7.22 0 1.61 -6.46 0 2.35 -6.51 0 2.55 -7.4 0 1.56
4 0 -8.3151 0 3.4443 -7.4 0 1.56 -6.51 0 2.55 -6.46 0 2.76
3 0 -8.3151 0 3.4443 -6.46 0 2.76 -6.31 0 2.91
3 0 -8.3151 0 3.4443 -7.52 0 1.44 -7.4 0 1.56
4 0 -7.57 0 1.26 -7.52 0 1.44 -8.3151 0 3.4443 -9 0 0
3 0 -7.57 0 1.26 -9 0 0 -7.52 0 1.09
3 0 -7.52 0 1.09 -9 0 0 -7.4 0 .96
4 0 -7.22 0 .91 -7.4 0 .96 -9 0 0 -5.88 0 -1.09
3 0 -7.05 0 .96 -7.22 0 .91 -5.88 0 -1.09
4 0 -6.92 0 1.09 -7.05 0 .96 -5.88 0 -1.09 -5.42 0 -.82
3 0 -9 0 0 -6.16 0 -1.41 -5.88 0 -1.09
3 0 -9 0 0 -6.33 0 -1.79 -6.16 0 -1.41
4 0 -6.39 0 -2.45 -6.33 0 -1.79 -9 0 0 -8.3151 0 -3.4443
3 0 -6.39 0 -2.45 -8.3151 0 -3.4443 -6.24 0 -3.26
3 0 -6.24 0 -3.26 -8.3151 0 -3.4443 -5.83 0 -3.89
4 0 -5.27 0 -4.34 -5.83 0 -3.89 -8.3151 0 -3.4443 -6.3639 0 -6.3639
3 0 -5.27 0 -4.34 -6.3639 0 -6.3639 -4.4 0 -4.8
4 0 -3.96 0 -4.95 -4.4 0 -4.8 -6.3639 0 -6.3639 -3.4443 0 -8.3151
3 0 -3.96 0 -4.95 -3.4443 0 -8.3151 -2.7 0 -5.23
4 0 -1.43 0 -5.46 -2.7 0 -5.23 -3.4443 0 -8.3151 -.73 0 -6.81
3 0 -.73 0 -6.81 -3.4443 0 -8.3151 -.68 0 -6.99
3 0 -.68 0 -6.99 -3.4443 0 -8.3151 -.56 0 -7.11
4 0 -.38 0 -7.16 -.56 0 -7.11 -3.4443 0 -8.3151 0 0 -9
3 0 -.21 0 -7.11 -.38 0 -7.16 0 0 -9
4 0 -.08 0 -6.99 -.21 0 -7.11 0 0 -9 1.76 0 -6.94
4 0 -.08 0 -6.99 1.76 0 -6.94 1.63 0 -6.82 -.03 0 -6.81
4 0 -.03 0 -6.81 1.63 0 -6.82 1.58 0 -6.64 -.08 0 -6.64
4 0 -.08 0 -6.64 1.58 0 -6.64 1.63 0 -6.47 -.21 0 -6.51
4 0 -.21 0 -6.51 1.63 0 -6.47 .01 0 -5.54 -.38 0 -6.46
4 0 -.56 0 -6.51 -.38 0 -6.46 .01 0 -5.54 -1.43 0 -5.46
3 0 -1.43 0 -5.46 -.68 0 -6.64 -.56 0 -6.51
3 0 -1.43 0 -5.46 -.73 0 -6.81 -.68 0 -6.64
4 0 .63 0 -5.47 .01 0 -5.54 1.63 0 -6.47 1.76 0 -6.34
4 0 1.2 0 -5.41 .63 0 -5.47 1.76 0 -6.34 1.93 0 -6.29
4 0 2.2 0 -5.27 1.2 0 -5.41 1.93 0 -6.29 2.11 0 -6.34
4 0 3.26 0 -4.96 2.2 0 -5.27 2.11 0 -6.34 2.23 0 -6.47
3 0 1.76 0 -6.94 0 0 -9 1.93 0 -6.99
4 0 2.11 0 -6.94 1.93 0 -6.99 0 0 -9 3.4443 0 -8.3151
3 0 2.23 0 -6.82 2.11 0 -6.94 3.4443 0 -8.3151
4 0 2.28 0 -6.64 2.23 0 -6.82 3.4443 0 -8.3151 6.3639 0 -6.3639
4 0 3.26 0 -4.96 2.23 0 -6.47 2.28 0 -6.64 6.3639 0 -6.3639
3 0 4.04 0 -4.65 3.26 0 -4.96 6.3639 0 -6.3639
3 0 4.73 0 -4.22 4.04 0 -4.65 6.3639 0 -6.3639
4 0 5.36 0 -3.58 4.73 0 -4.22 6.3639 0 -6.3639 8.3151 0 -3.4443
3 0 5.67 0 -3.03 5.36 0 -3.58 8.3151 0 -3.4443
3 0 5.8 0 -2.48 5.67 0 -3.03 8.3151 0 -3.4443
4 0 5.81 0 -1.83 5.8 0 -2.48 8.3151 0 -3.4443 9 0 0
3 0 9 0 0 5.75 0 -1.28 5.81 0 -1.83
3 0 9 0 0 5.61 0 -.86 5.75 0 -1.28
3 0 9 0 0 5.29 0 -.41 5.61 0 -.86
