0 Minifig Mechanical Arm with Clip and Rod Hole with Thick Forearm
0 Name: 98313.dat
0 Author: Philippe Hurbain [Philo]
0 !LDRAW_ORG Part UPDATE 2022-01
0 !LICENSE Licensed under CC BY 4.0 : see CAreadme.txt

0 BFC CERTIFY CCW

0 !HISTORY 2022-01-14 [PTadmin] Official Update 2022-01


2 24 20.6 12.084 -5.6 20.6 12.084 5.6
2 24 23.4 12.231 -5.6 23.4 12.231 5.6
1 16 22 12.158 5.6 -1.4 0 0 -0.074 1 0 0 0 1.4 2-4edge.dat
1 16 22 12.166 -5.6 -1.4 0 0 -0.074 1 0 0 0 -1.4 2-4edge.dat
2 24 23.4 22.768 -5.6 23.4 22.768 5.6
2 24 20.6 22.916 -5.6 20.6 22.916 5.6
1 16 22 22.842 5.6 -1.4 0 0 0.074 1 0 0 0 1.4 2-4edge.dat
1 16 22 22.842 -5.6 -1.4 0 0 0.074 1 0 0 0 -1.4 2-4edge.dat
2 24 18.569 18.45 -5.6 18.569 18.45 5.6
2 24 17.477 16.05 -5.6 17.477 16.05 5.6
1 16 18.023 17.25 5.6 -0.546 1 0 -1.2 0 0 0 0 1.4 2-4edge.dat
1 16 18.023 17.25 -5.6 -0.546 1 0 -1.2 0 0 0 0 -1.4 2-4edge.dat
1 16 22 12.158 -5.6 -1.4 0 -0.074 -0.074 0 1.34 0 11.2 0 2-4cyli.dat
1 16 22 12.158 -5.6 -1.4 0 -0.074 -0.074 0 1.34 0 -1.4 0 2-8sphe.dat
1 16 22 12.158 5.6 -1.4 0 -0.074 -0.074 0 1.34 0 1.4 0 2-8sphe.dat
1 16 22 22.842 -5.6 1.4 0 -0.074 -0.074 0 -1.34 0 11.2 0 2-4cyli.dat
1 16 22 22.842 -5.6 1.4 0 -0.074 -0.074 0 -1.34 0 -1.4 0 2-8sphe.dat
1 16 22 22.842 5.6 1.4 0 -0.074 -0.074 0 -1.34 0 1.4 0 2-8sphe.dat
1 16 18.023 17.25 -5.6 0.546 0 0.83 1.2 0 -0.35 0 11.2 0 2-4cyli.dat
1 16 18.023 17.25 -5.6 0.546 0 0.83 1.2 0 -0.35 0 -1.4 0 2-8sphe.dat
1 16 18.023 17.25 5.6 0.546 0 0.83 1.2 0 -0.35 0 1.4 0 2-8sphe.dat
2 24 38 25 7 38 10 7
4 16 19 26 -7 38 25 -7 35 22.158 -7 20.598 22.916 -7
4 16 20.598 22.916 7 35 22.158 7 38 25 7 19 26 7
1 16 28.5 25.5 0 9.5 0 0 -0.5 -1 0 0 0 -7 rect.dat
1 16 27.799 22.537 0 0 0 -7.201 0 1 0.379 7 0 0 rect3.dat
2 24 28 22.526 -6 35 22.158 -6
2 24 28 22.526 6 35 22.158 6
2 24 28 22.526 6 28 22.526 -6
4 16 19.479 12.025 -7 35 12.842 -7 38 10 -7 19 9 -7
4 16 19 9 7 38 10 7 35 12.842 7 19.479 12.025 7
1 16 28.5 9.5 0 9.5 0 0 0.5 1 0 0 0 7 rect.dat
1 16 27.2395 12.4335 0 0 0 -7.7605 0 -1 -0.4085 -7 0 0 rect3.dat
2 24 28 12.474 -6 35 12.842 -6
2 24 28 12.474 -6 28 12.474 6
2 24 28 12.474 6 35 12.842 6
4 16 19 9 -7 14 15 -7 17 15 -7 19.479 12.025 -7
4 16 19.479 12.025 7 17 15 7 14 15 7 19 9 7
1 16 16.5 12 0 0 1 -2.5 0 0 3 7 0 0 rect3.dat
4 16 20.598 22.916 -7 17 15 -7 14 15 -7 19 26 -7
4 16 19 26 7 14 15 7 17 15 7 20.598 22.916 7
1 16 16.5 20.5 0 -2.5 1 0 -5.5 0 0 0 0 7 rect2p.dat
4 16 16.193 19.826 -4 1.39 10.203 -4 -2.6188 11.5394 -4 18.7612 25.4746 -4
4 16 18.7612 25.4746 4 -2.6188 11.5394 4 1.39 10.203 4 16.193 19.826 4
1 16 8.7915 15.0145 -3 -7.4015 0 0 -4.8115 1 0 0 0 -1 rect.dat
1 16 8.7915 15.0145 3 -7.4015 0 0 -4.8115 1 0 0 0 -1 rect.dat
2 24 18.7612 25.4746 -4 16.193 19.826 -4
2 24 18.7612 25.4746 4 16.193 19.826 4
2 24 14 15 2 16.193 19.826 2
2 24 14 15 -2 16.193 19.826 -2
4 16 1.39 10.203 -2 16.193 19.826 -2 14 15 -2 6.668 8.441 -2
4 16 14 15 2 16.193 19.826 2 1.39 10.203 2 6.668 8.441 2
1 16 8.0712 18.507 0 -10.69 0 0 -6.9676 -1 0 0 0 4 rect.dat
4 16 16.9507 11.4592 -4 10.5085 7.1637 -4 6.668 8.441 -4 14.893 13.928 -4
4 16 14.893 13.928 4 6.668 8.441 4 10.5085 7.1637 4 16.9507 11.4592 4
1 16 10.7805 11.1845 -3 -4.1125 0 0 -2.7435 -1 0 0 0 1 rect.dat
1 16 10.7805 11.1845 3 -4.1125 0 0 -2.7435 -1 0 0 0 1 rect.dat
2 24 16.9507 11.4592 -4 14.893 13.928 -4
2 24 16.9507 11.4592 4 14.893 13.928 4
2 24 14 15 -2 14.893 13.928 -2
2 24 14 15 2 14.893 13.928 2
3 16 6.668 8.441 2 14.893 13.928 2 14 15 2
3 16 14 15 -2 14.893 13.928 -2 6.668 8.441 -2
1 16 13.7296 9.3115 0 -3.2211 0 0 -2.14775 1 0 0 0 -4 rect.dat
4 16 -4 4 -4 -8 6 -4 -4 12 -4 -2.6188 11.5394 -4
4 16 -4 12 4 -8 6 4 -4 4 4 -2.6188 11.5394 4
1 16 -6 9 0 -2 1 0 -3 0 0 0 0 4 rect.dat
4 16 -8 -4 -4 -8 6 -4 -4 4 -4 -4 0 -4
4 16 -4 0 4 -4 4 4 -8 6 4 -8 -4 4
1 16 -8 1 0 0 1 0 0 0 -5 -4 0 0 rect3.dat
4 16 4 0 -4 4 4 -4 11 7 -4 7 -4 -4
4 16 7 -4 4 11 7 4 4 4 4 4 0 4
1 16 9 1.5 0 2 -1 0 5.5 0 0 0 0 4 rect.dat
1 16 18.2395 13.5125 0 0 -1 -1.2395 0 0 1.4875 -7 0 0 rect3.dat
1 16 18.799 18.958 0 -1.799 -1 0 -3.958 0 0 0 0 -7 rect2p.dat
4 16 38 10 7 38 10 -7 38 13.5 -4 38 13.5 4
4 16 28 13.5 4 28 13.5 -4 28 12.474 -6 28 12.474 6
4 16 38 21.5 4 38 21.5 -4 38 25 -7 38 25 7
4 16 28 22.526 6 28 22.526 -6 28 21.5 -4 28 21.5 4
2 24 38 25 -7 38 10 -7
4 16 38 21.5 -4 38 13.5 -4 38 10 -7 38 25 -7
4 16 28 22.526 -6 28 12.474 -6 28 13.5 -4 28 21.5 -4
4 16 28 21.5 4 28 13.5 4 28 12.474 6 28 22.526 6
4 16 38 25 7 38 10 7 38 13.5 4 38 21.5 4
2 24 28 22.526 -6 28 12.474 -6
2 24 28 22.526 6 28 12.474 6
4 16 38 25 -7 38 10 -7 35 12.842 -7 35 22.158 -7
4 16 35 22.158 7 35 12.842 7 38 10 7 38 25 7
4 16 28 22.526 6 28 12.474 6 35 12.842 6 35 22.158 6
4 16 35 22.158 -6 35 12.842 -6 28 12.474 -6 28 22.526 -6
1 16 35 17.5 -6.5 0 1 0 -4.658 0 0 0 0 0.5 rect.dat
1 16 35 17.5 6.5 0 1 0 -4.658 0 0 0 0 0.5 rect.dat
1 16 38 17.5 0 0 1 0 -4 0 0 0 0 4 4-4edge.dat
1 16 38 17.5 0 0 -1 0 -4 0 0 0 0 -4 4-4ndis.dat
1 16 28 17.5 0 0 1 0 -4 0 0 0 0 4 4-4edge.dat
1 16 28 17.5 0 0 1 0 -4 0 0 0 0 4 4-4ndis.dat
0 BFC INVERTNEXT
1 16 28 17.5 0 0 10 0 -4 0 0 0 0 4 4-4cyli.dat
3 16 10.5085 7.1637 -4 11 7 -4 4 4 -4
3 16 10.5085 7.1637 -4 4 4 -4 6.668 8.441 -4
4 16 0 4 -4 -4 4 -4 -2.6188 11.5394 -4 1.39 10.203 -4
4 16 4 4 -4 0 4 -4 1.39 10.203 -4 6.668 8.441 -4
1 16 4.029 9.322 -3 -2.639 0 0 0.881 -1 0 0 0 1 rect2p.dat
3 16 11 7 4 10.5085 7.1637 4 4 4 4
3 16 4 4 4 10.5085 7.1637 4 6.668 8.441 4
4 16 -2.6188 11.5394 4 -4 4 4 0 4 4 1.39 10.203 4
4 16 1.39 10.203 4 0 4 4 4 4 4 6.668 8.441 4
1 16 4.029 9.322 3 2.639 0 0 -0.881 -1 0 0 0 -1 rect2p.dat
1 16 -3.3094 11.7697 0 -0.6906 0 0 0.2303 -1 0 0 0 4 rect2p.dat
1 16 10.7543 7.0819 0 -0.24575 0 0 0.08185 -1 0 0 0 4 rect2p.dat
0 BFC INVERTNEXT
1 16 0 0 4 0 0 -4 4 0 0 0 -8 0 5-16cylo.dat
0 BFC INVERTNEXT
1 16 0 0 4 0 0 4 4 0 0 0 -8 0 5-16cylo.dat
1 16 5.3478 -4 0 0 0 -1.6522 0 1 0 4 0 0 rect3.dat
1 16 -5.8478 -4 0 0 0 2.1522 0 1 0 -4 0 0 rect3.dat
1 16 0 0 4 0 0 -4 4 0 0 0 -1 0 5-16ndis.dat
1 16 0 0 4 0 0 4 4 0 0 0 -1 0 5-16ndis.dat
1 16 -3.6956 -2.7654 0 0 -1 0 0 0 1.2346 -4 0 0 rect3.dat
3 16 -3.6956 -1.5308 4 -4 -4 4 -3.6956 -4 4
3 16 -4 0 4 -8 -4 4 -4 -4 4
1 16 3.6956 -2.7654 0 0 1 0 0 0 1.2346 4 0 0 rect3.dat
3 16 4 -4 4 3.6956 -1.5308 4 3.6956 -4 4
3 16 7 -4 4 4 0 4 4 -4 4
1 16 0 0 -4 0 0 -4 4 0 0 0 1 0 5-16ndis.dat
1 16 0 0 -4 0 0 4 4 0 0 0 1 0 5-16ndis.dat
3 16 -8 -4 -4 -4 0 -4 -4 -4 -4
3 16 4 0 -4 7 -4 -4 4 -4 -4
3 16 3.6956 -4 -4 3.6956 -1.5308 -4 4 -4 -4
3 16 -3.6956 -4 -4 -4 -4 -4 -3.6956 -1.5308 -4
