0 ~Technic Axle Joiner  3 x  2 with Spring - Spring
0 Name: 987.dat
0 Author: Michael Heidemann [mikeheide]
0 !LDRAW_ORG Part UPDATE 2020-03
0 !LICENSE Redistributable under CCAL version 2.0 : see CAreadme.txt

0 BFC CERTIFY CCW

0 !HISTORY 2012-03-30 [PTadmin] Official Update 2012-01
0 !HISTORY 2013-09-01 [MagFors] Modified with WINDZ for BFC compliance
0 !HISTORY 2013-09-02 [MagFors] Changed the colour of edges from 0 to 24
0 !HISTORY 2020-12-29 [PTadmin] Official Update 2020-03

2 24 9.26 0.63 0 8.555 0.724 3.544
2 24 9.89 0 0 9.137 0.094 3.785
2 24 9.26 -0.63 0 8.555 -0.536 3.544
2 24 8.63 0 0 7.973 0.094 3.303
4 16 9.26 0.63 0 8.555 0.724 3.544 9.137 0.094 3.785 9.89 0 0
4 16 9.89 0 0 9.137 0.094 3.785 8.555 -0.536 3.544 9.26 -0.63 0
4 16 9.26 -0.63 0 8.555 -0.536 3.544 7.973 0.094 3.303 8.63 0 0
4 16 8.63 0 0 7.973 0.094 3.303 8.555 0.724 3.544 9.26 0.63 0
2 24 8.555 0.724 3.544 6.548 0.818 6.548
2 24 9.137 0.094 3.785 6.993 0.188 6.993
2 24 8.555 -0.536 3.544 6.548 -0.443 6.548
2 24 7.973 0.094 3.303 6.102 0.188 6.102
4 16 8.555 0.724 3.544 6.548 0.818 6.548 6.993 0.188 6.993 9.137 0.094 3.785
4 16 9.137 0.094 3.785 6.993 0.188 6.993 6.548 -0.443 6.548 8.555 -0.536 3.544
4 16 8.555 -0.536 3.544 6.548 -0.443 6.548 6.102 0.188 6.102 7.973 0.094 3.303
4 16 7.973 0.094 3.303 6.102 0.188 6.102 6.548 0.818 6.548 8.555 0.724 3.544
2 24 6.548 0.818 6.548 3.544 0.911 8.555
2 24 6.993 0.188 6.993 3.785 0.281 9.137
2 24 6.548 -0.443 6.548 3.544 -0.349 8.555
2 24 6.102 0.188 6.102 3.303 0.281 7.973
4 16 6.548 0.818 6.548 3.544 0.911 8.555 3.785 0.281 9.137 6.993 0.188 6.993
4 16 6.993 0.188 6.993 3.785 0.281 9.137 3.544 -0.349 8.555 6.548 -0.443 6.548
4 16 6.548 -0.443 6.548 3.544 -0.349 8.555 3.303 0.281 7.973 6.102 0.188 6.102
4 16 6.102 0.188 6.102 3.303 0.281 7.973 3.544 0.911 8.555 6.548 0.818 6.548
2 24 3.544 0.911 8.555 0 1.005 9.26
2 24 3.785 0.281 9.137 0 0.375 9.89
2 24 3.544 -0.349 8.555 0 -0.255 9.26
2 24 3.303 0.281 7.973 0 0.375 8.63
4 16 3.544 0.911 8.555 0 1.005 9.26 0 0.375 9.89 3.785 0.281 9.137
4 16 3.785 0.281 9.137 0 0.375 9.89 0 -0.255 9.26 3.544 -0.349 8.555
4 16 3.544 -0.349 8.555 0 -0.255 9.26 0 0.375 8.63 3.303 0.281 7.973
4 16 3.303 0.281 7.973 0 0.375 8.63 0 1.005 9.26 3.544 0.911 8.555
2 24 0 1.005 9.26 -3.544 1.099 8.555
2 24 0 0.375 9.89 -3.785 0.469 9.137
2 24 0 -0.255 9.26 -3.544 -0.161 8.555
2 24 0 0.375 8.63 -3.303 0.469 7.973
4 16 0 1.005 9.26 -3.544 1.099 8.555 -3.785 0.469 9.137 0 0.375 9.89
4 16 0 0.375 9.89 -3.785 0.469 9.137 -3.544 -0.161 8.555 0 -0.255 9.26
4 16 0 -0.255 9.26 -3.544 -0.161 8.555 -3.303 0.469 7.973 0 0.375 8.63
4 16 0 0.375 8.63 -3.303 0.469 7.973 -3.544 1.099 8.555 0 1.005 9.26
2 24 -3.544 1.099 8.555 -6.548 1.193 6.548
2 24 -3.785 0.469 9.137 -6.993 0.563 6.993
2 24 -3.544 -0.161 8.555 -6.548 -0.068 6.548
2 24 -3.303 0.469 7.973 -6.102 0.563 6.102
4 16 -3.544 1.099 8.555 -6.548 1.193 6.548 -6.993 0.563 6.993 -3.785 0.469 9.137
4 16 -3.785 0.469 9.137 -6.993 0.563 6.993 -6.548 -0.068 6.548 -3.544 -0.161 8.555
4 16 -3.544 -0.161 8.555 -6.548 -0.068 6.548 -6.102 0.563 6.102 -3.303 0.469 7.973
4 16 -3.303 0.469 7.973 -6.102 0.563 6.102 -6.548 1.193 6.548 -3.544 1.099 8.555
2 24 -6.548 1.193 6.548 -8.555 1.286 3.544
2 24 -6.993 0.563 6.993 -9.137 0.656 3.785
2 24 -6.548 -0.068 6.548 -8.555 0.026 3.544
2 24 -6.102 0.563 6.102 -7.973 0.656 3.303
4 16 -6.548 1.193 6.548 -8.555 1.286 3.544 -9.137 0.656 3.785 -6.993 0.563 6.993
4 16 -6.993 0.563 6.993 -9.137 0.656 3.785 -8.555 0.026 3.544 -6.548 -0.068 6.548
4 16 -6.548 -0.068 6.548 -8.555 0.026 3.544 -7.973 0.656 3.303 -6.102 0.563 6.102
4 16 -6.102 0.563 6.102 -7.973 0.656 3.303 -8.555 1.286 3.544 -6.548 1.193 6.548
2 24 -8.555 1.286 3.544 -9.26 1.38 0
2 24 -9.137 0.656 3.785 -9.89 0.75 0
2 24 -8.555 0.026 3.544 -9.26 0.12 0
2 24 -7.973 0.656 3.303 -8.63 0.75 0
4 16 -8.555 1.286 3.544 -9.26 1.38 0 -9.89 0.75 0 -9.137 0.656 3.785
4 16 -9.137 0.656 3.785 -9.89 0.75 0 -9.26 0.12 0 -8.555 0.026 3.544
4 16 -8.555 0.026 3.544 -9.26 0.12 0 -8.63 0.75 0 -7.973 0.656 3.303
4 16 -7.973 0.656 3.303 -8.63 0.75 0 -9.26 1.38 0 -8.555 1.286 3.544
2 24 -9.26 1.38 0 -8.555 1.474 -3.544
2 24 -9.89 0.75 0 -9.137 0.844 -3.785
2 24 -9.26 0.12 0 -8.555 0.214 -3.544
2 24 -8.63 0.75 0 -7.973 0.844 -3.303
4 16 -9.26 1.38 0 -8.555 1.474 -3.544 -9.137 0.844 -3.785 -9.89 0.75 0
4 16 -9.89 0.75 0 -9.137 0.844 -3.785 -8.555 0.214 -3.544 -9.26 0.12 0
4 16 -9.26 0.12 0 -8.555 0.214 -3.544 -7.973 0.844 -3.303 -8.63 0.75 0
4 16 -8.63 0.75 0 -7.973 0.844 -3.303 -8.555 1.474 -3.544 -9.26 1.38 0
2 24 -8.555 1.474 -3.544 -6.548 1.568 -6.548
2 24 -9.137 0.844 -3.785 -6.993 0.938 -6.993
2 24 -8.555 0.214 -3.544 -6.548 0.308 -6.548
2 24 -7.973 0.844 -3.303 -6.102 0.938 -6.102
4 16 -8.555 1.474 -3.544 -6.548 1.568 -6.548 -6.993 0.938 -6.993 -9.137 0.844 -3.785
4 16 -9.137 0.844 -3.785 -6.993 0.938 -6.993 -6.548 0.308 -6.548 -8.555 0.214 -3.544
4 16 -8.555 0.214 -3.544 -6.548 0.308 -6.548 -6.102 0.938 -6.102 -7.973 0.844 -3.303
4 16 -7.973 0.844 -3.303 -6.102 0.938 -6.102 -6.548 1.568 -6.548 -8.555 1.474 -3.544
2 24 -6.548 1.568 -6.548 -3.544 1.661 -8.555
2 24 -6.993 0.938 -6.993 -3.785 1.031 -9.137
2 24 -6.548 0.308 -6.548 -3.544 0.401 -8.555
2 24 -6.102 0.938 -6.102 -3.303 1.031 -7.973
4 16 -6.548 1.568 -6.548 -3.544 1.661 -8.555 -3.785 1.031 -9.137 -6.993 0.938 -6.993
4 16 -6.993 0.938 -6.993 -3.785 1.031 -9.137 -3.544 0.401 -8.555 -6.548 0.308 -6.548
4 16 -6.548 0.308 -6.548 -3.544 0.401 -8.555 -3.303 1.031 -7.973 -6.102 0.938 -6.102
4 16 -6.102 0.938 -6.102 -3.303 1.031 -7.973 -3.544 1.661 -8.555 -6.548 1.568 -6.548
2 24 -3.544 1.661 -8.555 0 1.755 -9.26
2 24 -3.785 1.031 -9.137 0 1.125 -9.89
2 24 -3.544 0.401 -8.555 0 0.495 -9.26
2 24 -3.303 1.031 -7.973 0 1.125 -8.63
4 16 -3.544 1.661 -8.555 0 1.755 -9.26 0 1.125 -9.89 -3.785 1.031 -9.137
4 16 -3.785 1.031 -9.137 0 1.125 -9.89 0 0.495 -9.26 -3.544 0.401 -8.555
4 16 -3.544 0.401 -8.555 0 0.495 -9.26 0 1.125 -8.63 -3.303 1.031 -7.973
4 16 -3.303 1.031 -7.973 0 1.125 -8.63 0 1.755 -9.26 -3.544 1.661 -8.555
2 24 0 1.755 -9.26 3.544 1.849 -8.555
2 24 0 1.125 -9.89 3.785 1.219 -9.137
2 24 0 0.495 -9.26 3.544 0.589 -8.555
2 24 0 1.125 -8.63 3.303 1.219 -7.973
4 16 0 1.755 -9.26 3.544 1.849 -8.555 3.785 1.219 -9.137 0 1.125 -9.89
4 16 0 1.125 -9.89 3.785 1.219 -9.137 3.544 0.589 -8.555 0 0.495 -9.26
4 16 0 0.495 -9.26 3.544 0.589 -8.555 3.303 1.219 -7.973 0 1.125 -8.63
4 16 0 1.125 -8.63 3.303 1.219 -7.973 3.544 1.849 -8.555 0 1.755 -9.26
2 24 3.544 1.849 -8.555 6.548 1.943 -6.548
2 24 3.785 1.219 -9.137 6.993 1.313 -6.993
2 24 3.544 0.589 -8.555 6.548 0.683 -6.548
2 24 3.303 1.219 -7.973 6.102 1.313 -6.102
4 16 3.544 1.849 -8.555 6.548 1.943 -6.548 6.993 1.313 -6.993 3.785 1.219 -9.137
4 16 3.785 1.219 -9.137 6.993 1.313 -6.993 6.548 0.683 -6.548 3.544 0.589 -8.555
4 16 3.544 0.589 -8.555 6.548 0.683 -6.548 6.102 1.313 -6.102 3.303 1.219 -7.973
4 16 3.303 1.219 -7.973 6.102 1.313 -6.102 6.548 1.943 -6.548 3.544 1.849 -8.555
2 24 6.548 1.943 -6.548 8.555 2.036 -3.544
2 24 6.993 1.313 -6.993 9.137 1.406 -3.785
2 24 6.548 0.683 -6.548 8.555 0.776 -3.544
2 24 6.102 1.313 -6.102 7.973 1.406 -3.303
4 16 6.548 1.943 -6.548 8.555 2.036 -3.544 9.137 1.406 -3.785 6.993 1.313 -6.993
4 16 6.993 1.313 -6.993 9.137 1.406 -3.785 8.555 0.776 -3.544 6.548 0.683 -6.548
4 16 6.548 0.683 -6.548 8.555 0.776 -3.544 7.973 1.406 -3.303 6.102 1.313 -6.102
4 16 6.102 1.313 -6.102 7.973 1.406 -3.303 8.555 2.036 -3.544 6.548 1.943 -6.548
2 24 8.555 2.036 -3.544 9.26 2.13 0
2 24 9.137 1.406 -3.785 9.89 1.5 0
2 24 8.555 0.776 -3.544 9.26 0.87 0
2 24 7.973 1.406 -3.303 8.63 1.5 0
4 16 8.555 2.036 -3.544 9.26 2.13 0 9.89 1.5 0 9.137 1.406 -3.785
4 16 9.137 1.406 -3.785 9.89 1.5 0 9.26 0.87 0 8.555 0.776 -3.544
4 16 8.555 0.776 -3.544 9.26 0.87 0 8.63 1.5 0 7.973 1.406 -3.303
4 16 7.973 1.406 -3.303 8.63 1.5 0 9.26 2.13 0 8.555 2.036 -3.544
2 24 9.26 2.13 0 8.555 2.224 3.544
2 24 9.89 1.5 0 9.137 1.594 3.785
2 24 9.26 0.87 0 8.555 0.964 3.544
2 24 8.63 1.5 0 7.973 1.594 3.303
4 16 9.26 2.13 0 8.555 2.224 3.544 9.137 1.594 3.785 9.89 1.5 0
4 16 9.89 1.5 0 9.137 1.594 3.785 8.555 0.964 3.544 9.26 0.87 0
4 16 9.26 0.87 0 8.555 0.964 3.544 7.973 1.594 3.303 8.63 1.5 0
4 16 8.63 1.5 0 7.973 1.594 3.303 8.555 2.224 3.544 9.26 2.13 0
2 24 8.555 2.224 3.544 6.548 2.318 6.548
2 24 9.137 1.594 3.785 6.993 1.688 6.993
2 24 8.555 0.964 3.544 6.548 1.058 6.548
2 24 7.973 1.594 3.303 6.102 1.688 6.102
4 16 8.555 2.224 3.544 6.548 2.318 6.548 6.993 1.688 6.993 9.137 1.594 3.785
4 16 9.137 1.594 3.785 6.993 1.688 6.993 6.548 1.058 6.548 8.555 0.964 3.544
4 16 8.555 0.964 3.544 6.548 1.058 6.548 6.102 1.688 6.102 7.973 1.594 3.303
4 16 7.973 1.594 3.303 6.102 1.688 6.102 6.548 2.318 6.548 8.555 2.224 3.544
2 24 6.548 2.318 6.548 3.544 2.411 8.555
2 24 6.993 1.688 6.993 3.785 1.781 9.137
2 24 6.548 1.058 6.548 3.544 1.151 8.555
2 24 6.102 1.688 6.102 3.303 1.781 7.973
4 16 6.548 2.318 6.548 3.544 2.411 8.555 3.785 1.781 9.137 6.993 1.688 6.993
4 16 6.993 1.688 6.993 3.785 1.781 9.137 3.544 1.151 8.555 6.548 1.058 6.548
4 16 6.548 1.058 6.548 3.544 1.151 8.555 3.303 1.781 7.973 6.102 1.688 6.102
4 16 6.102 1.688 6.102 3.303 1.781 7.973 3.544 2.411 8.555 6.548 2.318 6.548
2 24 3.544 2.411 8.555 0 2.505 9.26
2 24 3.785 1.781 9.137 0 1.875 9.89
2 24 3.544 1.151 8.555 0 1.245 9.26
2 24 3.303 1.781 7.973 0 1.875 8.63
4 16 3.544 2.411 8.555 0 2.505 9.26 0 1.875 9.89 3.785 1.781 9.137
4 16 3.785 1.781 9.137 0 1.875 9.89 0 1.245 9.26 3.544 1.151 8.555
4 16 3.544 1.151 8.555 0 1.245 9.26 0 1.875 8.63 3.303 1.781 7.973
4 16 3.303 1.781 7.973 0 1.875 8.63 0 2.505 9.26 3.544 2.411 8.555
2 24 0 2.505 9.26 -3.544 2.599 8.555
2 24 0 1.875 9.89 -3.785 1.969 9.137
2 24 0 1.245 9.26 -3.544 1.339 8.555
2 24 0 1.875 8.63 -3.303 1.969 7.973
4 16 0 2.505 9.26 -3.544 2.599 8.555 -3.785 1.969 9.137 0 1.875 9.89
4 16 0 1.875 9.89 -3.785 1.969 9.137 -3.544 1.339 8.555 0 1.245 9.26
4 16 0 1.245 9.26 -3.544 1.339 8.555 -3.303 1.969 7.973 0 1.875 8.63
4 16 0 1.875 8.63 -3.303 1.969 7.973 -3.544 2.599 8.555 0 2.505 9.26
2 24 -3.544 2.599 8.555 -6.548 2.693 6.548
2 24 -3.785 1.969 9.137 -6.993 2.063 6.993
2 24 -3.544 1.339 8.555 -6.548 1.433 6.548
2 24 -3.303 1.969 7.973 -6.102 2.063 6.102
4 16 -3.544 2.599 8.555 -6.548 2.693 6.548 -6.993 2.063 6.993 -3.785 1.969 9.137
4 16 -3.785 1.969 9.137 -6.993 2.063 6.993 -6.548 1.433 6.548 -3.544 1.339 8.555
4 16 -3.544 1.339 8.555 -6.548 1.433 6.548 -6.102 2.063 6.102 -3.303 1.969 7.973
4 16 -3.303 1.969 7.973 -6.102 2.063 6.102 -6.548 2.693 6.548 -3.544 2.599 8.555
2 24 -6.548 2.693 6.548 -8.555 2.786 3.544
2 24 -6.993 2.063 6.993 -9.137 2.156 3.785
2 24 -6.548 1.433 6.548 -8.555 1.526 3.544
2 24 -6.102 2.063 6.102 -7.973 2.156 3.303
4 16 -6.548 2.693 6.548 -8.555 2.786 3.544 -9.137 2.156 3.785 -6.993 2.063 6.993
4 16 -6.993 2.063 6.993 -9.137 2.156 3.785 -8.555 1.526 3.544 -6.548 1.433 6.548
4 16 -6.548 1.433 6.548 -8.555 1.526 3.544 -7.973 2.156 3.303 -6.102 2.063 6.102
4 16 -6.102 2.063 6.102 -7.973 2.156 3.303 -8.555 2.786 3.544 -6.548 2.693 6.548
2 24 -8.555 2.786 3.544 -9.26 2.88 0
2 24 -9.137 2.156 3.785 -9.89 2.25 0
2 24 -8.555 1.526 3.544 -9.26 1.62 0
2 24 -7.973 2.156 3.303 -8.63 2.25 0
4 16 -8.555 2.786 3.544 -9.26 2.88 0 -9.89 2.25 0 -9.137 2.156 3.785
4 16 -9.137 2.156 3.785 -9.89 2.25 0 -9.26 1.62 0 -8.555 1.526 3.544
4 16 -8.555 1.526 3.544 -9.26 1.62 0 -8.63 2.25 0 -7.973 2.156 3.303
4 16 -7.973 2.156 3.303 -8.63 2.25 0 -9.26 2.88 0 -8.555 2.786 3.544
2 24 -9.26 2.88 0 -8.555 2.974 -3.544
2 24 -9.89 2.25 0 -9.137 2.344 -3.785
2 24 -9.26 1.62 0 -8.555 1.714 -3.544
2 24 -8.63 2.25 0 -7.973 2.344 -3.303
4 16 -9.26 2.88 0 -8.555 2.974 -3.544 -9.137 2.344 -3.785 -9.89 2.25 0
4 16 -9.89 2.25 0 -9.137 2.344 -3.785 -8.555 1.714 -3.544 -9.26 1.62 0
4 16 -9.26 1.62 0 -8.555 1.714 -3.544 -7.973 2.344 -3.303 -8.63 2.25 0
4 16 -8.63 2.25 0 -7.973 2.344 -3.303 -8.555 2.974 -3.544 -9.26 2.88 0
2 24 -8.555 2.974 -3.544 -6.548 3.068 -6.548
2 24 -9.137 2.344 -3.785 -6.993 2.438 -6.993
2 24 -8.555 1.714 -3.544 -6.548 1.808 -6.548
2 24 -7.973 2.344 -3.303 -6.102 2.438 -6.102
4 16 -8.555 2.974 -3.544 -6.548 3.068 -6.548 -6.993 2.438 -6.993 -9.137 2.344 -3.785
4 16 -9.137 2.344 -3.785 -6.993 2.438 -6.993 -6.548 1.808 -6.548 -8.555 1.714 -3.544
4 16 -8.555 1.714 -3.544 -6.548 1.808 -6.548 -6.102 2.438 -6.102 -7.973 2.344 -3.303
4 16 -7.973 2.344 -3.303 -6.102 2.438 -6.102 -6.548 3.068 -6.548 -8.555 2.974 -3.544
2 24 -6.548 3.068 -6.548 -3.544 3.161 -8.555
2 24 -6.993 2.438 -6.993 -3.785 2.531 -9.137
2 24 -6.548 1.808 -6.548 -3.544 1.901 -8.555
2 24 -6.102 2.438 -6.102 -3.303 2.531 -7.973
4 16 -6.548 3.068 -6.548 -3.544 3.161 -8.555 -3.785 2.531 -9.137 -6.993 2.438 -6.993
4 16 -6.993 2.438 -6.993 -3.785 2.531 -9.137 -3.544 1.901 -8.555 -6.548 1.808 -6.548
4 16 -6.548 1.808 -6.548 -3.544 1.901 -8.555 -3.303 2.531 -7.973 -6.102 2.438 -6.102
4 16 -6.102 2.438 -6.102 -3.303 2.531 -7.973 -3.544 3.161 -8.555 -6.548 3.068 -6.548
2 24 -3.544 3.161 -8.555 0 3.255 -9.26
2 24 -3.785 2.531 -9.137 0 2.625 -9.89
2 24 -3.544 1.901 -8.555 0 1.995 -9.26
2 24 -3.303 2.531 -7.973 0 2.625 -8.63
4 16 -3.544 3.161 -8.555 0 3.255 -9.26 0 2.625 -9.89 -3.785 2.531 -9.137
4 16 -3.785 2.531 -9.137 0 2.625 -9.89 0 1.995 -9.26 -3.544 1.901 -8.555
4 16 -3.544 1.901 -8.555 0 1.995 -9.26 0 2.625 -8.63 -3.303 2.531 -7.973
4 16 -3.303 2.531 -7.973 0 2.625 -8.63 0 3.255 -9.26 -3.544 3.161 -8.555
2 24 0 3.255 -9.26 3.544 3.349 -8.555
2 24 0 2.625 -9.89 3.785 2.719 -9.137
2 24 0 1.995 -9.26 3.544 2.089 -8.555
2 24 0 2.625 -8.63 3.303 2.719 -7.973
4 16 0 3.255 -9.26 3.544 3.349 -8.555 3.785 2.719 -9.137 0 2.625 -9.89
4 16 0 2.625 -9.89 3.785 2.719 -9.137 3.544 2.089 -8.555 0 1.995 -9.26
4 16 0 1.995 -9.26 3.544 2.089 -8.555 3.303 2.719 -7.973 0 2.625 -8.63
4 16 0 2.625 -8.63 3.303 2.719 -7.973 3.544 3.349 -8.555 0 3.255 -9.26
2 24 3.544 3.349 -8.555 6.548 3.443 -6.548
2 24 3.785 2.719 -9.137 6.993 2.813 -6.993
2 24 3.544 2.089 -8.555 6.548 2.183 -6.548
2 24 3.303 2.719 -7.973 6.102 2.813 -6.102
4 16 3.544 3.349 -8.555 6.548 3.443 -6.548 6.993 2.813 -6.993 3.785 2.719 -9.137
4 16 3.785 2.719 -9.137 6.993 2.813 -6.993 6.548 2.183 -6.548 3.544 2.089 -8.555
4 16 3.544 2.089 -8.555 6.548 2.183 -6.548 6.102 2.813 -6.102 3.303 2.719 -7.973
4 16 3.303 2.719 -7.973 6.102 2.813 -6.102 6.548 3.443 -6.548 3.544 3.349 -8.555
2 24 6.548 3.443 -6.548 8.555 3.536 -3.544
2 24 6.993 2.813 -6.993 9.137 2.906 -3.785
2 24 6.548 2.183 -6.548 8.555 2.276 -3.544
2 24 6.102 2.813 -6.102 7.973 2.906 -3.303
4 16 6.548 3.443 -6.548 8.555 3.536 -3.544 9.137 2.906 -3.785 6.993 2.813 -6.993
4 16 6.993 2.813 -6.993 9.137 2.906 -3.785 8.555 2.276 -3.544 6.548 2.183 -6.548
4 16 6.548 2.183 -6.548 8.555 2.276 -3.544 7.973 2.906 -3.303 6.102 2.813 -6.102
4 16 6.102 2.813 -6.102 7.973 2.906 -3.303 8.555 3.536 -3.544 6.548 3.443 -6.548
2 24 8.555 3.536 -3.544 9.26 3.63 0
2 24 9.137 2.906 -3.785 9.89 3 0
2 24 8.555 2.276 -3.544 9.26 2.37 0
2 24 7.973 2.906 -3.303 8.63 3 0
4 16 8.555 3.536 -3.544 9.26 3.63 0 9.89 3 0 9.137 2.906 -3.785
4 16 9.137 2.906 -3.785 9.89 3 0 9.26 2.37 0 8.555 2.276 -3.544
4 16 8.555 2.276 -3.544 9.26 2.37 0 8.63 3 0 7.973 2.906 -3.303
4 16 7.973 2.906 -3.303 8.63 3 0 9.26 3.63 0 8.555 3.536 -3.544
2 24 9.26 3.63 0 8.555 3.724 3.544
2 24 9.89 3 0 9.137 3.094 3.785
2 24 9.26 2.37 0 8.555 2.464 3.544
2 24 8.63 3 0 7.973 3.094 3.303
4 16 9.26 3.63 0 8.555 3.724 3.544 9.137 3.094 3.785 9.89 3 0
4 16 9.89 3 0 9.137 3.094 3.785 8.555 2.464 3.544 9.26 2.37 0
4 16 9.26 2.37 0 8.555 2.464 3.544 7.973 3.094 3.303 8.63 3 0
4 16 8.63 3 0 7.973 3.094 3.303 8.555 3.724 3.544 9.26 3.63 0
2 24 8.555 3.724 3.544 6.548 3.818 6.548
2 24 9.137 3.094 3.785 6.993 3.188 6.993
2 24 8.555 2.464 3.544 6.548 2.558 6.548
2 24 7.973 3.094 3.303 6.102 3.188 6.102
4 16 8.555 3.724 3.544 6.548 3.818 6.548 6.993 3.188 6.993 9.137 3.094 3.785
4 16 9.137 3.094 3.785 6.993 3.188 6.993 6.548 2.558 6.548 8.555 2.464 3.544
4 16 8.555 2.464 3.544 6.548 2.558 6.548 6.102 3.188 6.102 7.973 3.094 3.303
4 16 7.973 3.094 3.303 6.102 3.188 6.102 6.548 3.818 6.548 8.555 3.724 3.544
2 24 6.548 3.818 6.548 3.544 3.911 8.555
2 24 6.993 3.188 6.993 3.785 3.281 9.137
2 24 6.548 2.558 6.548 3.544 2.651 8.555
2 24 6.102 3.188 6.102 3.303 3.281 7.973
4 16 6.548 3.818 6.548 3.544 3.911 8.555 3.785 3.281 9.137 6.993 3.188 6.993
4 16 6.993 3.188 6.993 3.785 3.281 9.137 3.544 2.651 8.555 6.548 2.558 6.548
4 16 6.548 2.558 6.548 3.544 2.651 8.555 3.303 3.281 7.973 6.102 3.188 6.102
4 16 6.102 3.188 6.102 3.303 3.281 7.973 3.544 3.911 8.555 6.548 3.818 6.548
2 24 3.544 3.911 8.555 0 4.005 9.26
2 24 3.785 3.281 9.137 0 3.375 9.89
2 24 3.544 2.651 8.555 0 2.745 9.26
2 24 3.303 3.281 7.973 0 3.375 8.63
4 16 3.544 3.911 8.555 0 4.005 9.26 0 3.375 9.89 3.785 3.281 9.137
4 16 3.785 3.281 9.137 0 3.375 9.89 0 2.745 9.26 3.544 2.651 8.555
4 16 3.544 2.651 8.555 0 2.745 9.26 0 3.375 8.63 3.303 3.281 7.973
4 16 3.303 3.281 7.973 0 3.375 8.63 0 4.005 9.26 3.544 3.911 8.555
2 24 0 4.005 9.26 -3.544 4.099 8.555
2 24 0 3.375 9.89 -3.785 3.469 9.137
2 24 0 2.745 9.26 -3.544 2.839 8.555
2 24 0 3.375 8.63 -3.303 3.469 7.973
4 16 0 4.005 9.26 -3.544 4.099 8.555 -3.785 3.469 9.137 0 3.375 9.89
4 16 0 3.375 9.89 -3.785 3.469 9.137 -3.544 2.839 8.555 0 2.745 9.26
4 16 0 2.745 9.26 -3.544 2.839 8.555 -3.303 3.469 7.973 0 3.375 8.63
4 16 0 3.375 8.63 -3.303 3.469 7.973 -3.544 4.099 8.555 0 4.005 9.26
2 24 -3.544 4.099 8.555 -6.548 4.193 6.548
2 24 -3.785 3.469 9.137 -6.993 3.563 6.993
2 24 -3.544 2.839 8.555 -6.548 2.933 6.548
2 24 -3.303 3.469 7.973 -6.102 3.563 6.102
4 16 -3.544 4.099 8.555 -6.548 4.193 6.548 -6.993 3.563 6.993 -3.785 3.469 9.137
4 16 -3.785 3.469 9.137 -6.993 3.563 6.993 -6.548 2.933 6.548 -3.544 2.839 8.555
4 16 -3.544 2.839 8.555 -6.548 2.933 6.548 -6.102 3.563 6.102 -3.303 3.469 7.973
4 16 -3.303 3.469 7.973 -6.102 3.563 6.102 -6.548 4.193 6.548 -3.544 4.099 8.555
2 24 -6.548 4.193 6.548 -8.555 4.286 3.544
2 24 -6.993 3.563 6.993 -9.137 3.656 3.785
2 24 -6.548 2.933 6.548 -8.555 3.026 3.544
2 24 -6.102 3.563 6.102 -7.973 3.656 3.303
4 16 -6.548 4.193 6.548 -8.555 4.286 3.544 -9.137 3.656 3.785 -6.993 3.563 6.993
4 16 -6.993 3.563 6.993 -9.137 3.656 3.785 -8.555 3.026 3.544 -6.548 2.933 6.548
4 16 -6.548 2.933 6.548 -8.555 3.026 3.544 -7.973 3.656 3.303 -6.102 3.563 6.102
4 16 -6.102 3.563 6.102 -7.973 3.656 3.303 -8.555 4.286 3.544 -6.548 4.193 6.548
2 24 -8.555 4.286 3.544 -9.26 4.38 0
2 24 -9.137 3.656 3.785 -9.89 3.75 0
2 24 -8.555 3.026 3.544 -9.26 3.12 0
2 24 -7.973 3.656 3.303 -8.63 3.75 0
4 16 -8.555 4.286 3.544 -9.26 4.38 0 -9.89 3.75 0 -9.137 3.656 3.785
4 16 -9.137 3.656 3.785 -9.89 3.75 0 -9.26 3.12 0 -8.555 3.026 3.544
4 16 -8.555 3.026 3.544 -9.26 3.12 0 -8.63 3.75 0 -7.973 3.656 3.303
4 16 -7.973 3.656 3.303 -8.63 3.75 0 -9.26 4.38 0 -8.555 4.286 3.544
2 24 -9.26 4.38 0 -8.555 4.474 -3.544
2 24 -9.89 3.75 0 -9.137 3.844 -3.785
2 24 -9.26 3.12 0 -8.555 3.214 -3.544
2 24 -8.63 3.75 0 -7.973 3.844 -3.303
4 16 -9.26 4.38 0 -8.555 4.474 -3.544 -9.137 3.844 -3.785 -9.89 3.75 0
4 16 -9.89 3.75 0 -9.137 3.844 -3.785 -8.555 3.214 -3.544 -9.26 3.12 0
4 16 -9.26 3.12 0 -8.555 3.214 -3.544 -7.973 3.844 -3.303 -8.63 3.75 0
4 16 -8.63 3.75 0 -7.973 3.844 -3.303 -8.555 4.474 -3.544 -9.26 4.38 0
2 24 -8.555 4.474 -3.544 -6.548 4.568 -6.548
2 24 -9.137 3.844 -3.785 -6.993 3.938 -6.993
2 24 -8.555 3.214 -3.544 -6.548 3.308 -6.548
2 24 -7.973 3.844 -3.303 -6.102 3.938 -6.102
4 16 -8.555 4.474 -3.544 -6.548 4.568 -6.548 -6.993 3.938 -6.993 -9.137 3.844 -3.785
4 16 -9.137 3.844 -3.785 -6.993 3.938 -6.993 -6.548 3.308 -6.548 -8.555 3.214 -3.544
4 16 -8.555 3.214 -3.544 -6.548 3.308 -6.548 -6.102 3.938 -6.102 -7.973 3.844 -3.303
4 16 -7.973 3.844 -3.303 -6.102 3.938 -6.102 -6.548 4.568 -6.548 -8.555 4.474 -3.544
2 24 -6.548 4.568 -6.548 -3.544 4.661 -8.555
2 24 -6.993 3.938 -6.993 -3.785 4.031 -9.137
2 24 -6.548 3.308 -6.548 -3.544 3.401 -8.555
2 24 -6.102 3.938 -6.102 -3.303 4.031 -7.973
4 16 -6.548 4.568 -6.548 -3.544 4.661 -8.555 -3.785 4.031 -9.137 -6.993 3.938 -6.993
4 16 -6.993 3.938 -6.993 -3.785 4.031 -9.137 -3.544 3.401 -8.555 -6.548 3.308 -6.548
4 16 -6.548 3.308 -6.548 -3.544 3.401 -8.555 -3.303 4.031 -7.973 -6.102 3.938 -6.102
4 16 -6.102 3.938 -6.102 -3.303 4.031 -7.973 -3.544 4.661 -8.555 -6.548 4.568 -6.548
2 24 -3.544 4.661 -8.555 0 4.755 -9.26
2 24 -3.785 4.031 -9.137 0 4.125 -9.89
2 24 -3.544 3.401 -8.555 0 3.495 -9.26
2 24 -3.303 4.031 -7.973 0 4.125 -8.63
4 16 -3.544 4.661 -8.555 0 4.755 -9.26 0 4.125 -9.89 -3.785 4.031 -9.137
4 16 -3.785 4.031 -9.137 0 4.125 -9.89 0 3.495 -9.26 -3.544 3.401 -8.555
4 16 -3.544 3.401 -8.555 0 3.495 -9.26 0 4.125 -8.63 -3.303 4.031 -7.973
4 16 -3.303 4.031 -7.973 0 4.125 -8.63 0 4.755 -9.26 -3.544 4.661 -8.555
2 24 0 4.755 -9.26 3.544 4.849 -8.555
2 24 0 4.125 -9.89 3.785 4.219 -9.137
2 24 0 3.495 -9.26 3.544 3.589 -8.555
2 24 0 4.125 -8.63 3.303 4.219 -7.973
4 16 0 4.755 -9.26 3.544 4.849 -8.555 3.785 4.219 -9.137 0 4.125 -9.89
4 16 0 4.125 -9.89 3.785 4.219 -9.137 3.544 3.589 -8.555 0 3.495 -9.26
4 16 0 3.495 -9.26 3.544 3.589 -8.555 3.303 4.219 -7.973 0 4.125 -8.63
4 16 0 4.125 -8.63 3.303 4.219 -7.973 3.544 4.849 -8.555 0 4.755 -9.26
2 24 3.544 4.849 -8.555 6.548 4.943 -6.548
2 24 3.785 4.219 -9.137 6.993 4.313 -6.993
2 24 3.544 3.589 -8.555 6.548 3.683 -6.548
2 24 3.303 4.219 -7.973 6.102 4.313 -6.102
4 16 3.544 4.849 -8.555 6.548 4.943 -6.548 6.993 4.313 -6.993 3.785 4.219 -9.137
4 16 3.785 4.219 -9.137 6.993 4.313 -6.993 6.548 3.683 -6.548 3.544 3.589 -8.555
4 16 3.544 3.589 -8.555 6.548 3.683 -6.548 6.102 4.313 -6.102 3.303 4.219 -7.973
4 16 3.303 4.219 -7.973 6.102 4.313 -6.102 6.548 4.943 -6.548 3.544 4.849 -8.555
2 24 6.548 4.943 -6.548 8.555 5.036 -3.544
2 24 6.993 4.313 -6.993 9.137 4.406 -3.785
2 24 6.548 3.683 -6.548 8.555 3.776 -3.544
2 24 6.102 4.313 -6.102 7.973 4.406 -3.303
4 16 6.548 4.943 -6.548 8.555 5.036 -3.544 9.137 4.406 -3.785 6.993 4.313 -6.993
4 16 6.993 4.313 -6.993 9.137 4.406 -3.785 8.555 3.776 -3.544 6.548 3.683 -6.548
4 16 6.548 3.683 -6.548 8.555 3.776 -3.544 7.973 4.406 -3.303 6.102 4.313 -6.102
4 16 6.102 4.313 -6.102 7.973 4.406 -3.303 8.555 5.036 -3.544 6.548 4.943 -6.548
2 24 8.555 5.036 -3.544 9.26 5.13 0
2 24 9.137 4.406 -3.785 9.89 4.5 0
2 24 8.555 3.776 -3.544 9.26 3.87 0
2 24 7.973 4.406 -3.303 8.63 4.5 0
4 16 8.555 5.036 -3.544 9.26 5.13 0 9.89 4.5 0 9.137 4.406 -3.785
4 16 9.137 4.406 -3.785 9.89 4.5 0 9.26 3.87 0 8.555 3.776 -3.544
4 16 8.555 3.776 -3.544 9.26 3.87 0 8.63 4.5 0 7.973 4.406 -3.303
4 16 7.973 4.406 -3.303 8.63 4.5 0 9.26 5.13 0 8.555 5.036 -3.544
2 24 9.26 5.13 0 8.555 5.224 3.544
2 24 9.89 4.5 0 9.137 4.594 3.785
2 24 9.26 3.87 0 8.555 3.964 3.544
2 24 8.63 4.5 0 7.973 4.594 3.303
4 16 9.26 5.13 0 8.555 5.224 3.544 9.137 4.594 3.785 9.89 4.5 0
4 16 9.89 4.5 0 9.137 4.594 3.785 8.555 3.964 3.544 9.26 3.87 0
4 16 9.26 3.87 0 8.555 3.964 3.544 7.973 4.594 3.303 8.63 4.5 0
4 16 8.63 4.5 0 7.973 4.594 3.303 8.555 5.224 3.544 9.26 5.13 0
2 24 8.555 5.224 3.544 6.548 5.318 6.548
2 24 9.137 4.594 3.785 6.993 4.688 6.993
2 24 8.555 3.964 3.544 6.548 4.058 6.548
2 24 7.973 4.594 3.303 6.102 4.688 6.102
4 16 8.555 5.224 3.544 6.548 5.318 6.548 6.993 4.688 6.993 9.137 4.594 3.785
4 16 9.137 4.594 3.785 6.993 4.688 6.993 6.548 4.058 6.548 8.555 3.964 3.544
4 16 8.555 3.964 3.544 6.548 4.058 6.548 6.102 4.688 6.102 7.973 4.594 3.303
4 16 7.973 4.594 3.303 6.102 4.688 6.102 6.548 5.318 6.548 8.555 5.224 3.544
2 24 6.548 5.318 6.548 3.544 5.411 8.555
2 24 6.993 4.688 6.993 3.785 4.781 9.137
2 24 6.548 4.058 6.548 3.544 4.151 8.555
2 24 6.102 4.688 6.102 3.303 4.781 7.973
4 16 6.548 5.318 6.548 3.544 5.411 8.555 3.785 4.781 9.137 6.993 4.688 6.993
4 16 6.993 4.688 6.993 3.785 4.781 9.137 3.544 4.151 8.555 6.548 4.058 6.548
4 16 6.548 4.058 6.548 3.544 4.151 8.555 3.303 4.781 7.973 6.102 4.688 6.102
4 16 6.102 4.688 6.102 3.303 4.781 7.973 3.544 5.411 8.555 6.548 5.318 6.548
2 24 3.544 5.411 8.555 0 5.505 9.26
2 24 3.785 4.781 9.137 0 4.875 9.89
2 24 3.544 4.151 8.555 0 4.245 9.26
2 24 3.303 4.781 7.973 0 4.875 8.63
4 16 3.544 5.411 8.555 0 5.505 9.26 0 4.875 9.89 3.785 4.781 9.137
4 16 3.785 4.781 9.137 0 4.875 9.89 0 4.245 9.26 3.544 4.151 8.555
4 16 3.544 4.151 8.555 0 4.245 9.26 0 4.875 8.63 3.303 4.781 7.973
4 16 3.303 4.781 7.973 0 4.875 8.63 0 5.505 9.26 3.544 5.411 8.555
2 24 0 5.505 9.26 -3.544 5.599 8.555
2 24 0 4.875 9.89 -3.785 4.969 9.137
2 24 0 4.245 9.26 -3.544 4.339 8.555
2 24 0 4.875 8.63 -3.303 4.969 7.973
4 16 0 5.505 9.26 -3.544 5.599 8.555 -3.785 4.969 9.137 0 4.875 9.89
4 16 0 4.875 9.89 -3.785 4.969 9.137 -3.544 4.339 8.555 0 4.245 9.26
4 16 0 4.245 9.26 -3.544 4.339 8.555 -3.303 4.969 7.973 0 4.875 8.63
4 16 0 4.875 8.63 -3.303 4.969 7.973 -3.544 5.599 8.555 0 5.505 9.26
2 24 -3.544 5.599 8.555 -6.548 5.693 6.548
2 24 -3.785 4.969 9.137 -6.993 5.063 6.993
2 24 -3.544 4.339 8.555 -6.548 4.433 6.548
2 24 -3.303 4.969 7.973 -6.102 5.063 6.102
4 16 -3.544 5.599 8.555 -6.548 5.693 6.548 -6.993 5.063 6.993 -3.785 4.969 9.137
4 16 -3.785 4.969 9.137 -6.993 5.063 6.993 -6.548 4.433 6.548 -3.544 4.339 8.555
4 16 -3.544 4.339 8.555 -6.548 4.433 6.548 -6.102 5.063 6.102 -3.303 4.969 7.973
4 16 -3.303 4.969 7.973 -6.102 5.063 6.102 -6.548 5.693 6.548 -3.544 5.599 8.555
2 24 -6.548 5.693 6.548 -8.555 5.786 3.544
2 24 -6.993 5.063 6.993 -9.137 5.156 3.785
2 24 -6.548 4.433 6.548 -8.555 4.526 3.544
2 24 -6.102 5.063 6.102 -7.973 5.156 3.303
4 16 -6.548 5.693 6.548 -8.555 5.786 3.544 -9.137 5.156 3.785 -6.993 5.063 6.993
4 16 -6.993 5.063 6.993 -9.137 5.156 3.785 -8.555 4.526 3.544 -6.548 4.433 6.548
4 16 -6.548 4.433 6.548 -8.555 4.526 3.544 -7.973 5.156 3.303 -6.102 5.063 6.102
4 16 -6.102 5.063 6.102 -7.973 5.156 3.303 -8.555 5.786 3.544 -6.548 5.693 6.548
2 24 -8.555 5.786 3.544 -9.26 5.88 0
2 24 -9.137 5.156 3.785 -9.89 5.25 0
2 24 -8.555 4.526 3.544 -9.26 4.62 0
2 24 -7.973 5.156 3.303 -8.63 5.25 0
4 16 -8.555 5.786 3.544 -9.26 5.88 0 -9.89 5.25 0 -9.137 5.156 3.785
4 16 -9.137 5.156 3.785 -9.89 5.25 0 -9.26 4.62 0 -8.555 4.526 3.544
4 16 -8.555 4.526 3.544 -9.26 4.62 0 -8.63 5.25 0 -7.973 5.156 3.303
4 16 -7.973 5.156 3.303 -8.63 5.25 0 -9.26 5.88 0 -8.555 5.786 3.544
2 24 -9.26 5.88 0 -8.555 5.974 -3.544
2 24 -9.89 5.25 0 -9.137 5.344 -3.785
2 24 -9.26 4.62 0 -8.555 4.714 -3.544
2 24 -8.63 5.25 0 -7.973 5.344 -3.303
4 16 -9.26 5.88 0 -8.555 5.974 -3.544 -9.137 5.344 -3.785 -9.89 5.25 0
4 16 -9.89 5.25 0 -9.137 5.344 -3.785 -8.555 4.714 -3.544 -9.26 4.62 0
4 16 -9.26 4.62 0 -8.555 4.714 -3.544 -7.973 5.344 -3.303 -8.63 5.25 0
4 16 -8.63 5.25 0 -7.973 5.344 -3.303 -8.555 5.974 -3.544 -9.26 5.88 0
2 24 -8.555 5.974 -3.544 -6.548 6.068 -6.548
2 24 -9.137 5.344 -3.785 -6.993 5.438 -6.993
2 24 -8.555 4.714 -3.544 -6.548 4.808 -6.548
2 24 -7.973 5.344 -3.303 -6.102 5.438 -6.102
4 16 -8.555 5.974 -3.544 -6.548 6.068 -6.548 -6.993 5.438 -6.993 -9.137 5.344 -3.785
4 16 -9.137 5.344 -3.785 -6.993 5.438 -6.993 -6.548 4.808 -6.548 -8.555 4.714 -3.544
4 16 -8.555 4.714 -3.544 -6.548 4.808 -6.548 -6.102 5.438 -6.102 -7.973 5.344 -3.303
4 16 -7.973 5.344 -3.303 -6.102 5.438 -6.102 -6.548 6.068 -6.548 -8.555 5.974 -3.544
2 24 -6.548 6.068 -6.548 -3.544 6.161 -8.555
2 24 -6.993 5.438 -6.993 -3.785 5.531 -9.137
2 24 -6.548 4.808 -6.548 -3.544 4.901 -8.555
2 24 -6.102 5.438 -6.102 -3.303 5.531 -7.973
4 16 -6.548 6.068 -6.548 -3.544 6.161 -8.555 -3.785 5.531 -9.137 -6.993 5.438 -6.993
4 16 -6.993 5.438 -6.993 -3.785 5.531 -9.137 -3.544 4.901 -8.555 -6.548 4.808 -6.548
4 16 -6.548 4.808 -6.548 -3.544 4.901 -8.555 -3.303 5.531 -7.973 -6.102 5.438 -6.102
4 16 -6.102 5.438 -6.102 -3.303 5.531 -7.973 -3.544 6.161 -8.555 -6.548 6.068 -6.548
2 24 -3.544 6.161 -8.555 0 6.255 -9.26
2 24 -3.785 5.531 -9.137 0 5.625 -9.89
2 24 -3.544 4.901 -8.555 0 4.995 -9.26
2 24 -3.303 5.531 -7.973 0 5.625 -8.63
4 16 -3.544 6.161 -8.555 0 6.255 -9.26 0 5.625 -9.89 -3.785 5.531 -9.137
4 16 -3.785 5.531 -9.137 0 5.625 -9.89 0 4.995 -9.26 -3.544 4.901 -8.555
4 16 -3.544 4.901 -8.555 0 4.995 -9.26 0 5.625 -8.63 -3.303 5.531 -7.973
4 16 -3.303 5.531 -7.973 0 5.625 -8.63 0 6.255 -9.26 -3.544 6.161 -8.555
2 24 0 6.255 -9.26 3.544 6.349 -8.555
2 24 0 5.625 -9.89 3.785 5.719 -9.137
2 24 0 4.995 -9.26 3.544 5.089 -8.555
2 24 0 5.625 -8.63 3.303 5.719 -7.973
4 16 0 6.255 -9.26 3.544 6.349 -8.555 3.785 5.719 -9.137 0 5.625 -9.89
4 16 0 5.625 -9.89 3.785 5.719 -9.137 3.544 5.089 -8.555 0 4.995 -9.26
4 16 0 4.995 -9.26 3.544 5.089 -8.555 3.303 5.719 -7.973 0 5.625 -8.63
4 16 0 5.625 -8.63 3.303 5.719 -7.973 3.544 6.349 -8.555 0 6.255 -9.26
2 24 3.544 6.349 -8.555 6.548 6.443 -6.548
2 24 3.785 5.719 -9.137 6.993 5.813 -6.993
2 24 3.544 5.089 -8.555 6.548 5.183 -6.548
2 24 3.303 5.719 -7.973 6.102 5.813 -6.102
4 16 3.544 6.349 -8.555 6.548 6.443 -6.548 6.993 5.813 -6.993 3.785 5.719 -9.137
4 16 3.785 5.719 -9.137 6.993 5.813 -6.993 6.548 5.183 -6.548 3.544 5.089 -8.555
4 16 3.544 5.089 -8.555 6.548 5.183 -6.548 6.102 5.813 -6.102 3.303 5.719 -7.973
4 16 3.303 5.719 -7.973 6.102 5.813 -6.102 6.548 6.443 -6.548 3.544 6.349 -8.555
2 24 6.548 6.443 -6.548 8.555 6.536 -3.544
2 24 6.993 5.813 -6.993 9.137 5.906 -3.785
2 24 6.548 5.183 -6.548 8.555 5.276 -3.544
2 24 6.102 5.813 -6.102 7.973 5.906 -3.303
4 16 6.548 6.443 -6.548 8.555 6.536 -3.544 9.137 5.906 -3.785 6.993 5.813 -6.993
4 16 6.993 5.813 -6.993 9.137 5.906 -3.785 8.555 5.276 -3.544 6.548 5.183 -6.548
4 16 6.548 5.183 -6.548 8.555 5.276 -3.544 7.973 5.906 -3.303 6.102 5.813 -6.102
4 16 6.102 5.813 -6.102 7.973 5.906 -3.303 8.555 6.536 -3.544 6.548 6.443 -6.548
2 24 8.555 6.536 -3.544 9.26 6.63 0
2 24 9.137 5.906 -3.785 9.89 6 0
2 24 8.555 5.276 -3.544 9.26 5.37 0
2 24 7.973 5.906 -3.303 8.63 6 0
4 16 8.555 6.536 -3.544 9.26 6.63 0 9.89 6 0 9.137 5.906 -3.785
4 16 9.137 5.906 -3.785 9.89 6 0 9.26 5.37 0 8.555 5.276 -3.544
4 16 8.555 5.276 -3.544 9.26 5.37 0 8.63 6 0 7.973 5.906 -3.303
4 16 7.973 5.906 -3.303 8.63 6 0 9.26 6.63 0 8.555 6.536 -3.544
2 24 9.26 6.63 0 8.555 6.63 3.544
2 24 9.89 6 0 9.137 6 3.785
2 24 9.26 5.37 0 8.555 5.37 3.544
2 24 8.63 6 0 7.973 6 3.303
4 16 9.26 6.63 0 8.555 6.63 3.544 9.137 6 3.785 9.89 6 0
4 16 9.89 6 0 9.137 6 3.785 8.555 5.37 3.544 9.26 5.37 0
4 16 9.26 5.37 0 8.555 5.37 3.544 7.973 6 3.303 8.63 6 0
4 16 8.63 6 0 7.973 6 3.303 8.555 6.63 3.544 9.26 6.63 0
2 24 8.555 6.63 3.544 6.548 6.63 6.548
2 24 9.137 6 3.785 6.993 6 6.993
2 24 8.555 5.37 3.544 6.548 5.37 6.548
2 24 7.973 6 3.303 6.102 6 6.102
4 16 8.555 6.63 3.544 6.548 6.63 6.548 6.993 6 6.993 9.137 6 3.785
4 16 9.137 6 3.785 6.993 6 6.993 6.548 5.37 6.548 8.555 5.37 3.544
4 16 8.555 5.37 3.544 6.548 5.37 6.548 6.102 6 6.102 7.973 6 3.303
4 16 7.973 6 3.303 6.102 6 6.102 6.548 6.63 6.548 8.555 6.63 3.544
2 24 6.548 6.63 6.548 3.544 6.63 8.555
2 24 6.993 6 6.993 3.785 6 9.137
2 24 6.548 5.37 6.548 3.544 5.37 8.555
2 24 6.102 6 6.102 3.303 6 7.973
4 16 6.548 6.63 6.548 3.544 6.63 8.555 3.785 6 9.137 6.993 6 6.993
4 16 6.993 6 6.993 3.785 6 9.137 3.544 5.37 8.555 6.548 5.37 6.548
4 16 6.548 5.37 6.548 3.544 5.37 8.555 3.303 6 7.973 6.102 6 6.102
4 16 6.102 6 6.102 3.303 6 7.973 3.544 6.63 8.555 6.548 6.63 6.548
2 24 3.544 6.63 8.555 0 6.63 9.26
2 24 3.785 6 9.137 0 6 9.89
2 24 3.544 5.37 8.555 0 5.37 9.26
2 24 3.303 6 7.973 0 6 8.63
4 16 3.544 6.63 8.555 0 6.63 9.26 0 6 9.89 3.785 6 9.137
4 16 3.785 6 9.137 0 6 9.89 0 5.37 9.26 3.544 5.37 8.555
4 16 3.544 5.37 8.555 0 5.37 9.26 0 6 8.63 3.303 6 7.973
4 16 3.303 6 7.973 0 6 8.63 0 6.63 9.26 3.544 6.63 8.555
2 24 0 6.63 9.26 -3.544 6.63 8.555
2 24 0 6 9.89 -3.785 6 9.137
2 24 0 5.37 9.26 -3.544 5.37 8.555
2 24 0 6 8.63 -3.303 6 7.973
4 16 0 6.63 9.26 -3.544 6.63 8.555 -3.785 6 9.137 0 6 9.89
4 16 0 6 9.89 -3.785 6 9.137 -3.544 5.37 8.555 0 5.37 9.26
4 16 0 5.37 9.26 -3.544 5.37 8.555 -3.303 6 7.973 0 6 8.63
4 16 0 6 8.63 -3.303 6 7.973 -3.544 6.63 8.555 0 6.63 9.26
2 24 -3.544 6.63 8.555 -6.548 6.63 6.548
2 24 -3.785 6 9.137 -6.993 6 6.993
2 24 -3.544 5.37 8.555 -6.548 5.37 6.548
2 24 -3.303 6 7.973 -6.102 6 6.102
4 16 -3.544 6.63 8.555 -6.548 6.63 6.548 -6.993 6 6.993 -3.785 6 9.137
4 16 -3.785 6 9.137 -6.993 6 6.993 -6.548 5.37 6.548 -3.544 5.37 8.555
4 16 -3.544 5.37 8.555 -6.548 5.37 6.548 -6.102 6 6.102 -3.303 6 7.973
4 16 -3.303 6 7.973 -6.102 6 6.102 -6.548 6.63 6.548 -3.544 6.63 8.555
2 24 -6.548 6.63 6.548 -8.555 6.63 3.544
2 24 -6.993 6 6.993 -9.137 6 3.785
2 24 -6.548 5.37 6.548 -8.555 5.37 3.544
2 24 -6.102 6 6.102 -7.973 6 3.303
4 16 -6.548 6.63 6.548 -8.555 6.63 3.544 -9.137 6 3.785 -6.993 6 6.993
4 16 -6.993 6 6.993 -9.137 6 3.785 -8.555 5.37 3.544 -6.548 5.37 6.548
4 16 -6.548 5.37 6.548 -8.555 5.37 3.544 -7.973 6 3.303 -6.102 6 6.102
4 16 -6.102 6 6.102 -7.973 6 3.303 -8.555 6.63 3.544 -6.548 6.63 6.548
2 24 -8.555 6.63 3.544 -9.26 6.63 0
2 24 -9.137 6 3.785 -9.89 6 0
2 24 -8.555 5.37 3.544 -9.26 5.37 0
2 24 -7.973 6 3.303 -8.63 6 0
4 16 -8.555 6.63 3.544 -9.26 6.63 0 -9.89 6 0 -9.137 6 3.785
4 16 -9.137 6 3.785 -9.89 6 0 -9.26 5.37 0 -8.555 5.37 3.544
4 16 -8.555 5.37 3.544 -9.26 5.37 0 -8.63 6 0 -7.973 6 3.303
4 16 -7.973 6 3.303 -8.63 6 0 -9.26 6.63 0 -8.555 6.63 3.544
2 24 -9.26 6.63 0 -8.555 6.63 -3.544
2 24 -9.89 6 0 -9.137 6 -3.785
2 24 -9.26 5.37 0 -8.555 5.37 -3.544
2 24 -8.63 6 0 -7.973 6 -3.303
4 16 -9.26 6.63 0 -8.555 6.63 -3.544 -9.137 6 -3.785 -9.89 6 0
4 16 -9.89 6 0 -9.137 6 -3.785 -8.555 5.37 -3.544 -9.26 5.37 0
4 16 -9.26 5.37 0 -8.555 5.37 -3.544 -7.973 6 -3.303 -8.63 6 0
4 16 -8.63 6 0 -7.973 6 -3.303 -8.555 6.63 -3.544 -9.26 6.63 0
2 24 -8.555 6.63 -3.544 -6.548 6.63 -6.548
2 24 -9.137 6 -3.785 -6.993 6 -6.993
2 24 -8.555 5.37 -3.544 -6.548 5.37 -6.548
2 24 -7.973 6 -3.303 -6.102 6 -6.102
4 16 -8.555 6.63 -3.544 -6.548 6.63 -6.548 -6.993 6 -6.993 -9.137 6 -3.785
4 16 -9.137 6 -3.785 -6.993 6 -6.993 -6.548 5.37 -6.548 -8.555 5.37 -3.544
4 16 -8.555 5.37 -3.544 -6.548 5.37 -6.548 -6.102 6 -6.102 -7.973 6 -3.303
4 16 -7.973 6 -3.303 -6.102 6 -6.102 -6.548 6.63 -6.548 -8.555 6.63 -3.544
2 24 -6.548 6.63 -6.548 -3.544 6.63 -8.555
2 24 -6.993 6 -6.993 -3.785 6 -9.137
2 24 -6.548 5.37 -6.548 -3.544 5.37 -8.555
2 24 -6.102 6 -6.102 -3.303 6 -7.973
4 16 -6.548 6.63 -6.548 -3.544 6.63 -8.555 -3.785 6 -9.137 -6.993 6 -6.993
4 16 -6.993 6 -6.993 -3.785 6 -9.137 -3.544 5.37 -8.555 -6.548 5.37 -6.548
4 16 -6.548 5.37 -6.548 -3.544 5.37 -8.555 -3.303 6 -7.973 -6.102 6 -6.102
4 16 -6.102 6 -6.102 -3.303 6 -7.973 -3.544 6.63 -8.555 -6.548 6.63 -6.548
2 24 -3.544 6.63 -8.555 0 6.63 -9.26
2 24 -3.785 6 -9.137 0 6 -9.89
2 24 -3.544 5.37 -8.555 0 5.37 -9.26
2 24 -3.303 6 -7.973 0 6 -8.63
4 16 -3.544 6.63 -8.555 0 6.63 -9.26 0 6 -9.89 -3.785 6 -9.137
4 16 -3.785 6 -9.137 0 6 -9.89 0 5.37 -9.26 -3.544 5.37 -8.555
4 16 -3.544 5.37 -8.555 0 5.37 -9.26 0 6 -8.63 -3.303 6 -7.973
4 16 -3.303 6 -7.973 0 6 -8.63 0 6.63 -9.26 -3.544 6.63 -8.555
2 24 0 6.63 -9.26 3.544 6.63 -8.555
2 24 0 6 -9.89 3.785 6 -9.137
2 24 0 5.37 -9.26 3.544 5.37 -8.555
2 24 0 6 -8.63 3.303 6 -7.973
4 16 0 6.63 -9.26 3.544 6.63 -8.555 3.785 6 -9.137 0 6 -9.89
4 16 0 6 -9.89 3.785 6 -9.137 3.544 5.37 -8.555 0 5.37 -9.26
4 16 0 5.37 -9.26 3.544 5.37 -8.555 3.303 6 -7.973 0 6 -8.63
4 16 0 6 -8.63 3.303 6 -7.973 3.544 6.63 -8.555 0 6.63 -9.26
2 24 3.544 6.63 -8.555 6.548 6.63 -6.548
2 24 3.785 6 -9.137 6.993 6 -6.993
2 24 3.544 5.37 -8.555 6.548 5.37 -6.548
2 24 3.303 6 -7.973 6.102 6 -6.102
4 16 3.544 6.63 -8.555 6.548 6.63 -6.548 6.993 6 -6.993 3.785 6 -9.137
4 16 3.785 6 -9.137 6.993 6 -6.993 6.548 5.37 -6.548 3.544 5.37 -8.555
4 16 3.544 5.37 -8.555 6.548 5.37 -6.548 6.102 6 -6.102 3.303 6 -7.973
4 16 3.303 6 -7.973 6.102 6 -6.102 6.548 6.63 -6.548 3.544 6.63 -8.555
2 24 6.548 6.63 -6.548 8.555 6.63 -3.544
2 24 6.993 6 -6.993 9.137 6 -3.785
2 24 6.548 5.37 -6.548 8.555 5.37 -3.544
2 24 6.102 6 -6.102 7.973 6 -3.303
4 16 6.548 6.63 -6.548 8.555 6.63 -3.544 9.137 6 -3.785 6.993 6 -6.993
4 16 6.993 6 -6.993 9.137 6 -3.785 8.555 5.37 -3.544 6.548 5.37 -6.548
4 16 6.548 5.37 -6.548 8.555 5.37 -3.544 7.973 6 -3.303 6.102 6 -6.102
4 16 6.102 6 -6.102 7.973 6 -3.303 8.555 6.63 -3.544 6.548 6.63 -6.548
2 24 8.555 6.63 -3.544 9.26 6.63 0
2 24 9.137 6 -3.785 9.89 6 0
2 24 8.555 5.37 -3.544 9.26 5.37 0
2 24 7.973 6 -3.303 8.63 6 0
4 16 8.555 6.63 -3.544 9.26 6.63 0 9.89 6 0 9.137 6 -3.785
4 16 9.137 6 -3.785 9.89 6 0 9.26 5.37 0 8.555 5.37 -3.544
4 16 8.555 5.37 -3.544 9.26 5.37 0 8.63 6 0 7.973 6 -3.303
4 16 7.973 6 -3.303 8.63 6 0 9.26 6.63 0 8.555 6.63 -3.544
2 24 9.26 0.63 0 8.555 0.63 3.544
2 24 9.89 0 0 9.137 0 3.785
2 24 9.26 -0.63 0 8.555 -0.63 3.544
2 24 8.63 0 0 7.973 0 3.303
4 16 9.26 0.63 0 8.555 0.63 3.544 9.137 0 3.785 9.89 0 0
4 16 9.89 0 0 9.137 0 3.785 8.555 -0.63 3.544 9.26 -0.63 0
4 16 9.26 -0.63 0 8.555 -0.63 3.544 7.973 0 3.303 8.63 0 0
4 16 8.63 0 0 7.973 0 3.303 8.555 0.63 3.544 9.26 0.63 0
2 24 8.555 0.63 3.544 6.548 0.63 6.548
2 24 9.137 0 3.785 6.993 0 6.993
2 24 8.555 -0.63 3.544 6.548 -0.63 6.548
2 24 7.973 0 3.303 6.102 0 6.102
4 16 8.555 0.63 3.544 6.548 0.63 6.548 6.993 0 6.993 9.137 0 3.785
4 16 9.137 0 3.785 6.993 0 6.993 6.548 -0.63 6.548 8.555 -0.63 3.544
4 16 8.555 -0.63 3.544 6.548 -0.63 6.548 6.102 0 6.102 7.973 0 3.303
4 16 7.973 0 3.303 6.102 0 6.102 6.548 0.63 6.548 8.555 0.63 3.544
2 24 6.548 0.63 6.548 3.544 0.63 8.555
2 24 6.993 0 6.993 3.785 0 9.137
2 24 6.548 -0.63 6.548 3.544 -0.63 8.555
2 24 6.102 0 6.102 3.303 0 7.973
4 16 6.548 0.63 6.548 3.544 0.63 8.555 3.785 0 9.137 6.993 0 6.993
4 16 6.993 0 6.993 3.785 0 9.137 3.544 -0.63 8.555 6.548 -0.63 6.548
4 16 6.548 -0.63 6.548 3.544 -0.63 8.555 3.303 0 7.973 6.102 0 6.102
4 16 6.102 0 6.102 3.303 0 7.973 3.544 0.63 8.555 6.548 0.63 6.548
2 24 3.544 0.63 8.555 0 0.63 9.26
2 24 3.785 0 9.137 0 0 9.89
2 24 3.544 -0.63 8.555 0 -0.63 9.26
2 24 3.303 0 7.973 0 0 8.63
4 16 3.544 0.63 8.555 0 0.63 9.26 0 0 9.89 3.785 0 9.137
4 16 3.785 0 9.137 0 0 9.89 0 -0.63 9.26 3.544 -0.63 8.555
4 16 3.544 -0.63 8.555 0 -0.63 9.26 0 0 8.63 3.303 0 7.973
4 16 3.303 0 7.973 0 0 8.63 0 0.63 9.26 3.544 0.63 8.555
2 24 0 0.63 9.26 -3.544 0.63 8.555
2 24 0 0 9.89 -3.785 0 9.137
2 24 0 -0.63 9.26 -3.544 -0.63 8.555
2 24 0 0 8.63 -3.303 0 7.973
4 16 0 0.63 9.26 -3.544 0.63 8.555 -3.785 0 9.137 0 0 9.89
4 16 0 0 9.89 -3.785 0 9.137 -3.544 -0.63 8.555 0 -0.63 9.26
4 16 0 -0.63 9.26 -3.544 -0.63 8.555 -3.303 0 7.973 0 0 8.63
4 16 0 0 8.63 -3.303 0 7.973 -3.544 0.63 8.555 0 0.63 9.26
2 24 -3.544 0.63 8.555 -6.548 0.63 6.548
2 24 -3.785 0 9.137 -6.993 0 6.993
2 24 -3.544 -0.63 8.555 -6.548 -0.63 6.548
2 24 -3.303 0 7.973 -6.102 0 6.102
4 16 -3.544 0.63 8.555 -6.548 0.63 6.548 -6.993 0 6.993 -3.785 0 9.137
4 16 -3.785 0 9.137 -6.993 0 6.993 -6.548 -0.63 6.548 -3.544 -0.63 8.555
4 16 -3.544 -0.63 8.555 -6.548 -0.63 6.548 -6.102 0 6.102 -3.303 0 7.973
4 16 -3.303 0 7.973 -6.102 0 6.102 -6.548 0.63 6.548 -3.544 0.63 8.555
2 24 -6.548 0.63 6.548 -8.555 0.63 3.544
2 24 -6.993 0 6.993 -9.137 0 3.785
2 24 -6.548 -0.63 6.548 -8.555 -0.63 3.544
2 24 -6.102 0 6.102 -7.973 0 3.303
4 16 -6.548 0.63 6.548 -8.555 0.63 3.544 -9.137 0 3.785 -6.993 0 6.993
4 16 -6.993 0 6.993 -9.137 0 3.785 -8.555 -0.63 3.544 -6.548 -0.63 6.548
4 16 -6.548 -0.63 6.548 -8.555 -0.63 3.544 -7.973 0 3.303 -6.102 0 6.102
4 16 -6.102 0 6.102 -7.973 0 3.303 -8.555 0.63 3.544 -6.548 0.63 6.548
2 24 -8.555 0.63 3.544 -9.26 0.63 0
2 24 -9.137 0 3.785 -9.89 0 0
2 24 -8.555 -0.63 3.544 -9.26 -0.63 0
2 24 -7.973 0 3.303 -8.63 0 0
4 16 -8.555 0.63 3.544 -9.26 0.63 0 -9.89 0 0 -9.137 0 3.785
4 16 -9.137 0 3.785 -9.89 0 0 -9.26 -0.63 0 -8.555 -0.63 3.544
4 16 -8.555 -0.63 3.544 -9.26 -0.63 0 -8.63 0 0 -7.973 0 3.303
4 16 -7.973 0 3.303 -8.63 0 0 -9.26 0.63 0 -8.555 0.63 3.544
2 24 -9.26 0.63 0 -8.555 0.63 -3.544
2 24 -9.89 0 0 -9.137 0 -3.785
2 24 -9.26 -0.63 0 -8.555 -0.63 -3.544
2 24 -8.63 0 0 -7.973 0 -3.303
4 16 -9.26 0.63 0 -8.555 0.63 -3.544 -9.137 0 -3.785 -9.89 0 0
4 16 -9.89 0 0 -9.137 0 -3.785 -8.555 -0.63 -3.544 -9.26 -0.63 0
4 16 -9.26 -0.63 0 -8.555 -0.63 -3.544 -7.973 0 -3.303 -8.63 0 0
4 16 -8.63 0 0 -7.973 0 -3.303 -8.555 0.63 -3.544 -9.26 0.63 0
2 24 -8.555 0.63 -3.544 -6.548 0.63 -6.548
2 24 -9.137 0 -3.785 -6.993 0 -6.993
2 24 -8.555 -0.63 -3.544 -6.548 -0.63 -6.548
2 24 -7.973 0 -3.303 -6.102 0 -6.102
4 16 -8.555 0.63 -3.544 -6.548 0.63 -6.548 -6.993 0 -6.993 -9.137 0 -3.785
4 16 -9.137 0 -3.785 -6.993 0 -6.993 -6.548 -0.63 -6.548 -8.555 -0.63 -3.544
4 16 -8.555 -0.63 -3.544 -6.548 -0.63 -6.548 -6.102 0 -6.102 -7.973 0 -3.303
4 16 -7.973 0 -3.303 -6.102 0 -6.102 -6.548 0.63 -6.548 -8.555 0.63 -3.544
2 24 -6.548 0.63 -6.548 -3.544 0.63 -8.555
2 24 -6.993 0 -6.993 -3.785 0 -9.137
2 24 -6.548 -0.63 -6.548 -3.544 -0.63 -8.555
2 24 -6.102 0 -6.102 -3.303 0 -7.973
4 16 -6.548 0.63 -6.548 -3.544 0.63 -8.555 -3.785 0 -9.137 -6.993 0 -6.993
4 16 -6.993 0 -6.993 -3.785 0 -9.137 -3.544 -0.63 -8.555 -6.548 -0.63 -6.548
4 16 -6.548 -0.63 -6.548 -3.544 -0.63 -8.555 -3.303 0 -7.973 -6.102 0 -6.102
4 16 -6.102 0 -6.102 -3.303 0 -7.973 -3.544 0.63 -8.555 -6.548 0.63 -6.548
2 24 -3.544 0.63 -8.555 0 0.63 -9.26
2 24 -3.785 0 -9.137 0 0 -9.89
2 24 -3.544 -0.63 -8.555 0 -0.63 -9.26
2 24 -3.303 0 -7.973 0 0 -8.63
4 16 -3.544 0.63 -8.555 0 0.63 -9.26 0 0 -9.89 -3.785 0 -9.137
4 16 -3.785 0 -9.137 0 0 -9.89 0 -0.63 -9.26 -3.544 -0.63 -8.555
4 16 -3.544 -0.63 -8.555 0 -0.63 -9.26 0 0 -8.63 -3.303 0 -7.973
4 16 -3.303 0 -7.973 0 0 -8.63 0 0.63 -9.26 -3.544 0.63 -8.555
2 24 0 0.63 -9.26 3.544 0.63 -8.555
2 24 0 0 -9.89 3.785 0 -9.137
2 24 0 -0.63 -9.26 3.544 -0.63 -8.555
2 24 0 0 -8.63 3.303 0 -7.973
4 16 0 0.63 -9.26 3.544 0.63 -8.555 3.785 0 -9.137 0 0 -9.89
4 16 0 0 -9.89 3.785 0 -9.137 3.544 -0.63 -8.555 0 -0.63 -9.26
4 16 0 -0.63 -9.26 3.544 -0.63 -8.555 3.303 0 -7.973 0 0 -8.63
4 16 0 0 -8.63 3.303 0 -7.973 3.544 0.63 -8.555 0 0.63 -9.26
2 24 3.544 0.63 -8.555 6.548 0.63 -6.548
2 24 3.785 0 -9.137 6.993 0 -6.993
2 24 3.544 -0.63 -8.555 6.548 -0.63 -6.548
2 24 3.303 0 -7.973 6.102 0 -6.102
4 16 3.544 0.63 -8.555 6.548 0.63 -6.548 6.993 0 -6.993 3.785 0 -9.137
4 16 3.785 0 -9.137 6.993 0 -6.993 6.548 -0.63 -6.548 3.544 -0.63 -8.555
4 16 3.544 -0.63 -8.555 6.548 -0.63 -6.548 6.102 0 -6.102 3.303 0 -7.973
4 16 3.303 0 -7.973 6.102 0 -6.102 6.548 0.63 -6.548 3.544 0.63 -8.555
2 24 6.548 0.63 -6.548 8.555 0.63 -3.544
2 24 6.993 0 -6.993 9.137 0 -3.785
2 24 6.548 -0.63 -6.548 8.555 -0.63 -3.544
2 24 6.102 0 -6.102 7.973 0 -3.303
4 16 6.548 0.63 -6.548 8.555 0.63 -3.544 9.137 0 -3.785 6.993 0 -6.993
4 16 6.993 0 -6.993 9.137 0 -3.785 8.555 -0.63 -3.544 6.548 -0.63 -6.548
4 16 6.548 -0.63 -6.548 8.555 -0.63 -3.544 7.973 0 -3.303 6.102 0 -6.102
4 16 6.102 0 -6.102 7.973 0 -3.303 8.555 0.63 -3.544 6.548 0.63 -6.548
2 24 8.555 0.63 -3.544 9.26 0.63 0
2 24 9.137 0 -3.785 9.89 0 0
2 24 8.555 -0.63 -3.544 9.26 -0.63 0
2 24 7.973 0 -3.303 8.63 0 0
4 16 8.555 0.63 -3.544 9.26 0.63 0 9.89 0 0 9.137 0 -3.785
4 16 9.137 0 -3.785 9.89 0 0 9.26 -0.63 0 8.555 -0.63 -3.544
4 16 8.555 -0.63 -3.544 9.26 -0.63 0 8.63 0 0 7.973 0 -3.303
4 16 7.973 0 -3.303 8.63 0 0 9.26 0.63 0 8.555 0.63 -3.544