0 ~| Circuit Cubes Device Module Cover
0 Name: t1052.dat
0 Author: Philippe Hurbain [Philo]
0 !LDRAW_ORG Part UPDATE 2024-02
0 !LICENSE Licensed under CC BY 4.0 : see CAreadme.txt

0 BFC CERTIFY CCW

0 !CATEGORY Electric

0 !HISTORY 2022-09-15 [PTadmin] Official Update 2022-05
0 !HISTORY 2024-03-23 [OrionP] Updated ring primitives
0 !HISTORY 2024-03-24 [OrionP] Official Update 2024-02

1 16 0 0 0 1 0 0 0 1 0 0 0 1 s\t1052s01.dat
1 16 0 0 0 0 0 -1 0 1 0 -1 0 0 s\t1052s01.dat
1 16 0 0 0 1 0 0 0 1 0 0 0 -1 s\t1052s01.dat
1 16 0 0 0 0 0 -1 0 1 0 1 0 0 s\t1052s01.dat

1 16 30 16 -30 10 0 0 0 10 0 0 0 -10 4-4cyli.dat
1 16 30 26 -30 10 0 0 0 8 0 0 0 -10 1-4cyli.dat
1 16 30 34 -30 10 0 0 0 1 0 0 0 -10 1-4edge.dat
1 16 30 16 -30 10 0 0 0 1 0 0 0 -10 4-4edge.dat
1 16 30 16 -30 10 0 0 0 1 0 0 0 -10 1-4chrd.dat
1 16 30 34 -30 9.5 0 0 0 8 0 0 0 -9.5 1-4cylo.dat
1 16 30 34 -30 0.5 0 0 0 -1 0 0 0 -0.5 1-4ring19.dat
0 BFC INVERTNEXT
1 16 30 26.5 -30 7.6 0 0 0 3 0 0 0 -7.6 4-4cyli.dat
0 BFC INVERTNEXT
1 16 30 26.5 -30 6.6 0 0 0 -10.5 0 0 0 -6.6 4-4cylo.dat
1 16 30 16 -30 4.6669 0 -4.6669 0 1 0 4.6669 0 4.6669 4-4ndis.dat
1 16 30 26.5 -30 1.1 0 0 0 -1 0 0 0 -1.1 4-4ring6.dat
1 16 24.5 38 -38.8 0.5 -1 0 0 0 4 -1.2 0 0 rect.dat
1 16 30 38 -38.55 0 1 0 0 0 4 0.95 0 0 rect.dat
4 16 30 34 -40 25 34 -40 24 34 -37.6 30 34 -37.6
2 24 25 34 -40 30 34 -40
2 24 30 34 -37.6 24 34 -37.6
0 BFC INVERTNEXT
1 16 30 42 -30 7.6 0 0 0 -12.5 0 0 0 -7.6 1-4cyli.dat
1 16 30 42 -30 7.6 0 0 0 -1 0 0 0 -7.6 1-4edge.dat
1 16 38.8 38 -24.5 0 0 -1.2 -4 0 0 0 1 0.5 rect.dat
1 16 38.55 38 -30 0 0 0.95 -4 0 0 0 -1 0 rect.dat
4 16 37.6 34 -24 40 34 -25 40 34 -30 37.6 34 -30
2 24 40 34 -25 40 34 -30
2 24 37.6 34 -30 37.6 34 -24
4 16 39.3338 16 -30 30 16 -39.3338 30 16 -40 40 16 -30
1 16 30 16 -30 0 0 -10 0 1 0 -10 0 0 1-4chrd.dat
4 16 30 16 -39.3338 20.6662 16 -30 20 16 -30 30 16 -40
1 16 30 16 -30 -10 0 0 0 1 0 0 0 10 1-4chrd.dat
4 16 20.6662 16 -30 30 16 -20.6662 30 16 -20 20 16 -30
1 16 30 16 -30 0 0 10 0 1 0 10 0 0 1-4chrd.dat
4 16 30 16 -20.6662 39.3338 16 -30 40 16 -30 30 16 -20
4 16 40 26 -30 40 34 -30 40 34 -25 40 29.1821 -14.7833
4 16 40 29.5 -13.127 40 29.1821 -14.7833 40 34 -25 40 42 -25
4 16 30 34 -40 30 26 -40 14.7833 29.1821 -40 25 34 -40
4 16 25 42 -40 25 34 -40 14.7833 29.1821 -40 13.127 29.5 -40
1 16 30 42 -30 1.9 0 0 0 -1 0 0 0 -1.9 1-4ring4.dat
1 16 30 26.5 -30 7.6 0 0 0 1 0 0 0 -7.6 4-4edge.dat
1 16 30 29.5 -30 7.6 0 0 0 1 0 0 0 7.6 3-4edge.dat
1 16 30 29.5 -30 7.6 0 0 0 -1 0 0 0 7.6 3-4ndis.dat
4 16 22.4 29.5 -22.4 22.4 29.5 -37.6 16 29.5 -36 20.1005 29.5 -20.1005
4 16 36 29.5 -16 37.6 29.5 -22.4 22.4 29.5 -22.4 20.1005 29.5 -20.1005
3 16 37.6 29.5 -16 37.6 29.5 -22.4 36 29.5 -16
2 24 37.6 29.5 -30 37.6 29.5 -16
2 24 37.6 42 -16 37.6 42 -24
1 16 36.8 35.75 -16 0 0 0.8 6.25 0 0 0 1 0 rect.dat
4 16 37.6 29.5 -16 37.6 42 -16 37.6 42 -24 37.6 34 -24
4 16 37.6 29.5 -30 37.6 29.5 -16 37.6 34 -24 37.6 34 -30
3 16 22.4 29.5 -37.6 16 29.5 -37.6 16 29.5 -36
2 24 30 29.5 -37.6 16 29.5 -37.6
2 24 16 42 -37.6 24 42 -37.6
1 16 16 35.75 -36.8 0 -1 0 0 0 -6.25 0.8 0 0 rect.dat
4 16 24 42 -37.6 16 42 -37.6 16 29.5 -37.6 24 34 -37.6
4 16 24 34 -37.6 16 29.5 -37.6 30 29.5 -37.6 30 34 -37.6
1 16 30 0 30 -1 0 0 0 1 0 0 0 -1 stud26.dat
1 16 30 0 30 10 0 0 0 26 0 0 0 -10 4-4cyli.dat
1 16 30 0 30 10 0 0 0 1 0 0 0 -10 4-4disc.dat
1 16 30 0 30 10 0 0 0 1 0 0 0 -10 4-4edge.dat
1 16 30 26 30 10 0 0 0 16 0 0 0 10 1-4cyli.dat
1 16 30 42 30 10 0 0 0 1 0 0 0 10 1-4edge.dat
3 16 40 42 30 40 26 30 40 29.1821 14.7833
4 16 40 42 30 40 29.1821 14.7833 40 29.5 13.127 40 42 -25
3 16 40 42 -25 40 29.5 13.127 40 29.5 -13.127
2 24 40 42 -25 40 42 30
1 16 38 29.5 0 0 0 -2 0 1 0 13.127 0 0 rect2p.dat
0 BFC INVERTNEXT
1 16 30 3.5 30 6 0 0 0 26 0 0 0 6 4-4cylc.dat
1 16 30 29.5 30 6 0 0 0 -1 0 0 0 6 4-4ndis.dat
0 BFC INVERTNEXT
1 16 33 29.5 33 3 0 0 0 12.5 0 0 0 3 1-4cylo.dat
1 16 30 42 30 10 0 0 0 -1 0 0 0 10 1-8chrd.dat
1 16 30 42 30 0 0 10 0 -1 0 10 0 0 1-8chrd.dat
1 16 33 42 33 3 0 0 0 -1 0 0 0 3 1-4ndis.dat

2 24 36 29.5 33 36 29.5 16
3 16 36 29.5 33 36 42 33 36 29.5 16
3 16 36 29.5 16 36 42 33 36 29.5 13.127
3 16 36 29.5 -16 36 29.5 -13.127 36 42 -16
4 16 36 42 -16 36 29.5 -13.127 36 29.5 13.127 36 42 33
2 24 36 42 33 36 42 -16
4 16 36 29.5 24 36 29.5 16 20.1005 29.5 20.1005 24 29.5 24
4 16 24 29.5 36 24 29.5 24 20.1005 29.5 20.1005 16 29.5 36
4 16 37.071 42 37.071 36 42 36 33 42 36 30 42 40
1 16 0 0 0 -1 0 0 0 1 0 0 0 1 s\t1052s01.dat
1 16 0 0 0 0 0 1 0 1 0 -1 0 0 s\t1052s01.dat
1 16 0 0 0 -1 0 0 0 1 0 0 0 -1 s\t1052s01.dat
1 16 0 0 0 0 0 1 0 1 0 1 0 0 s\t1052s01.dat
1 16 -30 16 -30 -10 0 0 0 10 0 0 0 -10 4-4cyli.dat
1 16 -30 26 -30 -10 0 0 0 8 0 0 0 -10 1-4cyli.dat
1 16 -30 34 -30 -10 0 0 0 1 0 0 0 -10 1-4edge.dat
1 16 -30 16 -30 -10 0 0 0 1 0 0 0 -10 4-4edge.dat
1 16 -30 16 -30 -10 0 0 0 1 0 0 0 -10 1-4chrd.dat
1 16 -30 34 -30 -9.5 0 0 0 8 0 0 0 -9.5 1-4cylo.dat
1 16 -30 34 -30 -0.5 0 0 0 -1 0 0 0 -0.5 1-4ring19.dat
0 BFC INVERTNEXT
1 16 -30 26.5 -30 -7.6 0 0 0 3 0 0 0 -7.6 4-4cyli.dat
0 BFC INVERTNEXT
1 16 -30 26.5 -30 -6.6 0 0 0 -10.5 0 0 0 -6.6 4-4cylo.dat
1 16 -30 16 -30 -4.6669 0 4.6669 0 1 0 4.6669 0 4.6669 4-4ndis.dat
1 16 -30 26.5 -30 -1.1 0 0 0 -1 0 0 0 -1.1 4-4ring6.dat
1 16 -24.5 38 -38.8 0 1 0.5 -4 0 0 0 0 1.2 rect.dat
1 16 -30 38 -38.55 0 -1 0 -4 0 0 0 0 -0.95 rect.dat
4 16 -24 34 -37.6 -25 34 -40 -30 34 -40 -30 34 -37.6
2 24 -25 34 -40 -30 34 -40
2 24 -30 34 -37.6 -24 34 -37.6
0 BFC INVERTNEXT
1 16 -30 42 -30 -7.6 0 0 0 -12.5 0 0 0 -7.6 1-4cyli.dat
1 16 -30 42 -30 -7.6 0 0 0 -1 0 0 0 -7.6 1-4edge.dat
1 16 -38.8 38 -24.5 -1.2 0 0 0 0 4 -0.5 1 0 rect.dat
1 16 -38.55 38 -30 0.95 0 0 0 0 4 0 -1 0 rect.dat
4 16 -40 34 -30 -40 34 -25 -37.6 34 -24 -37.6 34 -30
2 24 -40 34 -25 -40 34 -30
2 24 -37.6 34 -30 -37.6 34 -24
4 16 -30 16 -40 -30 16 -39.3338 -39.3338 16 -30 -40 16 -30
1 16 -30 16 -30 0 0 10 0 1 0 -10 0 0 1-4chrd.dat
4 16 -20 16 -30 -20.6662 16 -30 -30 16 -39.3338 -30 16 -40
1 16 -30 16 -30 10 0 0 0 1 0 0 0 10 1-4chrd.dat
4 16 -30 16 -20 -30 16 -20.6662 -20.6662 16 -30 -20 16 -30
1 16 -30 16 -30 0 0 -10 0 1 0 10 0 0 1-4chrd.dat
4 16 -40 16 -30 -39.3338 16 -30 -30 16 -20.6662 -30 16 -20
4 16 -40 34 -25 -40 34 -30 -40 26 -30 -40 29.1821 -14.7833
4 16 -40 34 -25 -40 29.1821 -14.7833 -40 29.5 -13.127 -40 42 -25
4 16 -14.7833 29.1821 -40 -30 26 -40 -30 34 -40 -25 34 -40
4 16 -14.7833 29.1821 -40 -25 34 -40 -25 42 -40 -13.127 29.5 -40
1 16 -30 42 -30 -1.9 0 0 0 -1 0 0 0 -1.9 1-4ring4.dat
1 16 -30 26.5 -30 -7.6 0 0 0 1 0 0 0 -7.6 4-4edge.dat
1 16 -30 29.5 -30 -7.6 0 0 0 1 0 0 0 7.6 3-4edge.dat
1 16 -30 29.5 -30 -7.6 0 0 0 -1 0 0 0 7.6 3-4ndis.dat
4 16 -16 29.5 -36 -22.4 29.5 -37.6 -22.4 29.5 -22.4 -20.1005 29.5 -20.1005
4 16 -22.4 29.5 -22.4 -37.6 29.5 -22.4 -36 29.5 -16 -20.1005 29.5 -20.1005
3 16 -37.6 29.5 -22.4 -37.6 29.5 -16 -36 29.5 -16
2 24 -37.6 29.5 -30 -37.6 29.5 -16
2 24 -37.6 42 -16 -37.6 42 -24
1 16 -36.8 35.75 -16 0.8 0 0 0 0 -6.25 0 1 0 rect.dat
4 16 -37.6 42 -24 -37.6 42 -16 -37.6 29.5 -16 -37.6 34 -24
4 16 -37.6 34 -24 -37.6 29.5 -16 -37.6 29.5 -30 -37.6 34 -30
3 16 -16 29.5 -37.6 -22.4 29.5 -37.6 -16 29.5 -36
2 24 -30 29.5 -37.6 -16 29.5 -37.6
2 24 -16 42 -37.6 -24 42 -37.6
1 16 -16 35.75 -36.8 0 1 0 6.25 0 0 0 0 -0.8 rect.dat
4 16 -16 29.5 -37.6 -16 42 -37.6 -24 42 -37.6 -24 34 -37.6
4 16 -30 29.5 -37.6 -16 29.5 -37.6 -24 34 -37.6 -30 34 -37.6
1 16 -30 0 30 1 0 0 0 1 0 0 0 -1 stud26.dat
1 16 -30 0 30 -10 0 0 0 26 0 0 0 -10 4-4cyli.dat
1 16 -30 0 30 -10 0 0 0 1 0 0 0 -10 4-4disc.dat
1 16 -30 0 30 -10 0 0 0 1 0 0 0 -10 4-4edge.dat
1 16 -30 26 30 -10 0 0 0 16 0 0 0 10 1-4cyli.dat
1 16 -30 42 30 -10 0 0 0 1 0 0 0 10 1-4edge.dat
3 16 -40 29.1821 14.7833 -40 26 30 -40 42 30
4 16 -40 29.5 13.127 -40 29.1821 14.7833 -40 42 30 -40 42 -25
3 16 -40 29.5 13.127 -40 42 -25 -40 29.5 -13.127
2 24 -40 42 -25 -40 42 30
1 16 -38 29.5 0 0 0 2 0 1 0 -13.127 0 0 rect2p.dat
0 BFC INVERTNEXT
1 16 -30 3.5 30 -6 0 0 0 26 0 0 0 6 4-4cylc.dat
1 16 -30 29.5 30 -6 0 0 0 -1 0 0 0 6 4-4ndis.dat
0 BFC INVERTNEXT
1 16 -33 29.5 33 -3 0 0 0 12.5 0 0 0 3 1-4cylo.dat
1 16 -30 42 30 -10 0 0 0 -1 0 0 0 10 1-8chrd.dat
1 16 -30 42 30 0 0 -10 0 -1 0 10 0 0 1-8chrd.dat
1 16 -33 42 33 -3 0 0 0 -1 0 0 0 3 1-4ndis.dat
2 24 -36 29.5 33 -36 29.5 16
3 16 -36 42 33 -36 29.5 33 -36 29.5 16
3 16 -36 42 33 -36 29.5 16 -36 29.5 13.127
3 16 -36 29.5 -13.127 -36 29.5 -16 -36 42 -16
4 16 -36 29.5 13.127 -36 29.5 -13.127 -36 42 -16 -36 42 33
2 24 -36 42 33 -36 42 -16
4 16 -20.1005 29.5 20.1005 -36 29.5 16 -36 29.5 24 -24 29.5 24
4 16 -20.1005 29.5 20.1005 -24 29.5 24 -24 29.5 36 -16 29.5 36
4 16 -33 42 36 -36 42 36 -37.071 42 37.071 -30 42 40
2 24 25 42 -40 -25 42 -40
4 16 -25 42 -40 25 42 -40 13.127 29.5 -40 -13.127 29.5 -40
1 16 0 42 -36.8 0 0 16 0 -1 0 0.8 0 0 rect1.dat
4 16 -25 42 -40 -24 42 -37.6 24 42 -37.6 25 42 -40
4 16 13.127 29.5 -36 16 42 -36 -16 42 -36 -13.127 29.5 -36
3 16 -16 29.5 -36 -13.127 29.5 -36 -16 42 -36
3 16 13.127 29.5 -36 16 29.5 -36 16 42 -36
1 16 0 29.5 -38 13.127 0 0 0 1 0 0 0 2 rect2p.dat
1 16 0 29.5 38 13.127 0 0 0 1 0 0 0 2 rect2p.dat
2 24 -30 42 40 30 42 40
3 16 13.127 29.5 40 14.7833 29.1821 40 30 42 40
3 16 -14.7833 29.1821 40 -13.127 29.5 40 -30 42 40
3 16 -14.7833 29.1821 40 -30 42 40 -30 26 40
4 16 -13.127 29.5 40 13.127 29.5 40 30 42 40 -30 42 40
4 16 -30 42 40 30 42 40 33 42 36 -33 42 36
1 16 0 35.75 36 0 0 33 6.25 0 0 0 1 0 rect1.dat
2 24 16 29.5 36 33 29.5 36
2 24 -33 29.5 36 -16 29.5 36
3 16 14.78325 29.18205 40 30 26 40 30 42 40
4 16 -36 42 -16 -37.6 42 -16 -37.071 42 37.071 -36 42 36
4 16 -40 42 30 -37.071 42 37.071 -37.6 42 -16 -40 42 -25
3 16 -37.6 42 -24 -40 42 -25 -37.6 42 -16
4 16 37.071 42 37.071 37.6 42 -16 36 42 -16 36 42 36
4 16 37.6 42 -16 37.071 42 37.071 40 42 30 40 42 -25
3 16 40 42 -25 37.6 42 -24 37.6 42 -16
