0 ~| Circuit Cubes Cubit Motor Case Top
0 Name: t1064.dat
0 Author: Philippe Hurbain [Philo]
0 !LDRAW_ORG Part UPDATE 2024-05
0 !LICENSE Licensed under CC BY 4.0 : see CAreadme.txt

0 BFC CERTIFY CCW

0 !CATEGORY Electric

0 !HISTORY 2024-06-30 [OrionP] Official Update 2024-05


1 16 10 0 -30 1 0 0 0 1 0 0 0 1 stud2a.dat
1 16 10 0 -30 6 0 0 0 1 0 0 0 6 4-4edge.dat
1 16 10 0 -30 4 0 0 0 1 0 0 0 4 4-4edge.dat
1 16 -10 0 -30 1 0 0 0 1 0 0 0 1 stud2a.dat
1 16 -10 0 -30 6 0 0 0 1 0 0 0 6 4-4edge.dat
1 16 -10 0 -30 4 0 0 0 1 0 0 0 4 4-4edge.dat
1 16 10 0 -10 1 0 0 0 1 0 0 0 1 stud2a.dat
1 16 10 0 -10 6 0 0 0 1 0 0 0 6 4-4edge.dat
1 16 10 0 -10 4 0 0 0 1 0 0 0 4 4-4edge.dat
1 16 -10 0 -10 1 0 0 0 1 0 0 0 1 stud2a.dat
1 16 -10 0 -10 6 0 0 0 1 0 0 0 6 4-4edge.dat
1 16 -10 0 -10 4 0 0 0 1 0 0 0 4 4-4edge.dat
1 16 10 0 10 1 0 0 0 1 0 0 0 1 stud2a.dat
1 16 10 0 10 6 0 0 0 1 0 0 0 6 4-4edge.dat
1 16 10 0 10 4 0 0 0 1 0 0 0 4 4-4edge.dat
1 16 -10 0 10 1 0 0 0 1 0 0 0 1 stud2a.dat
1 16 -10 0 10 6 0 0 0 1 0 0 0 6 4-4edge.dat
1 16 -10 0 10 4 0 0 0 1 0 0 0 4 4-4edge.dat
1 16 10 0 30 1 0 0 0 1 0 0 0 1 stud2a.dat
1 16 10 0 30 6 0 0 0 1 0 0 0 6 4-4edge.dat
1 16 10 0 30 4 0 0 0 1 0 0 0 4 4-4edge.dat
1 16 -10 0 30 1 0 0 0 1 0 0 0 1 stud2a.dat
1 16 -10 0 30 6 0 0 0 1 0 0 0 6 4-4edge.dat
1 16 -10 0 30 4 0 0 0 1 0 0 0 4 4-4edge.dat
0 BFC INVERTNEXT
1 16 0 26 -40 10 0 0 0 0 -10 0 3 0 2-4cylo.dat
1 16 0 26 -40 10 0 0 0 0 -10 0 1 0 2-4ndis.dat
1 16 0 26 -37 10 0 0 0 0 -10 0 -1 0 2-4ndis.dat
1 16 0 0 0 20 0 0 0 1 0 0 0 40 rect.dat
0 BFC INVERTNEXT
1 16 20 26 0 0 -3 0 0 0 6 6 0 0 4-4cylo.dat
1 16 20 26 0 0 -1 0 0 0 6 6 0 0 4-4ndis.dat
1 16 17 26 0 0 1 0 0 0 6 6 0 0 4-4ndis.dat
0 BFC INVERTNEXT
1 16 20 26 -20 0 -3 0 0 0 6 6 0 0 4-4cylo.dat
1 16 20 26 -20 0 -1 0 0 0 6 6 0 0 4-4ndis.dat
1 16 17 26 -20 0 1 0 0 0 6 6 0 0 4-4ndis.dat
0 BFC INVERTNEXT
1 16 20 26 20 0 -3 0 0 0 6 6 0 0 4-4cylo.dat
1 16 20 26 20 0 -1 0 0 0 6 6 0 0 4-4ndis.dat
1 16 17 26 20 0 1 0 0 0 6 6 0 0 4-4ndis.dat
2 24 20 0 -40 20 40 -40
2 24 20 0 40 20 40 40
0 BFC INVERTNEXT
1 16 20 7.7 -15.6 0 -3 0 3.5 0 0 0 0 7 box4.dat
0 BFC INVERTNEXT
1 16 20 35.3 -21.3 0 -3 0 1.4 0 0 0 0 3.5 box4.dat
0 BFC INVERTNEXT
1 16 20 35.3 21.3 0 -3 0 1.4 0 0 0 0 3.5 box4.dat
1 16 10 33 -38.5 0 1 0 0 0 7 1.5 0 0 rect3.dat
4 16 10 16 -40 10 40 -40 20 40 -40 20 0 -40
2 24 10 40 -40 20 40 -40
2 24 17 2 -37 17 40 -37
4 16 10 40 -40 10 40 -37 17 40 -37 20 40 -40
2 24 10 40 -37 17 40 -37
4 16 17 2 -37 17 40 -37 10 40 -37 10 16 -37
2 24 17 2 37 17 40 37
2 24 20 40 -40 20 40 40
2 24 17 40 -37 17 40 37
4 16 20 0 -40 20 4.2 -22.6 20 4.2 -8.6 20 0 40
4 16 20 0 40 20 4.2 -8.6 20 11.2 -8.6 20 20 26
4 16 20 0 40 20 20 26 20 32 26 20 40 40
4 16 20 11.2 -22.6 20 20 -26 20 20 26 20 11.2 -8.6
4 16 20 11.2 -22.6 20 4.2 -22.6 20 0 -40 20 20 -26
4 16 20 32 -26 20 20 -26 20 0 -40 20 40 -40
4 16 20 20 14 20 20 6 20 32 6 20 32 14
4 16 20 20 -6 20 20 -14 20 32 -14 20 32 -6
4 16 20 33.9 24.8 20 32 26 20 32 -26 20 33.9 -24.8
4 16 20 36.7 -24.8 20 33.9 -24.8 20 32 -26 20 40 -40
4 16 20 36.7 -24.8 20 40 -40 20 40 40 20 36.7 24.8
4 16 20 33.9 24.8 20 36.7 24.8 20 40 40 20 32 26
4 16 20 33.9 17.8 20 33.9 -17.8 20 36.7 -17.8 20 36.7 17.8
4 16 17 4.2 -8.6 17 4.2 -22.6 17 2 -37 17 2 37
4 16 17 11.2 -8.6 17 4.2 -8.6 17 2 37 17 20 26
4 16 17 32 26 17 20 26 17 2 37 17 40 37
4 16 17 20 26 17 20 -26 17 11.2 -22.6 17 11.2 -8.6
4 16 17 2 -37 17 4.2 -22.6 17 11.2 -22.6 17 20 -26
4 16 17 2 -37 17 20 -26 17 32 -26 17 40 -37
4 16 17 32 6 17 20 6 17 20 14 17 32 14
4 16 17 32 -14 17 20 -14 17 20 -6 17 32 -6
4 16 17 32 -26 17 32 26 17 33.9 24.8 17 33.9 -24.8
4 16 17 32 -26 17 33.9 -24.8 17 36.7 -24.8 17 40 -37
4 16 17 40 37 17 40 -37 17 36.7 -24.8 17 36.7 24.8
4 16 17 40 37 17 36.7 24.8 17 33.9 24.8 17 32 26
4 16 17 36.7 -17.8 17 33.9 -17.8 17 33.9 17.8 17 36.7 17.8
4 16 17 40 -37 17 40 37 20 40 40 20 40 -40
0 BFC INVERTNEXT
1 16 -20 26 0 0 3 0 0 0 6 6 0 0 4-4cylo.dat
1 16 -20 26 0 0 1 0 0 0 6 6 0 0 4-4ndis.dat
1 16 -17 26 0 0 -1 0 0 0 6 6 0 0 4-4ndis.dat
0 BFC INVERTNEXT
1 16 -20 26 -20 0 3 0 0 0 6 6 0 0 4-4cylo.dat
1 16 -20 26 -20 0 1 0 0 0 6 6 0 0 4-4ndis.dat
1 16 -17 26 -20 0 -1 0 0 0 6 6 0 0 4-4ndis.dat
0 BFC INVERTNEXT
1 16 -20 26 20 0 3 0 0 0 6 6 0 0 4-4cylo.dat
1 16 -20 26 20 0 1 0 0 0 6 6 0 0 4-4ndis.dat
1 16 -17 26 20 0 -1 0 0 0 6 6 0 0 4-4ndis.dat
2 24 -20 0 -40 -20 40 -40
2 24 -20 0 40 -20 40 40
0 BFC INVERTNEXT
1 16 -20 7.7 -1.6 0 3 0 3.5 0 0 0 0 7 box4.dat
0 BFC INVERTNEXT
1 16 -20 35.3 -21.3 0 3 0 1.4 0 0 0 0 3.5 box4.dat
0 BFC INVERTNEXT
1 16 -20 35.3 21.3 0 3 0 1.4 0 0 0 0 3.5 box4.dat
1 16 -10 33 -38.5 0 -1 0 0 0 7 -1.5 0 0 rect3.dat
4 16 -20 40 -40 -10 40 -40 -10 16 -40 -20 0 -40
2 24 -10 40 -40 -20 40 -40
2 24 -17 2 -37 -17 40 -37
4 16 -17 40 -37 -10 40 -37 -10 40 -40 -20 40 -40
2 24 -10 40 -37 -17 40 -37
4 16 -10 40 -37 -17 40 -37 -17 2 -37 -10 16 -37
2 24 -17 2 37 -17 40 37
2 24 -20 40 -40 -20 40 40
2 24 -17 40 -37 -17 40 37
4 16 -20 4.2 5.4 -20 4.2 -8.6 -20 0 -40 -20 0 40
4 16 -20 11.2 5.4 -20 4.2 5.4 -20 0 40 -20 20 26
4 16 -20 32 26 -20 20 26 -20 0 40 -20 40 40
4 16 -20 20 26 -20 20 -26 -20 11.2 -8.6 -20 11.2 5.4
4 16 -20 0 -40 -20 4.2 -8.6 -20 11.2 -8.6 -20 20 -26
4 16 -20 0 -40 -20 20 -26 -20 32 -26 -20 40 -40
4 16 -20 32 6 -20 20 6 -20 20 14 -20 32 14
4 16 -20 32 -14 -20 20 -14 -20 20 -6 -20 32 -6
4 16 -20 32 -26 -20 32 26 -20 33.9 24.8 -20 33.9 -24.8
4 16 -20 32 -26 -20 33.9 -24.8 -20 36.7 -24.8 -20 40 -40
4 16 -20 40 40 -20 40 -40 -20 36.7 -24.8 -20 36.7 24.8
4 16 -20 40 40 -20 36.7 24.8 -20 33.9 24.8 -20 32 26
4 16 -20 36.7 -17.8 -20 33.9 -17.8 -20 33.9 17.8 -20 36.7 17.8
4 16 -17 2 -37 -17 4.2 -8.6 -17 4.2 5.4 -17 2 37
4 16 -17 2 37 -17 4.2 5.4 -17 11.2 5.4 -17 20 26
4 16 -17 2 37 -17 20 26 -17 32 26 -17 40 37
4 16 -17 11.2 -8.6 -17 20 -26 -17 20 26 -17 11.2 5.4
4 16 -17 11.2 -8.6 -17 4.2 -8.6 -17 2 -37 -17 20 -26
4 16 -17 32 -26 -17 20 -26 -17 2 -37 -17 40 -37
4 16 -17 20 14 -17 20 6 -17 32 6 -17 32 14
4 16 -17 20 -6 -17 20 -14 -17 32 -14 -17 32 -6
4 16 -17 33.9 24.8 -17 32 26 -17 32 -26 -17 33.9 -24.8
4 16 -17 36.7 -24.8 -17 33.9 -24.8 -17 32 -26 -17 40 -37
4 16 -17 36.7 -24.8 -17 40 -37 -17 40 37 -17 36.7 24.8
4 16 -17 33.9 24.8 -17 36.7 24.8 -17 40 37 -17 32 26
4 16 -17 33.9 17.8 -17 33.9 -17.8 -17 36.7 -17.8 -17 36.7 17.8
4 16 -20 40 40 -17 40 37 -17 40 -37 -20 40 -40
4 16 -20 0 -40 -10 16 -40 10 16 -40 20 0 -40
4 16 -17 2 -37 17 2 -37 10 16 -37 -10 16 -37
0 BFC INVERTNEXT
1 16 0 26 40 6 0 0 0 0 6 0 -3 0 4-4cylo.dat
1 16 0 26 40 6 0 0 0 0 6 0 -1 0 4-4ndis.dat
1 16 0 26 37 6 0 0 0 0 6 0 1 0 4-4ndis.dat
0 BFC INVERTNEXT
1 16 0 7.7 40 0 0 7 3.5 0 0 0 -3 0 box4.dat
4 16 -20 40 40 -6 32 40 6 32 40 20 40 40
4 16 20 40 40 6 32 40 6 20 40 7 11.2 40
4 16 20 40 40 7 11.2 40 7 4.2 40 20 0 40
4 16 20 0 40 7 4.2 40 -7 4.2 40 -20 0 40
4 16 -20 0 40 -7 4.2 40 -7 11.2 40 -20 40 40
4 16 -20 40 40 -7 11.2 40 -6 20 40 -6 32 40
4 16 -6 20 40 -7 11.2 40 7 11.2 40 6 20 40
2 24 -20 40 40 20 40 40
4 16 6 32 37 -6 32 37 -17 40 37 17 40 37
4 16 6 20 37 6 32 37 17 40 37 7 11.2 37
4 16 7 4.2 37 7 11.2 37 17 40 37 17 2 37
4 16 -7 4.2 37 7 4.2 37 17 2 37 -17 2 37
4 16 -7 11.2 37 -7 4.2 37 -17 2 37 -17 40 37
4 16 -6 20 37 -7 11.2 37 -17 40 37 -6 32 37
4 16 7 11.2 37 -7 11.2 37 -6 20 37 6 20 37
2 24 -17 40 37 17 40 37
4 16 17 40 37 -17 40 37 -20 40 40 20 40 40
1 16 0 2 0 17 0 0 0 -1 0 0 0 -37 rect.dat
