0 Mursten Window  1 x  6 x  2 with Shutters
0 Name: u8023.dat
0 Author: J.C. Tchang [tchang]
0 !LDRAW_ORG Part UPDATE 2019-02
0 !LICENSE Redistributable under CCAL version 2.0 : see CAreadme.txt

0 BFC CERTIFY CW

0 !CATEGORY Window
0 !KEYWORDS Automatic Binding Brick

0 !HISTORY 2019-09-09 [PTadmin] Official Update 2019-02

0 BFC INVERTNEXT
1 16 -14 22 -10 11 0 0 0 0 16 0 4 0 box4.dat
1 16 -14 22 -10 13 0 0 0 0 18 0 3 0 box4.dat
4 16 -1 4 -10 -3 6 -10 -25 6 -10 -27 4 -10
4 16 -3 38 -10 -1 40 -10 -27 40 -10 -25 38 -10
4 16 -1 40 -10 -3 38 -10 -3 6 -10 -1 4 -10
4 16 -27 4 -10 -25 6 -10 -25 38 -10 -27 40 -10

0 BFC INVERTNEXT
1 16 14 22 -10 11 0 0 0 0 16 0 4 0 box4.dat
1 16 14 22 -10 13 0 0 0 0 18 0 3 0 box4.dat
4 16 27 4 -10 25 6 -10 3 6 -10 1 4 -10
4 16 25 38 -10 27 40 -10 1 40 -10 3 38 -10
4 16 27 40 -10 25 38 -10 25 6 -10 27 4 -10
4 16 1 4 -10 3 6 -10 3 38 -10 1 40 -10

0 BFC INVERTNEXT
1 16 -45 20 -12 -11 0 0 0 0 16 0 6 0 box4o4a.dat
1 16 -45 20 -8 11 0 0 0 0 16 0 -6 0 rect.dat
2 24 -34 4 -6 -34 36 -6
2 24 -56 36 -6 -34 36 -6
4 16 -60 40 -10 -60 40 -12 -30 40 -12 -30 40 -10
4 16 -60 0 -10 -60 0 -12 -60 40 -12 -60 40 -10
4 16 -30 0 -10 -30 0 -12 -60 0 -12 -60 0 -10
4 16 -30 40 -10 -30 40 -12 -30 0 -12 -30 0 -10
2 24 -30 40 -10 -60 40 -10
2 24 -30 40 -12 -60 40 -12
2 24 -60 40 -12 -60 0 -12
2 24 -60 0 -12 -30 0 -12
2 24 -30 0 -12 -30 40 -12
2 24 -30 40 -12 -30 40 -10
2 24 -60 40 -12 -60 40 -10
2 24 -30 0 -12 -30 0 -10
2 24 -60 0 -12 -60 0 -10

4 16 -30 0 -12 -34 4 -12 -56 4 -12 -60 0 -12
4 16 -34 36 -12 -30 40 -12 -60 40 -12 -56 36 -12
4 16 -30 40 -12 -34 36 -12 -34 4 -12 -30 0 -12
4 16 -60 0 -12 -56 4 -12 -56 36 -12 -60 40 -12

1 16 -45 5.6 -9 -11 0 0 0 1.6 0 0 -1 -1 box2-5.dat
1 16 -45 8.8 -9 -11 0 0 0 1.6 0 0 -1 -1 box2-5.dat
1 16 -45 12 -9 -11 0 0 0 1.6 0 0 -1 -1 box2-5.dat
1 16 -45 15.2 -9 -11 0 0 0 1.6 0 0 -1 -1 box2-5.dat
1 16 -45 18.4 -9 -11 0 0 0 1.6 0 0 -1 -1 box2-5.dat
1 16 -45 21.6 -9 -11 0 0 0 1.6 0 0 -1 -1 box2-5.dat
1 16 -45 24.8 -9 -11 0 0 0 1.6 0 0 -1 -1 box2-5.dat
1 16 -45 28 -9 -11 0 0 0 1.6 0 0 -1 -1 box2-5.dat
1 16 -45 31.2 -9 -11 0 0 0 1.6 0 0 -1 -1 box2-5.dat
1 16 -45 34.4 -10 -11 0 0 0 2 1.6 0 1 -1 rect.dat

0 BFC INVERTNEXT
1 16 45 20 -12 -11 0 0 0 0 16 0 6 0 box4o4a.dat
1 16 45 20 -8 11 0 0 0 0 16 0 -6 0 rect.dat
2 24 34 4 -6 34 36 -6
2 24 56 36 -6 34 36 -6
4 16 30 40 -10 30 40 -12 60 40 -12 60 40 -10
4 16 60 40 -10 60 40 -12 60 0 -12 60 0 -10
4 16 60 0 -10 60 0 -12 30 0 -12 30 0 -10
4 16 30 0 -10 30 0 -12 30 40 -12 30 40 -10
2 24 30 40 -10 60 40 -10
2 24 30 40 -12 60 40 -12
2 24 60 40 -12 60 0 -12
2 24 60 0 -12 30 0 -12
2 24 30 0 -12 30 40 -12
2 24 30 40 -12 30 40 -10
2 24 60 40 -12 60 40 -10
2 24 30 0 -12 30 0 -10
2 24 60 0 -12 60 0 -10

4 16 60 0 -12 56 4 -12 34 4 -12 30 0 -12
4 16 56 36 -12 60 40 -12 30 40 -12 34 36 -12
4 16 30 0 -12 34 4 -12 34 36 -12 30 40 -12
4 16 60 40 -12 56 36 -12 56 4 -12 60 0 -12

1 16 45 5.6 -9 11 0 0 0 1.6 0 0 -1 -1 box2-5.dat
1 16 45 8.8 -9 11 0 0 0 1.6 0 0 -1 -1 box2-5.dat
1 16 45 12 -9 11 0 0 0 1.6 0 0 -1 -1 box2-5.dat
1 16 45 15.2 -9 11 0 0 0 1.6 0 0 -1 -1 box2-5.dat
1 16 45 18.4 -9 11 0 0 0 1.6 0 0 -1 -1 box2-5.dat
1 16 45 21.6 -9 11 0 0 0 1.6 0 0 -1 -1 box2-5.dat
1 16 45 24.8 -9 11 0 0 0 1.6 0 0 -1 -1 box2-5.dat
1 16 45 28 -9 11 0 0 0 1.6 0 0 -1 -1 box2-5.dat
1 16 45 31.2 -9 11 0 0 0 1.6 0 0 -1 -1 box2-5.dat
1 16 45 34.4 -10 11 0 0 0 2 1.6 0 1 -1 rect.dat

1 16 0 1 -8.5 30 0 0 0 0 1 0 -1.5 0 box2-5.dat

1 16 0 41 -7 -30 0 0 0 0 1 0 1 0 rect3.dat
4 16 30 2 -7 27 4 -7 -27 4 -7 -30 2 -7
2 24 -30 2 -7 -30 40 -7
4 16 -27 40 -7 -30 40 -7 -30 2 -7 -27 4 -7
2 24 30 2 -7 30 40 -7
4 16 27 4 -7 30 2 -7 30 40 -7 27 40 -7
4 16 -1 4 -7 1 4 -7 1 40 -7 -1 40 -7
4 16 -60 48 -6 -60 48 -10 60 48 -10 60 48 -6

4 16 -56 38 -6 -56 48 -6 56 48 -6 56 38 -6
4 16 25 38 -6 34 36 -6 34 4 -6 25 6 -6
4 16 56 38 -6 56 36 -6 34 36 -6 25 38 -6
4 16 -25 6 -6 -34 4 -6 -34 36 -6 -25 38 -6
4 16 -34 36 -6 -56 36 -6 -56 38 -6 -25 38 -6
4 16 -34 4 -6 -25 6 -6 25 6 -6 34 4 -6
4 16 -3 38 -6 3 38 -6 3 6 -6 -3 6 -6
2 24 -56 48 -6 56 48 -6
2 24 -56 48 -6 -56 36 -6
2 24 56 48 -6 56 36 -6
2 24 -34 4 -6 34 4 -6

1 16 0 48 -11.2 30 0 0 0 -1 0 0 0 -1.25 rect3.dat
4 16 -30 48 -12.5 -30 42 -7 30 42 -7 30 48 -12.5
3 16 -30 48 -12.5 -30 48 -10 -30 42 -7
3 16 30 42 -7 30 48 -10 30 48 -12.5
2 24 -30 48 -12.5 -30 42 -7
2 24 30 48 -12.5 30 42 -7

4 16 -30 2 -10 -30 2 -7 -30 42 -7 -30 46 -10
4 16 30 46 -10 30 42 -7 30 2 -7 30 2 -10
1 16 -45 44 -10 -15 0 0 0 0 4 0 3 0 rect.dat
1 16 45 44 -10 -15 0 0 0 0 4 0 3 0 rect.dat

1 16 -60 24 -1 0 1 0 0 0 -24 -9 0 0 rect2P.dat
1 16 60 24 -1 0 -1 0 0 0 -24 9 0 0 rect2P.dat

1 16 58 26 3 0 -2 0 0 0 22 -9 0 0 box2-11.dat
1 16 -58 26 3 0 2 0 0 0 22 9 0 0 box2-11.dat
1 16 0 4 3 0 0 56 0 -1 0 9 0 0 rect2P.dat
1 16 0 0 1 0 0 -60 0 1 0 11 0 0 rect1.dat
2 24 -56 4 12 56 4 12

2 24 -56 48 12 -56 4 12
2 24 56 48 12 56 4 12
2 24 56 48 12 60 48 12
2 24 -56 48 12 -60 48 12
4 16 56 48 12 60 48 12 60 0 12 56 4 12
4 16 -56 4 12 -60 0 12 -60 48 12 -56 48 12
4 16 56 4 12 60 0 12 -60 0 12 -56 4 12

1 16 -64 12 10 0 4 0 -12 0 0 0 0 2 box4o4a.dat
4 16 -64 0 12 -64 0 8 -64 24 8 -64 24 12
2 24 -60 0 8 -60 24 8
1 16 64 36 10 0 -4 0 -12 0 0 0 0 -2 box4o4a.dat
4 16 64 24 8 64 24 12 64 48 12 64 48 8
2 24 60 24 8 60 48 8

1 16 -60 36 10 0 1 0 -12 0 0 0 0 2 rect3.dat
1 16 60 12 10 0 -1 0 12 0 0 0 0 2 rect3.dat
