0 ~Electric Spike Prime Hub Micro-USB Connector
0 Name: u9401.dat
0 Author: Philippe Hurbain [Philo]
0 !LDRAW_ORG Part UPDATE 2019-03
0 !LICENSE Redistributable under CCAL version 2.0 : see CAreadme.txt

0 BFC CERTIFY CCW

0 !HISTORY 2019-12-27 [PTadmin] Official Update 2019-03

1 0 0 9.5 0 9.5 0 0 0 1 0 0 0 3.5 box.dat
2 24 -8 0 3.5 -9.5 0 2
2 24 -9.5 0 0 -6 0 -3.5
2 24 6 0 -3.5 9.5 0 0
2 24 9.5 0 2 8 0 3.5
2 24 -5.5 0 -2.5 -8.5 0 0.5
2 24 -8.5 0 1.5 -7.5 0 2.5
2 24 7.5 0 2.5 8.5 0 1.5
2 24 8.5 0 0.5 5.5 0 -2.5
4 16 8.5 0 0.5 8.5 8.5 0.5 5.5 8.5 -2.5 5.5 0 -2.5
4 16 -5.5 0 -2.5 -5.5 8.5 -2.5 -8.5 8.5 0.5 -8.5 0 0.5
4 16 -8 0 3.5 -8 8.5 3.5 -9.5 8.5 2 -9.5 0 2
4 16 8 8.5 3.5 8 0 3.5 9.5 0 2 9.5 8.5 2
4 16 -7.5 8.5 2.5 -7.5 0 2.5 -8.5 0 1.5 -8.5 8.5 1.5
4 16 -8.5 8.5 1.5 -8.5 0 1.5 -8.5 0 0.5 -8.5 8.5 0.5
4 16 8.5 8.5 1.5 8.5 0 1.5 7.5 0 2.5 7.5 8.5 2.5
4 16 7.5 8.5 2.5 7.5 0 2.5 -7.5 0 2.5 -7.5 8.5 2.5
4 16 -5.5 8.5 -2.5 -5.5 0 -2.5 5.5 0 -2.5 5.5 8.5 -2.5
4 16 9.5 8.5 0 9.5 0 0 6 0 -3.5 6 8.5 -3.5
4 16 6 8.5 -3.5 6 0 -3.5 -6 0 -3.5 -6 8.5 -3.5
4 16 -6 8.5 -3.5 -6 0 -3.5 -9.5 0 0 -9.5 8.5 0
4 16 8.5 8.5 0.5 8.5 0 0.5 8.5 0 1.5 8.5 8.5 1.5
4 16 -9.5 8.5 0 -9.5 0 0 -9.5 0 2 -9.5 8.5 2
4 16 9.5 8.5 2 9.5 0 2 9.5 0 0 9.5 8.5 0
4 16 -8 8.5 3.5 -8 0 3.5 8 0 3.5 8 8.5 3.5
5 24 9.5 0 0 9.5 8.5 0 6 0 -3.5 9.5 0 2
5 24 6 0 -3.5 6 8.5 -3.5 9.5 0 0 -6 0 -3.5
5 24 -8.5 0 0.5 -8.5 8.5 0.5 -8.5 0 1.5 -5.5 0 -2.5
5 24 -5.5 0 -2.5 -5.5 8.5 -2.5 -8.5 0 0.5 5.5 0 -2.5
5 24 -7.5 0 2.5 -7.5 8.5 2.5 7.5 0 2.5 -8.5 0 1.5
5 24 -8.5 0 1.5 -8.5 8.5 1.5 -7.5 0 2.5 -8.5 0 0.5
5 24 5.5 0 -2.5 5.5 8.5 -2.5 -5.5 0 -2.5 8.5 0 0.5
5 24 8.5 0 0.5 8.5 8.5 0.5 5.5 0 -2.5 8.5 0 1.5
5 24 -9.5 0 2 -9.5 8.5 2 -9.5 0 0 -8 0 3.5
5 24 -8 0 3.5 -8 8.5 3.5 -9.5 0 2 8 0 3.5
5 24 -6 0 -3.5 -6 8.5 -3.5 6 0 -3.5 -9.5 0 0
5 24 -9.5 0 0 -9.5 8.5 0 -6 0 -3.5 -9.5 0 2
5 24 8.5 0 1.5 8.5 8.5 1.5 7.5 0 2.5 8.5 0 0.5
5 24 7.5 0 2.5 7.5 8.5 2.5 8.5 0 1.5 -7.5 0 2.5
5 24 8 0 3.5 8 8.5 3.5 -8 0 3.5 9.5 0 2
5 24 9.5 0 2 9.5 8.5 2 8 0 3.5 9.5 0 0
2 24 -8 8.5 3.5 -9.5 8.5 2
2 24 -9.5 8.5 2 -9.5 8.5 0
2 24 -9.5 8.5 0 -6 8.5 -3.5
2 24 -6 8.5 -3.5 6 8.5 -3.5
2 24 6 8.5 -3.5 9.5 8.5 0
2 24 9.5 8.5 0 9.5 8.5 2
2 24 9.5 8.5 2 8 8.5 3.5
2 24 8 8.5 3.5 -8 8.5 3.5
2 24 -5.5 8.5 -2.5 -8.5 8.5 0.5
2 24 -8.5 8.5 0.5 -8.5 8.5 1.5
2 24 -8.5 8.5 1.5 -7.5 8.5 2.5
2 24 -7.5 8.5 2.5 7.5 8.5 2.5
2 24 7.5 8.5 2.5 8.5 8.5 1.5
2 24 8.5 8.5 1.5 8.5 8.5 0.5
2 24 8.5 8.5 0.5 5.5 8.5 -2.5
2 24 5.5 8.5 -2.5 -5.5 8.5 -2.5
4 16 8 0 3.5 7.5 0 2.5 8.5 0 1.5 9.5 0 2
4 16 -9.5 0 2 -8.5 0 1.5 -7.5 0 2.5 -8 0 3.5
4 16 -8.5 0 0.5 -9.5 0 0 -6 0 -3.5 -5.5 0 -2.5
4 16 8.5 0 0.5 5.5 0 -2.5 6 0 -3.5 9.5 0 0
1 0 0 8.5 1 5 0 0 0 -7 0 0 0 .5 box5.dat
1 334 0 8.5 .4 .7 0 0 0 -6.8 0 0 0 -.1 box4-1.dat
1 334 2 8.5 .4 -.7 0 0 0 -6.8 0 0 0 -.1 box4-1.dat
1 334 4 8.5 .4 -.7 0 0 0 -6.8 0 0 0 -.1 box4-1.dat
1 334 -2 8.5 .4 .7 0 0 0 -6.8 0 0 0 -.1 box4-1.dat
1 334 -4 8.5 .4 .7 0 0 0 -6.8 0 0 0 -.1 box4-1.dat
4 16 5.5 0 -2.5 -5.5 0 -2.5 -6 0 -3.5 6 0 -3.5
4 16 8.5 0 1.5 8.5 0 0.5 9.5 0 0 9.5 0 2
4 16 -9.5 0 2 -9.5 0 0 -8.5 0 0.5 -8.5 0 1.5
4 16 -8 0 3.5 -7.5 0 2.5 7.5 0 2.5 8 0 3.5
2 24 -8 0 3.5 8 0 3.5
2 24 -7.5 0 2.5 7.5 0 2.5
2 24 8.5 0 0.5 8.5 0 1.5
2 24 9.5 0 0 9.5 0 2
2 24 -5.5 0 -2.5 5.5 0 -2.5
2 24 -6 0 -3.5 6 0 -3.5
2 24 -9.5 0 0 -9.5 0 2
2 24 -8.5 0 0.5 -8.5 0 1.5
