0 Logo Octan without Border
0 Name: logo-octan-3.dat
0 Author: Tim Lampmann [L4mpi]
0 !LDRAW_ORG Primitive UPDATE 2022-04
0 !LICENSE Licensed under CC BY 4.0 : see CAreadme.txt

0 BFC CERTIFY CCW

0 !HISTORY 2022-07-18 [PTadmin] Official Update 2022-04


1 16 0 0 0 7.5 0 0 0 1 0 0 0 5.5 48\1-4ndis.dat
1 16 4 0 0 3.5 0 0 0 1 0 0 0 -3.5 48\1-4ndis.dat
1 16 4 0 0 -.5 0 0 0 1 0 0 0 -.5 48\1-4ring7.dat
1 16 4 0 0 -.5 0 0 0 1 0 0 0 -.5 48\1-4ring8.dat
1 16 -4 0 0 .5 0 0 0 1 0 0 0 .5 48\1-4ring8.dat
1 16 -4 0 0 .5 0 0 0 1 0 0 0 .5 48\1-4ring7.dat
1 16 0 0 0 -7.5 0 0 0 1 0 0 0 -5.5 48\1-4ndis.dat
1 16 -4 0 0 -3.5 0 0 0 1 0 0 0 3.5 48\1-4ndis.dat
1 16 0 0 0 0 0 -7.5 0 1 0 5.5 0 0 48\1-12ndis.dat
1 16 0 0 0 0 0 7.5 0 1 0 -5.5 0 0 48\1-12ndis.dat
1 4 4 0 0 3.5 0 0 0 1 0 0 0 -3.5 48\2-4chrd.dat
1 4 -4 0 0 4.5 0 0 0 1 0 0 0 4.5 48\1-4ndis.dat
1 4 0 0 0 7.5 0 0 0 1 0 0 0 5.5 48\1-4chrd.dat
1 4 0 0 0 0 0 -7.5 0 1 0 5.5 0 0 48\1-12chrd.dat
1 2 4 0 0 -4.5 0 0 0 1 0 0 0 -4.5 48\1-4ndis.dat
1 2 -4 0 0 -3.5 0 0 0 1 0 0 0 3.5 48\2-4chrd.dat
1 2 0 0 0 -7.5 0 0 0 1 0 0 0 -5.5 48\1-4chrd.dat
1 2 0 0 0 0 0 7.5 0 1 0 -5.5 0 0 48\1-12chrd.dat
4 16 -7.5 0 5.5 -7.5 0 3.5 -4.57 0 4.36 -3.75 0 4.763
4 16 -4 0 4 -4.57 0 4.36 -7.5 0 3.5 -4 0 3.5
4 16 4 0 -4 4 0 -4.5 4.57 0 -4.36 7.5 0 -3.5
4 16 7.5 0 -5.5 7.5 0 -3.5 4.57 0 -4.36 3.75 0 -4.763
4 4 -3.75 0 4.763 -4 0 4.5 .5 0 4.5 0 0 5.5
4 2 -.5 0 -4.5 0 0 -5.5 3.75 0 -4.763 4 0 -4.5
3 16 -4 0 4.5 -4.57 0 4.36 -4 0 4
3 16 7.5 0 -3.5 4 0 -3.5 4 0 -4
3 4 -3.75 0 4.763 -4.57 0 4.36 -4 0 4.5
3 4 0 0 5.5 .5 0 4.5 7.5 0 0
3 4 .5 0 4.5 .5 0 0 7.5 0 0
3 2 4.57 0 -4.36 4 0 -4.5 3.75 0 -4.763
3 2 -.5 0 0 -7.5 0 0 -.5 0 -4.5
3 2 -7.5 0 0 0 0 -5.5 -.5 0 -4.5
