0 Torus Outside  1 x 0.3077 x 0.25
0 Name: t04o3077.dat
0 Author: Willy Tschager [Holly-Wood]
0 !LDRAW_ORG Primitive UPDATE 2024-02
0 !LICENSE Licensed under CC BY 4.0 : see CAreadme.txt

0 BFC CERTIFY CCW

0 !HISTORY 2014-06-21 [PTadmin] Official Update 2014-01
0 !HISTORY 2024-03-04 [Holly-Wood] Complete regeneration, original by angmarec
0 !HISTORY 2024-03-24 [OrionP] Official Update 2024-02

0 // Major Radius: 13
0 // Tube(Minor) Radius: 4
0 // Segments(Sweep): 4/16 = 0.25
0 // 1 9 0 0 0 1 0 0 0 1 0 0 0 1 4-4edge.dat
0 // 1 12 1 0 0 0.3077 0 0 0 0 0.3077 0 1 0 4-4edge.dat

4 16 1 0.3077 0 0.9239 0.3077 0.3827 1.0327 0.2843 0.4278 1.1178 0.2843 0
4 16 1.1178 0.2843 0 1.0327 0.2843 0.4278 1.1249 0.2176 0.466 1.2176 0.2176 0
4 16 1.2176 0.2176 0 1.1249 0.2176 0.466 1.1865 0.1178 0.4915 1.2843 0.1178 0
4 16 1.2843 0.1178 0 1.1865 0.1178 0.4915 1.2082 0 0.5005 1.3077 0 0
4 16 0.9239 0.3077 0.3827 0.7071 0.3077 0.7071 0.7904 0.2843 0.7904 1.0327 0.2843 0.4278
4 16 1.0327 0.2843 0.4278 0.7904 0.2843 0.7904 0.8609 0.2176 0.8609 1.1249 0.2176 0.466
4 16 1.1249 0.2176 0.466 0.8609 0.2176 0.8609 0.9081 0.1178 0.9081 1.1865 0.1178 0.4915
4 16 1.1865 0.1178 0.4915 0.9081 0.1178 0.9081 0.9247 0 0.9247 1.2082 0 0.5005
4 16 0.7071 0.3077 0.7071 0.3827 0.3077 0.9239 0.4278 0.2843 1.0327 0.7904 0.2843 0.7904
4 16 0.7904 0.2843 0.7904 0.4278 0.2843 1.0327 0.466 0.2176 1.1249 0.8609 0.2176 0.8609
4 16 0.8609 0.2176 0.8609 0.466 0.2176 1.1249 0.4915 0.1178 1.1865 0.9081 0.1178 0.9081
4 16 0.9081 0.1178 0.9081 0.4915 0.1178 1.1865 0.5005 0 1.2082 0.9247 0 0.9247
4 16 0.3827 0.3077 0.9239 0 0.3077 1 0 0.2843 1.1178 0.4278 0.2843 1.0327
4 16 0.4278 0.2843 1.0327 0 0.2843 1.1178 0 0.2176 1.2176 0.466 0.2176 1.1249
4 16 0.466 0.2176 1.1249 0 0.2176 1.2176 0 0.1178 1.2843 0.4915 0.1178 1.1865
4 16 0.4915 0.1178 1.1865 0 0.1178 1.2843 0 0 1.3077 0.5005 0 1.2082
0 // conditional lines
5 24 0.9239 0.3077 0.3827 1 0.3077 0 1.0327 0.2843 0.4278 0.8151 0.3077 0.3376
5 24 1.0327 0.2843 0.4278 1.1178 0.2843 0 0.9239 0.3077 0.3827 1.1249 0.2176 0.466
5 24 1 0.3077 0 1.1178 0.2843 0 1 0.3077 -0.3827 0.9239 0.3077 0.3827
5 24 0.9239 0.3077 0.3827 1.0327 0.2843 0.4278 1 0.3077 0 0.7071 0.3077 0.7071
5 24 1.1249 0.2176 0.466 1.2176 0.2176 0 1.0327 0.2843 0.4278 1.1865 0.1178 0.4915
5 24 1.1178 0.2843 0 1.2176 0.2176 0 1.1178 0.2843 -0.4278 1.0327 0.2843 0.4278
5 24 1.0327 0.2843 0.4278 1.1249 0.2176 0.466 1.1178 0.2843 0 0.7904 0.2843 0.7904
5 24 1.1865 0.1178 0.4915 1.2843 0.1178 0 1.1249 0.2176 0.466 1.2082 0 0.5005
5 24 1.2176 0.2176 0 1.2843 0.1178 0 1.2176 0.2176 -0.466 1.1249 0.2176 0.466
5 24 1.1249 0.2176 0.466 1.1865 0.1178 0.4915 1.2176 0.2176 0 0.8609 0.2176 0.8609
5 24 1.2843 0.1178 0 1.3077 0 0 1.2843 0.1178 -0.4915 1.1865 0.1178 0.4915
5 24 1.1865 0.1178 0.4915 1.2082 0 0.5005 1.2843 0.1178 0 0.9081 0.1178 0.9081
5 24 1.2082 0 0.5005 1.3077 0 0 1.1865 0.1178 0.4915 1.2082 -0.1178 0.5005
5 24 0.7071 0.3077 0.7071 0.9239 0.3077 0.3827 0.7904 0.2843 0.7904 0.6238 0.3077 0.6238
5 24 0.7904 0.2843 0.7904 1.0327 0.2843 0.4278 0.7071 0.3077 0.7071 0.8609 0.2176 0.8609
5 24 0.7071 0.3077 0.7071 0.7904 0.2843 0.7904 0.9239 0.3077 0.3827 0.3827 0.3077 0.9239
5 24 0.8609 0.2176 0.8609 1.1249 0.2176 0.466 0.7904 0.2843 0.7904 0.9081 0.1178 0.9081
5 24 0.7904 0.2843 0.7904 0.8609 0.2176 0.8609 1.0327 0.2843 0.4278 0.4278 0.2843 1.0327
5 24 0.9081 0.1178 0.9081 1.1865 0.1178 0.4915 0.8609 0.2176 0.8609 0.9247 0 0.9247
5 24 0.8609 0.2176 0.8609 0.9081 0.1178 0.9081 1.1249 0.2176 0.466 0.466 0.2176 1.1249
5 24 0.9081 0.1178 0.9081 0.9247 0 0.9247 1.1865 0.1178 0.4915 0.4915 0.1178 1.1865
5 24 0.9247 0 0.9247 1.2082 0 0.5005 0.9081 0.1178 0.9081 0.9247 -0.1178 0.9247
5 24 0.3827 0.3077 0.9239 0.7071 0.3077 0.7071 0.4278 0.2843 1.0327 0.3376 0.3077 0.8151
5 24 0.4278 0.2843 1.0327 0.7904 0.2843 0.7904 0.3827 0.3077 0.9239 0.466 0.2176 1.1249
5 24 0.3827 0.3077 0.9239 0.4278 0.2843 1.0327 0.7071 0.3077 0.7071 0 0.3077 1
5 24 0.466 0.2176 1.1249 0.8609 0.2176 0.8609 0.4278 0.2843 1.0327 0.4915 0.1178 1.1865
5 24 0.4278 0.2843 1.0327 0.466 0.2176 1.1249 0.7904 0.2843 0.7904 0 0.2843 1.1178
5 24 0.4915 0.1178 1.1865 0.9081 0.1178 0.9081 0.466 0.2176 1.1249 0.5005 0 1.2082
5 24 0.466 0.2176 1.1249 0.4915 0.1178 1.1865 0.8609 0.2176 0.8609 0 0.2176 1.2176
5 24 0.4915 0.1178 1.1865 0.5005 0 1.2082 0.9081 0.1178 0.9081 0 0.1178 1.2843
5 24 0.5005 0 1.2082 0.9247 0 0.9247 0.4915 0.1178 1.1865 0.5005 -0.1178 1.2082
5 24 0 0.3077 1 0.3827 0.3077 0.9239 0 0.2843 1.1178 0 0.3077 0.8822
5 24 0 0.2843 1.1178 0.4278 0.2843 1.0327 0 0.3077 1 0 0.2176 1.2176
5 24 0 0.3077 1 0 0.2843 1.1178 0.3827 0.3077 0.9239 -1 0.3077 1
5 24 0 0.2176 1.2176 0.466 0.2176 1.1249 0 0.2843 1.1178 0 0.1178 1.2843
5 24 0 0.2843 1.1178 0 0.2176 1.2176 0.4278 0.2843 1.0327 -1.1178 0.2843 1.1178
5 24 0 0.1178 1.2843 0.4915 0.1178 1.1865 0 0.2176 1.2176 0 0 1.3077
5 24 0 0.2176 1.2176 0 0.1178 1.2843 0.466 0.2176 1.1249 -1.2176 0.2176 1.2176
5 24 0 0.1178 1.2843 0 0 1.3077 0.4915 0.1178 1.1865 -1.2843 0.1178 1.2843
5 24 0 0 1.3077 0.5005 0 1.2082 0 0.1178 1.2843 0 -0.1178 1.3077
0 // Build by LDPartEditor (PrimGen 2.X)
