0 Torus Outside 1 x 0.1538 x 0.25
0 Name: t04o1538.dat
0 Author: Paul Easter [pneaster]
0 !LDRAW_ORG Primitive UPDATE 2002-05
0 !LICENSE Redistributable under CCAL version 2.0 : see CAreadme.txt

0 BFC CERTIFY CW

0 !HISTORY 2002-11-30 [PTadmin] Official Update 2002-05
0 !HISTORY 2007-10-09 [PTadmin] Header formatted for Contributor Agreement
0 !HISTORY 2008-07-01 [PTadmin] Official Update 2008-01

0 1 12 0.9808 0 -0.1951 -0.1509 0 0 0 0 0.1538 0 -0.0301 0 1-4cyls2.dat
0 1 13 0.9808 0 -0.1952 0.1509 0 0 0 0 0.1538 0 0.3904 0 1-4cyli.dat
0 1 14 0.9808 0 0.1951 -0.1509 0 0 0 0 0.1538 0 0.0301 0 1-4cyls2.dat
1 16 1 0 0 -.148 .0059 0 0 0 .1538 -.0294 -.0295 0 1-4cyls2.dat
1 16 1 0 -.0001 .148 -.0762 0 0 0 .1538 .0294 .3829 0 1-4cyli.dat
1 16 .9239 0 .3827 -.148 -.0059 0 0 0 .1538 -.0294 .0295 0 1-4cyls2.dat
1 16 .9239 0 .3827 -.1255 .0167 0 0 0 .1538 -.0838 -.025 0 1-4cyls2.dat
1 16 .9239 0 .3826 .1255 -.2169 0 0 0 .1538 .0838 .3246 0 1-4cyli.dat
1 16 .7071 0 .7071 -.1255 -.0167 0 0 0 .1538 -.0838 .025 0 1-4cyls2.dat
1 16 .7071 0 .7071 -.0838 .025 0 0 0 .1538 -.1255 -.0167 0 1-4cyls2.dat
1 16 .7072 0 .7071 .0838 -.3246 0 0 0 .1538 .1255 .2169 0 1-4cyli.dat
1 16 .3827 0 .9239 -.0838 -.025 0 0 0 .1538 -.1255 .0167 0 1-4cyls2.dat
1 16 .3827 0 .9239 -.0294 .0295 0 0 0 .1538 -.148 -.0059 0 1-4cyls2.dat
1 16 .3828 0 .9239 .0294 -.3829 0 0 0 .1538 .148 .0762 0 1-4cyli.dat
1 16 0 0 1 -.0294 -.0295 0 0 0 .1538 -.148 .0059 0 1-4cyls2.dat
0
0 Conditional Lines
0
5 24 1.1538 0 0 1.1421 .0589 0 1.1538 0 -.4416 1.066 0 .4416
5 24 1.066 0 .4416 1.0552 .0589 .4371 1.1538 0 0 .8159 0 .8159
5 24 .8159 0 .8159 .8076 .0589 .8076 1.066 0 .4416 .4416 0 1.066
5 24 .4416 0 1.066 .4371 .0589 1.0552 .8159 0 .8159 0 0 1.1538
5 24 0 0 1.1538 0 .0589 1.1421 .4416 0 1.066 -.4416 0 1.1538
5 24 1.1421 .0589 0 1.1088 .1088 0 1.1421 .0589 -.4371 1.0552 .0589 .4371
5 24 1.0552 .0589 .4371 1.0244 .1088 .4243 1.1421 .0589 0 .8076 .0589 .8076
5 24 .8076 .0589 .8076 .784 .1088 .784 1.0552 .0589 .4371 .4371 .0589 1.0552
5 24 .4371 .0589 1.0552 .4243 .1088 1.0244 .8076 .0589 .8076 0 .0589 1.1421
5 24 0 .0589 1.1421 0 .1088 1.1088 .4371 .0589 1.0552 -.4371 .0589 1.1421
5 24 1.1088 .1088 0 1.0589 .1421 0 1.1088 .1088 -.4243 1.0244 .1088 .4243
5 24 1.0244 .1088 .4243 .9783 .1421 .4052 1.1088 .1088 0 .784 .1088 .784
5 24 .784 .1088 .784 .7487 .1421 .7487 1.0244 .1088 .4243 .4243 .1088 1.0244
5 24 .4243 .1088 1.0244 .4052 .1421 .9783 .784 .1088 .784 0 .1088 1.1088
5 24 0 .1088 1.1088 0 .1421 1.0589 .4243 .1088 1.0244 -.4243 .1088 1.1088
5 24 1.0589 .1421 0 1 .1538 0 1.0589 .1421 -.4052 .9783 .1421 .4052
5 24 .9783 .1421 .4052 .9239 .1538 .3827 1.0589 .1421 0 .7487 .1421 .7487
5 24 .7487 .1421 .7487 .7071 .1538 .7071 .9783 .1421 .4052 .4052 .1421 .9783
5 24 .4052 .1421 .9783 .3827 .1538 .9239 .7487 .1421 .7487 0 .1421 1.0589
5 24 0 .1421 1.0589 0 .1538 1 .4052 .1421 .9783 -.4052 .1421 1.0589
0
