0 ~Minifig Armour Shoulder Pads with Six Spikes - Spikes Quarter
0 Name: s\12618s01.dat
0 Author: Gerald Lasser [GeraldLasser]
0 !LDRAW_ORG Subpart UPDATE 2023-01
0 !LICENSE Licensed under CC BY 4.0 : see CAreadme.txt

0 BFC CERTIFY CCW

0 !HISTORY 2023-03-05 [OrionP] Official Update 2023-01


0 // Neck
3 16 0 -3 -6 -6 -3 -6 -13.207 -3 -10
3 16 -13.207 -3 -10 -6 -3 -6 -13.207 -3 -5.951
3 16 -13.207 -3 -5.951 -6 -3 -6 -13.207 -3 -3.216
3 16 -13.207 -3 -3.216 -6 -3 -6 -6 -3 0
3 16 0 0 -6 -13.985 0 -10 -6 0 -6
3 16 -6 0 -6 -13.985 0 -10 -6 0 0

0 // Outside
3 16 -14.351 1.895 -8.338 -13.985 0 -10 -14.489 2.606 -10.036
3 16 -14.351 1.895 -8.338 -14.278 1.519 -5.987 -13.985 0 -10
4 16 -26.017 -3.919 -10.525 -22.9535 -5.6385 -10.3755 -23.5725 -7.1295 -6.289 -26.669 -5.387 -6.454
4 16 -22.9535 -5.6385 -10.3755 -19.89 -6.91 -10.226 -20.476 -8.424 -6.124 -23.5725 -7.1295 -6.289
4 16 -18.7586 -4.6536 -10.1851 -22.957 .333 -10.374 -19.442 1.557 -10.206 -17.6415 -3.667 -10.136
4 16 -28.513 -2.352 -10.631 -25.531 .788 -10.502 -22.957 .333 -10.374 -26.017 -3.919 -10.525
4 16 -26.017 -3.919 -10.525 -22.957 .333 -10.374 -18.7586 -4.6536 -10.1851 -22.9535 -5.6385 -10.3755
3 16 -19.43 -5.828 -10.206 -19.89 -6.91 -10.226 -22.9535 -5.6385 -10.3755
3 16 -18.7586 -4.6536 -10.1851 -19.43 -5.828 -10.206 -22.9535 -5.6385 -10.3755
3 16 -28.513 -2.352 -10.631 -26.017 -3.919 -10.525 -26.669 -5.387 -6.454
3 16 -28.513 -2.352 -10.631 -26.669 -5.387 -6.454 -28.985 -3.871 -6.6275
3 16 -28.985 -3.871 -6.6275 -31.301 -2.163 -6.801 -31.009 -.593 -10.737
3 16 -28.985 -3.871 -6.6275 -31.009 -.593 -10.737 -28.513 -2.352 -10.631
4 16 -31.009 -.593 -10.737 -30.047 3.201 -10.704 -25.531 .788 -10.502 -28.513 -2.352 -10.631
4 16 -32.544 4.335 -10.783 -30.047 3.201 -10.704 -31.009 -.593 -10.737 -32.9675 .9805 -10.7815
4 16 -32.9675 .9805 -10.7815 -34.926 2.81 -10.826 -34.943 4.542 -10.826 -32.544 4.335 -10.783
3 16 -32.9675 .9805 -10.7815 -31.009 -.593 -10.737 -31.301 -2.163 -6.801
3 16 -32.9675 .9805 -10.7815 -31.301 -2.163 -6.801 -33.1055 -.6295 -6.963
3 16 -33.1055 -.6295 -6.963 -34.91 1.16 -7.125 -34.926 2.81 -10.826
3 16 -33.1055 -.6295 -6.963 -34.926 2.81 -10.826 -32.9675 .9805 -10.7815
4 16 -34.926 2.81 -10.826 -34.91 1.16 -7.125 -34.943 4.542 -7.128 -34.943 4.542 -10.826
4 16 -34.943 4.542 -10.826 -34.943 4.542 -7.128 -32.659 4.367 -6.917 -32.544 4.335 -10.783
4 16 -32.544 4.335 -10.783 -32.659 4.367 -6.917 -30.196 3.285 -6.711 -30.047 3.201 -10.704
4 16 -30.047 3.201 -10.704 -30.196 3.285 -6.711 -25.714 .858 -6.393 -25.531 .788 -10.502
3 16 -22.957 .333 -10.374 -22.607 .118 -6.22 -19.958 .013 -6.104
3 16 -19.958 .013 -6.104 -19.442 1.557 -10.206 -22.957 .333 -10.374
3 16 -13.985 0 -10 -13.207 -3 -10 -16.313 -3.228 -10.086
3 16 -15.956 3.454 -10.075 -15.088 3.446 -10.05 -14.489 2.606 -10.036
3 16 -13.985 0 -10 -19.442 1.557 -10.206 -15.956 3.454 -10.075
3 16 -15.956 3.454 -10.075 -14.489 2.606 -10.036 -13.985 0 -10
4 16 -17.6415 -3.667 -10.136 -19.442 1.557 -10.206 -13.985 0 -10 -16.313 -3.228 -10.086
3 16 -15.956 3.454 -10.075 -15.934 2.435 -8.011 -14.972 2.604 -8.093
3 16 -14.972 2.604 -8.093 -15.088 3.446 -10.05 -15.956 3.454 -10.075
3 16 -14.489 2.606 -10.036 -15.088 3.446 -10.05 -14.972 2.604 -8.093
3 16 -14.351 1.895 -8.338 -14.489 2.606 -10.036 -14.972 2.604 -8.093
3 16 -13.207 -3 -5.951 -16.724 -2.95 -6.004 -16.313 -3.228 -10.086
3 16 -16.313 -3.228 -10.086 -13.207 -3 -10 -13.207 -3 -5.951
3 16 -19.4369 -4.404 -6.096 -18.7586 -4.6536 -10.1851 -17.6415 -3.667 -10.136
3 16 -17.6415 -3.667 -10.136 -18.238 -3.329 -6.05 -19.4369 -4.404 -6.096
3 16 -16.313 -3.228 -10.086 -16.724 -2.95 -6.004 -18.238 -3.329 -6.05
3 16 -18.238 -3.329 -6.05 -17.6415 -3.667 -10.136 -16.313 -3.228 -10.086
3 16 -20.0133 -5.8189 -6.1061 -20.476 -8.424 -6.124 -19.89 -6.91 -10.226
3 16 -20.0133 -5.8189 -6.1061 -19.89 -6.91 -10.226 -19.43 -5.828 -10.206
3 16 -19.43 -5.828 -10.206 -18.7586 -4.6536 -10.1851 -19.4369 -4.404 -6.096
3 16 -19.43 -5.828 -10.206 -19.4369 -4.404 -6.096 -20.0133 -5.8189 -6.1061
4 16 -30.196 3.285 -6.711 -28.985 -3.871 -6.6275 -26.669 -5.387 -6.454 -25.714 .858 -6.393
3 16 -31.301 -2.163 -6.801 -28.985 -3.871 -6.6275 -30.196 3.285 -6.711
3 16 -33.1055 -.6295 -6.963 -31.301 -2.163 -6.801 -30.196 3.285 -6.711
4 16 -30.196 3.285 -6.711 -32.659 4.367 -6.917 -34.91 1.16 -7.125 -33.1055 -.6295 -6.963
3 16 -34.91 1.16 -7.125 -32.659 4.367 -6.917 -34.943 4.542 -7.128
4 16 -26.669 -5.387 -6.454 -23.5725 -7.1295 -6.289 -20.0133 -5.8189 -6.1061 -19.4369 -4.404 -6.096
3 16 -20.476 -8.424 -6.124 -20.0133 -5.8189 -6.1061 -23.5725 -7.1295 -6.289
4 16 -25.714 .858 -6.393 -26.669 -5.387 -6.454 -19.4369 -4.404 -6.096 -22.607 .118 -6.22
3 16 -16.724 -2.95 -6.004 -13.207 -3 -5.951 -16.277 -2.442 -5.994
4 16 -19.17 -.75 -6.075 -19.958 .013 -6.104 -22.607 .118 -6.22 -19.4369 -4.404 -6.096
3 16 -18.238 -3.329 -6.05 -16.724 -2.95 -6.004 -16.277 -2.442 -5.994
3 16 -13.553 -3 -3.216 -16.599 -2.316 -3.148 -16.277 -2.442 -5.994
3 16 -13.207 -3 -5.951 -13.207 -3 -3.216 -13.553 -3 -3.216
3 16 -19.17 -.75 -6.075 -19.4369 -4.404 -6.096 -18.238 -3.329 -6.05
3 16 -18.238 -3.329 -6.05 -16.277 -2.442 -5.994 -19.17 -.75 -6.075
3 16 -16.277 -2.442 -5.994 -13.207 -3 -5.951 -13.553 -3 -3.216
3 16 -19.17 -.75 -6.075 -16.277 -2.442 -5.994 -16.599 -2.316 -3.148
3 16 -19.17 -.75 -3.09 -19.17 -.75 -6.075 -16.599 -2.316 -3.148
3 16 -19.958 .013 -6.104 -19.17 -.75 -6.075 -16.867 1.257 -6.008
3 16 -16.867 1.257 -6.008 -19.17 -.75 -6.075 -19.17 -.75 -3.09
3 16 -25.714 .858 -6.393 -22.607 .118 -6.22 -22.957 .333 -10.374
3 16 -25.714 .858 -6.393 -22.957 .333 -10.374 -25.531 .788 -10.502
3 16 -20.3585 -5.99 -3.0025 -20.639 -8.858 -2.971 -22.482 -2.122 -2.952
3 16 -19.758 -4.53 -3.034 -20.3585 -5.99 -3.0025 -22.482 -2.122 -2.952
3 16 -16.599 -2.316 -3.148 -13.553 -3 -3.216 -16.966 -3.119 -3.13
4 16 -22.482 -2.122 -2.952 -19.17 -.75 -3.09 -18.458 -3.5685 -3.082 -19.758 -4.53 -3.034
4 16 -19.17 -.75 -3.09 -16.599 -2.316 -3.148 -16.966 -3.119 -3.13 -18.458 -3.5685 -3.082
4 16 -30.552 -1.688 -2.442 -26.517 -2.225 -2.697 -25.337 -7.946 -2.706 -30.035 -6.394 -2.441
4 16 -26.517 -2.225 -2.697 -22.482 -2.122 -2.952 -20.639 -8.858 -2.971 -25.337 -7.946 -2.706
4 16 -38.873 .611 -1.73 -36.245 .402 -1.97 -36.107 -3.24 -1.95 -38.873 -1.224 -1.714
4 16 -36.107 -3.24 -1.95 -33.3985 -.835 -2.206 -30.552 -1.688 -2.442 -33.071 -5.009 -2.1955
3 16 -36.245 .402 -1.97 -33.3985 -.835 -2.206 -36.107 -3.24 -1.95
3 16 -30.035 -6.394 -2.441 -33.071 -5.009 -2.1955 -30.552 -1.688 -2.442
3 16 -14.808 2.222 -5.987 -14.278 1.519 -5.987 -14.351 1.895 -8.338
3 16 -14.351 1.895 -8.338 -14.972 2.604 -8.093 -14.808 2.222 -5.987
3 16 -14.972 2.604 -8.093 -15.934 2.435 -8.011 -15.917 2.084 -5.987
3 16 -14.972 2.604 -8.093 -15.917 2.084 -5.987 -14.808 2.222 -5.987
3 16 -15.934 2.435 -8.011 -15.956 3.454 -10.075 -19.442 1.557 -10.206
3 16 -15.934 2.435 -8.011 -19.442 1.557 -10.206 -19.958 .013 -6.104
3 16 -15.934 2.435 -8.011 -19.958 .013 -6.104 -16.867 1.257 -6.008
3 16 -15.917 2.084 -5.987 -15.934 2.435 -8.011 -16.867 1.257 -6.008
2 24 -14.489 2.606 -10.036 -13.985 0 -10
2 24 -23.5725 -7.1295 -6.289 -20.476 -8.424 -6.124
2 24 -26.669 -5.387 -6.454 -23.5725 -7.1295 -6.289
2 24 -20.476 -8.424 -6.124 -19.89 -6.91 -10.226
2 24 -22.9535 -5.6385 -10.3755 -26.017 -3.919 -10.525
2 24 -19.89 -6.91 -10.226 -22.9535 -5.6385 -10.3755
2 24 -19.442 1.557 -10.206 -22.957 .333 -10.374
2 24 -22.957 .333 -10.374 -25.531 .788 -10.502
2 24 -19.43 -5.828 -10.206 -18.7586 -4.6536 -10.1851
2 24 -19.89 -6.91 -10.226 -19.43 -5.828 -10.206
2 24 -28.513 -2.352 -10.631 -31.009 -.593 -10.737
2 24 -26.017 -3.919 -10.525 -28.513 -2.352 -10.631
2 24 -28.985 -3.871 -6.6275 -26.669 -5.387 -6.454
2 24 -31.301 -2.163 -6.801 -28.985 -3.871 -6.6275
2 24 -25.531 .788 -10.502 -30.047 3.201 -10.704
2 24 -32.9675 .9805 -10.7815 -31.009 -.593 -10.737
2 24 -34.926 2.81 -10.826 -32.9675 .9805 -10.7815
2 24 -30.047 3.201 -10.704 -32.544 4.335 -10.783
2 24 -32.544 4.335 -10.783 -34.943 4.542 -10.826
2 24 -34.943 4.542 -10.826 -34.926 2.81 -10.826
2 24 -33.1055 -.6295 -6.963 -31.301 -2.163 -6.801
2 24 -34.91 1.16 -7.125 -33.1055 -.6295 -6.963
2 24 -34.926 2.81 -10.826 -34.91 1.16 -7.125
2 24 -32.659 4.367 -6.917 -34.943 4.542 -7.128
2 24 -34.943 4.542 -7.128 -34.943 4.542 -10.826
2 24 -30.196 3.285 -6.711 -32.659 4.367 -6.917
2 24 -25.714 .858 -6.393 -30.196 3.285 -6.711
2 24 -15.956 3.454 -10.075 -19.442 1.557 -10.206
2 24 -17.6415 -3.667 -10.136 -16.313 -3.228 -10.086
2 24 -18.7586 -4.6536 -10.1851 -17.6415 -3.667 -10.136
2 24 -19.958 .013 -6.104 -22.607 .118 -6.22
2 24 -16.313 -3.228 -10.086 -13.207 -3 -10
2 24 -15.088 3.446 -10.05 -15.956 3.454 -10.075
2 24 -14.489 2.606 -10.036 -15.088 3.446 -10.05
2 24 -16.724 -2.95 -6.004 -13.207 -3 -5.951
2 24 -18.238 -3.329 -6.05 -16.724 -2.95 -6.004
2 24 -19.4369 -4.404 -6.096 -18.238 -3.329 -6.05
2 24 -20.0133 -5.8189 -6.1061 -19.4369 -4.404 -6.096
2 24 -20.476 -8.424 -6.124 -20.0133 -5.8189 -6.1061
2 24 -34.91 1.16 -7.125 -34.943 4.542 -7.128
2 24 -25.714 .858 -6.393 -22.607 .118 -6.22
2 24 -16.277 -2.442 -5.994 -13.207 -3 -5.951
2 24 -19.17 -.75 -6.075 -16.277 -2.442 -5.994
2 24 -16.599 -2.316 -3.148 -13.553 -3 -3.216
2 24 -19.17 -.75 -6.075 -19.17 -.75 -3.09
2 24 -19.17 -.75 -3.09 -16.599 -2.316 -3.148
2 24 -19.958 .013 -6.104 -16.867 1.257 -6.008
2 24 -16.867 1.257 -6.008 -19.17 -.75 -6.075
2 24 -20.3585 -5.99 -3.0025 -19.758 -4.53 -3.034
2 24 -20.639 -8.858 -2.971 -20.3585 -5.99 -3.0025
2 24 -16.966 -3.119 -3.13 -13.553 -3 -3.216
2 24 -19.17 -.75 -3.09 -22.482 -2.122 -2.952
2 24 -18.458 -3.5685 -3.082 -16.966 -3.119 -3.13
2 24 -19.758 -4.53 -3.034 -18.458 -3.5685 -3.082
2 24 -25.337 -7.946 -2.706 -20.639 -8.858 -2.971
2 24 -30.035 -6.394 -2.441 -25.337 -7.946 -2.706
2 24 -26.517 -2.225 -2.697 -30.552 -1.688 -2.442
2 24 -22.482 -2.122 -2.952 -26.517 -2.225 -2.697
2 24 -38.873 -1.224 -1.714 -36.107 -3.24 -1.95
2 24 -38.873 .611 -1.73 -38.873 -1.224 -1.714
2 24 -36.245 .402 -1.97 -38.873 .611 -1.73
2 24 -33.071 -5.009 -2.1955 -30.035 -6.394 -2.441
2 24 -36.107 -3.24 -1.95 -33.071 -5.009 -2.1955
2 24 -33.3985 -.835 -2.206 -36.245 .402 -1.97
2 24 -30.552 -1.688 -2.442 -33.3985 -.835 -2.206

0 // Condlines
5 24 -14.351 1.895 -8.338 -14.278 1.519 -5.987 -14.808 2.222 -5.987 -13.985 0 -10
5 24 -30.552 -1.688 -2.442 -30.035 -6.394 -2.441 -33.071 -5.009 -2.1955 -26.517 -2.225 -2.697
5 24 -18.7586 -4.6536 -10.1851 -22.957 .333 -10.374 -19.442 1.557 -10.206 -22.9535 -5.6385 -10.3755
5 24 -30.047 3.201 -10.704 -30.196 3.285 -6.711 -25.714 .858 -6.393 -32.544 4.335 -10.783
5 24 -13.207 -3 -5.951 -13.553 -3 -3.216 -13.207 -3 -3.216 -16.277 -2.442 -5.994
5 24 -19.43 -5.828 -10.206 -22.9535 -5.6385 -10.3755 -19.89 -6.91 -10.226 -18.7586 -4.6536 -10.1851
5 24 -22.9535 -5.6385 -10.3755 -18.7586 -4.6536 -10.1851 -26.017 -3.919 -10.525 -19.43 -5.828 -10.206
5 24 -15.934 2.435 -8.011 -19.442 1.557 -10.206 -15.956 3.454 -10.075 -19.958 .013 -6.104
5 24 -25.337 -7.946 -2.706 -26.517 -2.225 -2.697 -30.035 -6.394 -2.441 -22.482 -2.122 -2.952
5 24 -32.9675 .9805 -10.7815 -33.1055 -.6295 -6.963 -31.301 -2.163 -6.801 -34.926 2.81 -10.826
5 24 -16.277 -2.442 -5.994 -13.553 -3 -3.216 -13.207 -3 -5.951 -16.599 -2.316 -3.148
5 24 -20.0133 -5.8189 -6.1061 -19.43 -5.828 -10.206 -19.89 -6.91 -10.226 -19.4369 -4.404 -6.096
5 24 -14.489 2.606 -10.036 -14.972 2.604 -8.093 -15.088 3.446 -10.05 -14.351 1.895 -8.338
5 24 -28.513 -2.352 -10.631 -26.669 -5.387 -6.454 -28.985 -3.871 -6.6275 -26.017 -3.919 -10.525
5 24 -14.808 2.222 -5.987 -14.972 2.604 -8.093 -14.351 1.895 -8.338 -15.917 2.084 -5.987
5 24 -19.958 .013 -6.104 -22.957 .333 -10.374 -19.442 1.557 -10.206 -22.607 .118 -6.22
5 24 -18.238 -3.329 -6.05 -17.6415 -3.667 -10.136 -16.313 -3.228 -10.086 -19.4369 -4.404 -6.096
5 24 -19.442 1.557 -10.206 -17.6415 -3.667 -10.136 -18.7586 -4.6536 -10.1851 -13.985 0 -10
5 24 -30.196 3.285 -6.711 -33.1055 -.6295 -6.963 -32.659 4.367 -6.917 -31.301 -2.163 -6.801
5 24 -14.972 2.604 -8.093 -15.917 2.084 -5.987 -14.808 2.222 -5.987 -15.934 2.435 -8.011
5 24 -22.482 -2.122 -2.952 -19.758 -4.53 -3.034 -19.17 -.75 -3.09 -20.3585 -5.99 -3.0025
5 24 -16.966 -3.119 -3.13 -16.599 -2.316 -3.148 -18.458 -3.5685 -3.082 -13.553 -3 -3.216
5 24 -14.489 2.606 -10.036 -14.351 1.895 -8.338 -14.972 2.604 -8.093 -13.985 0 -10
5 24 -31.301 -2.163 -6.801 -30.196 3.285 -6.711 -28.985 -3.871 -6.6275 -33.1055 -.6295 -6.963
5 24 -28.513 -2.352 -10.631 -28.985 -3.871 -6.6275 -26.669 -5.387 -6.454 -31.009 -.593 -10.737
5 24 -16.313 -3.228 -10.086 -13.985 0 -10 -13.207 -3 -10 -17.6415 -3.667 -10.136
5 24 -16.599 -2.316 -3.148 -16.277 -2.442 -5.994 -13.553 -3 -3.216 -19.17 -.75 -6.075
5 24 -25.714 .858 -6.393 -22.957 .333 -10.374 -25.531 .788 -10.502 -22.607 .118 -6.22
5 24 -32.544 4.335 -10.783 -32.659 4.367 -6.917 -30.196 3.285 -6.711 -34.943 4.542 -10.826
5 24 -25.531 .788 -10.502 -25.714 .858 -6.393 -30.047 3.201 -10.704 -22.957 .333 -10.374
5 24 -14.972 2.604 -8.093 -15.956 3.454 -10.075 -15.088 3.446 -10.05 -15.934 2.435 -8.011
5 24 -20.639 -8.858 -2.971 -22.482 -2.122 -2.952 -25.337 -7.946 -2.706 -20.3585 -5.99 -3.0025
5 24 -15.917 2.084 -5.987 -15.934 2.435 -8.011 -16.867 1.257 -6.008 -14.972 2.604 -8.093
5 24 -13.207 -3 -5.951 -13.207 -3 -10 -6 -3 -6 -16.313 -3.228 -10.086
5 24 -34.91 1.16 -7.125 -32.659 4.367 -6.917 -34.943 4.542 -7.128 -33.1055 -.6295 -6.963
5 24 -30.047 3.201 -10.704 -31.009 -.593 -10.737 -25.531 .788 -10.502 -32.9675 .9805 -10.7815
5 24 -32.9675 .9805 -10.7815 -31.301 -2.163 -6.801 -31.009 -.593 -10.737 -33.1055 -.6295 -6.963
5 24 -19.43 -5.828 -10.206 -19.4369 -4.404 -6.096 -18.7586 -4.6536 -10.1851 -20.0133 -5.8189 -6.1061
5 24 -26.017 -3.919 -10.525 -22.957 .333 -10.374 -18.7586 -4.6536 -10.1851 -28.513 -2.352 -10.631
5 24 -33.1055 -.6295 -6.963 -34.926 2.81 -10.826 -32.9675 .9805 -10.7815 -34.91 1.16 -7.125
5 24 -16.724 -2.95 -6.004 -16.313 -3.228 -10.086 -18.238 -3.329 -6.05 -13.207 -3 -5.951
5 24 -15.934 2.435 -8.011 -19.958 .013 -6.104 -16.867 1.257 -6.008 -19.442 1.557 -10.206
5 24 -14.351 1.895 -8.338 -14.808 2.222 -5.987 -14.278 1.519 -5.987 -14.972 2.604 -8.093
5 24 -14.972 2.604 -8.093 -14.351 1.895 -8.338 -14.808 2.222 -5.987 -14.489 2.606 -10.036
5 24 -17.6415 -3.667 -10.136 -19.4369 -4.404 -6.096 -18.238 -3.329 -6.05 -18.7586 -4.6536 -10.1851
5 24 -19.958 .013 -6.104 -19.17 -.75 -6.075 -22.607 .118 -6.22 -16.867 1.257 -6.008
5 24 -36.107 -3.24 -1.95 -36.245 .402 -1.97 -33.3985 -.835 -2.206 -38.873 -1.224 -1.714
5 24 -15.934 2.435 -8.011 -16.867 1.257 -6.008 -19.958 .013 -6.104 -15.917 2.084 -5.987
5 24 -23.5725 -7.1295 -6.289 -22.9535 -5.6385 -10.3755 -26.669 -5.387 -6.454 -19.89 -6.91 -10.226
5 24 -28.513 -2.352 -10.631 -25.531 .788 -10.502 -31.009 -.593 -10.737 -22.957 .333 -10.374
5 24 -20.0133 -5.8189 -6.1061 -23.5725 -7.1295 -6.289 -19.4369 -4.404 -6.096 -20.476 -8.424 -6.124
5 24 -14.489 2.606 -10.036 -15.956 3.454 -10.075 -15.088 3.446 -10.05 -13.985 0 -10
5 24 -19.958 .013 -6.104 -19.442 1.557 -10.206 -22.957 .333 -10.374 -15.934 2.435 -8.011
5 24 -15.956 3.454 -10.075 -15.934 2.435 -8.011 -19.442 1.557 -10.206 -14.972 2.604 -8.093
5 24 -13.207 -3 -5.951 -16.313 -3.228 -10.086 -16.724 -2.95 -6.004 -13.207 -3 -10
5 24 -16.277 -2.442 -5.994 -16.724 -2.95 -6.004 -18.238 -3.329 -6.05 -13.207 -3 -5.951
5 24 -26.669 -5.387 -6.454 -19.4369 -4.404 -6.096 -22.607 .118 -6.22 -23.5725 -7.1295 -6.289
5 24 -32.544 4.335 -10.783 -32.9675 .9805 -10.7815 -34.926 2.81 -10.826 -30.047 3.201 -10.704
5 24 -22.957 .333 -10.374 -22.607 .118 -6.22 -19.958 .013 -6.104 -25.714 .858 -6.393
5 24 -19.17 -.75 -6.075 -16.599 -2.316 -3.148 -16.277 -2.442 -5.994 -19.17 -.75 -3.09
5 24 -16.313 -3.228 -10.086 -18.238 -3.329 -6.05 -16.724 -2.95 -6.004 -17.6415 -3.667 -10.136
5 24 -16.277 -2.442 -5.994 -18.238 -3.329 -6.05 -19.17 -.75 -6.075 -16.724 -2.95 -6.004
5 24 -19.17 -.75 -6.075 -19.4369 -4.404 -6.096 -18.238 -3.329 -6.05 -19.958 .013 -6.104
5 24 -28.985 -3.871 -6.6275 -31.009 -.593 -10.737 -28.513 -2.352 -10.631 -31.301 -2.163 -6.801
5 24 -31.301 -2.163 -6.801 -31.009 -.593 -10.737 -28.985 -3.871 -6.6275 -32.9675 .9805 -10.7815
5 24 -19.4369 -4.404 -6.096 -22.607 .118 -6.22 -19.17 -.75 -6.075 -25.714 .858 -6.393
5 24 -26.017 -3.919 -10.525 -26.669 -5.387 -6.454 -28.513 -2.352 -10.631 -22.9535 -5.6385 -10.3755
5 24 -19.4369 -4.404 -6.096 -18.7586 -4.6536 -10.1851 -19.43 -5.828 -10.206 -17.6415 -3.667 -10.136
5 24 -15.934 2.435 -8.011 -14.972 2.604 -8.093 -15.917 2.084 -5.987 -15.956 3.454 -10.075
5 24 -19.89 -6.91 -10.226 -20.0133 -5.8189 -6.1061 -19.43 -5.828 -10.206 -20.476 -8.424 -6.124
5 24 -25.714 .858 -6.393 -26.669 -5.387 -6.454 -30.196 3.285 -6.711 -19.4369 -4.404 -6.096
5 24 -14.972 2.604 -8.093 -15.088 3.446 -10.05 -14.489 2.606 -10.036 -15.956 3.454 -10.075
5 24 -19.17 -.75 -6.075 -18.238 -3.329 -6.05 -19.4369 -4.404 -6.096 -16.277 -2.442 -5.994
5 24 -15.956 3.454 -10.075 -13.985 0 -10 -14.489 2.606 -10.036 -19.442 1.557 -10.206
5 24 -14.808 2.222 -5.987 -14.278 1.519 -5.987 -14.808 2.222 5.987 -14.351 1.895 -8.338
5 24 -16.867 1.257 -6.008 -15.917 2.084 -5.987 -16.867 1.257 6.008 -15.934 2.435 -8.011
5 24 -15.917 2.084 -5.987 -14.808 2.222 -5.987 -15.917 2.084 5.987 -14.972 2.604 -8.093
5 24 -13.985 0 -10 -13.207 -3 -10 -16.313 -3.228 -10.086 13.985 0 -10
