0 ~Tile  2 x  2 Round with Four Dark Grey Rings inside Black Disc Pattern - One Ring
0 Name: s\14769py0s01.dat
0 Author: Massimo Maso [Sirio]
0 !LDRAW_ORG Subpart UPDATE 2024-02
0 !LICENSE Licensed under CC BY 4.0 : see CAreadme.txt

0 BFC CERTIFY CCW

0 !HISTORY 2023-06-24 [OrionP] Official Update 2023-03
0 !HISTORY 2024-03-23 [OrionP] Updated ring primitives
0 !HISTORY 2024-03-24 [OrionP] Official Update 2024-02

0 // Primitives
1 0 0 0 0 .5 0 0 0 1 0 0 0 .5 1-4ring11.dat
1 0 0 0 0 0 0 -.5 0 1 0 .5 0 0 1-8ring11.dat
1 0 0 0 0 -6 0 0 0 1 0 0 0 6 1-8chrd.dat
1 0 0 0 0 .5 0 0 0 1 0 0 0 -.5 2-4ring11.dat
1 72 0 0 0 5.5 0 0 0 1 0 0 0 5.5 1-8chrd.dat
1 16 0 0 0 0 0 5.5 0 1 0 5.5 0 0 1-8chrd.dat
1 16 0 0 0 0 0 -5.5 0 1 0 5.5 0 0 1-8chrd.dat
1 72 0 0 0 -5.5 0 0 0 1 0 0 0 -5.5 1-8chrd.dat
1 72 0 0 0 0 0 -5.5 0 1 0 -5.5 0 0 1-8chrd.dat
1 72 0 0 0 0 0 5.5 0 1 0 -5.5 0 0 1-8chrd.dat
1 72 0 0 0 5.5 0 0 0 1 0 0 0 -5.5 1-8chrd.dat
1 0 0 0 0 4 0 0 0 1 0 0 0 4 1-8chrd.dat
1 0 0 0 0 -4 0 0 0 1 0 0 0 4 5-16chrd.dat
1 0 0 0 0 -4 0 0 0 1 0 0 0 -4 1-16chrd.dat
1 0 0 0 0 4 0 0 0 1 0 0 0 -4 1-16chrd.dat
1 72 0 0 0 4 0 0 0 1 0 0 0 4 1-8tndis.dat
1 72 0 0 0 0 0 4 0 1 0 4 0 0 1-16tndis.dat
1 72 0 0 0 0 0 -4 0 1 0 4 0 0 1-8tndis.dat
1 72 0 0 0 -4 0 0 0 1 0 0 0 4 1-8tndis.dat
1 72 0 0 0 -4 0 0 0 1 0 0 0 -4 1-16tndis.dat
1 72 0 0 0 4 0 0 0 1 0 0 0 -4 1-16tndis.dat
0 // Faces
0 // Black faces of inner disc
4 0 4 0 0 2.8284 0 2.8284 2.4352 0 3.1736 2 0 3.464
4 0 4 0 0 2 0 3.464 1.5308 0 3.6956 -4 0 0
4 0 4 0 0 -4 0 0 -3.6956 0 -1.5308 3.6956 0 -1.5308
4 0 3.464 0 -2 3.6956 0 -1.5308 -3.6956 0 -1.5308 -3.464 0 -2
4 0 3.464 0 -2 -3.464 0 -2 -3.1736 0 -2.4352 3.1736 0 -2.4352
4 0 2.8284 0 -2.8284 3.1736 0 -2.4352 -3.1736 0 -2.4352 -2.8284 0 -2.8284
4 0 2.8284 0 -2.8284 -2.8284 0 -2.8284 -2.4352 0 -3.1736 2.4352 0 -3.1736
4 0 2 0 -3.464 2.4352 0 -3.1736 -2.4352 0 -3.1736 -2 0 -3.464
4 0 1.5308 0 -3.6956 2 0 -3.464 -2 0 -3.464 -1.5308 0 -3.6956
4 0 1.5308 0 -3.6956 -1.5308 0 -3.6956 -1.0352 0 -3.8636 1.0352 0 -3.8636
4 0 .522 0 -3.9656 1.0352 0 -3.8636 -1.0352 0 -3.8636 -.522 0 -3.9656
3 0 .522 0 -3.9656 -.522 0 -3.9656 0 0 -4
0 // Upper neutral faces
3 16 3.8891 0 3.8891 2.9831 0 3.9321 3.4648 0 3.5092
3 16 3.8891 0 3.8891 2.45 0 4.2878 2.9831 0 3.9321
3 16 3.8891 0 3.8891 1.8752 0 4.5715 2.45 0 4.2878
3 16 3.8891 0 3.8891 0 0 5.5 1.8752 0 4.5715
3 16 0 0 5.5 1.2681 0 4.7773 1.8752 0 4.5715
3 16 0 0 5.5 .6395 0 4.9023 1.2681 0 4.7773
3 16 0 0 5.5 0 0 4.9444 .6395 0 4.9023
3 16 0 0 5.5 -.7178 0 4.9049 0 0 4.9444
3 16 0 0 5.5 -1.4234 0 4.7876 -.7178 0 4.9049
3 16 0 0 5.5 -2.1049 0 4.5944 -1.4234 0 4.7876
4 16 -2.75 0 4.328 -2.1049 0 4.5944 0 0 5.5 -3.8891 0 3.8891
3 16 -3.8891 0 3.8891 -3.3484 0 3.9941 -2.75 0 4.328
3 16 -3.8891 0 3.8891 -3.8891 0 3.5971 -3.3484 0 3.9941
4 16 -3.8891 0 3.8891 -4.3637 0 3.3484 -4.3637 0 3.1449 -3.8891 0 3.5971
4 16 -4.763 0 2.75 -4.763 0 2.6444 -4.3637 0 3.1449 -4.3637 0 3.3484
3 16 -4.763 0 2.75 -5.0815 0 2.1049 -4.763 0 2.6444
0 // Lower neutral faces
4 16 -3.464 0 -2 -3.6956 0 -1.5308 -4.2499 0 -1.9012 -3.9836 0 -2.3704
4 16 -3.464 0 -2 -3.9836 0 -2.3704 -3.6496 0 -2.8056 -3.1736 0 -2.4352
4 16 -2.8284 0 -2.8284 -3.1736 0 -2.4352 -3.6496 0 -2.8056 -3.2527 0 -3.1988
4 16 -2.8284 0 -2.8284 -3.2527 0 -3.1988 -2.8005 0 -3.544 -2.4352 0 -3.1736
4 16 -2 0 -3.464 -2.4352 0 -3.1736 -2.8005 0 -3.544 -2.3 0 -3.8344
4 16 -2 0 -3.464 -2.3 0 -3.8344 -1.7604 0 -4.066 -1.5308 0 -3.6956
4 16 -1.0352 0 -3.8636 -1.5308 0 -3.6956 -1.7604 0 -4.066 -1.1905 0 -4.234
4 16 -1.0352 0 -3.8636 -1.1905 0 -4.234 -.6003 0 -4.336 -.522 0 -3.9656
4 16 0 0 -4 -.522 0 -3.9656 -.6003 0 -4.336 0 0 -4.3704
4 16 0 0 -4 0 0 -4.3704 .522 0 -4.3308 .522 0 -3.9656
4 16 1.0352 0 -3.8636 .522 0 -3.9656 .522 0 -4.3308 1.0352 0 -4.2135
4 16 1.0352 0 -3.8636 1.0352 0 -4.2135 1.5308 0 -4.0203 1.5308 0 -3.6956
4 16 2 0 -3.464 1.5308 0 -3.6956 1.5308 0 -4.0203 2 0 -3.754
4 16 2 0 -3.464 2 0 -3.754 2.4352 0 -3.42 2.4352 0 -3.1736
4 16 2.8284 0 -2.8284 2.4352 0 -3.1736 2.4352 0 -3.42 2.8284 0 -3.023
4 16 2.8284 0 -2.8284 2.8284 0 -3.023 3.1736 0 -2.5709 3.1736 0 -2.4352
4 16 3.464 0 -2 3.1736 0 -2.4352 3.1736 0 -2.5709 3.464 0 -2.0704
3 16 3.464 0 -2 3.464 0 -2.0704 3.6956 0 -1.5308
0 // Dark grey faces
3 72 5.5 0 0 4 0 2.8284 4 0 0
3 72 5.5 0 0 3.8891 0 3.8891 4 0 2.8284
4 72 2.8284 0 2.8284 4 0 2.8284 3.8891 0 3.8891 3.4648 0 3.5092
4 72 2.9831 0 3.9321 2.4352 0 3.1736 2.8284 0 2.8284 3.4648 0 3.5092
4 72 2.9831 0 3.9321 2.45 0 4.2878 2 0 3.464 2.4352 0 3.1736
4 72 2.45 0 4.2878 1.5308 0 4 1.5308 0 3.6956 2 0 3.464
4 72 0 0 4 1.5308 0 4 2.45 0 4.2878 1.8752 0 4.5715
4 72 0 0 4 1.8752 0 4.5715 1.2681 0 4.7773 .6395 0 4.9023
4 72 0 0 4 .6395 0 4.9023 0 0 4.9444 -.7178 0 4.9049
4 72 0 0 4 -.7178 0 4.9049 -1.4234 0 4.7876 -2.1049 0 4.5944
4 72 0 0 4 -2.1049 0 4.5944 -2.75 0 4.328 -2.8284 0 4
4 72 -2.8284 0 4 -2.75 0 4.328 -3.3484 0 3.9941 -3.8891 0 3.5971
4 72 -2.8284 0 4 -3.8891 0 3.5971 -4 0 2.8284 -2.8284 0 2.8284
4 72 -4 0 2.8284 -3.8891 0 3.5971 -4.3637 0 3.1449 -4.763 0 2.6444
4 72 -4 0 2.8284 -4.763 0 2.6444 -5.0815 0 2.1049 -5.3125 0 1.4234
4 72 -4 0 2.8284 -5.3125 0 1.4234 -5.4527 0 .7178 -5.5 0 0
3 72 -4 0 2.8284 -5.5 0 0 -4 0 0
4 72 -4 0 -1.5308 -4 0 0 -5.5 0 0 -4.2499 0 -1.9012
3 72 -4 0 -1.5308 -4.2499 0 -1.9012 -3.6956 0 -1.5308
4 72 -3.8891 0 -3.8891 -3.9836 0 -2.3704 -4.2499 0 -1.9012 -5.5 0 0
3 72 -3.8891 0 -3.8891 -3.6496 0 -2.8056 -3.9836 0 -2.3704
3 72 -3.8891 0 -3.8891 -3.2527 0 -3.1988 -3.6496 0 -2.8056
3 72 -3.8891 0 -3.8891 -2.8005 0 -3.544 -3.2527 0 -3.1988
3 72 -3.8891 0 -3.8891 -2.3 0 -3.8344 -2.8005 0 -3.544
3 72 -3.8891 0 -3.8891 -1.7604 0 -4.066 -2.3 0 -3.8344
4 72 -3.8891 0 -3.8891 0 0 -5.5 -1.1905 0 -4.234 -1.7604 0 -4.066
3 72 0 0 -5.5 -.6003 0 -4.336 -1.1905 0 -4.234
3 72 0 0 -5.5 0 0 -4.3704 -.6003 0 -4.336
3 72 0 0 -5.5 .522 0 -4.3308 0 0 -4.3704
3 72 0 0 -5.5 1.0352 0 -4.2135 .522 0 -4.3308
4 72 3.8891 0 -3.8891 1.5308 0 -4.0203 1.0352 0 -4.2135 0 0 -5.5
3 72 3.8891 0 -3.8891 2 0 -3.754 1.5308 0 -4.0203
3 72 3.8891 0 -3.8891 2.4352 0 -3.42 2 0 -3.754
3 72 3.8891 0 -3.8891 2.8284 0 -3.023 2.4352 0 -3.42
3 72 3.8891 0 -3.8891 3.1736 0 -2.5709 2.8284 0 -3.023
3 72 3.8891 0 -3.8891 3.464 0 -2.0704 3.1736 0 -2.5709
4 72 3.8891 0 -3.8891 4 0 -1.5308 3.6956 0 -1.5308 3.464 0 -2.0704
3 72 5.5 0 0 4 0 -1.5308 3.8891 0 -3.8891
3 72 5.5 0 0 4 0 0 4 0 -1.5308
0 // Black faces of uter ring
3 0 -4.2426 0 4.2426 -4.3637 0 3.3484 -3.8891 0 3.8891
3 0 -4.2426 0 4.2426 -4.763 0 2.75 -4.3637 0 3.3484
3 0 -4.2426 0 4.2426 -5.0815 0 2.1049 -4.763 0 2.75
3 0 -4.2426 0 4.2426 -6 0 0 -5.0815 0 2.1049
3 0 -6 0 0 -5.5 0 0 -5.4527 0 .7178
3 0 -6 0 0 -5.4527 0 .7178 -5.3125 0 1.4234
3 0 -6 0 0 -5.3125 0 1.4234 -5.0815 0 2.1049
