0 ~Duplo Slope  2 x  3 x  2 Shingled Half
0 Name: s\15580s01.dat
0 Author: Philippe Hurbain [Philo]
0 !LDRAW_ORG Subpart UPDATE 2022-01
0 !LICENSE Licensed under CC BY 4.0 : see CAreadme.txt

0 BFC CERTIFY CCW

0 !HISTORY 2020-12-12 {LEGO/Unity Microgame} Original part shape
0 !HISTORY 2021-01-24 [Philo] File preparation for LDraw Parts Tracker
0 !HISTORY 2022-01-14 [PTadmin] Official Update 2022-01


2 24 19.8 26.598 -48.536 20.657 25.972 -48.4784
2 24 20.657 25.972 -48.4784 21.247 33.1624 -58.5485
2 24 23.03 43.2349 -67.4703 19.831 38.373 -63.466
2 24 22.125 37.2425 -64.2626 24.676 39.9565 -68.0636
2 24 21.247 33.1624 -58.5485 22.125 37.2425 -64.2626
2 24 27.2045 45.6434 -69.4778 23.03 43.2349 -67.4703
2 24 31.279 47.0058 -70.8805 27.2045 45.6434 -69.4778
2 24 32.035 42.1185 -71.0914 38.551 42.8065 -72.055
2 24 28.4055 41.3571 -70.0251 32.035 42.1185 -71.0914
2 24 24.676 39.9565 -68.0636 28.4055 41.3571 -70.0251
2 24 38.551 47.5073 -71.5828 31.279 47.0058 -70.8805
2 24 2.917 15.1933 -39.5781 6.164 18.6059 -44.3574
2 24 30.761 70.3392 -97.6741 23.5925 71.3524 -99.0931
2 24 36.9295 68.1638 -94.6274 30.761 70.3392 -97.6741
2 24 40 64.9753 -90.162 36.9295 68.1638 -94.6274
2 24 1.241 47.7935 -71.9836 0 48.3907 -72
2 24 40 0 -16 40 4.715 -18.353
2 24 38.551 0 -18.3 40 0 -16
2 24 1.447 0 -18.3 38.551 0 -18.3
2 24 38.551 58.9528 -87.6121 38.551 47.5073 -71.5828
2 24 40 48.392 -69.919 40 64.9753 -90.162
2 24 37.626 15.5078 -40.0185 38.551 12.7828 -36.2021
2 24 40 43.657 -69.44 40 19.594 -35.537
2 24 19.028 25.9561 -48.4561 10.916 25.1275 -47.2957
2 24 11.948 20.5208 -47.0392 20.042 21.239 -48.045
2 24 6.164 18.6059 -44.3574 11.948 20.5208 -47.0392
2 24 10.916 25.1275 -47.2957 4.428 22.4451 -43.539
2 24 2.917 15.1933 -39.5781 1.414 11.9379 -35.0189
2 24 20.042 21.239 -48.045 27.675 20.4206 -46.8988
2 24 29.019 25.0658 -47.2093 20.657 25.972 -48.4784
2 24 38.551 19.8883 -39.9582 38.551 42.8065 -72.055
2 24 1.306 17.192 -39.114 0 12.903 -34.77
2 24 1.306 17.192 -39.114 4.428 22.4451 -43.539
2 24 19.831 38.373 -63.466 16.632 43.2349 -67.4703
2 24 14.404 40.1332 -68.311 17.591 37.1946 -64.1955
2 24 17.591 37.1946 -64.1955 18.351 33.1043 -58.4671
2 24 19.8 26.598 -48.536 19.831 38.373 -63.466
2 24 18.351 33.1043 -58.4671 19.028 25.9561 -48.4561
2 24 19.028 25.9561 -48.4561 19.8 26.598 -48.536
2 24 38.551 58.9528 -87.6121 37.9215 61.3737 -91.0025
2 24 29.8005 66.1048 -97.6284 23.3345 66.8814 -98.716
2 24 35.2665 64.1659 -94.9131 29.8005 66.1048 -97.6284
2 24 37.9215 61.3737 -91.0025 35.2665 64.1659 -94.9131
2 24 1.241 47.7935 -71.9836 8.383 47.0058 -70.8805
2 24 2.1 61.3736 -91.0025 1.241 47.7935 -71.9836
2 24 1.414 11.9379 -35.0189 1.447 0 -18.3
2 24 40 4.715 -18.353 40 19.594 -35.537
2 24 38.551 12.7828 -36.2021 38.551 0 -18.3
2 24 0 0 -16 1.447 0 -18.3
2 24 11.3715 41.3449 -70.008 14.404 40.1332 -68.311
2 24 7.439 42.2661 -71.2981 11.3715 41.3449 -70.008
2 24 12.4575 45.6434 -69.4778 8.383 47.0058 -70.8805
2 24 16.632 43.2349 -67.4703 12.4575 45.6434 -69.4778
2 24 0 42.6348 -71.8145 7.439 42.2661 -71.2981
2 24 35.202 22.7002 -43.8962 29.019 25.0658 -47.2093
2 24 27.675 20.4206 -46.8988 33.963 18.5985 -44.3469
2 24 33.963 18.5985 -44.3469 37.626 15.5078 -40.0185
2 24 38.551 19.8883 -39.9582 35.202 22.7002 -43.8962
2 24 40 43.657 -69.44 40 48.392 -69.919
3 16 19.831 38.373 -63.466 17.591 37.1946 -64.1955 14.404 40.1332 -68.311
3 16 19.831 38.373 -63.466 14.404 40.1332 -68.311 16.632 43.2349 -67.4703
3 16 19.8 26.598 -48.536 18.351 33.1043 -58.4671 19.831 38.373 -63.466
3 16 17.591 37.1946 -64.1955 19.831 38.373 -63.466 18.351 33.1043 -58.4671
4 16 37.9215 61.3737 -91.0025 16.687 66.8814 -98.716 29.8005 66.1048 -97.6284 35.2665 64.1659 -94.9131
3 16 23.3345 66.8814 -98.716 29.8005 66.1048 -97.6284 16.687 66.8814 -98.716
3 16 19.8 26.598 -48.536 19.028 25.9561 -48.4561 18.351 33.1043 -58.4671
4 16 16.687 66.8814 -98.716 37.9215 61.3737 -91.0025 38.551 58.9528 -87.6121 2.1 61.3736 -91.0025
4 16 20.042 21.239 -48.045 1.447 0 -18.3 1.414 11.9379 -35.0189 2.917 15.1933 -39.5781
4 16 10.221 66.1048 -97.6284 16.687 66.8814 -98.716 2.1 61.3736 -91.0025 4.755 64.1659 -94.9131
4 16 1.241 47.7935 -71.9836 2.1 61.3736 -91.0025 38.551 58.9528 -87.6121 38.551 47.5073 -71.5828
3 16 40 4.715 -18.353 38.551 0 -18.3 38.551 12.7828 -36.2021
3 16 40 4.715 -18.353 38.551 12.7828 -36.2021 40 19.594 -35.537
3 16 1.447 0 -18.3 0 0 -16 0 12.903 -34.77
3 16 1.447 0 -18.3 0 12.903 -34.77 1.414 11.9379 -35.0189
3 16 8.383 47.0058 -70.8805 12.4575 45.6434 -69.4778 11.3715 41.3449 -70.008
3 16 16.632 43.2349 -67.4703 14.404 40.1332 -68.311 11.3715 41.3449 -70.008
3 16 11.3715 41.3449 -70.008 12.4575 45.6434 -69.4778 16.632 43.2349 -67.4703
3 16 11.3715 41.3449 -70.008 7.439 42.2661 -71.2981 8.383 47.0058 -70.8805
3 16 33.963 18.5985 -44.3469 29.019 25.0658 -47.2093 35.202 22.7002 -43.8962
3 16 29.019 25.0658 -47.2093 33.963 18.5985 -44.3469 27.675 20.4206 -46.8988
3 16 1.241 47.7935 -71.9836 8.383 47.0058 -70.8805 7.439 42.2661 -71.2981
3 16 1.241 47.7935 -71.9836 7.439 42.2661 -71.2981 0 42.6348 -71.8145
3 16 38.551 47.5073 -71.5828 40 48.392 -69.919 38.551 42.8065 -72.055
3 16 40 43.657 -69.44 38.551 42.8065 -72.055 40 48.392 -69.919
4 16 35.202 22.7002 -43.8962 38.551 19.8883 -39.9582 37.626 15.5078 -40.0185 33.963 18.5985 -44.3469
4 16 0 42.6348 -71.8145 17.591 37.1946 -64.1955 18.351 33.1043 -58.4671 10.916 25.1275 -47.2957
3 16 19.8 26.598 -48.536 21.247 33.1624 -58.5485 20.657 25.972 -48.4784
3 16 7.439 42.2661 -71.2981 11.3715 41.3449 -70.008 0 42.6348 -71.8145
4 16 11.3715 41.3449 -70.008 14.404 40.1332 -68.311 17.591 37.1946 -64.1955 0 42.6348 -71.8145
3 16 23.03 43.2349 -67.4703 24.676 39.9565 -68.0636 19.831 38.373 -63.466
3 16 22.125 37.2425 -64.2626 19.831 38.373 -63.466 24.676 39.9565 -68.0636
3 16 21.247 33.1624 -58.5485 19.831 38.373 -63.466 22.125 37.2425 -64.2626
3 16 31.279 47.0058 -70.8805 38.551 47.5073 -71.5828 38.551 42.8065 -72.055
3 16 31.279 47.0058 -70.8805 38.551 42.8065 -72.055 32.035 42.1185 -71.0914
3 16 23.03 43.2349 -67.4703 27.2045 45.6434 -69.4778 28.4055 41.3571 -70.0251
3 16 31.279 47.0058 -70.8805 32.035 42.1185 -71.0914 28.4055 41.3571 -70.0251
3 16 28.4055 41.3571 -70.0251 27.2045 45.6434 -69.4778 31.279 47.0058 -70.8805
3 16 28.4055 41.3571 -70.0251 24.676 39.9565 -68.0636 23.03 43.2349 -67.4703
3 16 6.164 18.6059 -44.3574 1.306 17.192 -39.114 4.428 22.4451 -43.539
4 16 31.279 47.0058 -70.8805 27.2045 45.6434 -69.4778 12.4575 45.6434 -69.4778 8.383 47.0058 -70.8805
4 16 27.2045 45.6434 -69.4778 23.03 43.2349 -67.4703 16.632 43.2349 -67.4703 12.4575 45.6434 -69.4778
3 16 20.042 21.239 -48.045 19.028 25.9561 -48.4561 19.8 26.598 -48.536
3 16 6.164 18.6059 -44.3574 2.917 15.1933 -39.5781 1.306 17.192 -39.114
3 16 0 61.914 -89.82 0 64.9753 -90.162 2.1 61.3736 -91.0025
3 16 16.429 71.3524 -99.0931 16.687 66.8814 -98.716 10.221 66.1048 -97.6284
3 16 10.221 66.1048 -97.6284 9.2605 70.3392 -97.6741 16.429 71.3524 -99.0931
4 16 16.687 66.8814 -98.716 16.429 71.3524 -99.0931 23.5925 71.3524 -99.0931 23.3345 66.8814 -98.716
3 16 29.8005 66.1048 -97.6284 23.3345 66.8814 -98.716 23.5925 71.3524 -99.0931
4 16 36.9295 68.1638 -94.6274 35.2665 64.1659 -94.9131 29.8005 66.1048 -97.6284 30.761 70.3392 -97.6741
4 16 10.221 66.1048 -97.6284 4.755 64.1659 -94.9131 3.092 68.1638 -94.6274 9.2605 70.3392 -97.6741
4 16 37.9215 61.3737 -91.0025 35.2665 64.1659 -94.9131 36.9295 68.1638 -94.6274 40 64.9753 -90.162
3 16 23.5925 71.3524 -99.0931 30.761 70.3392 -97.6741 29.8005 66.1048 -97.6284
3 16 40 64.9753 -90.162 38.551 58.9528 -87.6121 37.9215 61.3737 -91.0025
3 16 0 48.3907 -72 1.241 47.7935 -71.9836 0 42.6348 -71.8145
3 16 0 61.914 -89.82 2.1 61.3736 -91.0025 0 48.3907 -72
3 16 1.241 47.7935 -71.9836 0 48.3907 -72 2.1 61.3736 -91.0025
3 16 40 4.715 -18.353 40 0 -16 38.551 0 -18.3
3 16 40 64.9753 -90.162 40 48.392 -69.919 38.551 58.9528 -87.6121
3 16 38.551 47.5073 -71.5828 38.551 58.9528 -87.6121 40 48.392 -69.919
3 16 40 19.594 -35.537 38.551 12.7828 -36.2021 38.551 19.8883 -39.9582
3 16 37.626 15.5078 -40.0185 38.551 19.8883 -39.9582 38.551 12.7828 -36.2021
3 16 19.028 25.9561 -48.4561 20.042 21.239 -48.045 11.948 20.5208 -47.0392
3 16 11.948 20.5208 -47.0392 6.164 18.6059 -44.3574 10.916 25.1275 -47.2957
3 16 19.028 25.9561 -48.4561 11.948 20.5208 -47.0392 10.916 25.1275 -47.2957
3 16 4.428 22.4451 -43.539 10.916 25.1275 -47.2957 6.164 18.6059 -44.3574
3 16 10.916 25.1275 -47.2957 18.351 33.1043 -58.4671 19.028 25.9561 -48.4561
3 16 19.8 26.598 -48.536 20.657 25.972 -48.4784 20.042 21.239 -48.045
4 16 20.657 25.972 -48.4784 29.019 25.0658 -47.2093 27.675 20.4206 -46.8988 20.042 21.239 -48.045
3 16 16.632 43.2349 -67.4703 23.03 43.2349 -67.4703 19.831 38.373 -63.466
4 16 37.626 15.5078 -40.0185 38.551 12.7828 -36.2021 20.042 21.239 -48.045 33.963 18.5985 -44.3469
3 16 33.963 18.5985 -44.3469 20.042 21.239 -48.045 27.675 20.4206 -46.8988
4 16 29.019 25.0658 -47.2093 21.247 33.1624 -58.5485 38.551 42.8065 -72.055 35.202 22.7002 -43.8962
4 16 38.551 0 -18.3 1.447 0 -18.3 20.042 21.239 -48.045 38.551 12.7828 -36.2021
4 16 22.125 37.2425 -64.2626 24.676 39.9565 -68.0636 28.4055 41.3571 -70.0251 38.551 42.8065 -72.055
3 16 21.247 33.1624 -58.5485 29.019 25.0658 -47.2093 20.657 25.972 -48.4784
3 16 38.551 42.8065 -72.055 38.551 19.8883 -39.9582 35.202 22.7002 -43.8962
3 16 0 0 -16 40 0 -16 40 0 20
3 16 2.917 15.1933 -39.5781 1.414 11.9379 -35.0189 0 12.903 -34.77
3 16 28.4055 41.3571 -70.0251 32.035 42.1185 -71.0914 38.551 42.8065 -72.055
4 16 20.042 21.239 -48.045 2.917 15.1933 -39.5781 6.164 18.6059 -44.3574 11.948 20.5208 -47.0392
3 16 2.917 15.1933 -39.5781 0 12.903 -34.77 1.306 17.192 -39.114
4 16 38.551 47.5073 -71.5828 31.279 47.0058 -70.8805 8.383 47.0058 -70.8805 1.241 47.7935 -71.9836
4 16 0 64.9753 -90.162 3.092 68.1638 -94.6274 4.755 64.1659 -94.9131 2.1 61.3736 -91.0025
3 16 40 43.657 -69.44 40 19.594 -35.537 38.551 19.8883 -39.9582
3 16 40 43.657 -69.44 38.551 19.8883 -39.9582 38.551 42.8065 -72.055
3 16 38.551 42.8065 -72.055 21.247 33.1624 -58.5485 22.125 37.2425 -64.2626

4 16 1.447 0 -18.3 38.551 0 -18.3 40 0 -16 0 0 -16
0 // 4 16 -46.142 67.0205302312374114990234375 -98.91091541767120361328125 6.658 67.0205302312374114990234375 -98.91091541767120361328125 .353 45.7815302312374114990234375 -69.16591541767120361328125 -36.751 45.7815302312374114990234375 -69.16591541767120361328125
2 24 38.551 42.8065 -72.055 38.551 47.5073 -71.5828

2 24 40 0 20 40 0 -16
2 24 40 96 20 40 96 -100
2 24 40 64.9753 -90.162 40 72 -100
4 16 40 0 20 40 0 -16 40 4.715 -18.353 40 96 20
4 16 40 19.594 -35.537 40 43.657 -69.44 40 48.392 -69.919 40 96 20
4 16 40 96 20 40 48.392 -69.919 40 64.9753 -90.162 40 96 -100
3 16 40 4.715 -18.353 40 19.594 -35.537 40 96 20
3 16 40 64.9753 -90.162 40 72 -100 40 96 -100
1 16 20 4 14 1.5 0 0 0 91 0 0 0 -2 box4-1.dat
1 16 34 4 0 0 0 -2 0 91 0 1.5 0 0 box4-1.dat
1 16 36 59 -40 0 -4 0 0 0 36 -1.5 0 0 box4-4a.dat

4 16 36 4 -16 36 4 16 36 96 16 36 72 -96
4 16 40 96 -100 36 96 -96 36 96 16 40 96 20
2 24 36 96 -96 36 96 16
3 16 36 96 -96 36 72 -96 36 96 16
1 16 36 76 -80 0 -4 0 0 0 19 -1.5 0 0 box4-4a.dat
1 16 20 81.5 -96 -1.5 0 0 0 0 13.5 0 4 0 box4-4a.dat
2 24 32 59.675 -81.5 32 57.125 -78.5
2 24 36 59.675 -81.5 32 59.675 -81.5
2 24 32 57.125 -78.5 36 57.125 -78.5
2 24 21.5 68.6 -92 18.5 68.6 -92
2 24 18.5 72 -96 18.5 68.6 -92
2 24 21.5 72 -96 21.5 68.6 -92
2 24 32 23.125 -38.5 32 25.675 -41.5
2 24 36 25.675 -41.5 32 25.675 -41.5
2 24 32 23.125 -38.5 36 23.125 -38.5

2 24 23.5925 71.3524 -99.0931 16.429 71.3524 -99.0931
2 24 23.3345 66.8814 -98.716 16.687 66.8814 -98.716
2 24 4.755 64.1659 -94.9131 2.1 61.3736 -91.0025
2 24 0 64.9753 -90.162 3.092 68.1638 -94.6274
2 24 10.221 66.1048 -97.6284 4.755 64.1659 -94.9131
2 24 16.687 66.8814 -98.716 10.221 66.1048 -97.6284
2 24 9.2605 70.3392 -97.6741 3.092 68.1638 -94.6274
2 24 16.429 71.3524 -99.0931 9.2605 70.3392 -97.6741
1 16 0 19 -20 0 0 16 0 -15 0 -16 0 0 1-4cyls.dat
1 16 0 7.4 -20 0 0 16 13.6 1 0 -16 0 0 5-16edge.dat
1 16 0 7.4 -20 0 0 14 11.9 1 0 -14 0 0 5-16edge.dat
0 BFC INVERTNEXT
1 16 0 19 -20 0 0 14 0 -15 0 -14 0 0 1-4cyls.dat

1 16 25.8508 26.3375 -21.5 0.00015 0 10.14915 17.6625 0 0 0 1 0 rect.dat
1 16 25.85085 25.0625 -18.5 0 0 -10.14915 18.9375 0 0 0 -1 0 rect.dat

2 24 16 44 -20 15.7017 44 -18.5
2 24 15.7017 44 -21.5 16 44 -20
1 16 25.85088 44 -20 10.14915 0 0 0 -1 0 0 0 -1.5 rect1.dat
3 16 19.831 38.373 -63.466 21.247 33.1624 -58.5485 19.8 26.598 -48.536
5 24 14.404 40.1332 -68.311 16.632 43.2349 -67.4703 19.831 38.373 -63.466 11.3715 41.3449 -70.008
5 24 20.042 21.239 -48.045 19.028 25.9561 -48.4561 11.948 20.5208 -47.0392 19.8 26.598 -48.536
5 24 38.551 19.8883 -39.9582 40 19.594 -35.537 40 43.657 -69.44 38.551 12.7828 -36.2021
5 24 12.4575 45.6434 -69.4778 11.3715 41.3449 -70.008 8.383 47.0058 -70.8805 16.632 43.2349 -67.4703
5 24 19.831 38.373 -63.466 14.404 40.1332 -68.311 16.632 43.2349 -67.4703 17.591 37.1946 -64.1955
5 24 16.632 43.2349 -67.4703 11.3715 41.3449 -70.008 14.404 40.1332 -68.311 12.4575 45.6434 -69.4778
5 24 38.551 19.8883 -39.9582 37.626 15.5078 -40.0185 35.202 22.7002 -43.8962 38.551 12.7828 -36.2021
5 24 38.551 12.7828 -36.2021 38.551 19.8883 -39.9582 40 19.594 -35.537 37.626 15.5078 -40.0185
5 24 7.439 42.2661 -71.2981 8.383 47.0058 -70.8805 1.241 47.7935 -71.9836 11.3715 41.3449 -70.008
5 24 2.917 15.1933 -39.5781 0 12.903 -34.77 1.414 11.9379 -35.0189 1.306 17.192 -39.114
5 24 11.3715 41.3449 -70.008 8.383 47.0058 -70.8805 12.4575 45.6434 -69.4778 7.439 42.2661 -71.2981
5 24 40 43.657 -69.44 38.551 42.8065 -72.055 40 48.392 -69.919 38.551 19.8883 -39.9582
5 24 33.963 18.5985 -44.3469 35.202 22.7002 -43.8962 37.626 15.5078 -40.0185 29.019 25.0658 -47.2093
5 24 23.5925 71.3524 -99.0931 29.8005 66.1048 -97.6284 30.761 70.3392 -97.6741 23.3345 66.8814 -98.716
5 24 10.221 66.1048 -97.6284 16.429 71.3524 -99.0931 9.2605 70.3392 -97.6741 16.687 66.8814 -98.716
5 24 0 12.903 -34.77 1.414 11.9379 -35.0189 2.917 15.1933 -39.5781 1.447 0 -18.3
5 24 21.247 33.1624 -58.5485 19.8 26.598 -48.536 20.657 25.972 -48.4784 19.831 38.373 -63.466
5 24 38.551 12.7828 -36.2021 40 19.594 -35.537 40 4.715 -18.353 38.551 19.8883 -39.9582
5 24 10.221 66.1048 -97.6284 9.2605 70.3392 -97.6741 3.092 68.1638 -94.6274 16.429 71.3524 -99.0931
5 24 16.429 71.3524 -99.0931 16.687 66.8814 -98.716 10.221 66.1048 -97.6284 23.5925 71.3524 -99.0931
5 24 4.755 64.1659 -94.9131 3.092 68.1638 -94.6274 10.221 66.1048 -97.6284 0 64.9753 -90.162
5 24 33.963 18.5985 -44.3469 29.019 25.0658 -47.2093 35.202 22.7002 -43.8962 27.675 20.4206 -46.8988
5 24 27.675 20.4206 -46.8988 29.019 25.0658 -47.2093 20.657 25.972 -48.4784 33.963 18.5985 -44.3469
5 24 6.164 18.6059 -44.3574 1.306 17.192 -39.114 4.428 22.4451 -43.539 2.917 15.1933 -39.5781
5 24 38.551 42.8065 -72.055 31.279 47.0058 -70.8805 32.035 42.1185 -71.0914 38.551 47.5073 -71.5828
5 24 24.676 39.9565 -68.0636 19.831 38.373 -63.466 23.03 43.2349 -67.4703 22.125 37.2425 -64.2626
5 24 23.03 43.2349 -67.4703 28.4055 41.3571 -70.0251 24.676 39.9565 -68.0636 27.2045 45.6434 -69.4778
5 24 2.1 61.3736 -91.0025 0 61.914 -89.82 0 64.9753 -90.162 0 48.3907 -72
5 24 19.8 26.598 -48.536 18.351 33.1043 -58.4671 19.831 38.373 -63.466 19.028 25.9561 -48.4561
5 24 18.351 33.1043 -58.4671 19.831 38.373 -63.466 19.8 26.598 -48.536 17.591 37.1946 -64.1955
5 24 40 4.715 -18.353 38.551 0 -18.3 38.551 12.7828 -36.2021 40 0 -16
5 24 35.2665 64.1659 -94.9131 36.9295 68.1638 -94.6274 37.9215 61.3737 -91.0025 29.8005 66.1048 -97.6284
5 24 4.428 22.4451 -43.539 6.164 18.6059 -44.3574 1.306 17.192 -39.114 10.916 25.1275 -47.2957
5 24 17.591 37.1946 -64.1955 19.831 38.373 -63.466 14.404 40.1332 -68.311 18.351 33.1043 -58.4671
5 24 0 12.903 -34.77 1.447 0 -18.3 0 0 -16 1.414 11.9379 -35.0189
5 24 40 48.392 -69.919 38.551 58.9528 -87.6121 40 64.9753 -90.162 38.551 47.5073 -71.5828
5 24 38.551 47.5073 -71.5828 40 48.392 -69.919 38.551 42.8065 -72.055 38.551 58.9528 -87.6121
5 24 10.916 25.1275 -47.2957 11.948 20.5208 -47.0392 19.028 25.9561 -48.4561 6.164 18.6059 -44.3574
5 24 20.042 21.239 -48.045 20.657 25.972 -48.4784 19.8 26.598 -48.536 27.675 20.4206 -46.8988
5 24 23.5925 71.3524 -99.0931 23.3345 66.8814 -98.716 16.687 66.8814 -98.716 29.8005 66.1048 -97.6284
5 24 27.2045 45.6434 -69.4778 12.4575 45.6434 -69.4778 31.279 47.0058 -70.8805 16.632 43.2349 -67.4703
5 24 23.03 43.2349 -67.4703 24.676 39.9565 -68.0636 28.4055 41.3571 -70.0251 19.831 38.373 -63.466
5 24 21.247 33.1624 -58.5485 19.831 38.373 -63.466 22.125 37.2425 -64.2626 19.8 26.598 -48.536
5 24 7.439 42.2661 -71.2981 1.241 47.7935 -71.9836 0 42.6348 -71.8145 8.383 47.0058 -70.8805
5 24 0 42.6348 -71.8145 1.241 47.7935 -71.9836 0 48.3907 -72 7.439 42.2661 -71.2981
5 24 2.917 15.1933 -39.5781 1.306 17.192 -39.114 6.164 18.6059 -44.3574 0 12.903 -34.77
5 24 28.4055 41.3571 -70.0251 31.279 47.0058 -70.8805 27.2045 45.6434 -69.4778 32.035 42.1185 -71.0914
5 24 40 43.657 -69.44 38.551 19.8883 -39.9582 38.551 42.8065 -72.055 40 19.594 -35.537
5 24 2.1 61.3736 -91.0025 0 48.3907 -72 0 61.914 -89.82 1.241 47.7935 -71.9836
5 24 38.551 12.7828 -36.2021 40 4.715 -18.353 40 19.594 -35.537 38.551 0 -18.3
5 24 8.383 47.0058 -70.8805 31.279 47.0058 -70.8805 12.4575 45.6434 -69.4778 1.241 47.7935 -71.9836
5 24 40 48.392 -69.919 38.551 42.8065 -72.055 38.551 47.5073 -71.5828 40 43.657 -69.44
5 24 23.03 43.2349 -67.4703 16.632 43.2349 -67.4703 27.2045 45.6434 -69.4778 19.831 38.373 -63.466
5 24 29.8005 66.1048 -97.6284 30.761 70.3392 -97.6741 36.9295 68.1638 -94.6274 23.5925 71.3524 -99.0931
5 24 38.551 58.9528 -87.6121 40 64.9753 -90.162 37.9215 61.3737 -91.0025 40 48.392 -69.919
5 24 40 64.9753 -90.162 37.9215 61.3737 -91.0025 36.9295 68.1638 -94.6274 38.551 58.9528 -87.6121
5 24 19.028 25.9561 -48.4561 11.948 20.5208 -47.0392 10.916 25.1275 -47.2957 20.042 21.239 -48.045
5 24 6.164 18.6059 -44.3574 10.916 25.1275 -47.2957 4.428 22.4451 -43.539 11.948 20.5208 -47.0392
5 24 28.4055 41.3571 -70.0251 27.2045 45.6434 -69.4778 23.03 43.2349 -67.4703 31.279 47.0058 -70.8805
5 24 32.035 42.1185 -71.0914 31.279 47.0058 -70.8805 38.551 42.8065 -72.055 28.4055 41.3571 -70.0251
5 24 0 64.9753 -90.162 2.1 61.3736 -91.0025 4.755 64.1659 -94.9131 0 61.914 -89.82
5 24 19.8 26.598 -48.536 20.042 21.239 -48.045 19.028 25.9561 -48.4561 20.657 25.972 -48.4784
5 24 22.125 37.2425 -64.2626 19.831 38.373 -63.466 21.247 33.1624 -58.5485 24.676 39.9565 -68.0636
