0 ~Flag  2 x  2 with Dark Grey Rectangular Panels Pattern - Half
0 Name: s\2335ps3s01.dat
0 Author: Evert-Jan Boer [ejboer]
0 !LDRAW_ORG Subpart UPDATE 2023-03
0 !LICENSE Licensed under CC BY 4.0 : see CAreadme.txt

0 BFC CERTIFY CCW

0 !HISTORY 2023-06-24 [OrionP] Official Update 2023-03


1 8 0 17.8 39 0 -1 0 0 0 -1 1 0 0 4-4ndis.dat
1 0 0 17.8 39 0 -1 0 0 0 -1 1 0 0 4-4disc.dat
1 0 0 17.8 43.4 0 -1 0 0 0 -1 1 0 0 4-4disc.dat
1 8 0 17.8 43.4 0 -1 0 0 0 -1 1 0 0 4-4ndis.dat
4 8 0 1.5 14.5 0 1.5 12.5 0 2 13 0 2 14
4 8 0 9.5 14 0 2 14.5 0 1.5 14.5 0 2 14
4 8 0 1.5 16 0 1.5 14.5 0 2 14.5 0 2 15.5
4 8 0 9.5 15.5 0 2 16 0 1.5 16 0 2 15.5
3 8 0 1.5 16 0 2 16 0 2 17
4 8 0 2 17.5 0 1.5 17.5 0 1.5 16 0 2 17
4 8 0 1.5 19 0 1.5 17.5 0 2 17.5 0 2 18.5
4 8 0 10 14.5 0 9.5 14 0 9.5 13 0 10 12.5
3 8 0 9.5 14.5 0 9.5 14 0 10 14.5
3 8 0 9.5 15.5 0 9.5 14.5 0 10 14.5
4 8 0 9.5 16 0 9.5 15.5 0 10 14.5 0 10 16
4 8 0 10 17.5 0 9.5 17 0 9.5 16 0 10 16
3 8 0 9.5 17.5 0 9.5 17 0 10 17.5
4 8 0 10 19 0 9.5 18.5 0 9.5 17.5 0 10 17.5
4 8 0 10 12.5 0 9.5 13 0 2 13 0 1.5 12.5
3 8 0 2 14.5 0 9.5 14 0 9.5 14.5
3 8 0 2 16 0 9.5 15.5 0 9.5 16
4 8 0 9.5 17.5 0 2 17.5 0 2 17 0 9.5 17
4 8 0 9.5 18.5 0 10 19 0 1.5 19 0 2 18.5
4 16 0 2 13 0 9.5 13 0 9.5 14 0 2 14
4 16 0 9.5 15.5 0 2 15.5 0 2 14.5 0 9.5 14.5
4 16 0 9.5 17 0 2 17 0 2 16 0 9.5 16
4 16 0 2 17.5 0 9.5 17.5 0 9.5 18.5 0 2 18.5
4 8 0 17.8 42.4 0 16.8 42.4 0 16.8 40 0 17.8 40
4 8 0 17.8 42.4 0 17.8 40 0 18.8 40 0 18.8 42.4
4 0 0 15.1 12.5 0 20 12.5 0 20 13 0 15.6 13
4 0 0 15.1 12.5 0 15.6 13 0 15.6 24.8 0 15.1 24.8
4 0 0 1.6 48.8 0 1.6 24.8 0 2.1 25.3 0 2.1 48.3
4 0 0 2.1 48.3 0 15.1 48.3 0 15.6 48.8 0 1.6 48.8
4 0 0 20 46.1 0 15.6 46.1 0 15.6 45.6 0 20 45.6
4 0 0 15.1 45.6 0 15.6 46.1 0 15.6 48.8 0 15.1 48.3
3 0 0 15.1 45.6 0 15.6 45.6 0 15.6 46.1
4 0 0 15.1 36.4 0 15.6 36.4 0 15.6 45.6 0 15.1 45.6
4 0 0 15.1 24.8 0 15.6 24.8 0 15.6 36.4 0 15.1 25.3
3 0 0 15.1 36.4 0 15.1 25.3 0 15.6 36.4
3 8 0 18.8 40 0 18.8 39 0 20 36.4
3 8 0 18.8 42.4 0 18.8 40 0 20 36.4
4 8 0 18.8 43.4 0 18.8 42.4 0 20 36.4 0 20 45.6
3 8 0 18.8 44.4 0 18.8 43.4 0 20 45.6
3 8 0 17.8 44.4 0 18.8 44.4 0 20 45.6
4 8 0 15.6 45.6 0 16.8 44.4 0 17.8 44.4 0 20 45.6
3 8 0 15.6 36.4 0 16.8 39 0 16.8 40
4 8 0 15.6 45.6 0 15.6 36.4 0 16.8 40 0 16.8 42.4
3 8 0 15.6 45.6 0 16.8 42.4 0 16.8 43.4
3 8 0 15.6 45.6 0 16.8 43.4 0 16.8 44.4
3 8 0 15.6 24.8 0 15.6 13 0 20 13
3 16 0 0 10 0 15.1 12.5 0 10 12.5
3 16 0 0 10 0 10 12.5 0 1.5 12.5
3 16 0 0 10 0 1.5 12.5 0 1.5 14.5
3 16 0 0 10 0 1.5 14.5 0 1.5 16
3 16 0 0 10 0 1.5 16 0 1.5 17.5
3 16 0 0 10 0 1.5 17.5 0 1.5 19
4 16 0 0 50 0 0 10 0 1.5 19 0 1.6 24.8
3 16 0 0 50 0 1.6 24.8 0 1.6 48.8
4 16 0 20 50 0 0 50 0 1.6 48.8 0 15.6 48.8
4 16 0 15.6 48.8 0 15.6 46.1 0 20 46.1 0 20 50
3 16 0 10 14.5 0 10 12.5 0 15.1 12.5
3 16 0 10 16 0 10 14.5 0 15.1 12.5
3 16 0 10 17.5 0 10 16 0 15.1 12.5
3 16 0 10 19 0 10 17.5 0 15.1 12.5
4 16 0 5 24.8 0 1.6 24.8 0 1.5 19 0 10 19
4 16 0 15.1 12.5 0 0 10 0 20 10 0 20 12.5
3 0 0 15.6 36.4 0 15.7 26 0 15.8 36.4
3 0 0 15.8 36.4 0 15.9 26 0 16 36.4
3 0 0 16 36.4 0 16.1 26 0 16.2 36.4
3 0 0 16.2 36.4 0 16.3 26 0 16.4 36.4
3 0 0 16.4 36.4 0 16.5 26 0 16.6 36.4
3 0 0 16.6 36.4 0 16.7 26 0 16.8 36.4
3 0 0 16.8 36.4 0 16.9 26 0 17 36.4
3 0 0 17 36.4 0 17.1 26 0 17.2 36.4
3 0 0 17.2 36.4 0 17.3 26 0 17.4 36.4
3 0 0 17.4 36.4 0 17.5 26 0 17.6 36.4
3 0 0 17.6 36.4 0 17.7 26 0 17.8 36.4
3 0 0 17.8 36.4 0 17.9 26 0 18 36.4
3 0 0 18 36.4 0 18.1 26 0 18.2 36.4
3 0 0 18.2 36.4 0 18.3 26 0 18.4 36.4
3 0 0 18.4 36.4 0 18.5 26 0 18.6 36.4
3 0 0 18.6 36.4 0 18.7 26 0 18.8 36.4
3 0 0 18.8 36.4 0 18.9 26 0 19 36.4
3 0 0 19 36.4 0 19.1 26 0 19.2 36.4
3 0 0 19.2 36.4 0 19.3 26 0 19.4 36.4
3 0 0 19.4 36.4 0 19.5 26 0 19.6 36.4
3 0 0 19.6 36.4 0 19.7 26 0 19.8 36.4
3 0 0 19.8 36.4 0 19.9 26 0 20 36.4
4 8 0 16.8 39 0 15.6 36.4 0 15.8 36.4 0 16.8 38
3 8 0 15.8 36.4 0 16 36.4 0 16.8 38
3 8 0 16 36.4 0 16.2 36.4 0 16.8 38
3 8 0 16.2 36.4 0 16.4 36.4 0 16.8 38
3 8 0 16.4 36.4 0 16.6 36.4 0 16.8 38
3 8 0 16.6 36.4 0 16.8 36.4 0 16.8 38
3 8 0 16.8 38 0 16.8 36.4 0 17 36.4
3 8 0 16.8 38 0 17 36.4 0 17.2 36.4
4 8 0 17.8 38 0 16.8 38 0 17.2 36.4 0 17.4 36.4
3 8 0 17.4 36.4 0 17.6 36.4 0 17.8 38
3 8 0 17.6 36.4 0 17.8 36.4 0 17.8 38
3 8 0 17.8 38 0 17.8 36.4 0 18 36.4
3 8 0 17.8 38 0 18 36.4 0 18.2 36.4
3 8 0 17.8 38 0 18.2 36.4 0 18.4 36.4
3 8 0 17.8 38 0 18.4 36.4 0 18.6 36.4
4 8 0 18.8 38 0 17.8 38 0 18.6 36.4 0 18.8 36.4
3 8 0 18.8 38 0 18.8 36.4 0 19 36.4
3 8 0 18.8 38 0 19 36.4 0 19.2 36.4
3 8 0 18.8 38 0 19.2 36.4 0 19.4 36.4
3 8 0 18.8 38 0 19.4 36.4 0 19.6 36.4
3 8 0 18.8 38 0 19.6 36.4 0 19.8 36.4
4 8 0 18.8 39 0 18.8 38 0 19.8 36.4 0 20 36.4
3 8 0 15.7 26 0 15.9 26 0 15.8 36.4
3 8 0 15.9 26 0 16.1 26 0 16 36.4
3 8 0 16.1 26 0 16.3 26 0 16.2 36.4
3 8 0 16.3 26 0 16.5 26 0 16.4 36.4
3 8 0 16.5 26 0 16.7 26 0 16.6 36.4
3 8 0 16.7 26 0 16.9 26 0 16.8 36.4
3 8 0 16.9 26 0 17.1 26 0 17 36.4
3 8 0 17.1 26 0 17.3 26 0 17.2 36.4
3 8 0 17.3 26 0 17.5 26 0 17.4 36.4
3 8 0 17.5 26 0 17.7 26 0 17.6 36.4
3 8 0 17.7 26 0 17.9 26 0 17.8 36.4
3 8 0 17.9 26 0 18.1 26 0 18 36.4
3 8 0 18.1 26 0 18.3 26 0 18.2 36.4
3 8 0 18.3 26 0 18.5 26 0 18.4 36.4
3 8 0 18.5 26 0 18.7 26 0 18.6 36.4
3 8 0 18.7 26 0 18.9 26 0 18.8 36.4
3 8 0 18.9 26 0 19.1 26 0 19 36.4
3 8 0 19.1 26 0 19.3 26 0 19.2 36.4
3 8 0 19.3 26 0 19.5 26 0 19.4 36.4
3 8 0 19.5 26 0 19.7 26 0 19.6 36.4
3 8 0 19.9 26 0 20 13 0 20 36.4
4 8 0 19.8 36.4 0 19.7 26 0 20 13 0 19.9 26
3 8 0 19.5 26 0 20 13 0 19.7 26
3 8 0 19.3 26 0 20 13 0 19.5 26
3 8 0 19.1 26 0 20 13 0 19.3 26
3 8 0 18.9 26 0 20 13 0 19.1 26
3 8 0 18.7 26 0 20 13 0 18.9 26
3 8 0 18.5 26 0 20 13 0 18.7 26
3 8 0 18.3 26 0 20 13 0 18.5 26
3 8 0 18.1 26 0 20 13 0 18.3 26
3 8 0 17.9 26 0 20 13 0 18.1 26
3 8 0 17.7 26 0 20 13 0 17.9 26
3 8 0 17.5 26 0 20 13 0 17.7 26
3 8 0 17.3 26 0 20 13 0 17.5 26
3 8 0 17.1 26 0 20 13 0 17.3 26
4 8 0 15.6 24.8 0 20 13 0 17.1 26 0 16.9 26
3 8 0 15.6 24.8 0 16.9 26 0 16.7 26
3 8 0 15.6 24.8 0 16.7 26 0 16.5 26
3 8 0 15.6 24.8 0 16.5 26 0 16.3 26
3 8 0 15.6 24.8 0 16.3 26 0 16.1 26
3 8 0 15.6 24.8 0 16.1 26 0 15.9 26
3 8 0 15.6 24.8 0 15.9 26 0 15.7 26
3 8 0 15.6 36.4 0 15.6 24.8 0 15.7 26
4 16 0 13.3 31.6 0 13.3 37 0 12.6 37 0 8.4 31.6
3 16 0 8.4 31.6 0 12.6 37 0 12.6 41
4 16 0 8.4 46.7 0 8.4 31.6 0 12.6 41 0 12.6 41.9
3 16 0 8.4 46.7 0 12.6 41.9 0 12.6 45.9
4 16 0 8.4 46.7 0 12.6 45.9 0 13.3 45.9 0 13.3 46.7
4 16 0 13.3 41 0 13.3 41.9 0 12.6 41.9 0 12.6 41
4 16 0 13.8 41.9 0 13.8 41 0 14.5 41 0 14.5 41.9
4 16 0 15.1 48.3 0 13.8 47.2 0 13.8 45.9 0 14.5 45.9
4 16 0 14.5 41.9 0 15.1 45.6 0 15.1 48.3 0 14.5 45.9
3 16 0 14.5 41.9 0 14.5 41 0 15.1 45.6
4 16 0 14.5 37 0 15.1 36.4 0 15.1 45.6 0 14.5 41
3 16 0 13.8 37 0 15.1 36.4 0 14.5 37
4 16 0 15 30 0 15.1 36.4 0 13.8 37 0 13.8 31.1
4 16 0 7.4 30 0 7.9 31.1 0 7.9 47.2 0 2.1 48.3
4 16 0 15.1 48.3 0 2.1 48.3 0 7.9 47.2 0 13.8 47.2
4 8 0 8.4 31.6 0 7.9 31.1 0 13.8 31.1 0 13.3 31.6
4 8 0 13.8 31.1 0 13.8 37 0 13.3 37 0 13.3 31.6
4 8 0 8.4 31.6 0 8.4 46.7 0 7.9 47.2 0 7.9 31.1
4 8 0 7.9 47.2 0 8.4 46.7 0 13.3 46.7 0 13.8 47.2
4 8 0 13.8 45.9 0 13.8 47.2 0 13.3 46.7 0 13.3 45.9
4 8 0 13.3 41 0 13.8 41 0 13.8 41.9 0 13.3 41.9
4 8 0 12.6 45.9 0 12.6 41.9 0 13.1 42.4 0 13.1 45.4
4 8 0 14.5 41.9 0 14.5 45.9 0 14 45.4 0 14 42.4
4 8 0 13.1 37.5 0 13.1 40.5 0 12.6 41 0 12.6 37
4 8 0 14.5 37 0 14.5 41 0 14 40.5 0 14 37.5
3 8 0 2.1 25.3 0 2.3 25.3 0 2.2 30
3 8 0 2.3 25.3 0 2.5 25.3 0 2.4 30
3 8 0 2.5 25.3 0 2.7 25.3 0 2.6 30
3 8 0 2.7 25.3 0 2.9 25.3 0 2.8 30
3 8 0 2.9 25.3 0 3.1 25.3 0 3 30
3 8 0 3.1 25.3 0 3.3 25.3 0 3.2 30
4 16 0 2.1 48.3 0 2.2 30 0 2.3 25.3 0 2.4 30
3 16 0 2.6 30 0 2.7 25.3 0 2.8 30
3 16 0 2.8 30 0 2.9 25.3 0 3 30
3 16 0 3 30 0 3.1 25.3 0 3.2 30
3 16 0 3.2 30 0 3.3 25.3 0 3.4 30
3 8 0 3.3 25.3 0 3.5 25.3 0 3.4 30
3 8 0 3.5 25.3 0 3.7 25.3 0 3.6 30
3 8 0 3.7 25.3 0 3.9 25.3 0 3.8 30
3 8 0 3.9 25.3 0 4.1 25.3 0 4 30
3 8 0 4.1 25.3 0 4.3 25.3 0 4.2 30
3 8 0 4.3 25.3 0 4.5 25.3 0 4.4 30
3 16 0 3.4 30 0 3.5 25.3 0 3.6 30
3 16 0 3.6 30 0 3.7 25.3 0 3.8 30
3 16 0 3.8 30 0 3.9 25.3 0 4 30
3 16 0 4 30 0 4.1 25.3 0 4.2 30
3 16 0 4.2 30 0 4.3 25.3 0 4.4 30
3 16 0 4.4 30 0 4.5 25.3 0 4.6 30
3 8 0 4.5 25.3 0 4.7 25.3 0 4.6 30
3 8 0 4.7 25.3 0 4.9 25.3 0 4.8 30
3 8 0 4.9 25.3 0 5.1 25.3 0 5 30
3 8 0 5.1 25.3 0 5.3 25.3 0 5.2 30
3 8 0 5.3 25.3 0 5.5 25.3 0 5.4 30
3 8 0 5.5 25.3 0 5.7 25.3 0 5.6 30
3 16 0 4.6 30 0 4.7 25.3 0 4.8 30
3 16 0 4.8 30 0 4.9 25.3 0 5 30
3 16 0 5 30 0 5.1 25.3 0 5.2 30
3 16 0 5.2 30 0 5.3 25.3 0 5.4 30
3 16 0 5.4 30 0 5.5 25.3 0 5.6 30
3 16 0 5.6 30 0 5.7 25.3 0 5.8 30
3 8 0 5.7 25.3 0 5.9 25.3 0 5.8 30
3 8 0 5.9 25.3 0 6.1 25.3 0 6 30
3 8 0 6.1 25.3 0 6.3 25.3 0 6.2 30
3 8 0 6.3 25.3 0 6.5 25.3 0 6.4 30
3 8 0 6.5 25.3 0 6.7 25.3 0 6.6 30
3 8 0 6.7 25.3 0 6.9 25.3 0 6.8 30
3 16 0 5.8 30 0 5.9 25.3 0 6 30
3 16 0 6 30 0 6.1 25.3 0 6.2 30
3 16 0 6.2 30 0 6.3 25.3 0 6.4 30
3 16 0 6.4 30 0 6.5 25.3 0 6.6 30
3 16 0 6.6 30 0 6.7 25.3 0 6.8 30
3 16 0 6.8 30 0 6.9 25.3 0 7 30
3 8 0 6.9 25.3 0 7.1 25.3 0 7 30
3 8 0 7.1 25.3 0 7.3 25.3 0 7.2 30
3 8 0 7.3 25.3 0 7.5 25.3 0 7.4 30
3 8 0 7.5 25.3 0 7.7 25.3 0 7.6 30
3 8 0 7.7 25.3 0 7.9 25.3 0 7.8 30
3 8 0 7.9 25.3 0 8.1 25.3 0 8 30
3 16 0 7 30 0 7.1 25.3 0 7.2 30
3 16 0 7.2 30 0 7.3 25.3 0 7.4 30
3 16 0 7.4 30 0 7.5 25.3 0 7.6 30
3 16 0 7.6 30 0 7.7 25.3 0 7.8 30
4 16 0 7.9 31.1 0 7.8 30 0 7.9 25.3 0 8 30
3 16 0 8 30 0 8.1 25.3 0 8.2 30
3 8 0 8.1 25.3 0 8.3 25.3 0 8.2 30
3 8 0 8.3 25.3 0 8.5 25.3 0 8.4 30
3 8 0 8.5 25.3 0 8.7 25.3 0 8.6 30
3 8 0 8.7 25.3 0 8.9 25.3 0 8.8 30
3 8 0 8.9 25.3 0 9.1 25.3 0 9 30
3 8 0 9.1 25.3 0 9.3 25.3 0 9.2 30
3 16 0 8.2 30 0 8.3 25.3 0 8.4 30
3 16 0 8.4 30 0 8.5 25.3 0 8.6 30
3 16 0 8.6 30 0 8.7 25.3 0 8.8 30
3 16 0 8.8 30 0 8.9 25.3 0 9 30
3 16 0 9 30 0 9.1 25.3 0 9.2 30
3 16 0 9.2 30 0 9.3 25.3 0 9.4 30
3 8 0 9.3 25.3 0 9.5 25.3 0 9.4 30
3 8 0 9.5 25.3 0 9.7 25.3 0 9.6 30
3 8 0 9.7 25.3 0 9.9 25.3 0 9.8 30
3 8 0 9.9 25.3 0 10.1 25.3 0 10 30
3 8 0 10.1 25.3 0 10.3 25.3 0 10.2 30
3 8 0 10.3 25.3 0 10.5 25.3 0 10.4 30
3 16 0 9.4 30 0 9.5 25.3 0 9.6 30
3 16 0 9.6 30 0 9.7 25.3 0 9.8 30
3 16 0 9.8 30 0 9.9 25.3 0 10 30
3 16 0 10 30 0 10.1 25.3 0 10.2 30
3 16 0 10.2 30 0 10.3 25.3 0 10.4 30
3 16 0 10.4 30 0 10.5 25.3 0 10.6 30
3 8 0 10.5 25.3 0 10.7 25.3 0 10.6 30
3 8 0 10.7 25.3 0 10.9 25.3 0 10.8 30
3 8 0 10.9 25.3 0 11.1 25.3 0 11 30
3 8 0 11.1 25.3 0 11.3 25.3 0 11.2 30
3 8 0 11.3 25.3 0 11.5 25.3 0 11.4 30
3 8 0 11.5 25.3 0 11.7 25.3 0 11.6 30
3 16 0 10.6 30 0 10.7 25.3 0 10.8 30
3 16 0 10.8 30 0 10.9 25.3 0 11 30
3 16 0 11 30 0 11.1 25.3 0 11.2 30
3 16 0 11.2 30 0 11.3 25.3 0 11.4 30
3 16 0 11.4 30 0 11.5 25.3 0 11.6 30
3 16 0 11.6 30 0 11.7 25.3 0 11.8 30
3 8 0 11.7 25.3 0 11.9 25.3 0 11.8 30
3 8 0 11.9 25.3 0 12.1 25.3 0 12 30
3 8 0 12.1 25.3 0 12.3 25.3 0 12.2 30
3 8 0 12.3 25.3 0 12.5 25.3 0 12.4 30
3 8 0 12.5 25.3 0 12.7 25.3 0 12.6 30
3 8 0 12.7 25.3 0 12.9 25.3 0 12.8 30
3 16 0 11.8 30 0 11.9 25.3 0 12 30
3 16 0 12 30 0 12.1 25.3 0 12.2 30
3 16 0 12.2 30 0 12.3 25.3 0 12.4 30
3 16 0 12.4 30 0 12.5 25.3 0 12.6 30
3 16 0 12.6 30 0 12.7 25.3 0 12.8 30
3 16 0 12.8 30 0 12.9 25.3 0 13 30
3 8 0 12.9 25.3 0 13.1 25.3 0 13 30
3 8 0 13.1 25.3 0 13.3 25.3 0 13.2 30
3 8 0 13.3 25.3 0 13.5 25.3 0 13.4 30
3 8 0 13.5 25.3 0 13.7 25.3 0 13.6 30
3 8 0 13.7 25.3 0 13.9 25.3 0 13.8 30
3 8 0 13.9 25.3 0 14.1 25.3 0 14 30
3 16 0 13 30 0 13.1 25.3 0 13.2 30
3 16 0 13.2 30 0 13.3 25.3 0 13.4 30
3 16 0 13.4 30 0 13.5 25.3 0 13.6 30
4 16 0 13.8 31.1 0 13.8 30 0 13.9 25.3 0 14 30
3 16 0 14 30 0 14.1 25.3 0 14.2 30
3 8 0 14.1 25.3 0 14.3 25.3 0 14.2 30
3 8 0 14.3 25.3 0 14.5 25.3 0 14.4 30
3 8 0 14.5 25.3 0 14.7 25.3 0 14.6 30
3 8 0 14.7 25.3 0 14.9 25.3 0 14.8 30
3 8 0 14.9 25.3 0 15.1 25.3 0 15 30
3 16 0 14.2 30 0 14.3 25.3 0 14.4 30
3 16 0 14.4 30 0 14.5 25.3 0 14.6 30
3 16 0 14.6 30 0 14.7 25.3 0 14.8 30
3 16 0 14.8 30 0 14.9 25.3 0 15 30
3 16 0 2.1 48.3 0 2.1 25.3 0 2.2 30
4 16 0 2.5 25.3 0 2.6 30 0 2.1 48.3 0 2.4 30
3 16 0 2.1 48.3 0 2.6 30 0 2.8 30
3 16 0 2.1 48.3 0 2.8 30 0 3 30
3 16 0 2.1 48.3 0 3 30 0 3.2 30
3 16 0 2.1 48.3 0 3.2 30 0 3.4 30
3 16 0 2.1 48.3 0 3.4 30 0 3.6 30
3 16 0 2.1 48.3 0 3.6 30 0 3.8 30
3 16 0 2.1 48.3 0 3.8 30 0 4 30
3 16 0 2.1 48.3 0 4 30 0 4.2 30
3 16 0 2.1 48.3 0 4.2 30 0 4.4 30
3 16 0 2.1 48.3 0 4.4 30 0 4.6 30
3 16 0 2.1 48.3 0 4.6 30 0 4.8 30
3 16 0 2.1 48.3 0 4.8 30 0 5 30
3 16 0 2.1 48.3 0 5 30 0 5.2 30
3 16 0 2.1 48.3 0 5.2 30 0 5.4 30
3 16 0 2.1 48.3 0 5.4 30 0 5.6 30
3 16 0 2.1 48.3 0 5.6 30 0 5.8 30
3 16 0 2.1 48.3 0 5.8 30 0 6 30
3 16 0 2.1 48.3 0 6 30 0 6.2 30
3 16 0 2.1 48.3 0 6.2 30 0 6.4 30
3 16 0 2.1 48.3 0 6.4 30 0 6.6 30
3 16 0 2.1 48.3 0 6.6 30 0 6.8 30
3 16 0 2.1 48.3 0 6.8 30 0 7 30
3 16 0 2.1 48.3 0 7 30 0 7.2 30
3 16 0 2.1 48.3 0 7.2 30 0 7.4 30
3 16 0 7.4 30 0 7.6 30 0 7.9 31.1
3 16 0 7.6 30 0 7.8 30 0 7.9 31.1
3 16 0 7.9 31.1 0 8 30 0 8.2 30
3 16 0 7.9 31.1 0 8.2 30 0 8.4 30
3 16 0 7.9 31.1 0 8.4 30 0 8.6 30
3 16 0 7.9 31.1 0 8.6 30 0 8.8 30
3 16 0 7.9 31.1 0 8.8 30 0 9 30
3 16 0 7.9 31.1 0 9 30 0 9.2 30
3 16 0 7.9 31.1 0 9.2 30 0 9.4 30
3 16 0 7.9 31.1 0 9.4 30 0 9.6 30
3 16 0 7.9 31.1 0 9.6 30 0 9.8 30
3 16 0 7.9 31.1 0 9.8 30 0 10 30
3 16 0 7.9 31.1 0 10 30 0 10.2 30
3 16 0 7.9 31.1 0 10.2 30 0 10.4 30
3 16 0 7.9 31.1 0 10.4 30 0 10.6 30
3 16 0 7.9 31.1 0 10.6 30 0 10.8 30
3 16 0 7.9 31.1 0 10.8 30 0 11 30
4 16 0 13.8 31.1 0 7.9 31.1 0 11 30 0 11.2 30
3 16 0 11.2 30 0 11.4 30 0 13.8 31.1
3 16 0 11.4 30 0 11.6 30 0 13.8 31.1
3 16 0 11.6 30 0 11.8 30 0 13.8 31.1
3 16 0 11.8 30 0 12 30 0 13.8 31.1
3 16 0 12 30 0 12.2 30 0 13.8 31.1
3 16 0 12.2 30 0 12.4 30 0 13.8 31.1
3 16 0 12.4 30 0 12.6 30 0 13.8 31.1
3 16 0 12.6 30 0 12.8 30 0 13.8 31.1
3 16 0 12.8 30 0 13 30 0 13.8 31.1
3 16 0 13 30 0 13.2 30 0 13.8 31.1
3 16 0 13.2 30 0 13.4 30 0 13.8 31.1
3 16 0 13.4 30 0 13.6 30 0 13.8 31.1
4 16 0 13.7 25.3 0 13.8 30 0 13.8 31.1 0 13.6 30
3 16 0 13.8 31.1 0 14 30 0 14.2 30
3 16 0 13.8 31.1 0 14.2 30 0 14.4 30
3 16 0 13.8 31.1 0 14.4 30 0 14.6 30
3 16 0 13.8 31.1 0 14.6 30 0 14.8 30
3 16 0 13.8 31.1 0 14.8 30 0 15 30
3 16 0 15 30 0 15.1 25.3 0 15.1 36.4
3 0 0 1.6 24.8 0 2.3 25.3 0 2.1 25.3
3 0 0 1.6 24.8 0 2.5 25.3 0 2.3 25.3
3 0 0 1.6 24.8 0 2.7 25.3 0 2.5 25.3
3 0 0 1.6 24.8 0 2.9 25.3 0 2.7 25.3
3 0 0 1.6 24.8 0 3.1 25.3 0 2.9 25.3
3 0 0 1.6 24.8 0 3.3 25.3 0 3.1 25.3
3 0 0 1.6 24.8 0 3.5 25.3 0 3.3 25.3
3 0 0 1.6 24.8 0 3.7 25.3 0 3.5 25.3
3 0 0 1.6 24.8 0 3.9 25.3 0 3.7 25.3
4 0 0 5 24.8 0 4.1 25.3 0 3.9 25.3 0 1.6 24.8
3 0 0 4.1 25.3 0 5 24.8 0 4.3 25.3
3 0 0 4.3 25.3 0 5 24.8 0 4.5 25.3
3 0 0 4.5 25.3 0 5 24.8 0 4.7 25.3
3 0 0 4.7 25.3 0 5 24.8 0 4.9 25.3
3 0 0 4.9 25.3 0 5 24.8 0 5.1 25.3
3 0 0 5 24.8 0 5.3 25.3 0 5.1 25.3
3 0 0 5 24.8 0 5.5 25.3 0 5.3 25.3
3 0 0 5 24.8 0 5.7 25.3 0 5.5 25.3
3 0 0 5 24.8 0 5.9 25.3 0 5.7 25.3
3 0 0 5 24.8 0 6.1 25.3 0 5.9 25.3
3 0 0 5 24.8 0 6.3 25.3 0 6.1 25.3
3 0 0 5 24.8 0 6.5 25.3 0 6.3 25.3
3 0 0 5 24.8 0 6.7 25.3 0 6.5 25.3
3 0 0 5 24.8 0 6.9 25.3 0 6.7 25.3
4 0 0 7 24.8 0 7.1 25.3 0 6.9 25.3 0 5 24.8
3 0 0 7 24.8 0 7.3 25.3 0 7.1 25.3
3 0 0 7 24.8 0 7.5 25.3 0 7.3 25.3
3 0 0 7 24.8 0 7.7 25.3 0 7.5 25.3
3 0 0 7 24.8 0 7.9 25.3 0 7.7 25.3
3 0 0 7 24.8 0 8.1 25.3 0 7.9 25.3
3 0 0 7 24.8 0 8.3 25.3 0 8.1 25.3
3 0 0 7 24.8 0 8.5 25.3 0 8.3 25.3
3 0 0 7 24.8 0 8.7 25.3 0 8.5 25.3
3 0 0 7 24.8 0 8.9 25.3 0 8.7 25.3
3 0 0 7 24.8 0 9.1 25.3 0 8.9 25.3
4 0 0 9.3 25.3 0 9.1 25.3 0 7 24.8 0 10 24.8
3 0 0 9.3 25.3 0 10 24.8 0 9.5 25.3
3 0 0 9.5 25.3 0 10 24.8 0 9.7 25.3
3 0 0 9.7 25.3 0 10 24.8 0 9.9 25.3
3 0 0 9.9 25.3 0 10 24.8 0 10.1 25.3
3 0 0 10 24.8 0 10.3 25.3 0 10.1 25.3
3 0 0 10 24.8 0 10.5 25.3 0 10.3 25.3
3 0 0 10 24.8 0 10.7 25.3 0 10.5 25.3
3 0 0 10 24.8 0 10.9 25.3 0 10.7 25.3
3 0 0 10 24.8 0 11.1 25.3 0 10.9 25.3
3 0 0 10 24.8 0 11.3 25.3 0 11.1 25.3
4 0 0 12 24.8 0 11.5 25.3 0 11.3 25.3 0 10 24.8
3 0 0 11.5 25.3 0 12 24.8 0 11.7 25.3
3 0 0 11.7 25.3 0 12 24.8 0 11.9 25.3
3 0 0 11.9 25.3 0 12 24.8 0 12.1 25.3
3 0 0 12 24.8 0 12.3 25.3 0 12.1 25.3
3 0 0 12 24.8 0 12.5 25.3 0 12.3 25.3
3 0 0 12 24.8 0 12.7 25.3 0 12.5 25.3
3 0 0 12 24.8 0 12.9 25.3 0 12.7 25.3
3 0 0 12 24.8 0 13.1 25.3 0 12.9 25.3
3 0 0 12 24.8 0 13.3 25.3 0 13.1 25.3
3 0 0 12 24.8 0 13.5 25.3 0 13.3 25.3
4 0 0 14 24.8 0 13.7 25.3 0 13.5 25.3 0 12 24.8
3 0 0 13.7 25.3 0 14 24.8 0 13.9 25.3
3 0 0 13.9 25.3 0 14 24.8 0 14.1 25.3
3 0 0 14 24.8 0 14.3 25.3 0 14.1 25.3
3 0 0 14 24.8 0 14.5 25.3 0 14.3 25.3
3 0 0 14 24.8 0 14.7 25.3 0 14.5 25.3
3 0 0 14 24.8 0 14.9 25.3 0 14.7 25.3
4 0 0 15.1 24.8 0 15.1 25.3 0 14.9 25.3 0 14 24.8
3 16 0 5 24.8 0 10 19 0 7 24.8
3 16 0 7 24.8 0 10 19 0 10 24.8
3 16 0 10 24.8 0 10 19 0 12 24.8
3 16 0 10 19 0 14 24.8 0 12 24.8
4 16 0 15.1 12.5 0 15.1 24.8 0 14 24.8 0 10 19
4 16 0 13.1 40.5 0 13.1 37.5 0 14 37.5 0 14 40.5
4 16 0 13.1 45.4 0 13.1 42.4 0 14 42.4 0 14 45.4
4 8 0 14 37.5 0 13.1 37.5 0 12.6 37 0 13.3 37
3 8 0 14 37.5 0 13.3 37 0 13.8 37
3 8 0 14 37.5 0 13.8 37 0 14.5 37
3 8 0 12.6 41 0 13.1 40.5 0 13.3 41
4 8 0 14 40.5 0 13.8 41 0 13.3 41 0 13.1 40.5
3 8 0 13.8 41 0 14 40.5 0 14.5 41
4 8 0 14 42.4 0 13.1 42.4 0 12.6 41.9 0 13.3 41.9
3 8 0 14 42.4 0 13.3 41.9 0 13.8 41.9
3 8 0 14 42.4 0 13.8 41.9 0 14.5 41.9
3 8 0 12.6 45.9 0 13.1 45.4 0 13.3 45.9
4 8 0 14 45.4 0 13.8 45.9 0 13.3 45.9 0 13.1 45.4
3 8 0 13.8 45.9 0 14 45.4 0 14.5 45.9
