0 ~Flag  2 x  2 Square with Crossed Cannons and Crown over Red Stripes Pattern
0 Name: s\2335p32s01.dat
0 Author: Evert-Jan Boer [ejboer]
0 !LDRAW_ORG Subpart UPDATE 2020-03
0 !LICENSE Redistributable under CCAL version 2.0 : see CAreadme.txt

0 BFC CERTIFY CCW

0 !HISTORY 2020-12-29 [PTadmin] Official Update 2020-03

4 16 19.47 13.55 2 19.3323 13.1031 2 19 13.55 2 19.3323 13.9969 2
4 16 19 14.182 2 19.3323 13.9969 2 19 13.55 2 18.6677 13.9969 2
4 16 18.53 13.55 2 18.6677 13.9969 2 19 13.55 2 18.6677 13.1031 2
4 16 19 12.918 2 18.6677 13.1031 2 19 13.55 2 19.3323 13.1031 2
4 16 19.82 14.75 2 19.6823 14.3031 2 19.35 14.75 2 19.6823 15.1969 2
4 16 19.35 15.382 2 19.6823 15.1969 2 19.35 14.75 2 19.0177 15.1969 2
4 16 18.88 14.75 2 19.0177 15.1969 2 19.35 14.75 2 19.0177 14.3031 2
4 16 19.35 14.118 2 19.0177 14.3031 2 19.35 14.75 2 19.6823 14.3031 2
4 16 20 16.55 2 20 15.5 2 18.6 15.55 2 18.7 16.6 2
4 16 18.7 16.6 2 18.6 15.55 2 18 15.7 2 18.05 16.55 2
4 16 18.15 13.65 2 18.15 12.75 2 17.9 12.75 2 17.9 13.65 2
4 16 17.65 13.95 2 17.35 13.3 2 17.2 13.3 2 17.5 13.95 2
4 16 17.95 14.75 2 17.7 14.1 2 17.55 14.1 2 17.8 14.75 2
4 16 18.15 15.55 2 18 14.9 2 17.85 14.9 2 18 15.55 2
4 16 19.9 13.2 2 19.9 12.55 2 19.7 12.55 2 19.7 13.2 2
4 0 19.9 12.55 2 20 11.1 2 19.7 11.15 2 19.5 11.4 2
4 0 19.7 12.55 2 19.9 12.55 2 19.5 11.4 2 19.35 11.95 2
4 0 19.3323 13.1031 2 19.7 12.55 2 19.35 11.95 2 19 12.918 2
4 0 19 12.918 2 19.35 11.95 2 19 12.1 2 18.6677 13.1031 2
4 0 18.15 12.75 2 18.6677 13.1031 2 19 12.1 2 18.1 12.15 2
4 0 17.9 12.75 2 18.15 12.75 2 18.1 12.15 2 17.25 12.25 2
4 0 17.35 13.3 2 17.9 12.75 2 17.25 12.25 2 17.2 13.3 2
4 0 17.2 13.3 2 17.25 12.25 2 16.55 12.4 2 15.8 12.65 2
4 0 17.5 13.95 2 17.2 13.3 2 15.8 12.65 2 16.5 13.8 2
4 0 19.1 17.25 2 20 17.3 2 20 16.55 2 18.7 16.6 2
4 0 18.3 17.15 2 19.1 17.25 2 18.7 16.6 2 18.05 16.55 2
4 0 17.8 17 2 18.3 17.15 2 18.05 16.55 2 17.6 16.8 2
4 0 17.6 16.8 2 18.05 16.55 2 18 15.7 2 17.4 16.1 2
4 0 17.4 16.1 2 18 15.7 2 18 15.55 2 17.85 14.9 2
4 0 17.4 16.1 2 17.85 14.9 2 17.8 14.75 2 17 14.85 2
3 0 17 14.85 2 17.8 14.75 2 17.55 14.1 2
4 0 17 14.85 2 17.55 14.1 2 17.5 13.95 2 16.5 13.8 2
4 0 19.9 13.2 2 20 15.5 2 20 11.1 2 19.9 12.55 2
3 0 19.9 13.2 2 19.82 14.75 2 20 15.5 2
3 0 19.82 14.75 2 19.6823 15.1969 2 20 15.5 2
3 0 19.6823 15.1969 2 19.35 15.382 2 20 15.5 2
3 0 19.35 15.382 2 18.6 15.55 2 20 15.5 2
4 0 18.6 15.55 2 19.35 15.382 2 19.0177 15.1969 2 18.15 15.55 2
3 0 18.6 15.55 2 18.15 15.55 2 18 15.7 2
3 0 18.15 15.55 2 18 15.55 2 18 15.7 2
4 0 18 14.9 2 18.15 15.55 2 19.0177 15.1969 2 18.88 14.75 2
4 0 17.95 14.75 2 18 14.9 2 18.88 14.75 2 18.6677 13.9969 2
4 0 18.6677 13.9969 2 18.88 14.75 2 19.0177 14.3031 2 19 14.182 2
4 0 19 14.182 2 19.0177 14.3031 2 19.35 14.118 2 19.3323 13.9969 2
4 0 17.85 14.9 2 18 14.9 2 17.95 14.75 2 17.8 14.75 2
4 0 17.55 14.1 2 17.7 14.1 2 17.65 13.95 2 17.5 13.95 2
4 0 17.9 13.65 2 17.9 12.75 2 17.35 13.3 2 17.65 13.95 2
4 0 18.15 13.65 2 17.9 13.65 2 17.65 13.95 2 17.7 14.1 2
4 0 18.15 13.65 2 17.7 14.1 2 17.95 14.75 2 18.6677 13.9969 2
4 0 18.15 13.65 2 18.6677 13.9969 2 18.53 13.55 2 18.15 12.75 2
3 0 18.53 13.55 2 18.6677 13.1031 2 18.15 12.75 2
4 0 19.7 13.2 2 19.7 12.55 2 19.3323 13.1031 2 19.47 13.55 2
4 0 19.9 13.2 2 19.7 13.2 2 19.47 13.55 2 19.6823 14.3031 2
4 0 19.6823 14.3031 2 19.47 13.55 2 19.3323 13.9969 2 19.35 14.118 2
3 0 19.6823 14.3031 2 19.82 14.75 2 19.9 13.2 2
4 16 21 13.55 2 20.6677 13.1031 2 20.53 13.55 2 20.6677 13.9969 2
4 16 21 13.55 2 20.6677 13.9969 2 21 14.182 2 21.3323 13.9969 2
4 16 21 13.55 2 21.3323 13.9969 2 21.47 13.55 2 21.3323 13.1031 2
4 16 21 13.55 2 21.3323 13.1031 2 21 12.918 2 20.6677 13.1031 2
4 16 20.65 14.75 2 20.3177 14.3031 2 20.18 14.75 2 20.3177 15.1969 2
4 16 20.65 14.75 2 20.3177 15.1969 2 20.65 15.382 2 20.9823 15.1969 2
4 16 20.65 14.75 2 20.9823 15.1969 2 21.12 14.75 2 20.9823 14.3031 2
4 16 20.65 14.75 2 20.9823 14.3031 2 20.65 14.118 2 20.3177 14.3031 2
4 16 21.4 15.55 2 20 15.5 2 20 16.55 2 21.3 16.6 2
4 16 22 15.7 2 21.4 15.55 2 21.3 16.6 2 21.95 16.55 2
4 16 22.1 12.75 2 21.85 12.75 2 21.85 13.65 2 22.1 13.65 2
4 16 22.8 13.3 2 22.65 13.3 2 22.35 13.95 2 22.5 13.95 2
4 16 22.45 14.1 2 22.3 14.1 2 22.05 14.75 2 22.2 14.75 2
4 16 22.15 14.9 2 22 14.9 2 21.85 15.55 2 22 15.55 2
4 16 20.3 12.55 2 20.1 12.55 2 20.1 13.2 2 20.3 13.2 2
4 0 20.3 11.15 2 20 11.1 2 20.1 12.55 2 20.5 11.4 2
4 0 20.5 11.4 2 20.1 12.55 2 20.3 12.55 2 20.65 11.95 2
4 0 20.65 11.95 2 20.3 12.55 2 20.6677 13.1031 2 21 12.918 2
4 0 21 12.1 2 20.65 11.95 2 21 12.918 2 21.3323 13.1031 2
4 0 21 12.1 2 21.3323 13.1031 2 21.85 12.75 2 21.9 12.15 2
4 0 21.9 12.15 2 21.85 12.75 2 22.1 12.75 2 22.75 12.25 2
4 0 22.75 12.25 2 22.1 12.75 2 22.65 13.3 2 22.8 13.3 2
4 0 23.45 12.4 2 22.75 12.25 2 22.8 13.3 2 24.2 12.65 2
4 0 24.2 12.65 2 22.8 13.3 2 22.5 13.95 2 23.5 13.8 2
4 0 20 16.55 2 20 17.3 2 20.9 17.25 2 21.3 16.6 2
4 0 21.3 16.6 2 20.9 17.25 2 21.7 17.15 2 21.95 16.55 2
4 0 21.95 16.55 2 21.7 17.15 2 22.2 17 2 22.4 16.8 2
4 0 22 15.55 2 22 15.7 2 22.6 16.1 2 22.15 14.9 2
4 0 22.2 14.75 2 22.15 14.9 2 22.6 16.1 2 23 14.85 2
3 0 22.2 14.75 2 23 14.85 2 22.45 14.1 2
4 0 22.5 13.95 2 22.45 14.1 2 23 14.85 2 23.5 13.8 2
4 0 20 11.1 2 20 15.5 2 20.1 13.2 2 20.1 12.55 2
3 0 20.1 13.2 2 20 15.5 2 20.18 14.75 2
3 0 20.18 14.75 2 20 15.5 2 20.3177 15.1969 2
3 0 20.3177 15.1969 2 20 15.5 2 20.65 15.382 2
3 0 20.65 15.382 2 20 15.5 2 21.4 15.55 2
4 0 20.9823 15.1969 2 20.65 15.382 2 21.4 15.55 2 21.85 15.55 2
3 0 21.85 15.55 2 21.4 15.55 2 22 15.7 2
3 0 22 15.55 2 21.85 15.55 2 22 15.7 2
4 0 20.9823 15.1969 2 21.85 15.55 2 22 14.9 2 21.12 14.75 2
4 0 21.12 14.75 2 22 14.9 2 22.05 14.75 2 21.3323 13.9969 2
4 0 20.9823 14.3031 2 21.12 14.75 2 21.3323 13.9969 2 21 14.182 2
4 0 20.65 14.118 2 20.9823 14.3031 2 21 14.182 2 20.6677 13.9969 2
4 0 22.05 14.75 2 22 14.9 2 22.15 14.9 2 22.2 14.75 2
4 0 22.35 13.95 2 22.3 14.1 2 22.45 14.1 2 22.5 13.95 2
4 0 22.65 13.3 2 22.1 12.75 2 22.1 13.65 2 22.35 13.95 2
4 0 22.35 13.95 2 22.1 13.65 2 21.85 13.65 2 22.3 14.1 2
4 0 22.05 14.75 2 22.3 14.1 2 21.85 13.65 2 21.3323 13.9969 2
4 0 21.47 13.55 2 21.3323 13.9969 2 21.85 13.65 2 21.85 12.75 2
3 0 21.3323 13.1031 2 21.47 13.55 2 21.85 12.75 2
4 0 20.6677 13.1031 2 20.3 12.55 2 20.3 13.2 2 20.53 13.55 2
4 0 20.53 13.55 2 20.3 13.2 2 20.1 13.2 2 20.3177 14.3031 2
4 0 20.6677 13.9969 2 20.53 13.55 2 20.3177 14.3031 2 20.65 14.118 2
3 0 20.18 14.75 2 20.3177 14.3031 2 20.1 13.2 2
4 0 32.848 29.7 2 32.772 29.3181 2 31.85 29.7 2 32.772 30.0819 2
4 0 32.5557 30.4057 2 32.772 30.0819 2 31.85 29.7 2 32.2319 30.622 2
4 0 31.85 30.698 2 32.2319 30.622 2 31.85 29.7 2 31.4681 30.622 2
4 0 31.1443 30.4057 2 31.4681 30.622 2 31.85 29.7 2 30.928 30.0819 2
4 0 30.852 29.7 2 30.928 30.0819 2 31.85 29.7 2 30.928 29.3181 2
4 0 31.1443 28.9943 2 30.928 29.3181 2 31.85 29.7 2 31.4681 28.778 2
4 0 31.85 28.702 2 31.4681 28.778 2 31.85 29.7 2 32.2319 28.778 2
4 0 32.5557 28.9943 2 32.2319 28.778 2 31.85 29.7 2 32.772 29.3181 2
4 16 29.641 26.2 2 29.5265 25.9235 2 29.25 26.2 2 29.5265 26.4765 2
4 16 29.25 26.591 2 29.5265 26.4765 2 29.25 26.2 2 28.9735 26.4765 2
4 16 28.859 26.2 2 28.9735 26.4765 2 29.25 26.2 2 28.9735 25.9235 2
4 16 29.25 25.809 2 28.9735 25.9235 2 29.25 26.2 2 29.5265 25.9235 2
3 0 31.4681 28.778 2 31 28.4 2 31.1443 28.9943 2
4 0 30.928 29.3181 2 31.1443 28.9943 2 31 28.4 2 30.3 29.4 2
3 0 30.3 29.4 2 30.852 29.7 2 30.928 29.3181 2
4 0 30.3 29.4 2 31 28.4 2 30.55 27.9 2 29.65 29.25 2
4 0 29.65 29.25 2 30.55 27.9 2 30.4 27.4 2 29.1 29.3 2
4 0 29.1 29.3 2 30.4 27.4 2 30.3 26.8 2 28.5 29.5 2
4 0 28.5 29.5 2 30.3 26.8 2 29.5265 26.4765 2 29.25 26.591 2
4 0 27.9 29.65 2 28.5 29.5 2 29.25 26.591 2 27.25 29.55 2
4 0 26.35 29.1 2 27.25 29.55 2 29.25 26.591 2 28.9735 26.4765 2
3 0 26.35 29.1 2 28.9735 26.4765 2 28.859 26.2 2
4 0 28.85 24.85 2 26.35 29.1 2 28.859 26.2 2 28.9735 25.9235 2
3 0 28.85 24.85 2 28.9735 25.9235 2 29.25 25.809 2
4 0 28.85 24.85 2 29.25 25.809 2 29.5265 25.9235 2 29.9 25.45 2
4 0 30.2 25.85 2 29.9 25.45 2 29.5265 25.9235 2 29.641 26.2 2
4 0 30.3 26.3 2 30.2 25.85 2 29.641 26.2 2 29.5265 26.4765 2
3 0 30.3 26.3 2 29.5265 26.4765 2 30.3 26.8 2
4 16 26.35 29.1 2 28.85 24.85 2 28.45 24.65 2 26 28.9 2
4 0 28.05 15.25 2 29 14.65 2 28.75 14.5 2 28.4 14.5 2
4 0 28.05 15.25 2 28.4 14.5 2 28.15 14.65 2 28 15 2
4 0 30.85 17.9 2 30.8 17.6 2 29.9 18.15 2 30.75 18.1 2
4 0 30.45 18.3 2 30.75 18.1 2 29.9 18.15 2 30.1 18.3 2
4 0 8.15 29.7 2 7.228 29.3181 2 7.152 29.7 2 7.228 30.0819 2
4 0 8.15 29.7 2 7.228 30.0819 2 7.4443 30.4057 2 7.7681 30.622 2
4 0 8.15 29.7 2 7.7681 30.622 2 8.15 30.698 2 8.5319 30.622 2
4 0 8.15 29.7 2 8.5319 30.622 2 8.8557 30.4057 2 9.072 30.0819 2
4 0 8.15 29.7 2 9.072 30.0819 2 9.148 29.7 2 9.072 29.3181 2
4 0 8.15 29.7 2 9.072 29.3181 2 8.8557 28.9943 2 8.5319 28.778 2
4 0 8.15 29.7 2 8.5319 28.778 2 8.15 28.702 2 7.7681 28.778 2
4 0 8.15 29.7 2 7.7681 28.778 2 7.4443 28.9943 2 7.228 29.3181 2
4 16 10.75 26.2 2 10.4735 25.9235 2 10.359 26.2 2 10.4735 26.4765 2
4 16 10.75 26.2 2 10.4735 26.4765 2 10.75 26.591 2 11.0265 26.4765 2
4 16 10.75 26.2 2 11.0265 26.4765 2 11.141 26.2 2 11.0265 25.9235 2
4 16 10.75 26.2 2 11.0265 25.9235 2 10.75 25.809 2 10.4735 25.9235 2
3 0 9 28.4 2 8.5319 28.778 2 8.8557 28.9943 2
4 0 9 28.4 2 8.8557 28.9943 2 9.072 29.3181 2 9.7 29.4 2
3 0 9.7 29.4 2 9.072 29.3181 2 9.148 29.7 2
4 0 9.45 27.9 2 9 28.4 2 9.7 29.4 2 10.35 29.25 2
4 0 9.6 27.4 2 9.45 27.9 2 10.35 29.25 2 10.9 29.3 2
4 0 9.7 26.8 2 9.6 27.4 2 10.9 29.3 2 11.5 29.5 2
4 0 10.4735 26.4765 2 9.7 26.8 2 11.5 29.5 2 10.75 26.591 2
4 0 10.75 26.591 2 11.5 29.5 2 12.1 29.65 2 12.75 29.55 2
4 0 10.75 26.591 2 12.75 29.55 2 13.65 29.1 2 11.0265 26.4765 2
3 0 13.65 29.1 2 11.141 26.2 2 11.0265 26.4765 2
4 0 11.141 26.2 2 13.65 29.1 2 11.15 24.85 2 11.0265 25.9235 2
3 0 10.75 25.809 2 11.0265 25.9235 2 11.15 24.85 2
4 0 10.4735 25.9235 2 10.75 25.809 2 11.15 24.85 2 10.1 25.45 2
4 0 10.4735 25.9235 2 10.1 25.45 2 9.8 25.85 2 10.359 26.2 2
4 0 10.359 26.2 2 9.8 25.85 2 9.7 26.3 2 10.4735 26.4765 2
3 0 9.7 26.8 2 10.4735 26.4765 2 9.7 26.3 2
4 16 11.55 24.65 2 11.15 24.85 2 13.65 29.1 2 14 28.9 2
4 0 11.25 14.5 2 11 14.65 2 11.95 15.25 2 11.6 14.5 2
4 0 11.85 14.65 2 11.6 14.5 2 11.95 15.25 2 12 15 2
4 0 10.1 18.15 2 9.2 17.6 2 9.15 17.9 2 9.25 18.1 2
4 0 10.1 18.15 2 9.25 18.1 2 9.55 18.3 2 9.9 18.3 2
4 16 27.65 25.45 2 28 24.8 2 11.35 15.6 2 11.2 16.45 2
4 16 16.8 22.95 2 16.25 22.35 2 11.95 24.85 2 12.4 25.6 2
4 16 28.55 16.35 2 28.15 15.8 2 20.75 20 2 21.6 20.4 2
4 0 29 14.65 2 28.05 15.25 2 28.15 15.8 2 28.55 16.35 2
4 0 29.9 18.15 2 30.8 17.6 2 28.55 16.35 2 21.6 20.4 2
3 0 21.6 20.4 2 23.8 22 2 29.9 18.15 2
4 0 21.6 20.4 2 20.75 20 2 20 20.05 2 23.8 22 2
4 0 23.8 22 2 20 20.05 2 28 24.8 2 27.2794 23.9829 2
3 0 28 24.8 2 20 20.05 2 11.35 15.6 2
3 0 11.35 15.6 2 11.95 15.25 2 11 14.65 2
4 0 11.2 16.45 2 11.35 15.6 2 11 14.65 2 9.8659 16.5087 2
4 0 9.2 17.6 2 10.1 18.15 2 11.2 16.45 2 9.8659 16.5087 2
4 0 11.2 16.45 2 10.1 18.15 2 16.2 22 2 27.65 25.45 2
4 0 12.4 25.6 2 11.95 24.85 2 11.55 24.65 2 14 28.9 2
4 0 16.8 22.95 2 12.4 25.6 2 14 28.9 2 20 24.65 2
4 0 16.8 22.95 2 20 24.65 2 16.2 22 2 16.25 22.35 2
4 0 28.45 24.65 2 28 24.8 2 27.65 25.45 2 26 28.9 2
3 0 20 24.65 2 26 28.9 2 27.65 25.45 2
3 0 16.2 22 2 20 24.65 2 27.65 25.45 2
4 4 35.8 9.25 2 38.15 8.95 2 38 6.8 2 37.75 4.3 2
4 4 33.5 9.45 2 35.8 9.25 2 37.75 4.3 2 37.35 2.3 2
4 4 33.5 9.45 2 37.35 2.3 2 34.95 2.5 2 31.4 9.55 2
4 4 31.4 9.55 2 34.95 2.5 2 32.15 2.6 2 28.55 9.45 2
4 4 28.55 9.45 2 32.15 2.6 2 29.2 2.45 2 24.9 9.2 2
4 4 24.9 9.2 2 29.2 2.45 2 25.45 2.15 2 21.85 8.85 2
4 4 21.85 8.85 2 25.45 2.15 2 21.7 1.9 2 18.5 1.75 2
4 4 18.3 8.6 2 21.85 8.85 2 18.5 1.75 2 14.35 1.9 2
4 4 14.15 8.55 2 18.3 8.6 2 14.35 1.9 2 10.5 2.15 2
4 4 10.1 8.6 2 14.15 8.55 2 10.5 2.15 2 6.65 2.4 2
4 4 6.3 8.85 2 10.1 8.6 2 6.65 2.4 2 4.5 2.35 2
4 4 4 9.05 2 6.3 8.85 2 4.5 2.35 2 2.15 2.2 2
4 4 4 9.05 2 2.15 2.2 2 2.3 5.6 2 2.5 7.5 2
3 4 2.7 9.25 2 4 9.05 2 2.5 7.5 2
3 4 35.25 16.5 2 37.45 18.8 2 37.75 16.25 2
4 4 37.45 18.8 2 35.25 16.5 2 32.5 16.75 2 37.3 20.85 2
4 4 30.85 17.9 2 37.2 23.85 2 37.3 20.85 2 32.5 16.75 2
3 4 30.85 17.9 2 32.5 16.75 2 30.8 17.6 2
3 4 30.8 17.6 2 32.5 16.75 2 30.3554 16.8714 2
3 0 30.8 17.6 2 30.3554 16.8714 2 28.55 16.35 2
3 0 28.55 16.35 2 30.3554 16.8714 2 29 14.65 2
3 4 37.2 23.85 2 30.85 17.9 2 30.75 18.1 2
3 4 37.2 23.85 2 30.75 18.1 2 30.45 18.3 2
4 4 37.2 23.85 2 30.45 18.3 2 30.1 18.3 2 34.65 24 2
4 4 32.15 24.1 2 34.65 24 2 30.1 18.3 2 29.3 24.1 2
4 4 29.3 24.1 2 30.1 18.3 2 29.9 18.15 2 23.8 22 2
3 4 29.3 24.1 2 23.8 22 2 27.2794 23.9829 2
3 0 28 24.8 2 28.45 24.65 2 27.2794 23.9829 2
3 4 20 17.3 2 19.1 17.25 2 20 20.05 2
3 4 19.1 17.25 2 18.3 17.15 2 20 20.05 2
4 4 20 20.05 2 18.3 17.15 2 17.8 17 2 13.5124 16.1816 2
4 4 17.6 16.8 2 17.4 16.1 2 14.9 16.1 2 13.5124 16.1816 2
3 4 17.6 16.8 2 13.5124 16.1816 2 17.8 17 2
3 0 13.5124 16.1816 2 11.35 15.6 2 20 20.05 2
3 0 13.5124 16.1816 2 11.95 15.25 2 11.35 15.6 2
3 4 20.9 17.25 2 20 17.3 2 20 20.05 2
3 4 21.7 17.15 2 20.9 17.25 2 20 20.05 2
4 4 22.2 17 2 21.7 17.15 2 20 20.05 2 24.1 16.55 2
3 4 22.2 17 2 24.1 16.55 2 22.4 16.8 2
3 4 25.4993 16.7709 2 24.1 16.55 2 20 20.05 2
3 4 24.1 16.55 2 22.5318 16.3389 2 22.4 16.8 2
4 0 22.5318 16.3389 2 22.6 16.1 2 22 15.7 2 21.95 16.55 2
3 0 21.95 16.55 2 22.4 16.8 2 22.5318 16.3389 2
4 0 25.4993 16.7709 2 20 20.05 2 20.75 20 2 28.15 15.8 2
3 0 28.05 15.25 2 25.4993 16.7709 2 28.15 15.8 2
4 4 16.2 22 2 10.1 18.15 2 9.9 18.3 2 10.8 23.15 2
4 4 10.8 23.15 2 9.9 18.3 2 9.55 18.3 2 6.45 23.45 2
4 4 6.45 23.45 2 9.55 18.3 2 9.25 18.1 2 2.95 23.75 2
4 4 3.1 21.8 2 2.95 23.75 2 9.25 18.1 2 9.15 17.9 2
4 4 3.3 19.2 2 3.1 21.8 2 9.15 17.9 2 9.2 17.6 2
4 4 3.35 16.7 2 3.3 19.2 2 9.2 17.6 2 8.05 16.6 2
3 4 9.2 17.6 2 9.8659 16.5087 2 8.05 16.6 2
3 4 14.563 22.9329 2 16.2 22 2 10.8 23.15 2
4 0 16.25 22.35 2 16.2 22 2 14.563 22.9329 2 11.95 24.85 2
3 0 11.55 24.65 2 11.95 24.85 2 14.563 22.9329 2
4 4 37.9 32.6 2 37.6 30.85 2 35.95 31.1 2 38.05 34.6 2
4 4 38.05 34.6 2 35.95 31.1 2 33.8 31.3 2 38.15 36.45 2
4 4 38.15 36.45 2 33.8 31.3 2 31.25 31.4 2 38.15 37.95 2
4 4 35.95 38 2 38.15 37.95 2 31.25 31.4 2 29.15 31.3 2
4 4 33.65 38.15 2 35.95 38 2 29.15 31.3 2 30.95 38.1 2
4 4 28 37.85 2 30.95 38.1 2 29.15 31.3 2 26.45 31 2
4 4 24.85 37.55 2 28 37.85 2 26.45 31 2 23.3 30.7 2
4 4 22.6 37.3 2 24.85 37.55 2 23.3 30.7 2 20.65 30.5 2
4 4 19.95 37.05 2 22.6 37.3 2 20.65 30.5 2 17.85 30.5 2
4 4 16.55 36.9 2 19.95 37.05 2 17.85 30.5 2 14.3 30.65 2
4 4 13.55 37.05 2 16.55 36.9 2 14.3 30.65 2 11.2 30.85 2
4 4 10.8 37.45 2 13.55 37.05 2 11.2 30.85 2 8.35 37.65 2
3 4 8.35 37.65 2 11.2 30.85 2 8.05 31.2 2
4 4 8.35 37.65 2 8.05 31.2 2 5.35 31.4 2 5.35 37.85 2
4 4 5.35 37.85 2 5.35 31.4 2 2.3 31.5 2 2.25 33.25 2
4 4 5.35 37.85 2 2.25 33.25 2 2.4 35.1 2 2.7 36.6 2
3 4 5.35 37.85 2 2.7 36.6 2 2.9 38.05 2
3 16 40 0 2 37.35 2.3 2 37.75 4.3 2
3 16 40 0 2 37.75 4.3 2 38 6.8 2
4 16 40 0 2 38 6.8 2 38.15 8.95 2 40 20 2
4 16 40 20 2 37.75 16.25 2 37.45 18.8 2 37.3 20.85 2
4 16 40 20 2 37.3 20.85 2 37.2 23.85 2 37.6 30.85 2
4 16 37.75 16.25 2 40 20 2 38.15 8.95 2 35.8 9.25 2
3 16 37.6 30.85 2 37.9 32.6 2 40 20 2
4 16 40 20 2 37.9 32.6 2 38.05 34.6 2 40 40 2
3 16 38.05 34.6 2 38.15 36.45 2 40 40 2
3 16 38.15 36.45 2 38.15 37.95 2 40 40 2
4 16 40 40 2 38.15 37.95 2 35.95 38 2 33.65 38.15 2
4 16 40 40 2 33.65 38.15 2 30.95 38.1 2 20 40 2
4 16 22.6 37.3 2 19.95 37.05 2 20 40 2 24.85 37.55 2
3 16 24.85 37.55 2 20 40 2 28 37.85 2
3 16 28 37.85 2 20 40 2 30.95 38.1 2
4 16 20 40 2 19.95 37.05 2 16.55 36.9 2 13.55 37.05 2
3 16 20 40 2 13.55 37.05 2 10.8 37.45 2
4 16 20 40 2 10.8 37.45 2 8.35 37.65 2 0 40 2
4 16 0 40 2 8.35 37.65 2 5.35 37.85 2 2.9 38.05 2
4 16 0 40 2 2.9 38.05 2 2.7 36.6 2 2.4 35.1 2
3 16 2.4 35.1 2 2.25 33.25 2 0 40 2
4 16 0 40 2 2.25 33.25 2 2.3 31.5 2 0 20 2
4 16 0 20 2 2.3 31.5 2 2.95 23.75 2 3.1 21.8 2
4 16 0 20 2 3.1 21.8 2 3.3 19.2 2 3.35 16.7 2
4 16 0 20 2 3.35 16.7 2 2.7 9.25 2 2.5 7.5 2
4 16 0 0 2 0 20 2 2.5 7.5 2 2.3 5.6 2
3 16 0 0 2 2.3 5.6 2 2.15 2.2 2
4 16 0 0 2 2.15 2.2 2 4.5 2.35 2 6.65 2.4 2
3 16 10.5 2.15 2 0 0 2 6.65 2.4 2
4 16 0 0 2 10.5 2.15 2 14.35 1.9 2 20 0 2
3 16 14.35 1.9 2 18.5 1.75 2 20 0 2
3 16 18.5 1.75 2 21.7 1.9 2 20 0 2
4 16 20 0 2 21.7 1.9 2 25.45 2.15 2 40 0 2
4 16 34.95 2.5 2 37.35 2.3 2 40 0 2 32.15 2.6 2
4 16 29.2 2.45 2 32.15 2.6 2 40 0 2 25.45 2.15 2
4 16 35.95 31.1 2 37.6 30.85 2 37.2 23.85 2 34.65 24 2
4 16 33.8 31.3 2 35.95 31.1 2 34.65 24 2 32.848 29.7 2
3 16 32.848 29.7 2 34.65 24 2 32.772 29.3181 2
3 16 32.772 29.3181 2 34.65 24 2 32.5557 28.9943 2
3 16 32.5557 28.9943 2 34.65 24 2 32.2319 28.778 2
3 16 32.2319 28.778 2 34.65 24 2 31.85 28.702 2
4 16 31.4681 28.778 2 31.85 28.702 2 34.65 24 2 31 28.4 2
4 16 30.55 27.9 2 31 28.4 2 34.65 24 2 30.4 27.4 2
4 16 30.3 26.8 2 30.4 27.4 2 34.65 24 2 30.3 26.3 2
4 16 30.2 25.85 2 30.3 26.3 2 34.65 24 2 32.15 24.1 2
4 16 29.9 25.45 2 30.2 25.85 2 32.15 24.1 2 29.3 24.1 2
3 16 29.3 24.1 2 28.85 24.85 2 29.9 25.45 2
4 16 28.45 24.65 2 28.85 24.85 2 29.3 24.1 2 27.2794 23.9829 2
3 16 33.8 31.3 2 32.848 29.7 2 32.772 30.0819 2
3 16 33.8 31.3 2 32.772 30.0819 2 32.5557 30.4057 2
3 16 33.8 31.3 2 32.5557 30.4057 2 32.2319 30.622 2
4 16 33.8 31.3 2 32.2319 30.622 2 31.85 30.698 2 31.25 31.4 2
3 16 31.25 31.4 2 31.85 30.698 2 31.4681 30.622 2
4 16 31.25 31.4 2 31.4681 30.622 2 31.1443 30.4057 2 29.15 31.3 2
3 16 30.928 30.0819 2 29.15 31.3 2 31.1443 30.4057 2
4 16 29.15 31.3 2 30.928 30.0819 2 30.852 29.7 2 30.3 29.4 2
4 16 29.15 31.3 2 30.3 29.4 2 29.65 29.25 2 29.1 29.3 2
3 16 28.5 29.5 2 29.15 31.3 2 29.1 29.3 2
4 16 29.15 31.3 2 28.5 29.5 2 27.9 29.65 2 26.45 31 2
3 16 27.25 29.55 2 26.45 31 2 27.9 29.65 2
3 16 26.35 29.1 2 26.45 31 2 27.25 29.55 2
4 16 26.45 31 2 26.35 29.1 2 26 28.9 2 23.3 30.7 2
4 16 20.65 30.5 2 23.3 30.7 2 26 28.9 2 20 24.65 2
4 16 17.85 30.5 2 20.65 30.5 2 20 24.65 2 14 28.9 2
4 16 14.3 30.65 2 17.85 30.5 2 14 28.9 2 13.65 29.1 2
3 16 14.3 30.65 2 13.65 29.1 2 12.75 29.55 2
4 16 14.3 30.65 2 12.75 29.55 2 12.1 29.65 2 11.2 30.85 2
3 16 11.2 30.85 2 12.1 29.65 2 11.5 29.5 2
4 16 11.2 30.85 2 11.5 29.5 2 10.9 29.3 2 10.35 29.25 2
4 16 11.2 30.85 2 10.35 29.25 2 9.7 29.4 2 9.148 29.7 2
3 16 11.2 30.85 2 9.148 29.7 2 9.072 30.0819 2
3 16 11.2 30.85 2 9.072 30.0819 2 8.8557 30.4057 2
4 16 11.2 30.85 2 8.8557 30.4057 2 8.5319 30.622 2 8.05 31.2 2
3 16 8.15 30.698 2 8.05 31.2 2 8.5319 30.622 2
3 16 8.05 31.2 2 8.15 30.698 2 7.7681 30.622 2
4 16 8.05 31.2 2 7.7681 30.622 2 7.4443 30.4057 2 5.35 31.4 2
3 16 7.228 30.0819 2 5.35 31.4 2 7.4443 30.4057 2
4 16 5.35 31.4 2 7.228 30.0819 2 7.152 29.7 2 2.3 31.5 2
3 16 7.152 29.7 2 7.228 29.3181 2 2.3 31.5 2
4 16 2.3 31.5 2 7.228 29.3181 2 7.4443 28.9943 2 2.95 23.75 2
4 16 6.45 23.45 2 2.95 23.75 2 7.4443 28.9943 2 7.7681 28.778 2
3 16 6.45 23.45 2 7.7681 28.778 2 8.15 28.702 2
4 16 6.45 23.45 2 8.15 28.702 2 8.5319 28.778 2 9 28.4 2
4 16 6.45 23.45 2 9 28.4 2 9.45 27.9 2 9.6 27.4 2
4 16 6.45 23.45 2 9.6 27.4 2 9.7 26.8 2 9.7 26.3 2
3 16 6.45 23.45 2 9.7 26.3 2 9.8 25.85 2
4 16 6.45 23.45 2 9.8 25.85 2 10.1 25.45 2 10.8 23.15 2
3 16 11.15 24.85 2 10.8 23.15 2 10.1 25.45 2
4 16 10.8 23.15 2 11.15 24.85 2 11.55 24.65 2 14.563 22.9329 2
4 16 4 9.05 2 2.7 9.25 2 3.35 16.7 2 6.3 8.85 2
4 16 6.3 8.85 2 3.35 16.7 2 8.05 16.6 2 9.8659 16.5087 2
4 16 6.3 8.85 2 9.8659 16.5087 2 11 14.65 2 10.1 8.6 2
3 16 11 14.65 2 11.25 14.5 2 10.1 8.6 2
3 16 11.25 14.5 2 11.6 14.5 2 10.1 8.6 2
4 16 10.1 8.6 2 11.6 14.5 2 11.85 14.65 2 14.15 8.55 2
4 16 15.8 12.65 2 14.15 8.55 2 11.85 14.65 2 12 15 2
4 16 15.8 12.65 2 12 15 2 11.95 15.25 2 13.5124 16.1816 2
4 16 15.8 12.65 2 13.5124 16.1816 2 14.9 16.1 2 16.5 13.8 2
4 16 17 14.85 2 16.5 13.8 2 14.9 16.1 2 17.4 16.1 2
4 16 18.3 8.6 2 19.7 11.15 2 20 11.1 2 21.85 8.85 2
3 16 18.3 8.6 2 19.5 11.4 2 19.7 11.15 2
4 16 19.35 11.95 2 19.5 11.4 2 18.3 8.6 2 19 12.1 2
3 16 19 12.1 2 18.3 8.6 2 18.1 12.15 2
3 16 18.1 12.15 2 18.3 8.6 2 17.25 12.25 2
3 16 17.25 12.25 2 18.3 8.6 2 16.55 12.4 2
4 16 15.8 12.65 2 16.55 12.4 2 18.3 8.6 2 14.15 8.55 2
3 16 20 11.1 2 20.3 11.15 2 21.85 8.85 2
3 16 20.5 11.4 2 21.85 8.85 2 20.3 11.15 2
4 16 21.85 8.85 2 20.5 11.4 2 20.65 11.95 2 21 12.1 2
3 16 21 12.1 2 21.9 12.15 2 21.85 8.85 2
3 16 21.9 12.15 2 22.75 12.25 2 21.85 8.85 2
4 16 21.85 8.85 2 22.75 12.25 2 23.45 12.4 2 24.9 9.2 2
4 16 24.9 9.2 2 23.45 12.4 2 24.2 12.65 2 28.55 9.45 2
4 16 28.15 14.65 2 28.55 9.45 2 24.2 12.65 2 28 15 2
4 16 28 15 2 24.2 12.65 2 23.5 13.8 2 28.05 15.25 2
4 16 24.1 16.55 2 23 14.85 2 22.6 16.1 2 22.5318 16.3389 2
3 16 28.75 14.5 2 28.55 9.45 2 28.4 14.5 2
3 16 28.4 14.5 2 28.55 9.45 2 28.15 14.65 2
4 16 28.55 9.45 2 28.75 14.5 2 29 14.65 2 31.4 9.55 2
4 16 31.4 9.55 2 29 14.65 2 30.3554 16.8714 2 33.5 9.45 2
4 16 33.5 9.45 2 30.3554 16.8714 2 32.5 16.75 2 35.25 16.5 2
4 16 35.8 9.25 2 33.5 9.45 2 35.25 16.5 2 37.75 16.25 2
4 16 25.4993 16.7709 2 28.05 15.25 2 23.5 13.8 2 23 14.85 2
3 16 24.1 16.55 2 25.4993 16.7709 2 23 14.85 2
