0 ~Animal Horse Friends Blanket Half
0 Name: s\25279s01.dat
0 Author: Philippe Hurbain [Philo]
0 !LDRAW_ORG Subpart UPDATE 2024-04
0 !LICENSE Licensed under CC BY 4.0 : see CAreadme.txt

0 BFC CERTIFY CCW

0 !HISTORY 2020-12-12 {LEGO/Unity Microgame} Original part shape
0 !HISTORY 2020-12-13 [Philo] File preparation for LDraw Parts Tracker
0 !HISTORY 2024-05-28 [OrionP] Official Update 2024-04

4 16 18.279 -12.407 63.91 16.219 -12.407 62.766 14.968 -12.407 63.101 14.052 -12.407 64.016
4 16 17.47 -12.407 63.101 17.515 -20.86 63.022 16.219 -24.795 62.633 16.219 -12.407 62.766
4 16 16.219 -12.407 62.766 16.219 -24.795 62.633 14.892 -26.55 62.97 14.968 -12.407 63.101
4 16 14.968 -12.407 63.101 14.892 -26.55 62.97 13.923 -26.329 63.942 14.052 -12.407 64.016
4 16 14.052 -12.407 64.016 13.923 -26.329 63.942 13.602 -23.115 65.267 13.717 -12.407 65.267
3 16 17.515 -20.86 63.022 18.279 -12.407 63.91 19.238 -11.798 62.585
3 16 17.515 -20.86 63.022 19.238 -11.798 62.585 17.65 -23.319 60.503
3 16 17.515 -20.86 63.022 17.47 -12.407 63.101 18.279 -12.407 63.91
3 16 24.905 -3.688 57.106 24.534 -2.584 60.199 24.66 -11.555 62.225
3 16 24.905 -3.688 57.106 24.66 -11.555 62.225 24.976 -13.961 58.984
4 16 24.524 5.155 55.011 24.529 2.2855 57.605 24.8855 -0.1875 55.294 24.866 2.913 52.682
4 16 24.905 -3.688 57.106 24.8855 -0.1875 55.294 24.529 2.2855 57.605 24.534 -2.584 60.199
4 16 24.905 6.71 46.585 24.48 8.1135 50.943 24.524 5.155 55.011 24.866 2.913 52.682
3 16 24.436 10.672 46.075 24.48 8.1135 50.943 24.905 6.71 46.585
3 16 24.976 -13.961 58.984 24.067 -14.01 58.851 24.429 -3.725 56.987
3 16 24.976 -13.961 58.984 24.429 -3.725 56.987 24.905 -3.688 57.106
3 16 24.866 2.913 52.682 24.8855 -0.1875 55.294 24.584 2.69 52.554
3 16 24.584 2.69 52.554 24.8855 -0.1875 55.294 24.5065 -0.3175 55.1705
3 16 24.429 -3.725 56.987 24.5065 -0.3175 55.1705 24.905 -3.688 57.106
3 16 24.905 -3.688 57.106 24.5065 -0.3175 55.1705 24.8855 -0.1875 55.294
3 16 24.743 6.439 46.585 24.905 6.71 46.585 24.866 2.913 52.682
3 16 24.743 6.439 46.585 24.866 2.913 52.682 24.584 2.69 52.554
3 16 24.631 -16.323 62.584 23.998 -13.566 62.864 23.877 -16.262 63.041
3 16 24.976 -13.961 58.984 24.66 -11.555 62.225 24.631 -16.323 62.584
3 16 8.863 -39.118 62.325 9.159 -40.036 59.376 17.027 -33.85 59.356
3 16 8.863 -39.118 62.325 17.027 -33.85 59.356 16.525 -33.512 62.394
3 16 8.639 -38.006 62.882 8.863 -39.118 62.325 16.525 -33.512 62.394
3 16 8.639 -38.006 62.882 16.525 -33.512 62.394 15.497 -32.695 62.931
3 16 8.796 -17.682 72.268 0 -18.144 73.433 0 -17.925 72.703
3 16 8.796 -17.682 72.268 0 -17.925 72.703 8.739 -17.667 71.575
3 16 8.739 -17.667 71.575 19.271 -16.71 67.319 19.512 -16.671 67.598
3 16 8.739 -17.667 71.575 19.512 -16.671 67.598 8.796 -17.682 72.268
3 16 23.024 -16.339 63.123 23.877 -16.262 63.041 19.512 -16.671 67.598
3 16 23.024 -16.339 63.123 19.512 -16.671 67.598 19.271 -16.71 67.319
4 16 20.274 -25.282 62.997 23.024 -16.339 63.123 19.271 -16.71 67.319 17.045 -25.226 66.841
4 16 8.796 -17.682 72.268 8.712 -13.869 71.896 0 -14.227 73.044 0 -18.144 73.433
4 16 0 -36.748 -22.703 6.797 -35.831 -22.853 6.967 -35.864 -17.313 0 -36.82 -17.508
3 16 19.512 -16.671 67.598 19.085 -12.725 67.565 8.796 -17.682 72.268
3 16 8.712 -13.869 71.896 8.796 -17.682 72.268 19.085 -12.725 67.565
3 16 23.553 -12.444 62.968 19.085 -12.725 67.565 23.998 -13.566 62.864
4 16 24.429 -3.725 56.987 24.067 -14.01 58.851 24.024 -14.517 49.15 24.448 -4.618 48.69
3 16 20.761 -25.23 -17.171 15.227 -31.264 -17.26 19.328 -26.585 -28.534
3 16 13.11 -32.26 -23.915 19.328 -26.585 -28.534 15.227 -31.264 -17.26
3 16 20.954 11.411 45.806 24.436 10.672 46.075 24.552 13.057 35.588
3 16 20.954 11.411 45.806 24.552 13.057 35.588 21.333 13.452 35.45
3 16 20.8885 8.645 51.0945 20.823 5.479 55.583 24.48 8.1135 50.943
4 16 24.436 10.672 46.075 20.954 11.411 45.806 20.8885 8.645 51.0945 24.48 8.1135 50.943
3 16 24.524 5.155 55.011 24.48 8.1135 50.943 20.823 5.479 55.583
3 16 20.718 2.646 58.156 20.561 -2.589 60.838 24.534 -2.584 60.199
3 16 24.534 -2.584 60.199 24.529 2.2855 57.605 20.718 2.646 58.156
4 16 20.718 2.646 58.156 24.529 2.2855 57.605 24.524 5.155 55.011 20.823 5.479 55.583
3 16 20.389 -11.813 62.844 20.428 -11.741 59.643 19.238 -11.798 62.585
3 16 17.65 -23.319 60.503 19.238 -11.798 62.585 20.428 -11.741 59.643
3 16 18.279 -12.407 63.91 20.389 -11.813 62.844 19.238 -11.798 62.585
3 16 20.389 -11.813 62.844 18.279 -12.407 63.91 23.553 -12.444 62.968
3 16 19.085 -12.725 67.565 23.553 -12.444 62.968 18.279 -12.407 63.91
3 16 8.712 -13.869 71.896 19.085 -12.725 67.565 7.699 -12.592 68.282
3 16 24.66 -11.555 62.225 24.534 -2.584 60.199 20.561 -2.589 60.838
3 16 20.561 -2.589 60.838 20.389 -11.813 62.844 24.66 -11.555 62.225
3 16 23.553 -12.444 62.968 24.66 -11.555 62.225 20.389 -11.813 62.844
3 16 23.998 -13.566 62.864 24.631 -16.323 62.584 24.66 -11.555 62.225
3 16 23.998 -13.566 62.864 24.66 -11.555 62.225 23.553 -12.444 62.968
3 16 6.797 -35.831 -22.853 11.287 -30.331 -26.023 13.11 -32.26 -23.915
3 16 6.797 -35.831 -22.853 0 -36.748 -22.703 0 -34.038 -24.195
3 16 6.797 -35.831 -22.853 0 -34.038 -24.195 11.287 -30.331 -26.023
3 16 21.333 13.452 35.45 24.552 13.057 35.588 25.174 14.132 19.936
3 16 21.333 13.452 35.45 25.174 14.132 19.936 21.079 14.359 19.918
3 16 13.602 -23.115 65.267 13.958 -12.407 66.169 13.717 -12.407 65.267
4 16 13.958 -12.407 66.169 13.602 -23.115 65.267 7.913 -23.718 67.107 7.699 -12.592 68.282
3 16 13.923 -26.329 63.942 14.892 -26.55 62.97 11.75 -34.124 60.509
3 16 0 -12.838 69.349 0 -14.227 73.044 8.712 -13.869 71.896
3 16 0 -12.838 69.349 8.712 -13.869 71.896 7.699 -12.592 68.282
3 16 20.428 -11.741 59.643 20.389 -11.813 62.844 20.561 -2.589 60.838
4 16 20.428 -11.741 59.643 20.561 -2.589 60.838 20.718 2.646 58.156 20.892 -11.119 42.192
3 16 25.18 14.076 -21.115 25.218 13.718 -39.66 21.291 14.198 -39.524
3 16 25.18 14.076 -21.115 21.291 14.198 -39.524 21.117 14.438 -21.224
3 16 24.909 -2.614 -46.896 20.852 -2.614 -47.342 21.168 6.044 -46.549
3 16 24.909 -2.614 -46.896 21.168 6.044 -46.549 25.078 6.621 -45.942
3 16 21.127 12.257 -43.551 25.132 9.948 -44.8375 21.1475 9.5505 -45.5
3 16 25.186 12.475 -42.833 25.132 9.948 -44.8375 21.127 12.257 -43.551
3 16 25.078 6.621 -45.942 21.1475 9.5505 -45.5 25.132 9.948 -44.8375
3 16 21.168 6.044 -46.549 21.1475 9.5505 -45.5 25.078 6.621 -45.942
3 16 21.291 14.198 -39.524 25.218 13.718 -39.66 25.186 12.475 -42.833
3 16 21.291 14.198 -39.524 25.186 12.475 -42.833 21.127 12.257 -43.551
3 16 19.328 -26.585 -28.534 22.834 -18.96 -36.893 20.761 -25.23 -17.171
3 16 23.839 -15.612 -16.857 20.761 -25.23 -17.171 22.834 -18.96 -36.893
3 16 25.574 10.31 -39.272 25.553 8.882 -41.281 25.186 12.475 -42.833
3 16 25.574 10.31 -39.272 25.186 12.475 -42.833 25.218 13.718 -39.66
3 16 24.864 10.478 -20.975 25.183 9.879 -39.487 25.574 10.31 -39.272
3 16 24.864 10.478 -20.975 25.574 10.31 -39.272 25.615 10.587 -21.08
3 16 25.183 9.879 -39.487 24.982 8.632 -41.403 25.553 8.882 -41.281
3 16 25.183 9.879 -39.487 25.553 8.882 -41.281 25.574 10.31 -39.272
3 16 25.406 -0.937 -43.828 24.651 -1.107 -43.915 24.108 -2.612 -46.307
3 16 25.406 -0.937 -43.828 24.108 -2.612 -46.307 24.909 -2.614 -46.896
3 16 25.078 6.621 -45.942 25.532 5.975 -42.364 25.406 -0.937 -43.828
3 16 25.078 6.621 -45.942 25.406 -0.937 -43.828 24.909 -2.614 -46.896
3 16 25.406 -0.937 -43.828 25.532 5.975 -42.364 24.78 5.906 -42.393
3 16 25.406 -0.937 -43.828 24.78 5.906 -42.393 24.651 -1.107 -43.915
3 16 21.291 14.198 -39.524 21.127 12.257 -43.551 21.117 14.438 -21.224
3 16 21.168 6.044 -46.549 20.852 -2.614 -47.342 20.853 -2.614 -46.689
3 16 21.1475 9.5505 -45.5 21.168 6.044 -46.549 20.853 -2.614 -46.689
3 16 21.127 12.257 -43.551 21.1475 9.5505 -45.5 20.853 -2.614 -46.689
3 16 21.664 -25.778 62.426 24.631 -16.323 62.584 23.877 -16.262 63.041
3 16 21.664 -25.778 62.426 23.877 -16.262 63.041 23.024 -16.339 63.123
3 16 20.274 -25.282 62.997 21.664 -25.778 62.426 23.024 -16.339 63.123
3 16 24.631 -16.323 62.584 21.664 -25.778 62.426 22.242 -25.448 59.298
3 16 24.631 -16.323 62.584 22.242 -25.448 59.298 24.976 -13.961 58.984
3 16 16.407 -33.272 59.321 17.027 -33.85 59.356 9.159 -40.036 59.376
3 16 16.407 -33.272 59.321 9.159 -40.036 59.376 8.54 -39.211 59.256
4 16 0 -34.61 68.013 0 -40.046 62.86 8.639 -38.006 62.882 8.271 -33.406 67.407
4 16 0 -40.046 62.86 0 -41.132 62.33 8.863 -39.118 62.325 8.639 -38.006 62.882
3 16 0 -41.132 62.33 0 -42.176 59.498 9.159 -40.036 59.376
3 16 0 -41.132 62.33 9.159 -40.036 59.376 8.863 -39.118 62.325
3 16 0 -42.176 59.498 0 -41.221 59.21 8.54 -39.211 59.256
3 16 0 -42.176 59.498 8.54 -39.211 59.256 9.159 -40.036 59.376
3 16 0 -25.392 71.513 8.585 -25.521 70.457 8.739 -17.667 71.575
3 16 0 -25.392 71.513 8.739 -17.667 71.575 0 -17.925 72.703
3 16 17.045 -25.226 66.841 19.271 -16.71 67.319 8.739 -17.667 71.575
3 16 17.045 -25.226 66.841 8.739 -17.667 71.575 8.585 -25.521 70.457
3 16 8.271 -33.406 67.407 8.639 -38.006 62.882 13.857 -31.102 66.024
3 16 15.497 -32.695 62.931 13.857 -31.102 66.024 8.639 -38.006 62.882
3 16 24.552 13.057 35.588 25.047 9.49 35.54 25.384 10.587 20.093
3 16 24.552 13.057 35.588 25.384 10.587 20.093 25.174 14.132 19.936
3 16 25.047 9.49 35.54 24.868 9.226 35.537 25.159 10.298 20.242
3 16 25.047 9.49 35.54 25.159 10.298 20.242 25.384 10.587 20.093
3 16 24.452 -4.876 35.363 24.496 -5.271 9.416 25.159 10.298 20.242
3 16 24.452 -4.876 35.363 25.159 10.298 20.242 24.868 9.226 35.537
4 16 23.839 -15.612 -16.857 24.54 -5.667 -16.531 24.496 -5.271 9.416 23.907 -15.206 9.192
3 16 20.761 -25.23 -17.171 23.839 -15.612 -16.857 21.109 -25.029 8.982
3 16 15.691 -32.123 8.905 7.131 -37.923 8.866 15.227 -31.264 -17.26
3 16 6.967 -35.864 -17.313 15.227 -31.264 -17.26 7.131 -37.923 8.866
4 16 0 -36.82 -17.508 6.967 -35.864 -17.313 7.131 -37.923 8.866 0 -39.015 8.786
3 16 16.503 -33.339 49.323 8.745 -40.257 50.771 16.155 -32.983 35.07
3 16 7.295 -39.982 35.045 16.155 -32.983 35.07 8.745 -40.257 50.771
4 16 21.457 -24.828 35.134 23.974 -14.8 35.242 24.024 -14.517 49.15 21.487 -24.91 49.443
4 16 24.452 -4.876 35.363 24.448 -4.618 48.69 23.974 -14.8 35.242 23.907 -15.206 9.192
3 16 24.905 6.71 46.585 24.743 6.439 46.585 24.868 9.226 35.537
3 16 24.905 6.71 46.585 24.868 9.226 35.537 25.047 9.49 35.54
3 16 25.047 9.49 35.54 24.552 13.057 35.588 24.436 10.672 46.075
3 16 25.047 9.49 35.54 24.436 10.672 46.075 24.905 6.71 46.585
4 16 6.967 -35.864 -17.313 6.797 -35.831 -22.853 13.11 -32.26 -23.915 15.227 -31.264 -17.26
4 16 21.487 -24.91 49.443 24.024 -14.517 49.15 24.067 -14.01 58.851 21.435 -25.05 59.238
3 16 22.242 -25.448 59.298 21.435 -25.05 59.238 24.067 -14.01 58.851
3 16 22.242 -25.448 59.298 24.067 -14.01 58.851 24.976 -13.961 58.984
3 16 16.407 -33.272 59.321 8.54 -39.211 59.256 8.745 -40.257 50.771
3 16 16.407 -33.272 59.321 8.745 -40.257 50.771 16.503 -33.339 49.323
3 16 0 -42.515 50.719 8.745 -40.257 50.771 8.54 -39.211 59.256
4 16 24.452 -4.876 35.363 24.868 9.226 35.537 24.743 6.439 46.585 24.448 -4.618 48.69
3 16 24.448 -4.618 48.69 24.743 6.439 46.585 24.584 2.69 52.554
4 16 24.448 -4.618 48.69 24.584 2.69 52.554 24.5065 -0.3175 55.1705 24.429 -3.725 56.987
3 16 15.227 -31.264 -17.26 20.761 -25.23 -17.171 15.691 -32.123 8.905
3 16 21.487 -24.91 49.443 16.503 -33.339 49.323 21.457 -24.828 35.134
3 16 16.503 -33.339 49.323 21.487 -24.91 49.443 21.435 -25.05 59.238
3 16 16.503 -33.339 49.323 21.435 -25.05 59.238 16.407 -33.272 59.321
3 16 16.407 -33.272 59.321 21.435 -25.05 59.238 22.242 -25.448 59.298
3 16 16.407 -33.272 59.321 22.242 -25.448 59.298 17.027 -33.85 59.356
3 16 21.664 -25.778 62.426 16.525 -33.512 62.394 17.027 -33.85 59.356
3 16 21.664 -25.778 62.426 17.027 -33.85 59.356 22.242 -25.448 59.298
4 16 20.274 -25.282 62.997 15.497 -32.695 62.931 16.525 -33.512 62.394 21.664 -25.778 62.426
4 16 15.497 -32.695 62.931 20.274 -25.282 62.997 17.045 -25.226 66.841 13.857 -31.102 66.024
3 16 13.857 -31.102 66.024 17.045 -25.226 66.841 8.585 -25.521 70.457
3 16 13.857 -31.102 66.024 8.585 -25.521 70.457 8.271 -33.406 67.407
4 16 0 -25.392 71.513 0 -34.61 68.013 8.271 -33.406 67.407 8.585 -25.521 70.457
4 16 0 -34.344 64.947 0 -23.796 68.066 7.913 -23.718 67.107 8.04 -32.558 64.425
3 16 0 -23.796 68.066 0 -12.838 69.349 7.699 -12.592 68.282
3 16 0 -23.796 68.066 7.699 -12.592 68.282 7.913 -23.718 67.107
3 16 25.574 10.31 -39.272 25.218 13.718 -39.66 25.18 14.076 -21.115
3 16 25.574 10.31 -39.272 25.18 14.076 -21.115 25.615 10.587 -21.08
3 16 19.328 -26.585 -28.534 13.11 -32.26 -23.915 11.287 -30.331 -26.023
3 16 19.328 -26.585 -28.534 11.287 -30.331 -26.023 17.566 -23.816 -32.553
3 16 17.566 -23.816 -32.553 19.532 -18.87 -38.764 22.834 -18.96 -36.893
3 16 17.566 -23.816 -32.553 22.834 -18.96 -36.893 19.328 -26.585 -28.534
4 16 13.717 -12.407 65.267 13.958 -12.407 66.169 18.279 -12.407 63.91 14.052 -12.407 64.016
3 16 18.279 -12.407 63.91 17.47 -12.407 63.101 16.219 -12.407 62.766
3 16 24.04 -8.43 -44.834 20.662 -9.971 -45.185 20.853 -2.614 -46.689
3 16 24.04 -8.43 -44.834 20.853 -2.614 -46.689 24.108 -2.612 -46.307
3 16 19.532 -18.87 -38.764 20.662 -9.971 -45.185 24.04 -8.43 -44.834
3 16 19.532 -18.87 -38.764 24.04 -8.43 -44.834 22.834 -18.96 -36.893
4 16 20.892 -11.119 42.192 19.532 -18.87 20 18.05 -23.068 42.651 17.65 -23.319 60.503
3 16 24.04 -8.43 -44.834 24.108 -2.612 -46.307 24.651 -1.107 -43.915
4 16 24.04 -8.43 -44.834 24.651 -1.107 -43.915 24.54 -5.667 -16.531 23.839 -15.612 -16.857
3 16 22.834 -18.96 -36.893 24.04 -8.43 -44.834 23.839 -15.612 -16.857
4 16 24.108 -2.612 -46.307 20.853 -2.614 -46.689 20.852 -2.614 -47.342 24.909 -2.614 -46.896
4 16 20.662 -9.971 20 21.117 14.438 -21.224 21.127 12.257 -43.551 20.853 -2.614 -46.689
3 16 20.853 -2.614 -46.689 20.662 -9.971 -45.185 20.662 -9.971 20
3 16 11.75 -34.124 60.509 8.04 -32.558 64.425 13.923 -26.329 63.942
3 16 10.163 -33.705 34.888 18.05 -23.068 42.651 17.566 -23.816 20
3 16 10.163 -33.705 34.888 17.566 -23.816 20 11.287 -30.331 20
4 16 0 -37.023 34.712 10.163 -33.705 34.888 11.287 -30.331 20 0 -34.038 20
3 16 18.05 -23.068 42.651 10.163 -33.705 34.888 11.75 -34.124 60.509
3 16 0 -38.39 60.771 0 -34.344 64.947 8.04 -32.558 64.425
3 16 0 -38.39 60.771 8.04 -32.558 64.425 11.75 -34.124 60.509
3 16 17.65 -23.319 60.503 11.75 -34.124 60.509 14.892 -26.55 62.97
3 16 17.65 -23.319 60.503 14.892 -26.55 62.97 16.219 -24.795 62.633
3 16 17.65 -23.319 60.503 20.428 -11.741 59.643 20.892 -11.119 42.192
3 16 11.75 -34.124 60.509 17.65 -23.319 60.503 18.05 -23.068 42.651
4 16 20.823 5.479 55.583 21.333 13.452 35.45 20.892 -11.119 42.192 20.718 2.646 58.156
3 16 23.877 -16.262 63.041 23.998 -13.566 62.864 19.512 -16.671 67.598
4 16 0 -39.015 8.786 7.131 -37.923 8.866 7.295 -39.982 35.045 0 -41.21 35.08
3 16 7.131 -37.923 8.866 15.691 -32.123 8.905 7.295 -39.982 35.045
3 16 16.155 -32.983 35.07 7.295 -39.982 35.045 15.691 -32.123 8.905
3 16 21.457 -24.828 35.134 16.155 -32.983 35.07 21.109 -25.029 8.982
3 16 23.974 -14.8 35.242 21.457 -24.828 35.134 23.907 -15.206 9.192
3 16 24.54 -5.667 -16.531 24.864 10.478 -20.975 25.038 10.466 -3.633
3 16 24.54 -5.667 -16.531 25.038 10.466 -3.633 24.496 -5.271 9.416
3 16 24.496 -5.271 9.416 25.038 10.466 -3.633 25.159 10.298 20.242
3 16 24.982 8.632 -41.403 24.78 5.906 -42.393 25.532 5.975 -42.364
3 16 24.982 8.632 -41.403 25.532 5.975 -42.364 25.553 8.882 -41.281
3 16 25.132 9.948 -44.8375 25.186 12.475 -42.833 25.553 8.882 -41.281
4 16 25.532 5.975 -42.364 25.078 6.621 -45.942 25.132 9.948 -44.8375 25.553 8.882 -41.281
3 16 21.102 14.426 -12.5439 21.117 14.438 -21.224 20.662 -9.971 20
3 16 20.662 -9.971 20 21.087 14.414 -3.885 21.102 14.426 -12.5439
3 16 21.0819 14.379 11.258 21.087 14.414 -3.885 20.662 -9.971 20
3 16 20.662 -9.971 20 21.079 14.359 19.918 21.0819 14.379 11.258
4 16 21.333 13.452 35.45 21.079 14.359 19.918 20.662 -9.971 20 20.892 -11.119 42.192
3 16 20.8885 8.645 51.0945 20.954 11.411 45.806 21.333 13.452 35.45
3 16 20.823 5.479 55.583 20.8885 8.645 51.0945 21.333 13.452 35.45
3 16 17.65 -23.319 60.503 16.219 -24.795 62.633 17.515 -20.86 63.022
3 16 8.04 -32.558 64.425 13.602 -23.115 65.267 13.923 -26.329 63.942
3 16 18.279 -12.407 63.91 13.958 -12.407 66.169 19.085 -12.725 67.565
3 16 13.958 -12.407 66.169 7.699 -12.592 68.282 19.085 -12.725 67.565
4 16 24.54 -5.667 -16.531 24.651 -1.107 -43.915 24.78 5.906 -42.393 24.864 10.478 -20.975
3 16 24.864 10.478 -20.975 24.78 5.906 -42.393 24.982 8.632 -41.403
3 16 25.183 9.879 -39.487 24.864 10.478 -20.975 24.982 8.632 -41.403
3 16 0 -42.515 50.719 8.54 -39.211 59.256 0 -41.221 59.21
3 16 15.691 -32.123 8.905 21.109 -25.029 8.982 16.155 -32.983 35.07
3 16 21.109 -25.029 8.982 15.691 -32.123 8.905 20.761 -25.23 -17.171
3 16 16.155 -32.983 35.07 21.457 -24.828 35.134 16.503 -33.339 49.323
3 16 21.109 -25.029 8.982 23.907 -15.206 9.192 21.457 -24.828 35.134
3 16 23.907 -15.206 9.192 21.109 -25.029 8.982 23.839 -15.612 -16.857
3 16 23.907 -15.206 9.192 24.496 -5.271 9.416 24.452 -4.876 35.363
3 16 23.974 -14.8 35.242 24.448 -4.618 48.69 24.024 -14.517 49.15
3 16 19.085 -12.725 67.565 19.512 -16.671 67.598 23.998 -13.566 62.864
3 16 20.662 -9.971 20 19.532 -18.87 20 20.892 -11.119 42.192
3 16 19.532 -18.87 20 17.566 -23.816 20 18.05 -23.068 42.651
3 16 8.04 -32.558 64.425 7.913 -23.718 67.107 13.602 -23.115 65.267
3 16 21.102 14.426 -12.5439 21.087 14.414 -3.885 21.159 15.984 -4.262
3 16 21.102 14.426 -12.5439 21.159 15.984 -4.262 21.084 15.856 -12.294
3 16 21.159 15.984 -4.262 21.087 14.414 -3.885 24.969 14.248 -3.938
3 16 21.159 15.984 -4.262 24.969 14.248 -3.938 26.588 15.803 -4.299
3 16 26.588 15.803 -4.299 24.969 14.248 -3.938 28.105 13.961 -4.185
3 16 28.105 13.961 -4.185 24.969 14.248 -3.938 25.618 10.499 -3.906
3 16 28.105 13.961 -4.185 25.618 10.499 -3.906 28.529 9.931 -4.249
4 16 26.263 0.843 -9.975 26.22 0.483 -8.05 24.8 -0.039 -8.231 24.749 0.359 -10.553
3 16 24.749 0.359 -10.553 24.7676 2.3765 -12.1557 26.519 2.604 -11.359
3 16 24.749 0.359 -10.553 26.519 2.604 -11.359 26.263 0.843 -9.975
4 16 28.548 9.686 -12.194 28.529 9.931 -4.249 27.044 4.943 -4.603 27.125 4.962 -11.827
3 16 27.125 4.962 -11.827 24.7676 2.3765 -12.1557 25.615 10.499 -12.594
3 16 24.7676 2.3765 -12.1557 27.125 4.962 -11.827 26.519 2.604 -11.359
3 16 21.159 15.984 -4.262 26.588 15.803 -4.299 26.296 15.813 -12.349
3 16 21.159 15.984 -4.262 26.296 15.813 -12.349 21.084 15.856 -12.294
3 16 26.588 15.803 -4.299 28.105 13.961 -4.185 28.121 14.144 -12.212
3 16 26.588 15.803 -4.299 28.121 14.144 -12.212 26.296 15.813 -12.349
4 16 21.084 15.856 -12.294 26.296 15.813 -12.349 25.125 14.167 -12.598 21.102 14.426 -12.5439
3 16 25.125 14.167 -12.598 26.296 15.813 -12.349 28.121 14.144 -12.212
3 16 26.263 0.843 -9.975 26.519 2.604 -11.359 26.373 2.619 -4.976
3 16 26.22 0.483 -8.05 26.263 0.843 -9.975 26.158 1 -6.077
3 16 26.373 2.619 -4.976 26.158 1 -6.077 26.263 0.843 -9.975
3 16 24.792 0.62 -5.902 24.8 -0.039 -8.231 26.22 0.483 -8.05
3 16 24.792 0.62 -5.902 26.22 0.483 -8.05 26.158 1 -6.077
4 16 28.121 14.144 -12.212 28.105 13.961 -4.185 28.529 9.931 -4.249 28.548 9.686 -12.194
4 16 28.121 14.144 -12.212 28.548 9.686 -12.194 25.615 10.499 -12.594 25.125 14.167 -12.598
3 16 25.038 10.466 -3.633 24.8 2.583 -4.501 25.618 10.499 -3.906
3 16 27.044 4.943 -4.603 24.8 2.583 -4.501 26.373 2.619 -4.976
3 16 24.981 10.499 -12.945 25.615 10.499 -12.594 24.7676 2.3765 -12.1557
3 16 28.548 9.686 -12.194 27.125 4.962 -11.827 25.615 10.499 -12.594
4 16 24.8 2.583 -4.501 24.792 0.62 -5.902 26.158 1 -6.077 26.373 2.619 -4.976
3 16 27.044 4.943 -4.603 26.373 2.619 -4.976 26.519 2.604 -11.359
3 16 27.044 4.943 -4.603 26.519 2.604 -11.359 27.125 4.962 -11.827
3 16 27.044 4.943 -4.603 25.618 10.499 -3.906 24.8 2.583 -4.501
3 16 28.529 9.931 -4.249 25.618 10.499 -3.906 27.044 4.943 -4.603
3 16 21.079 14.359 19.918 21.084 15.856 19.668 21.159 15.984 11.635
3 16 21.079 14.359 19.918 21.159 15.984 11.635 21.0819 14.379 11.258
3 16 28.105 13.961 11.559 25.185 14.191 11.308 26.588 15.803 11.673
3 16 25.185 14.191 11.308 21.0819 14.379 11.258 21.159 15.984 11.635
3 16 25.185 14.191 11.308 21.159 15.984 11.635 26.588 15.803 11.673
4 16 26.263 0.843 17.349 24.749 0.359 17.926 24.8 -0.039 15.605 26.22 0.483 15.424
3 16 26.519 2.604 18.733 24.8102 2.3731 19.5293 24.749 0.359 17.926
3 16 26.519 2.604 18.733 24.749 0.359 17.926 26.263 0.843 17.349
3 16 25.159 10.298 20.242 24.8102 2.3731 19.5293 25.409 10.571 20.093
3 16 27.125 4.962 19.2 24.8102 2.3731 19.5293 26.519 2.604 18.733
3 16 26.588 15.803 11.673 26.296 15.813 19.723 28.121 14.144 19.586
3 16 26.588 15.803 11.673 28.121 14.144 19.586 28.105 13.961 11.559
3 16 26.296 15.813 19.723 26.588 15.803 11.673 21.159 15.984 11.635
3 16 26.296 15.813 19.723 21.159 15.984 11.635 21.084 15.856 19.668
4 16 25.192 14.136 19.971 26.296 15.813 19.723 21.084 15.856 19.668 21.079 14.359 19.918
3 16 28.121 14.144 19.586 26.296 15.813 19.723 25.192 14.136 19.971
4 16 27.044 4.943 11.976 28.529 9.931 11.622 28.548 9.686 19.567 27.125 4.962 19.2
3 16 24.792 0.62 13.276 26.158 1 13.451 26.22 0.483 15.424
3 16 24.792 0.62 13.276 26.22 0.483 15.424 24.8 -0.039 15.605
3 16 26.373 2.619 12.35 26.519 2.604 18.733 26.263 0.843 17.349
3 16 26.373 2.619 12.35 26.263 0.843 17.349 26.158 1 13.451
3 16 26.22 0.483 15.424 26.158 1 13.451 26.263 0.843 17.349
4 16 28.529 9.931 11.622 28.105 13.961 11.559 28.121 14.144 19.586 28.548 9.686 19.567
3 16 25.409 10.571 20.093 28.548 9.686 19.567 28.121 14.144 19.586
3 16 25.409 10.571 20.093 28.121 14.144 19.586 25.192 14.136 19.971
3 16 28.105 13.961 11.559 28.529 9.931 11.622 25.494 10.499 11.28
3 16 28.105 13.961 11.559 25.494 10.499 11.28 25.185 14.191 11.308
3 16 27.044 4.943 11.976 24.8 2.583 11.875 25.494 10.499 11.28
3 16 24.8 2.583 11.875 27.044 4.943 11.976 26.373 2.619 12.35
4 16 24.8 2.583 11.875 26.373 2.619 12.35 26.158 1 13.451 24.792 0.62 13.276
3 16 25.125 10.373 11.007 25.494 10.499 11.28 24.8 2.583 11.875
3 16 28.529 9.931 11.622 27.044 4.943 11.976 25.494 10.499 11.28
3 16 27.044 4.943 11.976 27.125 4.962 19.2 26.519 2.604 18.733
3 16 27.044 4.943 11.976 26.519 2.604 18.733 26.373 2.619 12.35
3 16 27.125 4.962 19.2 25.409 10.571 20.093 24.8102 2.3731 19.5293
3 16 28.548 9.686 19.567 25.409 10.571 20.093 27.125 4.962 19.2
2 24 14.968 -12.407 63.101 16.219 -12.407 62.766
2 24 16.219 -24.795 62.633 17.515 -20.86 63.022
2 24 14.892 -26.55 62.97 16.219 -24.795 62.633
2 24 13.923 -26.329 63.942 14.892 -26.55 62.97
2 24 14.968 -12.407 63.101 14.052 -12.407 64.016
2 24 13.602 -23.115 65.267 13.923 -26.329 63.942
2 24 14.052 -12.407 64.016 13.717 -12.407 65.267
2 24 18.279 -12.407 63.91 17.515 -20.86 63.022
2 24 19.238 -11.798 62.585 18.279 -12.407 63.91
2 24 18.279 -12.407 63.91 17.47 -12.407 63.101
2 24 24.864 10.478 -20.975 25.038 10.466 -3.633
2 24 25.038 10.466 -3.633 25.618 10.499 -3.906
2 24 25.618 10.499 -3.906 24.969 14.248 -3.938
2 24 25.384 10.587 20.093 25.174 14.132 19.936
2 24 24.66 -11.555 62.225 24.534 -2.584 60.199
2 24 24.905 -3.688 57.106 24.976 -13.961 58.984
2 24 24.8855 -0.1875 55.294 24.905 -3.688 57.106
2 24 24.866 2.913 52.682 24.8855 -0.1875 55.294
2 24 24.529 2.2855 57.605 24.524 5.155 55.011
2 24 24.534 -2.584 60.199 24.529 2.2855 57.605
2 24 24.48 8.1135 50.943 24.436 10.672 46.075
2 24 24.524 5.155 55.011 24.48 8.1135 50.943
2 24 24.905 6.71 46.585 24.866 2.913 52.682
2 24 24.429 -3.725 56.987 24.067 -14.01 58.851
2 24 24.5065 -0.3175 55.1705 24.429 -3.725 56.987
2 24 24.584 2.69 52.554 24.5065 -0.3175 55.1705
2 24 24.743 6.439 46.585 24.584 2.69 52.554
2 24 23.877 -16.262 63.041 23.998 -13.566 62.864
2 24 24.631 -16.323 62.584 24.66 -11.555 62.225
2 24 17.027 -33.85 59.356 9.159 -40.036 59.376
2 24 8.863 -39.118 62.325 16.525 -33.512 62.394
2 24 8.639 -38.006 62.882 15.497 -32.695 62.931
2 24 0 -18.144 73.433 8.796 -17.682 72.268
2 24 8.739 -17.667 71.575 0 -17.925 72.703
2 24 19.271 -16.71 67.319 8.739 -17.667 71.575
2 24 8.796 -17.682 72.268 19.512 -16.671 67.598
2 24 23.877 -16.262 63.041 23.024 -16.339 63.123
2 24 19.512 -16.671 67.598 23.877 -16.262 63.041
2 24 23.024 -16.339 63.123 19.271 -16.71 67.319
2 24 23.024 -16.339 63.123 20.274 -25.282 62.997
2 24 0 -14.227 73.044 8.712 -13.869 71.896
2 24 6.797 -35.831 -22.853 0 -36.748 -22.703
2 24 8.712 -13.869 71.896 19.085 -12.725 67.565
2 24 19.085 -12.725 67.565 23.553 -12.444 62.968
2 24 23.553 -12.444 62.968 23.998 -13.566 62.864
2 24 19.328 -26.585 -28.534 13.11 -32.26 -23.915
2 24 24.552 13.057 35.588 24.436 10.672 46.075
2 24 20.954 11.411 45.806 21.333 13.452 35.45
2 24 20.8885 8.645 51.0945 20.954 11.411 45.806
2 24 20.823 5.479 55.583 20.8885 8.645 51.0945
2 24 20.561 -2.589 60.838 20.718 2.646 58.156
2 24 20.718 2.646 58.156 20.823 5.479 55.583
2 24 20.428 -11.741 59.643 20.389 -11.813 62.844
2 24 19.238 -11.798 62.585 20.428 -11.741 59.643
2 24 20.389 -11.813 62.844 23.553 -12.444 62.968
2 24 7.699 -12.592 68.282 13.958 -12.407 66.169
2 24 20.389 -11.813 62.844 20.561 -2.589 60.838
2 24 6.797 -35.831 -22.853 13.11 -32.26 -23.915
2 24 11.287 -30.331 -26.023 0 -34.038 -24.195
2 24 25.174 14.132 19.936 24.552 13.057 35.588
2 24 21.333 13.452 35.45 21.079 14.359 19.918
2 24 21.079 14.359 19.918 25.174 14.132 19.936
2 24 13.958 -12.407 66.169 13.602 -23.115 65.267
2 24 13.717 -12.407 65.267 13.958 -12.407 66.169
2 24 0 -12.838 69.349 7.699 -12.592 68.282
2 24 25.218 13.718 -39.66 25.18 14.076 -21.115
2 24 21.117 14.438 -21.224 21.291 14.198 -39.524
2 24 20.852 -2.614 -47.342 24.909 -2.614 -46.896
2 24 21.168 6.044 -46.549 20.852 -2.614 -47.342
2 24 24.909 -2.614 -46.896 25.078 6.621 -45.942
2 24 25.132 9.948 -44.8375 25.186 12.475 -42.833
2 24 25.078 6.621 -45.942 25.132 9.948 -44.8375
2 24 21.1475 9.5505 -45.5 21.168 6.044 -46.549
2 24 21.127 12.257 -43.551 21.1475 9.5505 -45.5
2 24 25.186 12.475 -42.833 25.218 13.718 -39.66
2 24 21.291 14.198 -39.524 21.127 12.257 -43.551
2 24 22.834 -18.96 -36.893 19.328 -26.585 -28.534
2 24 25.553 8.882 -41.281 25.574 10.31 -39.272
2 24 25.183 9.879 -39.487 24.864 10.478 -20.975
2 24 25.615 10.587 -21.08 25.574 10.31 -39.272
2 24 24.982 8.632 -41.403 25.183 9.879 -39.487
2 24 24.651 -1.107 -43.915 25.406 -0.937 -43.828
2 24 24.108 -2.612 -46.307 24.651 -1.107 -43.915
2 24 25.406 -0.937 -43.828 24.909 -2.614 -46.896
2 24 25.406 -0.937 -43.828 25.532 5.975 -42.364
2 24 24.651 -1.107 -43.915 24.78 5.906 -42.393
2 24 20.853 -2.614 -46.689 20.852 -2.614 -47.342
2 24 24.631 -16.323 62.584 21.664 -25.778 62.426
2 24 24.976 -13.961 58.984 22.242 -25.448 59.298
2 24 16.407 -33.272 59.321 8.54 -39.211 59.256
2 24 8.639 -38.006 62.882 0 -40.046 62.86
2 24 8.863 -39.118 62.325 0 -41.132 62.33
2 24 9.159 -40.036 59.376 0 -42.176 59.498
2 24 8.54 -39.211 59.256 0 -41.221 59.21
2 24 25.384 10.587 20.093 25.047 9.49 35.54
2 24 25.159 10.298 20.242 24.868 9.226 35.537
2 24 25.384 10.587 20.093 25.159 10.298 20.242
2 24 24.868 9.226 35.537 24.743 6.439 46.585
2 24 24.905 6.71 46.585 25.047 9.49 35.54
2 24 21.435 -25.05 59.238 24.067 -14.01 58.851
2 24 16.407 -33.272 59.321 21.435 -25.05 59.238
2 24 17.027 -33.85 59.356 22.242 -25.448 59.298
2 24 16.525 -33.512 62.394 21.664 -25.778 62.426
2 24 15.497 -32.695 62.931 20.274 -25.282 62.997
2 24 17.566 -23.816 -32.553 11.287 -30.331 -26.023
2 24 19.532 -18.87 -38.764 17.566 -23.816 -32.553
2 24 16.219 -12.407 62.766 17.47 -12.407 63.101
2 24 20.853 -2.614 -46.689 20.662 -9.971 -45.185
2 24 24.04 -8.43 -44.834 24.108 -2.612 -46.307
2 24 24.108 -2.612 -46.307 20.853 -2.614 -46.689
2 24 20.662 -9.971 -45.185 19.532 -18.87 -38.764
2 24 22.834 -18.96 -36.893 24.04 -8.43 -44.834
2 24 25.038 10.466 -3.633 25.159 10.298 20.242
2 24 21.087 14.414 -3.885 24.969 14.248 -3.938
2 24 24.78 5.906 -42.393 24.982 8.632 -41.403
2 24 25.553 8.882 -41.281 25.532 5.975 -42.364
2 24 21.159 15.984 -4.262 21.087 14.414 -3.885
2 24 21.102 14.426 -12.5439 21.084 15.856 -12.294
2 24 21.084 15.856 -12.294 21.159 15.984 -4.262
2 24 21.159 15.984 -4.262 26.588 15.803 -4.299
2 24 26.588 15.803 -4.299 28.105 13.961 -4.185
2 24 28.105 13.961 -4.185 28.529 9.931 -4.249
2 24 26.22 0.483 -8.05 26.263 0.843 -9.975
2 24 24.749 0.359 -10.553 24.8 -0.039 -8.231
2 24 24.7676 2.3765 -12.1557 24.749 0.359 -10.553
2 24 26.263 0.843 -9.975 26.519 2.604 -11.359
2 24 27.044 4.943 -4.603 28.529 9.931 -4.249
2 24 28.548 9.686 -12.194 27.125 4.962 -11.827
2 24 24.981 10.499 -12.945 24.7676 2.3765 -12.1557
2 24 26.519 2.604 -11.359 27.125 4.962 -11.827
2 24 26.296 15.813 -12.349 26.588 15.803 -4.299
2 24 21.084 15.856 -12.294 26.296 15.813 -12.349
2 24 26.296 15.813 -12.349 28.121 14.144 -12.212
2 24 21.102 14.426 -12.5439 25.125 14.167 -12.598
2 24 26.22 0.483 -8.05 26.158 1 -6.077
2 24 26.158 1 -6.077 26.373 2.619 -4.976
2 24 24.8 -0.039 -8.231 24.792 0.62 -5.902
2 24 28.121 14.144 -12.212 28.548 9.686 -12.194
2 24 25.125 14.167 -12.598 25.615 10.499 -12.594
2 24 24.8 2.583 -4.501 25.038 10.466 -3.633
2 24 27.044 4.943 -4.603 26.373 2.619 -4.976
2 24 25.615 10.499 -12.594 24.981 10.499 -12.945
2 24 24.792 0.62 -5.902 24.8 2.583 -4.501
2 24 21.084 15.856 19.668 21.079 14.359 19.918
2 24 21.159 15.984 11.635 21.084 15.856 19.668
2 24 21.0819 14.379 11.258 21.159 15.984 11.635
2 24 28.105 13.961 11.559 26.588 15.803 11.673
2 24 21.0819 14.379 11.258 25.185 14.191 11.308
2 24 26.588 15.803 11.673 21.159 15.984 11.635
2 24 24.8 -0.039 15.605 24.749 0.359 17.926
2 24 26.263 0.843 17.349 26.22 0.483 15.424
2 24 24.749 0.359 17.926 24.8102 2.3731 19.5293
2 24 26.519 2.604 18.733 26.263 0.843 17.349
2 24 24.8102 2.3731 19.5293 25.159 10.298 20.242
2 24 27.125 4.962 19.2 26.519 2.604 18.733
2 24 26.296 15.813 19.723 26.588 15.803 11.673
2 24 28.121 14.144 19.586 26.296 15.813 19.723
2 24 26.296 15.813 19.723 21.084 15.856 19.668
2 24 25.192 14.136 19.971 21.079 14.359 19.918
2 24 28.529 9.931 11.622 27.044 4.943 11.976
2 24 27.125 4.962 19.2 28.548 9.686 19.567
2 24 26.22 0.483 15.424 26.158 1 13.451
2 24 24.792 0.62 13.276 24.8 -0.039 15.605
2 24 26.373 2.619 12.35 26.158 1 13.451
2 24 28.105 13.961 11.559 28.529 9.931 11.622
2 24 28.548 9.686 19.567 28.121 14.144 19.586
2 24 25.409 10.571 20.093 25.192 14.136 19.971
2 24 25.185 14.191 11.308 25.494 10.499 11.28
2 24 25.125 10.373 11.007 24.8 2.583 11.875
2 24 26.373 2.619 12.35 27.044 4.943 11.976
2 24 24.8 2.583 11.875 24.792 0.62 13.276
2 24 25.494 10.499 11.28 25.125 10.373 11.007
2 24 25.159 10.298 20.242 25.409 10.571 20.093
2 24 11.287 -30.331 20 0 -34.038 20
2 24 17.566 -23.816 20 11.287 -30.331 20
2 24 19.532 -18.87 20 17.566 -23.816 20
2 24 20.662 -9.971 20 19.532 -18.87 20
4 16 19.532 -18.87 20 20.662 -9.971 20 20.662 -9.971 -45.185 19.532 -18.87 -38.764
4 16 19.532 -18.87 -38.764 17.566 -23.816 -32.553 17.566 -23.816 20 19.532 -18.87 20
4 16 11.287 -30.331 20 17.566 -23.816 20 17.566 -23.816 -32.553 11.287 -30.331 -26.023
4 16 0 -34.038 20 11.287 -30.331 20 11.287 -30.331 -26.023 0 -34.038 -24.195
2 24 20.662 -9.971 20 20.662 0 20
4 16 17.566 -23.816 20 19.532 -18.87 20 20.662 -9.971 20 20.662 0 20
4 16 11.287 -30.331 20 17.566 -23.816 20 20.662 0 20 0 -34.038 20
2 24 20.662 0 20 20.662 0 17
2 24 20.662 0 -20 20.662 0 -17
1 16 0 -34.038 0 0 0 6 0 1 1.9706 -6 0 0 2-4edge.dat
1 16 0 -34.038 0 0 0 8 0 1 2.6274 -8 0 0 2-4edge.dat
0 BFC INVERTNEXT
1 16 0 -42 44 0 0 2 0 5 0 2 0 0 2-4cylo.dat
3 16 0 -42 42 0 -41.21 35.08 0.7654 -42 42.1522
3 16 0.7654 -42 42.1522 0 -41.21 35.08 1.4142 -42 42.5858
3 16 7.295 -39.982 35.045 1.4142 -42 42.5858 0 -41.21 35.08
3 16 1.4142 -42 42.5858 7.295 -39.982 35.045 1.8478 -42 43.2346
3 16 1.8478 -42 43.2346 7.295 -39.982 35.045 2 -42 44
3 16 2 -42 44 7.295 -39.982 35.045 8.745 -40.257 50.771
3 16 2 -42 44 8.745 -40.257 50.771 1.8478 -42 44.7654
3 16 0 -42.515 50.719 1.4142 -42 45.4142 8.745 -40.257 50.771
3 16 0.7654 -42 45.8478 1.4142 -42 45.4142 0 -42.515 50.719
3 16 1.8478 -42 44.7654 8.745 -40.257 50.771 1.4142 -42 45.4142
3 16 0.7654 -42 45.8478 0 -42.515 50.719 0 -42 46
1 16 0 -37 44 0 0 1 0 -1 0 -1 0 0 2-4ring2.dat
1 16 0 -37 44 0 0 3 0 -1 0 -3 0 0 2-4edge.dat
1 16 0 -38.5 44 0 0 1 0 1.5 0 -1 0 0 2-4con3.dat
1 16 0 -38.5 44 0 0 4 0 -1 0 -4 0 0 2-4edge.dat
3 16 0 -38.5 40 1.5308 -38.5 40.3044 0 -37.023 34.712
3 16 0 -37.023 34.712 1.5308 -38.5 40.3044 2.8284 -38.5 41.1716
3 16 0 -37.023 34.712 2.8284 -38.5 41.1716 10.163 -33.705 34.888
3 16 10.163 -33.705 34.888 2.8284 -38.5 41.1716 3.6956 -38.5 42.4692
3 16 10.163 -33.705 34.888 3.6956 -38.5 42.4692 4 -38.5 44
3 16 10.163 -33.705 34.888 4 -38.5 44 11.75 -34.124 60.509
3 16 3.6956 -38.5 45.5308 11.75 -34.124 60.509 4 -38.5 44
3 16 11.75 -34.124 60.509 3.6956 -38.5 45.5308 0 -38.39 60.771
3 16 2.8284 -38.5 46.8284 0 -38.39 60.771 3.6956 -38.5 45.5308
3 16 0 -38.39 60.771 2.8284 -38.5 46.8284 1.5308 -38.5 47.6956
3 16 0 -38.39 60.771 1.5308 -38.5 47.6956 0 -38.5 48
2 24 11.287 -30.331 17 0 -34.038 17
2 24 17.566 -23.816 17 11.287 -30.331 17
2 24 19.532 -18.87 17 17.566 -23.816 17
2 24 20.662 -9.971 17 19.532 -18.87 17
2 24 20.662 -9.971 17 20.662 0 17
4 16 20.662 -9.971 17 19.532 -18.87 17 17.566 -23.816 17 20.662 0 17
4 16 20.662 0 17 17.566 -23.816 17 11.287 -30.331 17 0 -34.038 17
2 24 11.287 -30.331 -20 0 -34.038 -20
2 24 17.566 -23.816 -20 11.287 -30.331 -20
2 24 19.532 -18.87 -20 17.566 -23.816 -20
2 24 20.662 -9.971 -20 19.532 -18.87 -20
2 24 20.662 -9.971 -20 20.662 0 -20
4 16 20.662 -9.971 -20 19.532 -18.87 -20 17.566 -23.816 -20 20.662 0 -20
4 16 20.662 0 -20 17.566 -23.816 -20 11.287 -30.331 -20 0 -34.038 -20
2 24 11.287 -30.331 -17 0 -34.038 -17
2 24 17.566 -23.816 -17 11.287 -30.331 -17
2 24 19.532 -18.87 -17 17.566 -23.816 -17
2 24 20.662 -9.971 -17 19.532 -18.87 -17
2 24 20.662 -9.971 -17 20.662 0 -17
4 16 17.566 -23.816 -17 19.532 -18.87 -17 20.662 -9.971 -17 20.662 0 -17
4 16 11.287 -30.331 -17 17.566 -23.816 -17 20.662 0 -17 0 -34.038 -17
1 16 10 -15.8 -17 -1 0 0 0 0 15.3 0 1 0 box4-4a.dat
2 24 11 -30.4253 -16 11 -30.4253 -17
2 24 11 -30.4253 -16 9 -31.0821 -16
2 24 9 -31.0821 -16 9 -31.0821 -17
1 16 10 -15.8 17 -1 0 0 0 0 15.3 0 -1 0 box4-4a.dat
2 24 11 -30.4253 16 11 -30.4253 17
2 24 11 -30.4253 16 9 -31.0821 16
2 24 9 -31.0821 16 9 -31.0821 17
2 24 5.5434 -32.2174 2.2962 6 -32.0674 0
2 24 8 -31.4106 0 7.3912 -31.6105 3.0616
2 24 20.8 -0.5 8.5 20.662 -9.971 8.5
2 24 19.532 -18.87 8.5 20.662 -9.971 8.5
2 24 17.566 -23.816 8.5 19.532 -18.87 8.5
2 24 17.566 -23.816 8.5 16 -25.4409 8.5
4 16 20.8 -0.5 8.5 20.662 -9.971 8.5 19.532 -18.87 8.5 16 -0.5 8.5
4 16 16 -0.5 8.5 19.532 -18.87 8.5 17.566 -23.816 8.5 16 -25.4409 8.5
2 24 20.8 -0.5 11.5 20.662 -9.971 11.5
2 24 19.532 -18.87 11.5 20.662 -9.971 11.5
2 24 17.566 -23.816 11.5 19.532 -18.87 11.5
2 24 17.566 -23.816 11.5 16 -25.4409 11.5
4 16 19.532 -18.87 11.5 20.662 -9.971 11.5 20.8 -0.5 11.5 16 -0.5 11.5
4 16 17.566 -23.816 11.5 19.532 -18.87 11.5 16 -0.5 11.5 16 -25.4409 11.5
1 16 16 -12.9705 10 0 1 0 -12.47045 0 0 0 0 1.5 rect.dat
1 16 18.4 -0.5 10 0 0 2.4 0 -1 0 1.5 0 0 rect3.dat
2 24 20.8 -0.5 -8.5 20.662 -9.971 -8.5
2 24 19.532 -18.87 -8.5 20.662 -9.971 -8.5
2 24 17.566 -23.816 -8.5 19.532 -18.87 -8.5
2 24 17.566 -23.816 -8.5 16 -25.4409 -8.5
4 16 19.532 -18.87 -8.5 20.662 -9.971 -8.5 20.8 -0.5 -8.5 16 -0.5 -8.5
4 16 17.566 -23.816 -8.5 19.532 -18.87 -8.5 16 -0.5 -8.5 16 -25.4409 -8.5
2 24 20.8 -0.5 -11.5 20.662 -9.971 -11.5
2 24 19.532 -18.87 -11.5 20.662 -9.971 -11.5
2 24 17.566 -23.816 -11.5 19.532 -18.87 -11.5
2 24 17.566 -23.816 -11.5 16 -25.4409 -11.5
4 16 20.8 -0.5 -11.5 20.662 -9.971 -11.5 19.532 -18.87 -11.5 16 -0.5 -11.5
4 16 16 -0.5 -11.5 19.532 -18.87 -11.5 17.566 -23.816 -11.5 16 -25.4409 -11.5
1 16 16 -12.9705 -10 0 1 0 0 0 12.47045 1.5 0 0 rect.dat
1 16 18.4 -0.5 -10 0 0 2.4 0 -1 0 1.5 0 0 rect3.dat
5 24 21.457 -24.828 35.134 16.155 -32.983 35.07 16.503 -33.339 49.323 21.109 -25.029 8.982
5 24 7.131 -37.923 8.866 15.691 -32.123 8.905 7.295 -39.982 35.045 15.227 -31.264 -17.26
5 24 28.121 14.144 19.586 26.588 15.803 11.673 26.296 15.813 19.723 28.105 13.961 11.559
5 24 24.04 -8.43 -44.834 23.839 -15.612 -16.857 22.834 -18.96 -36.893 24.54 -5.667 -16.531
5 24 27.044 4.943 -4.603 25.618 10.499 -3.906 24.8 2.583 -4.501 28.529 9.931 -4.249
5 24 7.295 -39.982 35.045 2 -42 44 8.745 -40.257 50.771 1.8478 -42 43.2346
5 24 11.287 -30.331 -26.023 19.328 -26.585 -28.534 13.11 -32.26 -23.915 17.566 -23.816 -32.553
5 24 19.271 -16.71 67.319 19.512 -16.671 67.598 23.024 -16.339 63.123 8.739 -17.667 71.575
5 24 24.792 0.62 13.276 26.158 1 13.451 24.8 2.583 11.875 26.22 0.483 15.424
5 24 7.913 -23.718 67.107 13.602 -23.115 65.267 13.958 -12.407 66.169 8.04 -32.558 64.425
5 24 25.615 10.499 -12.594 27.125 4.962 -11.827 24.7676 2.3765 -12.1557 28.548 9.686 -12.194
5 24 21.168 6.044 -46.549 25.078 6.621 -45.942 24.909 -2.614 -46.896 21.127 12.257 -43.551
5 24 24.8 -0.039 15.605 26.22 0.483 15.424 26.263 0.843 17.349 24.792 0.62 13.276
5 24 24.78 5.906 -42.393 24.864 10.478 -20.975 24.982 8.632 -41.403 24.54 -5.667 -16.531
5 24 20.761 -25.23 -17.171 15.227 -31.264 -17.26 15.691 -32.123 8.905 19.328 -26.585 -28.534
5 24 23.839 -15.612 -16.857 20.761 -25.23 -17.171 22.834 -18.96 -36.893 21.109 -25.029 8.982
5 24 7.295 -39.982 35.045 1.8478 -42 43.2346 2 -42 44 1.4142 -42 42.5858
5 24 16.503 -33.339 49.323 21.487 -24.91 49.443 21.435 -25.05 59.238 21.457 -24.828 35.134
5 24 8.271 -33.406 67.407 0 -34.61 68.013 0 -25.392 71.513 8.639 -38.006 62.882
5 24 24.584 2.69 52.554 24.448 -4.618 48.69 24.743 6.439 46.585 24.5065 -0.3175 55.1705
5 24 11.75 -34.124 60.509 8.04 -32.558 64.425 13.923 -26.329 63.942 0 -38.39 60.771
5 24 18.05 -23.068 42.651 17.65 -23.319 60.503 20.892 -11.119 42.192 11.75 -34.124 60.509
5 24 25.532 5.975 -42.364 24.982 8.632 -41.403 25.553 8.882 -41.281 24.78 5.906 -42.393
5 24 23.907 -15.206 9.192 24.452 -4.876 35.363 24.496 -5.271 9.416 23.974 -14.8 35.242
5 24 25.038 10.466 -3.633 24.54 -5.667 -16.531 24.496 -5.271 9.416 24.864 10.478 -20.975
5 24 26.158 1 13.451 26.263 0.843 17.349 26.373 2.619 12.35 26.22 0.483 15.424
5 24 11.75 -34.124 60.509 10.163 -33.705 34.888 18.05 -23.068 42.651 4 -38.5 44
5 24 24.749 0.359 17.926 26.263 0.843 17.349 24.8 -0.039 15.605 26.519 2.604 18.733
5 24 24.429 -3.725 56.987 24.976 -13.961 58.984 24.905 -3.688 57.106 24.067 -14.01 58.851
5 24 3.6956 -38.5 45.5308 0 -38.39 60.771 11.75 -34.124 60.509 2.8284 -38.5 46.8284
5 24 2.8284 -38.5 41.1716 10.163 -33.705 34.888 3.6956 -38.5 42.4692 0 -37.023 34.712
5 24 24.54 -5.667 -16.531 24.864 10.478 -20.975 25.038 10.466 -3.633 24.78 5.906 -42.393
5 24 25.047 9.49 35.54 24.436 10.672 46.075 24.905 6.71 46.585 24.552 13.057 35.588
5 24 23.907 -15.206 9.192 24.496 -5.271 9.416 23.839 -15.612 -16.857 24.452 -4.876 35.363
5 24 20.662 -9.971 20 20.892 -11.119 42.192 21.333 13.452 35.45 19.532 -18.87 20
5 24 7.699 -12.592 68.282 8.712 -13.869 71.896 19.085 -12.725 67.565 0 -12.838 69.349
5 24 0 -25.392 71.513 8.585 -25.521 70.457 8.739 -17.667 71.575 8.271 -33.406 67.407
5 24 20.274 -25.282 62.997 21.664 -25.778 62.426 16.525 -33.512 62.394 23.024 -16.339 63.123
5 24 13.923 -26.329 63.942 14.052 -12.407 64.016 13.602 -23.115 65.267 14.968 -12.407 63.101
5 24 9.159 -40.036 59.376 16.407 -33.272 59.321 8.54 -39.211 59.256 17.027 -33.85 59.356
5 24 28.529 9.931 11.622 28.548 9.686 19.567 27.044 4.943 11.976 28.121 14.144 19.586
5 24 16.503 -33.339 49.323 8.745 -40.257 50.771 16.155 -32.983 35.07 16.407 -33.272 59.321
5 24 24.66 -11.555 62.225 23.998 -13.566 62.864 23.553 -12.444 62.968 24.631 -16.323 62.584
5 24 9.159 -40.036 59.376 8.54 -39.211 59.256 16.407 -33.272 59.321 0 -42.176 59.498
5 24 24.04 -8.43 -44.834 19.532 -18.87 -38.764 22.834 -18.96 -36.893 20.662 -9.971 -45.185
5 24 20.853 -2.614 -46.689 21.168 6.044 -46.549 21.127 12.257 -43.551 20.852 -2.614 -47.342
5 24 8.04 -32.558 64.425 13.602 -23.115 65.267 7.913 -23.718 67.107 13.923 -26.329 63.942
5 24 22.242 -25.448 59.298 24.631 -16.323 62.584 21.664 -25.778 62.426 24.976 -13.961 58.984
5 24 28.548 9.686 -12.194 28.529 9.931 -4.249 28.121 14.144 -12.212 27.044 4.943 -4.603
5 24 26.519 2.604 18.733 24.749 0.359 17.926 26.263 0.843 17.349 24.8102 2.3731 19.5293
5 24 25.618 10.499 -3.906 28.529 9.931 -4.249 27.044 4.943 -4.603 28.105 13.961 -4.185
5 24 15.227 -31.264 -17.26 6.967 -35.864 -17.313 13.11 -32.26 -23.915 7.131 -37.923 8.866
5 24 0 -41.21 35.08 1.4142 -42 42.5858 0.7654 -42 42.1522 7.295 -39.982 35.045
5 24 8.739 -17.667 71.575 8.585 -25.521 70.457 17.045 -25.226 66.841 0 -25.392 71.513
5 24 27.044 4.943 -4.603 24.8 2.583 -4.501 25.618 10.499 -3.906 26.373 2.619 -4.976
5 24 21.159 15.984 11.635 26.296 15.813 19.723 21.084 15.856 19.668 26.588 15.803 11.673
5 24 0 -42.515 50.719 0.7654 -42 45.8478 0 -42 46 1.4142 -42 45.4142
5 24 0 -17.925 72.703 8.796 -17.682 72.268 0 -18.144 73.433 8.739 -17.667 71.575
5 24 25.494 10.499 11.28 24.8 2.583 11.875 25.125 10.373 11.007 27.044 4.943 11.976
5 24 8.745 -40.257 50.771 8.54 -39.211 59.256 0 -42.515 50.719 16.407 -33.272 59.321
5 24 17.566 -23.816 -32.553 17.566 -23.816 20 19.532 -18.87 20 11.287 -30.331 -26.023
5 24 23.998 -13.566 62.864 19.085 -12.725 67.565 23.553 -12.444 62.968 19.512 -16.671 67.598
5 24 25.18 14.076 -21.115 21.117 14.438 -21.224 24.969 14.248 -3.938 21.291 14.198 -39.524
5 24 8.745 -40.257 50.771 2 -42 44 1.8478 -42 44.7654 7.295 -39.982 35.045
5 24 24.552 13.057 35.588 20.954 11.411 45.806 21.333 13.452 35.45 24.436 10.672 46.075
5 24 7.295 -39.982 35.045 1.4142 -42 42.5858 0 -41.21 35.08 1.8478 -42 43.2346
5 24 8.585 -25.521 70.457 13.857 -31.102 66.024 17.045 -25.226 66.841 8.271 -33.406 67.407
5 24 17.566 -23.816 20 18.05 -23.068 42.651 10.163 -33.705 34.888 19.532 -18.87 20
5 24 28.121 14.144 19.586 28.105 13.961 11.559 28.529 9.931 11.622 26.588 15.803 11.673
5 24 26.519 2.604 18.733 27.044 4.943 11.976 26.373 2.619 12.35 27.125 4.962 19.2
5 24 10.163 -33.705 34.888 0 -37.023 34.712 11.287 -30.331 20 2.8284 -38.5 41.1716
5 24 25.047 9.49 35.54 25.159 10.298 20.242 25.384 10.587 20.093 24.868 9.226 35.537
5 24 24.448 -4.618 48.69 24.429 -3.725 56.987 24.024 -14.517 49.15 24.5065 -0.3175 55.1705
5 24 22.834 -18.96 -36.893 17.566 -23.816 -32.553 19.328 -26.585 -28.534 19.532 -18.87 -38.764
5 24 24.631 -16.323 62.584 24.976 -13.961 58.984 24.66 -11.555 62.225 22.242 -25.448 59.298
5 24 19.512 -16.671 67.598 23.024 -16.339 63.123 23.877 -16.262 63.041 19.271 -16.71 67.319
5 24 24.631 -16.323 62.584 23.998 -13.566 62.864 23.877 -16.262 63.041 24.66 -11.555 62.225
5 24 8.639 -38.006 62.882 8.863 -39.118 62.325 16.525 -33.512 62.394 0 -40.046 62.86
5 24 24.905 -3.688 57.106 24.534 -2.584 60.199 24.66 -11.555 62.225 24.529 2.2855 57.605
5 24 25.409 10.571 20.093 28.548 9.686 19.567 27.125 4.962 19.2 28.121 14.144 19.586
5 24 17.027 -33.85 59.356 8.863 -39.118 62.325 9.159 -40.036 59.376 16.525 -33.512 62.394
5 24 25.038 10.466 -3.633 24.496 -5.271 9.416 25.159 10.298 20.242 24.54 -5.667 -16.531
5 24 26.519 2.604 -11.359 24.749 0.359 -10.553 26.263 0.843 -9.975 24.7676 2.3765 -12.1557
5 24 24.067 -14.01 58.851 22.242 -25.448 59.298 24.976 -13.961 58.984 21.435 -25.05 59.238
5 24 8.04 -32.558 64.425 0 -38.39 60.771 0 -34.344 64.947 11.75 -34.124 60.509
5 24 26.296 15.813 -12.349 25.125 14.167 -12.598 21.084 15.856 -12.294 28.121 14.144 -12.212
5 24 19.238 -11.798 62.585 20.389 -11.813 62.844 18.279 -12.407 63.91 20.428 -11.741 59.643
5 24 26.373 2.619 -4.976 26.263 0.843 -9.975 26.158 1 -6.077 26.519 2.604 -11.359
5 24 19.085 -12.725 67.565 19.512 -16.671 67.598 8.796 -17.682 72.268 23.998 -13.566 62.864
5 24 24.969 14.248 -3.938 25.615 10.587 -21.08 25.618 10.499 -3.906 25.18 14.076 -21.115
5 24 18.05 -23.068 42.651 11.75 -34.124 60.509 10.163 -33.705 34.888 17.65 -23.319 60.503
5 24 19.328 -26.585 -28.534 20.761 -25.23 -17.171 22.834 -18.96 -36.893 15.227 -31.264 -17.26
5 24 23.553 -12.444 62.968 24.66 -11.555 62.225 20.389 -11.813 62.844 23.998 -13.566 62.864
5 24 21.159 15.984 11.635 21.079 14.359 19.918 21.0819 14.379 11.258 21.084 15.856 19.668
5 24 19.085 -12.725 67.565 18.279 -12.407 63.91 23.553 -12.444 62.968 13.958 -12.407 66.169
5 24 19.085 -12.725 67.565 8.796 -17.682 72.268 19.512 -16.671 67.598 8.712 -13.869 71.896
5 24 24.866 2.913 52.682 24.524 5.155 55.011 24.905 6.71 46.585 24.8855 -0.1875 55.294
5 24 17.566 -23.816 20 10.163 -33.705 34.888 18.05 -23.068 42.651 11.287 -30.331 20
5 24 11.75 -34.124 60.509 4 -38.5 44 3.6956 -38.5 45.5308 10.163 -33.705 34.888
5 24 24.868 9.226 35.537 24.452 -4.876 35.363 24.743 6.439 46.585 25.159 10.298 20.242
5 24 1.5308 -38.5 47.6956 0 -38.39 60.771 2.8284 -38.5 46.8284 0 -38.5 48
5 24 24.496 -5.271 9.416 24.452 -4.876 35.363 25.159 10.298 20.242 23.907 -15.206 9.192
5 24 7.913 -23.718 67.107 8.04 -32.558 64.425 0 -34.344 64.947 13.602 -23.115 65.267
5 24 21.487 -24.91 49.443 21.457 -24.828 35.134 24.024 -14.517 49.15 16.503 -33.339 49.323
5 24 8.745 -40.257 50.771 0 -42.515 50.719 8.54 -39.211 59.256 1.4142 -42 45.4142
5 24 24.5065 -0.3175 55.1705 24.905 -3.688 57.106 24.8855 -0.1875 55.294 24.429 -3.725 56.987
5 24 7.913 -23.718 67.107 0 -23.796 68.066 0 -34.344 64.947 7.699 -12.592 68.282
5 24 25.159 10.298 20.242 24.496 -5.271 9.416 24.452 -4.876 35.363 25.038 10.466 -3.633
5 24 15.691 -32.123 8.905 7.295 -39.982 35.045 7.131 -37.923 8.866 16.155 -32.983 35.07
5 24 0 -39.015 8.786 7.131 -37.923 8.866 0 -36.82 -17.508 7.295 -39.982 35.045
5 24 17.566 -23.816 -32.553 19.328 -26.585 -28.534 22.834 -18.96 -36.893 11.287 -30.331 -26.023
5 24 8.712 -13.869 71.896 0 -12.838 69.349 0 -14.227 73.044 7.699 -12.592 68.282
5 24 24.8102 2.3731 19.5293 26.519 2.604 18.733 27.125 4.962 19.2 24.749 0.359 17.926
5 24 0 -41.21 35.08 0.7654 -42 42.1522 1.4142 -42 42.5858 0 -42 42
5 24 21.127 12.257 -43.551 21.117 14.438 -21.224 21.291 14.198 -39.524 20.662 -9.971 20
5 24 18.279 -12.407 63.91 20.389 -11.813 62.844 19.238 -11.798 62.585 23.553 -12.444 62.968
5 24 22.834 -18.96 -36.893 23.839 -15.612 -16.857 24.04 -8.43 -44.834 20.761 -25.23 -17.171
5 24 26.263 0.843 -9.975 24.749 0.359 -10.553 24.8 -0.039 -8.231 26.519 2.604 -11.359
5 24 19.532 -18.87 20 20.892 -11.119 42.192 18.05 -23.068 42.651 20.662 -9.971 20
5 24 18.05 -23.068 42.651 19.532 -18.87 20 20.892 -11.119 42.192 17.566 -23.816 20
5 24 4 -38.5 44 10.163 -33.705 34.888 11.75 -34.124 60.509 3.6956 -38.5 42.4692
5 24 1.8478 -42 44.7654 8.745 -40.257 50.771 1.4142 -42 45.4142 2 -42 44
5 24 6.797 -35.831 -22.853 11.287 -30.331 -26.023 0 -34.038 -24.195 13.11 -32.26 -23.915
5 24 17.045 -25.226 66.841 13.857 -31.102 66.024 8.585 -25.521 70.457 15.497 -32.695 62.931
5 24 24.48 8.1135 50.943 20.8885 8.645 51.0945 24.436 10.672 46.075 20.823 5.479 55.583
5 24 24.529 2.2855 57.605 20.718 2.646 58.156 24.524 5.155 55.011 24.534 -2.584 60.199
5 24 13.958 -12.407 66.169 19.085 -12.725 67.565 18.279 -12.407 63.91 7.699 -12.592 68.282
5 24 20.561 -2.589 60.838 24.534 -2.584 60.199 24.66 -11.555 62.225 20.718 2.646 58.156
5 24 2.8284 -38.5 41.1716 0 -37.023 34.712 1.5308 -38.5 40.3044 10.163 -33.705 34.888
5 24 20.892 -11.119 42.192 20.718 2.646 58.156 20.428 -11.741 59.643 20.823 5.479 55.583
5 24 21.109 -25.029 8.982 23.907 -15.206 9.192 21.457 -24.828 35.134 23.839 -15.612 -16.857
5 24 14.892 -26.55 62.97 17.65 -23.319 60.503 16.219 -24.795 62.633 11.75 -34.124 60.509
5 24 14.892 -26.55 62.97 11.75 -34.124 60.509 13.923 -26.329 63.942 17.65 -23.319 60.503
5 24 14.892 -26.55 62.97 14.968 -12.407 63.101 13.923 -26.329 63.942 16.219 -12.407 62.766
5 24 20.662 -9.971 20 21.087 14.414 -3.885 21.079 14.359 19.918 21.117 14.438 -21.224
5 24 25.553 8.882 -41.281 24.982 8.632 -41.403 25.532 5.975 -42.364 25.183 9.879 -39.487
5 24 8.796 -17.682 72.268 8.739 -17.667 71.575 0 -17.925 72.703 19.512 -16.671 67.598
5 24 6.797 -35.831 -22.853 6.967 -35.864 -17.313 0 -36.748 -22.703 13.11 -32.26 -23.915
5 24 23.839 -15.612 -16.857 23.907 -15.206 9.192 24.496 -5.271 9.416 21.109 -25.029 8.982
5 24 24.8 2.583 -4.501 25.618 10.499 -3.906 25.038 10.466 -3.633 27.044 4.943 -4.603
5 24 2.8284 -38.5 46.8284 0 -38.39 60.771 3.6956 -38.5 45.5308 1.5308 -38.5 47.6956
5 24 25.18 14.076 -21.115 25.574 10.31 -39.272 25.615 10.587 -21.08 25.218 13.718 -39.66
5 24 25.384 10.587 20.093 24.552 13.057 35.588 25.174 14.132 19.936 25.047 9.49 35.54
5 24 11.287 -30.331 20 10.163 -33.705 34.888 17.566 -23.816 20 0 -37.023 34.712
5 24 20.662 -9.971 -45.185 20.662 -9.971 20 20.853 -2.614 -46.689 19.532 -18.87 -38.764
5 24 16.525 -33.512 62.394 8.639 -38.006 62.882 15.497 -32.695 62.931 8.863 -39.118 62.325
5 24 28.121 14.144 -12.212 25.125 14.167 -12.598 25.615 10.499 -12.594 26.296 15.813 -12.349
5 24 24.982 8.632 -41.403 24.864 10.478 -20.975 25.183 9.879 -39.487 24.78 5.906 -42.393
5 24 18.279 -12.407 63.91 23.553 -12.444 62.968 20.389 -11.813 62.844 19.085 -12.725 67.565
5 24 20.761 -25.23 -17.171 22.834 -18.96 -36.893 23.839 -15.612 -16.857 19.328 -26.585 -28.534
5 24 23.839 -15.612 -16.857 24.54 -5.667 -16.531 24.496 -5.271 9.416 24.04 -8.43 -44.834
5 24 25.186 12.475 -42.833 21.291 14.198 -39.524 21.127 12.257 -43.551 25.218 13.718 -39.66
5 24 24.496 -5.271 9.416 24.54 -5.667 -16.531 23.839 -15.612 -16.857 25.038 10.466 -3.633
5 24 24.024 -14.517 49.15 23.974 -14.8 35.242 21.457 -24.828 35.134 24.448 -4.618 48.69
5 24 0 -42.515 50.719 8.54 -39.211 59.256 0 -41.221 59.21 8.745 -40.257 50.771
5 24 8.739 -17.667 71.575 17.045 -25.226 66.841 8.585 -25.521 70.457 19.271 -16.71 67.319
5 24 19.271 -16.71 67.319 17.045 -25.226 66.841 8.739 -17.667 71.575 20.274 -25.282 62.997
5 24 8.639 -38.006 62.882 8.271 -33.406 67.407 13.857 -31.102 66.024 0 -34.61 68.013
5 24 24.743 6.439 46.585 24.448 -4.618 48.69 24.452 -4.876 35.363 24.584 2.69 52.554
5 24 28.529 9.931 11.622 25.494 10.499 11.28 27.044 4.943 11.976 28.105 13.961 11.559
5 24 25.218 13.718 -39.66 25.574 10.31 -39.272 25.186 12.475 -42.833 25.18 14.076 -21.115
5 24 0 -23.796 68.066 7.699 -12.592 68.282 7.913 -23.718 67.107 0 -12.838 69.349
5 24 24.743 6.439 46.585 24.905 6.71 46.585 24.866 2.913 52.682 24.868 9.226 35.537
5 24 3.6956 -38.5 45.5308 11.75 -34.124 60.509 4 -38.5 44 0 -38.39 60.771
5 24 8.863 -39.118 62.325 9.159 -40.036 59.376 17.027 -33.85 59.356 0 -41.132 62.33
5 24 25.494 10.499 11.28 27.044 4.943 11.976 28.529 9.931 11.622 24.8 2.583 11.875
5 24 17.515 -20.86 63.022 17.65 -23.319 60.503 19.238 -11.798 62.585 16.219 -24.795 62.633
5 24 7.295 -39.982 35.045 7.131 -37.923 8.866 15.691 -32.123 8.905 0 -39.015 8.786
5 24 16.155 -32.983 35.07 7.295 -39.982 35.045 8.745 -40.257 50.771 15.691 -32.123 8.905
5 24 24.78 5.906 -42.393 25.532 5.975 -42.364 24.982 8.632 -41.403 25.406 -0.937 -43.828
5 24 8.745 -40.257 50.771 1.4142 -42 45.4142 1.8478 -42 44.7654 0 -42.515 50.719
5 24 24.969 14.248 -3.938 26.588 15.803 -4.299 21.159 15.984 -4.262 28.105 13.961 -4.185
5 24 26.22 0.483 -8.05 24.8 -0.039 -8.231 24.792 0.62 -5.902 26.263 0.843 -9.975
5 24 8.585 -25.521 70.457 8.271 -33.406 67.407 0 -25.392 71.513 13.857 -31.102 66.024
5 24 26.373 2.619 12.35 24.8 2.583 11.875 26.158 1 13.451 27.044 4.943 11.976
5 24 8.745 -40.257 50.771 16.407 -33.272 59.321 16.503 -33.339 49.323 8.54 -39.211 59.256
5 24 21.159 15.984 11.635 25.185 14.191 11.308 21.0819 14.379 11.258 26.588 15.803 11.673
5 24 20.892 -11.119 42.192 21.333 13.452 35.45 20.662 -9.971 20 20.823 5.479 55.583
5 24 20.662 -9.971 20 21.079 14.359 19.918 21.087 14.414 -3.885 21.333 13.452 35.45
5 24 17.045 -25.226 66.841 20.274 -25.282 62.997 15.497 -32.695 62.931 19.271 -16.71 67.319
5 24 25.618 10.499 -3.906 24.864 10.478 -20.975 25.615 10.587 -21.08 25.038 10.466 -3.633
5 24 24.66 -11.555 62.225 20.389 -11.813 62.844 23.553 -12.444 62.968 20.561 -2.589 60.838
5 24 24.04 -8.43 -44.834 20.662 -9.971 -45.185 20.853 -2.614 -46.689 19.532 -18.87 -38.764
5 24 15.227 -31.264 -17.26 15.691 -32.123 8.905 20.761 -25.23 -17.171 7.131 -37.923 8.866
5 24 17.47 -12.407 63.101 17.515 -20.86 63.022 16.219 -24.795 62.633 18.279 -12.407 63.91
5 24 19.512 -16.671 67.598 23.998 -13.566 62.864 19.085 -12.725 67.565 23.877 -16.262 63.041
5 24 13.602 -23.115 65.267 13.717 -12.407 65.267 13.958 -12.407 66.169 14.052 -12.407 64.016
5 24 24.7676 2.3765 -12.1557 25.615 10.499 -12.594 27.125 4.962 -11.827 24.981 10.499 -12.945
5 24 15.691 -32.123 8.905 20.761 -25.23 -17.171 15.227 -31.264 -17.26 21.109 -25.029 8.982
5 24 21.664 -25.778 62.426 22.242 -25.448 59.298 24.631 -16.323 62.584 17.027 -33.85 59.356
5 24 24.78 5.906 -42.393 25.406 -0.937 -43.828 25.532 5.975 -42.364 24.651 -1.107 -43.915
5 24 26.373 2.619 12.35 26.519 2.604 18.733 27.044 4.943 11.976 26.263 0.843 17.349
5 24 25.409 10.571 20.093 27.125 4.962 19.2 28.548 9.686 19.567 24.8102 2.3731 19.5293
5 24 25.132 9.948 -44.8375 21.1475 9.5505 -45.5 21.127 12.257 -43.551 25.078 6.621 -45.942
5 24 21.333 13.452 35.45 20.823 5.479 55.583 20.954 11.411 45.806 20.892 -11.119 42.192
5 24 1.4142 -42 45.4142 0 -42.515 50.719 0.7654 -42 45.8478 8.745 -40.257 50.771
5 24 24.905 6.71 46.585 24.436 10.672 46.075 24.524 5.155 55.011 25.047 9.49 35.54
5 24 24.108 -2.612 -46.307 24.909 -2.614 -46.896 25.406 -0.937 -43.828 20.852 -2.614 -47.342
5 24 24.8 2.583 11.875 27.044 4.943 11.976 26.373 2.619 12.35 25.494 10.499 11.28
5 24 25.494 10.499 11.28 28.105 13.961 11.559 25.185 14.191 11.308 28.529 9.931 11.622
5 24 20.853 -2.614 -46.689 24.04 -8.43 -44.834 20.662 -9.971 -45.185 24.108 -2.612 -46.307
5 24 25.553 8.882 -41.281 25.183 9.879 -39.487 25.574 10.31 -39.272 24.982 8.632 -41.403
5 24 16.219 -24.795 62.633 16.219 -12.407 62.766 14.892 -26.55 62.97 17.47 -12.407 63.101
5 24 26.263 0.843 -9.975 26.158 1 -6.077 26.22 0.483 -8.05 26.373 2.619 -4.976
5 24 25.574 10.31 -39.272 24.864 10.478 -20.975 25.183 9.879 -39.487 25.615 10.587 -21.08
5 24 19.532 -18.87 -38.764 19.532 -18.87 20 17.566 -23.816 -32.553 20.662 -9.971 20
5 24 24.429 -3.725 56.987 24.905 -3.688 57.106 24.976 -13.961 58.984 24.5065 -0.3175 55.1705
5 24 26.519 2.604 -11.359 27.044 4.943 -4.603 27.125 4.962 -11.827 26.373 2.619 -4.976
5 24 25.406 -0.937 -43.828 24.108 -2.612 -46.307 24.909 -2.614 -46.896 24.651 -1.107 -43.915
5 24 0 -38.39 60.771 11.75 -34.124 60.509 3.6956 -38.5 45.5308 8.04 -32.558 64.425
5 24 7.699 -12.592 68.282 19.085 -12.725 67.565 8.712 -13.869 71.896 13.958 -12.407 66.169
5 24 28.121 14.144 19.586 25.409 10.571 20.093 28.548 9.686 19.567 25.192 14.136 19.971
5 24 24.66 -11.555 62.225 24.976 -13.961 58.984 24.905 -3.688 57.106 24.631 -16.323 62.584
5 24 26.373 2.619 -4.976 24.8 2.583 -4.501 27.044 4.943 -4.603 26.158 1 -6.077
5 24 11.287 -30.331 -26.023 11.287 -30.331 20 0 -34.038 -24.195 17.566 -23.816 20
5 24 24.067 -14.01 58.851 24.024 -14.517 49.15 24.429 -3.725 56.987 21.487 -24.91 49.443
5 24 0 -34.038 -24.195 6.797 -35.831 -22.853 11.287 -30.331 -26.023 0 -36.748 -22.703
5 24 20.561 -2.589 60.838 20.428 -11.741 59.643 20.718 2.646 58.156 20.389 -11.813 62.844
5 24 28.121 14.144 -12.212 26.588 15.803 -4.299 26.296 15.813 -12.349 28.105 13.961 -4.185
5 24 26.519 2.604 -11.359 26.373 2.619 -4.976 26.263 0.843 -9.975 27.044 4.943 -4.603
5 24 27.044 4.943 -4.603 27.125 4.962 -11.827 28.548 9.686 -12.194 26.519 2.604 -11.359
5 24 13.11 -32.26 -23.915 15.227 -31.264 -17.26 19.328 -26.585 -28.534 6.967 -35.864 -17.313
5 24 23.974 -14.8 35.242 24.448 -4.618 48.69 24.452 -4.876 35.363 24.024 -14.517 49.15
5 24 26.22 0.483 -8.05 24.792 0.62 -5.902 26.158 1 -6.077 24.8 -0.039 -8.231
5 24 16.503 -33.339 49.323 16.407 -33.272 59.321 21.435 -25.05 59.238 8.745 -40.257 50.771
5 24 22.242 -25.448 59.298 16.407 -33.272 59.321 21.435 -25.05 59.238 17.027 -33.85 59.356
5 24 24.552 13.057 35.588 21.333 13.452 35.45 20.954 11.411 45.806 25.174 14.132 19.936
5 24 16.503 -33.339 49.323 16.155 -32.983 35.07 8.745 -40.257 50.771 21.457 -24.828 35.134
5 24 24.552 13.057 35.588 25.047 9.49 35.54 25.384 10.587 20.093 24.436 10.672 46.075
5 24 24.8102 2.3731 19.5293 25.409 10.571 20.093 27.125 4.962 19.2 25.159 10.298 20.242
5 24 25.406 -0.937 -43.828 25.078 6.621 -45.942 24.909 -2.614 -46.896 25.532 5.975 -42.364
5 24 24.8855 -0.1875 55.294 24.584 2.69 52.554 24.866 2.913 52.682 24.5065 -0.3175 55.1705
5 24 25.615 10.499 -12.594 28.548 9.686 -12.194 28.121 14.144 -12.212 27.125 4.962 -11.827
5 24 18.279 -12.407 63.91 13.958 -12.407 66.169 13.717 -12.407 65.267 19.085 -12.725 67.565
5 24 7.295 -39.982 35.045 0 -41.21 35.08 0 -39.015 8.786 1.4142 -42 42.5858
5 24 26.296 15.813 -12.349 21.159 15.984 -4.262 26.588 15.803 -4.299 21.084 15.856 -12.294
5 24 26.296 15.813 19.723 25.192 14.136 19.971 28.121 14.144 19.586 21.084 15.856 19.668
5 24 24.529 2.2855 57.605 24.8855 -0.1875 55.294 24.905 -3.688 57.106 24.524 5.155 55.011
5 24 24.976 -13.961 58.984 24.067 -14.01 58.851 24.429 -3.725 56.987 22.242 -25.448 59.298
5 24 27.125 4.962 19.2 27.044 4.943 11.976 28.548 9.686 19.567 26.519 2.604 18.733
5 24 19.238 -11.798 62.585 17.65 -23.319 60.503 20.428 -11.741 59.643 17.515 -20.86 63.022
5 24 24.452 -4.876 35.363 24.448 -4.618 48.69 23.974 -14.8 35.242 24.743 6.439 46.585
5 24 21.435 -25.05 59.238 16.503 -33.339 49.323 16.407 -33.272 59.321 21.487 -24.91 49.443
5 24 17.027 -33.85 59.356 16.525 -33.512 62.394 21.664 -25.778 62.426 8.863 -39.118 62.325
5 24 27.125 4.962 19.2 24.8102 2.3731 19.5293 25.409 10.571 20.093 26.519 2.604 18.733
5 24 10.163 -33.705 34.888 18.05 -23.068 42.651 11.75 -34.124 60.509 17.566 -23.816 20
5 24 22.242 -25.448 59.298 21.435 -25.05 59.238 16.407 -33.272 59.321 24.067 -14.01 58.851
5 24 24.66 -11.555 62.225 24.905 -3.688 57.106 24.976 -13.961 58.984 24.534 -2.584 60.199
5 24 25.218 13.718 -39.66 21.291 14.198 -39.524 25.18 14.076 -21.115 25.186 12.475 -42.833
5 24 20.428 -11.741 59.643 20.892 -11.119 42.192 17.65 -23.319 60.503 20.718 2.646 58.156
5 24 8.712 -13.869 71.896 8.796 -17.682 72.268 19.085 -12.725 67.565 0 -14.227 73.044
5 24 24.8855 -0.1875 55.294 24.5065 -0.3175 55.1705 24.905 -3.688 57.106 24.584 2.69 52.554
5 24 21.168 6.044 -46.549 24.909 -2.614 -46.896 25.078 6.621 -45.942 20.852 -2.614 -47.342
5 24 24.534 -2.584 60.199 20.718 2.646 58.156 24.529 2.2855 57.605 20.561 -2.589 60.838
5 24 17.027 -33.85 59.356 21.664 -25.778 62.426 22.242 -25.448 59.298 16.525 -33.512 62.394
5 24 26.158 1 -6.077 24.792 0.62 -5.902 26.22 0.483 -8.05 24.8 2.583 -4.501
5 24 3.6956 -38.5 42.4692 10.163 -33.705 34.888 4 -38.5 44 2.8284 -38.5 41.1716
5 24 23.877 -16.262 63.041 21.664 -25.778 62.426 23.024 -16.339 63.123 24.631 -16.323 62.584
5 24 15.691 -32.123 8.905 16.155 -32.983 35.07 7.295 -39.982 35.045 21.109 -25.029 8.982
5 24 16.155 -32.983 35.07 21.109 -25.029 8.982 15.691 -32.123 8.905 21.457 -24.828 35.134
5 24 21.109 -25.029 8.982 21.457 -24.828 35.134 16.155 -32.983 35.07 23.907 -15.206 9.192
5 24 24.969 14.248 -3.938 21.159 15.984 -4.262 26.588 15.803 -4.299 21.087 14.414 -3.885
5 24 25.18 14.076 -21.115 21.291 14.198 -39.524 21.117 14.438 -21.224 25.218 13.718 -39.66
5 24 19.532 -18.87 -38.764 22.834 -18.96 -36.893 24.04 -8.43 -44.834 17.566 -23.816 -32.553
5 24 27.125 4.962 -11.827 24.7676 2.3765 -12.1557 25.615 10.499 -12.594 26.519 2.604 -11.359
5 24 15.227 -31.264 -17.26 19.328 -26.585 -28.534 20.761 -25.23 -17.171 13.11 -32.26 -23.915
5 24 8.745 -40.257 50.771 16.155 -32.983 35.07 16.503 -33.339 49.323 7.295 -39.982 35.045
5 24 20.853 -2.614 -46.689 21.127 12.257 -43.551 20.662 -9.971 20 21.168 6.044 -46.549
5 24 25.047 9.49 35.54 24.868 9.226 35.537 24.905 6.71 46.585 25.159 10.298 20.242
5 24 21.109 -25.029 8.982 23.839 -15.612 -16.857 20.761 -25.23 -17.171 23.907 -15.206 9.192
5 24 20.823 5.479 55.583 24.524 5.155 55.011 20.718 2.646 58.156 24.436 10.672 46.075
5 24 8.639 -38.006 62.882 13.857 -31.102 66.024 8.271 -33.406 67.407 15.497 -32.695 62.931
5 24 7.913 -23.718 67.107 7.699 -12.592 68.282 13.958 -12.407 66.169 0 -23.796 68.066
5 24 17.65 -23.319 60.503 11.75 -34.124 60.509 14.892 -26.55 62.97 18.05 -23.068 42.651
5 24 15.497 -32.695 62.931 13.857 -31.102 66.024 17.045 -25.226 66.841 8.639 -38.006 62.882
5 24 25.615 10.587 -21.08 25.18 14.076 -21.115 25.574 10.31 -39.272 24.969 14.248 -3.938
5 24 25.532 5.975 -42.364 25.078 6.621 -45.942 25.553 8.882 -41.281 25.406 -0.937 -43.828
5 24 24.7676 2.3765 -12.1557 26.519 2.604 -11.359 24.749 0.359 -10.553 27.125 4.962 -11.827
5 24 16.525 -33.512 62.394 15.497 -32.695 62.931 20.274 -25.282 62.997 8.639 -38.006 62.882
5 24 8.585 -25.521 70.457 17.045 -25.226 66.841 8.739 -17.667 71.575 13.857 -31.102 66.024
5 24 7.131 -37.923 8.866 6.967 -35.864 -17.313 0 -36.82 -17.508 15.227 -31.264 -17.26
5 24 23.024 -16.339 63.123 21.664 -25.778 62.426 20.274 -25.282 62.997 23.877 -16.262 63.041
5 24 7.295 -39.982 35.045 8.745 -40.257 50.771 16.155 -32.983 35.07 2 -42 44
5 24 25.192 14.136 19.971 28.121 14.144 19.586 26.296 15.813 19.723 25.409 10.571 20.093
5 24 26.22 0.483 15.424 24.792 0.62 13.276 24.8 -0.039 15.605 26.158 1 13.451
5 24 7.131 -37.923 8.866 15.227 -31.264 -17.26 15.691 -32.123 8.905 6.967 -35.864 -17.313
5 24 11.75 -34.124 60.509 13.923 -26.329 63.942 8.04 -32.558 64.425 14.892 -26.55 62.97
5 24 0 -25.392 71.513 8.739 -17.667 71.575 0 -17.925 72.703 8.585 -25.521 70.457
5 24 25.185 14.191 11.308 26.588 15.803 11.673 28.105 13.961 11.559 21.159 15.984 11.635
5 24 20.428 -11.741 59.643 17.65 -23.319 60.503 19.238 -11.798 62.585 20.892 -11.119 42.192
5 24 25.159 10.298 20.242 24.452 -4.876 35.363 24.868 9.226 35.537 24.496 -5.271 9.416
5 24 25.618 10.499 -3.906 28.105 13.961 -4.185 28.529 9.931 -4.249 24.969 14.248 -3.938
5 24 28.105 13.961 11.559 25.185 14.191 11.308 25.494 10.499 11.28 26.588 15.803 11.673
5 24 24.651 -1.107 -43.915 24.04 -8.43 -44.834 24.54 -5.667 -16.531 24.108 -2.612 -46.307
5 24 15.691 -32.123 8.905 21.109 -25.029 8.982 16.155 -32.983 35.07 20.761 -25.23 -17.171
5 24 25.186 12.475 -42.833 25.553 8.882 -41.281 25.078 6.621 -45.942 25.574 10.31 -39.272
5 24 13.857 -31.102 66.024 8.271 -33.406 67.407 8.585 -25.521 70.457 8.639 -38.006 62.882
5 24 24.868 9.226 35.537 24.905 6.71 46.585 25.047 9.49 35.54 24.743 6.439 46.585
5 24 25.183 9.879 -39.487 25.574 10.31 -39.272 24.864 10.478 -20.975 25.553 8.882 -41.281
5 24 20.561 -2.589 60.838 24.66 -11.555 62.225 24.534 -2.584 60.199 20.389 -11.813 62.844
5 24 17.515 -20.86 63.022 19.238 -11.798 62.585 17.65 -23.319 60.503 18.279 -12.407 63.91
5 24 21.127 12.257 -43.551 25.186 12.475 -42.833 21.291 14.198 -39.524 25.078 6.621 -45.942
5 24 21.457 -24.828 35.134 23.907 -15.206 9.192 23.974 -14.8 35.242 21.109 -25.029 8.982
5 24 16.407 -33.272 59.321 17.027 -33.85 59.356 9.159 -40.036 59.376 22.242 -25.448 59.298
5 24 21.117 14.438 -21.224 24.969 14.248 -3.938 21.087 14.414 -3.885 25.18 14.076 -21.115
5 24 6.967 -35.864 -17.313 0 -36.82 -17.508 7.131 -37.923 8.866 0 -36.748 -22.703
5 24 21.102 14.426 -12.5439 21.159 15.984 -4.262 21.084 15.856 -12.294 21.087 14.414 -3.885
5 24 20.954 11.411 45.806 24.436 10.672 46.075 20.823 5.479 55.583 24.552 13.057 35.588
5 24 28.105 13.961 -4.185 28.121 14.144 -12.212 28.529 9.931 -4.249 26.588 15.803 -4.299
5 24 23.877 -16.262 63.041 24.631 -16.323 62.584 21.664 -25.778 62.426 23.998 -13.566 62.864
5 24 8.04 -32.558 64.425 0 -34.344 64.947 7.913 -23.718 67.107 0 -38.39 60.771
5 24 13.923 -26.329 63.942 8.04 -32.558 64.425 11.75 -34.124 60.509 13.602 -23.115 65.267
5 24 25.174 14.132 19.936 25.618 10.499 -3.906 25.384 10.587 20.093 24.969 14.248 -3.938
5 24 24.866 2.913 52.682 24.743 6.439 46.585 24.584 2.69 52.554 24.905 6.71 46.585
5 24 24.448 -4.618 48.69 24.024 -14.517 49.15 24.429 -3.725 56.987 23.974 -14.8 35.242
5 24 24.969 14.248 -3.938 28.105 13.961 -4.185 25.618 10.499 -3.906 26.588 15.803 -4.299
5 24 19.512 -16.671 67.598 8.739 -17.667 71.575 8.796 -17.682 72.268 19.271 -16.71 67.319
5 24 9.159 -40.036 59.376 0 -41.132 62.33 0 -42.176 59.498 8.863 -39.118 62.325
5 24 1.5308 -38.5 40.3044 0 -37.023 34.712 0 -38.5 40 2.8284 -38.5 41.1716
5 24 25.174 14.132 19.936 21.333 13.452 35.45 21.079 14.359 19.918 24.552 13.057 35.588
5 24 8.54 -39.211 59.256 0 -42.176 59.498 9.159 -40.036 59.376 0 -41.221 59.21
5 24 25.186 12.475 -42.833 25.574 10.31 -39.272 25.218 13.718 -39.66 25.553 8.882 -41.281
5 24 17.65 -23.319 60.503 16.219 -24.795 62.633 14.892 -26.55 62.97 17.515 -20.86 63.022
5 24 23.907 -15.206 9.192 23.974 -14.8 35.242 21.457 -24.828 35.134 24.452 -4.876 35.363
5 24 21.457 -24.828 35.134 16.503 -33.339 49.323 21.487 -24.91 49.443 16.155 -32.983 35.07
5 24 26.263 0.843 17.349 26.373 2.619 12.35 26.519 2.604 18.733 26.158 1 13.451
5 24 11.287 -30.331 -26.023 13.11 -32.26 -23.915 6.797 -35.831 -22.853 19.328 -26.585 -28.534
5 24 24.54 -5.667 -16.531 24.651 -1.107 -43.915 24.04 -8.43 -44.834 24.78 5.906 -42.393
5 24 24.584 2.69 52.554 24.866 2.913 52.682 24.8855 -0.1875 55.294 24.743 6.439 46.585
5 24 20.853 -2.614 -46.689 20.662 -9.971 20 21.127 12.257 -43.551 20.662 -9.971 -45.185
5 24 21.435 -25.05 59.238 21.487 -24.91 49.443 16.503 -33.339 49.323 24.067 -14.01 58.851
5 24 24.024 -14.517 49.15 21.487 -24.91 49.443 21.457 -24.828 35.134 24.067 -14.01 58.851
5 24 20.761 -25.23 -17.171 21.109 -25.029 8.982 23.839 -15.612 -16.857 15.691 -32.123 8.905
5 24 24.905 6.71 46.585 24.48 8.1135 50.943 24.436 10.672 46.075 24.524 5.155 55.011
5 24 20.8885 8.645 51.0945 21.333 13.452 35.45 20.954 11.411 45.806 20.823 5.479 55.583
5 24 24.48 8.1135 50.943 20.823 5.479 55.583 24.524 5.155 55.011 20.8885 8.645 51.0945
5 24 21.127 12.257 -43.551 25.132 9.948 -44.8375 21.1475 9.5505 -45.5 25.186 12.475 -42.833
5 24 25.553 8.882 -41.281 25.132 9.948 -44.8375 25.532 5.975 -42.364 25.186 12.475 -42.833
5 24 21.1475 9.5505 -45.5 25.078 6.621 -45.942 25.132 9.948 -44.8375 21.168 6.044 -46.549
5 24 20.853 -2.614 -46.689 21.1475 9.5505 -45.5 21.168 6.044 -46.549 21.127 12.257 -43.551

2 24 21.117 14.438 -21.224 21.102 14.426 -12.5439
2 24 21.087 14.414 -3.885 21.0819 14.379 11.258
5 24 20.892 -11.119 42.192 17.65 -23.319 60.503 19.532 -18.87 20 20.428 -11.741 59.643
3 16 25.185 14.191 11.308 25.494 10.499 11.28 25.618 10.499 -3.906
3 16 25.618 10.499 -3.906 24.969 14.248 -3.938 25.185 14.191 11.308
5 24 25.618 10.499 -3.906 25.185 14.191 11.308 25.494 10.499 11.28 24.969 14.248 -3.938
4 16 21.087 14.414 -3.885 21.0819 14.379 11.258 25.185 14.191 11.308 24.969 14.248 -3.938
2 24 25.185 14.191 11.308 24.969 14.248 -3.938
4 16 25.125 14.167 -12.598 25.615 10.499 -12.594 25.615 10.587 -21.08 25.18 14.076 -21.115
4 16 21.102 14.426 -12.5439 25.125 14.167 -12.598 25.18 14.076 -21.115 21.117 14.438 -21.224
5 24 21.087 14.414 -3.885 21.102 14.426 -12.5439 21.159 15.984 -4.262 20.662 -9.971 20
5 24 21.079 14.359 19.918 21.0819 14.379 11.258 21.159 15.984 11.635 20.662 -9.971 20
3 16 25.494 10.499 11.28 25.125 10.373 11.007 25.038 10.466 -3.633
3 16 25.038 10.466 -3.633 25.618 10.499 -3.906 25.494 10.499 11.28
5 24 25.038 10.466 -3.633 25.494 10.499 11.28 25.125 10.373 11.007 25.618 10.499 -3.906
3 16 25.615 10.499 -12.594 24.981 10.499 -12.945 24.864 10.478 -20.975
3 16 24.864 10.478 -20.975 25.615 10.587 -21.08 25.615 10.499 -12.594
5 24 24.864 10.478 -20.975 25.615 10.499 -12.594 24.981 10.499 -12.945 25.615 10.587 -21.08
5 24 24.864 10.478 -20.975 25.615 10.587 -21.08 25.574 10.31 -39.272 25.615 10.499 -12.594
2 24 25.125 14.167 -12.598 25.18 14.076 -21.115
2 24 25.615 10.499 -12.594 25.615 10.587 -21.08
2 24 25.618 10.499 -3.906 25.494 10.499 11.28
