0 ~Minifig Helmet Visor Pointed - Half
0 Name: s\2594s01.dat
0 Author: Magnus Forsberg [MagFors]
0 !LDRAW_ORG Subpart UPDATE 2022-01
0 !LICENSE Licensed under CC BY 4.0 : see CAreadme.txt

0 BFC CERTIFY CCW

0 !HISTORY 2022-01-14 [PTadmin] Official Update 2022-01


1 16 21.5 2.675 -0.5 0 -1 0 -1.875 0 0 0 0 1.875 4-4ring1.dat
0 BFC INVERTNEXT
1 16 17 2.675 -0.5 0 4.5 0 -1.875 0 0 0 0 1.875 4-4cylc.dat
1 16 20 2.675 -0.5 0 1.5 0 -3.75 0 0 0 0 3.75 4-4cylo.dat
1 16 20 2.675 -0.5 0 -1 0 3.75 0 0 0 0 -3.75 1-4ndis.dat
1 16 20 2.675 -0.5 0 -1 0 0 0 -3.75 3.75 0 0 2-4ring1.dat
1 16 20 2.675 -0.5 0 -1 0 0 0 3.75 3.75 0 0 3-16rin1.dat
1 16 17 2.675 -0.5 0 3 0 0 0 -7.5 7.5 0 0 2-4cylo.dat
1 16 17 2.675 -0.5 0 3 0 0 0 7.5 7.5 0 0 3-16cylo.dat
1 16 17 2.675 -0.5 0 1 0 0 0 7.5 7.5 0 0 3-16chrd.dat
1 16 17 2.675 -0.5 0 1 0 0 0 -7.5 7.5 0 0 1-4chrd.dat
1 16 14.55 0 -0.5 0 2.45 0 -4.825 0 0 0 0 4.825 1-4cylo.dat
1 16 14.55 0 -0.5 0 2.45 0 0 0 4.7 4.825 0 0 3-16cylo.dat
1 16 14.55 0 -0.5 0 1 0 -4.825 0 0 0 0 4.825 1-4chrd.dat
1 16 14.55 0 -0.5 0 1 0 0 0 4.7 4.825 0 0 3-16chrd.dat
1 16 14.55 0 0 0 1.75 0 1.5 0 0 0 0 1.5 bump5000.dat
4 16 20 2.675 -8 17 2.675 -8 17 3.249 -7.974 20 3.296 -7.97
4 16 20 2.675 -4.25 20 2.675 -8 20 3.296 -7.97 20 6.425 -4.25
3 16 20 3.296 -7.97 19.551 8 -8.08 20 6.425 -4.25
3 16 19.551 8 -8.08 19.477 11.972 -6.565 20 6.425 -4.25
3 16 20 9.6043 2.3703 20 6.425 -0.5 20 6.425 -4.25
3 16 20 9.6043 2.3703 20 6.1396 0.9351 20 6.425 -0.5
3 16 17 1.79869 3.9578175 17 -4.825 -.5 17 2.675 7
4 16 17 1.79869 3.9578175 17 2.675 7 17 9.6043 2.3703 17 3.32337 2.9117575
3 16 17 4.3423 1.3465 17 3.32337 2.9117575 17 9.6043 2.3703
3 16 13.4 12.006 -15.181 13.355 11.172 -15.242 13.357 11.165 -17.102
4 16 12.369 9.232 -16.382 11.816 9.237 -16.991 11.802 9.234 -18.834 12.364 9.233 -18.238
3 16 8.614 10.953 -19.932 10.546 11.66 -18.097 10.223 11.093 -18.471
4 16 13.355 11.172 -15.242 13.752 10.568 -14.782 13.75 10.569 -16.689 13.357 11.165 -17.102
4 16 12.891 8.968 -17.675 12.364 9.233 -18.238 13.357 11.165 -17.102 13.75 10.569 -16.689
3 16 13.4 12.006 -15.181 13.357 11.165 -17.102 13.385 11.971 -17.041
4 16 13.4 12.006 -15.181 13.836 12.55 -14.676 15.396 12.451 -12.677 15.755 11.874 -12.149
4 16 13.355 11.172 -15.242 13.4 12.006 -15.181 15.755 11.874 -12.149 15.711 11.055 -12.22
4 16 13.752 10.568 -14.782 13.355 11.172 -15.242 15.711 11.055 -12.22 15.315 10.535 -12.785
3 16 8.614 10.953 -19.932 8.175 11.512 -20.157 10.546 11.66 -18.097
3 16 9.18 10.734 -19.48 8.614 10.953 -19.932 10.223 11.093 -18.471
4 16 12.888 8.971 -15.798 12.369 9.232 -16.382 12.364 9.233 -18.238 12.891 8.968 -17.675
3 16 11.289 8.981 -17.569 11.816 9.237 -16.991 12.369 9.232 -16.382
4 16 11.276 8.971 -19.4 11.802 9.234 -18.834 11.816 9.237 -16.991 11.289 8.981 -17.569
3 16 11.802 9.234 -18.834 11.276 8.971 -19.4 10.545 11.656 -19.793
4 16 10.223 11.093 -18.471 10.546 11.66 -18.097 10.545 11.656 -19.793 10.224 11.094 -20.173
3 16 9.735 10.789 -18.965 9.18 10.734 -19.48 10.223 11.093 -18.471
3 16 16.081 8.797 -13.874 16.605 8.783 -13.176 16.644 8.773 -10.932
3 16 17.102 8.537 -12.504 17.12 8.521 -10.199 16.605 8.783 -13.176
3 16 17.508 7.932 -9.65 17.102 8.537 -12.504 17.495 7.972 -11.986
4 16 14.277 10.308 -14.142 13.752 10.568 -14.782 15.315 10.535 -12.785 14.814 10.304 -13.457
4 16 14.276 10.308 -16.095 13.75 10.569 -16.689 13.752 10.568 -14.782 14.277 10.308 -14.142
3 16 16.136 8.806 -11.686 16.081 8.797 -13.874 16.644 8.773 -10.932
3 16 16.081 8.797 -13.874 15.718 11.07 -14.335 16.605 8.783 -13.176
3 16 19.637 3.462 -9.811 19.551 8 -8.08 20 3.296 -7.97
3 16 10.511 12.399 -18.026 10.546 11.66 -18.097 8.175 11.512 -20.157
3 16 10.511 12.399 -18.026 8.114 12.238 -19.998 10.095 12.968 -18.283
3 16 10.095 12.968 -18.283 8.41 12.814 -19.61 9.508 13.212 -18.692
4 16 10.546 11.66 -18.097 10.511 12.399 -18.026 10.515 12.39 -19.686 10.545 11.656 -19.793
3 16 13.385 11.971 -17.041 11.802 9.234 -18.834 10.545 11.656 -19.793
3 16 13.4 12.006 -15.181 13.385 11.971 -17.041 13.836 12.55 -14.676
4 16 13.836 12.55 -14.676 14.376 12.764 -14.031 14.911 12.725 -13.346 15.396 12.451 -12.677
3 16 17.495 7.972 -11.986 17.102 8.537 -12.504 18.342 8.869 -10.573
3 16 17.102 8.537 -12.504 16.605 8.783 -13.176 15.718 11.07 -14.335
4 16 8.175 11.512 -20.157 8.614 10.953 -19.932 8.606 10.959 -21.6 8.169 11.527 -21.792
4 16 8.614 10.953 -19.932 9.18 10.734 -19.48 9.178 10.734 -21.167 8.606 10.959 -21.6
3 16 10.898 8.417 -18.013 12.888 8.971 -15.798 13.271 8.402 -15.357
3 16 12.888 8.971 -15.798 11.289 8.981 -17.569 12.369 9.232 -16.382
4 16 9.735 10.789 -18.965 10.223 11.093 -18.471 10.224 11.094 -20.173 9.737 10.79 -20.663
4 16 9.18 10.734 -19.48 9.735 10.789 -18.965 9.737 10.79 -20.663 9.178 10.734 -21.167
3 16 17.508 7.932 -9.65 17.495 7.972 -11.986 17.471 7.101 -9.875
3 16 16.605 8.783 -13.176 17.12 8.521 -10.199 16.644 8.773 -10.932
3 16 17.12 8.521 -10.199 17.102 8.537 -12.504 17.508 7.932 -9.65
4 16 12.891 8.968 -17.675 13.75 10.569 -16.689 14.276 10.308 -16.095 13.275 8.391 -17.259
3 16 16.644 8.773 -10.932 15.622 8.61 -12.41 16.136 8.806 -11.686
3 16 16.081 8.797 -13.874 16.136 8.806 -11.686 15.564 8.57 -14.539
4 16 15.718 11.07 -14.335 16.081 8.797 -13.874 15.564 8.57 -14.539 15.323 10.541 -14.836
4 16 15.718 11.07 -14.335 15.323 10.541 -14.836 15.315 10.535 -12.785 15.711 11.055 -12.22
4 16 14.814 10.304 -13.457 15.315 10.535 -12.785 15.323 10.541 -14.836 14.816 10.304 -15.457
4 16 14.277 10.308 -14.142 14.814 10.304 -13.457 14.816 10.304 -15.457 14.276 10.308 -16.095
4 16 13.271 8.402 -15.357 12.888 8.971 -15.798 12.891 8.968 -17.675 13.275 8.391 -17.259
3 16 17.488 7.144 -12.075 17.471 7.101 -9.875 17.495 7.972 -11.986
3 16 19.551 8 -8.08 19.637 3.462 -9.811 19.023 8.477 -9.369
3 16 17 3.249 -7.974 19.637 3.462 -9.811 20 3.296 -7.97
3 16 10.511 12.399 -18.026 8.175 11.512 -20.157 8.114 12.238 -19.998
3 16 9.508 13.212 -18.692 8.41 12.814 -19.61 8.91 13.149 -19.152
3 16 10.095 12.968 -18.283 8.114 12.238 -19.998 8.41 12.814 -19.61
4 16 9.508 13.212 -18.692 8.91 13.149 -19.152 8.901 13.146 -20.755 9.5 13.213 -20.313
4 16 10.511 12.399 -18.026 10.095 12.968 -18.283 10.096 12.967 -19.903 10.515 12.39 -19.686
4 16 10.095 12.968 -18.283 9.508 13.212 -18.692 9.5 13.213 -20.313 10.096 12.967 -19.903
3 16 10.515 12.39 -19.686 12.123 14.942 -17.909 10.545 11.656 -19.793
4 16 13.357 11.165 -17.102 12.364 9.233 -18.238 11.802 9.234 -18.834 13.385 11.971 -17.041
3 16 13.799 12.523 -16.583 13.836 12.55 -14.676 13.385 11.971 -17.041
3 16 13.836 12.55 -14.676 13.799 12.523 -16.583 14.376 12.764 -14.031
3 16 14.376 12.764 -14.031 14.34 12.758 -15.992 14.911 12.725 -13.346
4 16 15.396 12.451 -12.677 14.911 12.725 -13.346 14.892 12.73 -15.364 15.394 12.452 -14.758
4 16 15.755 11.874 -12.149 15.396 12.451 -12.677 15.394 12.452 -14.758 15.755 11.872 -14.292
4 16 15.711 11.055 -12.22 15.755 11.874 -12.149 15.755 11.872 -14.292 15.718 11.07 -14.335
3 16 17.102 8.537 -12.504 15.718 11.07 -14.335 18.342 8.869 -10.573
3 16 13.271 8.402 -15.357 10.897 7.618 -18.048 10.898 8.417 -18.013
3 16 11.289 8.981 -17.569 12.888 8.971 -15.798 10.898 8.417 -18.013
4 16 10.896 8.408 -19.839 11.276 8.971 -19.4 11.289 8.981 -17.569 10.898 8.417 -18.013
4 16 10.224 11.094 -20.173 10.545 11.656 -19.793 11.276 8.971 -19.4 10.896 8.408 -19.839
3 16 17.471 7.101 -9.875 17.096 6.594 -10.527 15.51 6.609 -12.651
3 16 17.508 7.932 -9.65 17.471 7.101 -9.875 15.105 7.242 -13.135
3 16 15.622 8.61 -12.41 16.644 8.773 -10.932 17.12 8.521 -10.199
4 16 15.181 8.1 -13.011 17.12 8.521 -10.199 17.508 7.932 -9.65 15.105 7.242 -13.135
3 16 16.136 8.806 -11.686 15.622 8.61 -12.41 15.564 8.57 -14.539
3 16 13.271 8.402 -15.357 13.264 7.606 -15.371 10.897 7.618 -18.048
3 16 17.471 7.101 -9.875 17.488 7.144 -12.075 17.096 6.594 -10.527
3 16 17.096 6.594 -10.527 16.601 6.352 -11.25 16.054 6.345 -11.975
3 16 17.096 6.594 -10.527 16.054 6.345 -11.975 15.51 6.609 -12.651
3 16 18.342 8.869 -10.573 17.488 7.144 -12.075 17.495 7.972 -11.986
3 16 19.637 3.462 -9.811 19.096 3.536 -10.639 18.342 8.869 -10.573
3 16 17 3.249 -7.974 17 3.443 -9.604 19.637 3.462 -9.811
3 16 17 3.443 -9.604 17 3.249 -7.974 17 2.675 -8
3 16 8.169 11.527 -21.792 8.606 10.959 -21.6 7.845 9.492 -22.642
4 16 7.25 9.708 -23.171 7.845 9.492 -22.642 7.847 9.491 -20.927 7.258 9.707 -21.4
4 16 8.114 12.238 -19.998 8.175 11.512 -20.157 8.169 11.527 -21.792 8.115 12.243 -21.603
4 16 8.91 13.149 -19.152 8.41 12.814 -19.61 8.406 12.809 -21.203 8.901 13.146 -20.755
4 16 8.41 12.814 -19.61 8.114 12.238 -19.998 8.115 12.243 -21.603 8.406 12.809 -21.203
3 16 10.096 12.967 -19.903 12.123 14.942 -17.909 10.515 12.39 -19.686
4 16 10.545 11.656 -19.793 12.123 14.942 -17.909 13.799 12.523 -16.583 13.385 11.971 -17.041
3 16 14.34 12.758 -15.992 14.376 12.764 -14.031 13.799 12.523 -16.583
3 16 14.34 12.758 -15.992 14.892 12.73 -15.364 14.911 12.725 -13.346
3 16 14.892 12.73 -15.364 15.731 14.016 -14.349 15.394 12.452 -14.758
3 16 18.342 8.869 -10.573 15.718 11.07 -14.335 15.755 11.872 -14.292
3 16 17 -4.825 -.5 14.55 -4.825 -.5 14.562 -4.875 -2.895
3 16 14.562 -4.875 -2.895 16.679 -4.875 -9.707 17 -4.825 -.5
5 24 14.562 -4.875 -2.895 17 -4.825 -.5 16.679 -4.875 -9.707 14.55 -4.825 -.5
3 16 17 -4.825 -.5 16.679 -4.875 -9.707 17 -4.2543 -3.3703
4 16 14.55 0 4.325 14.55 4.3423 1.3465 14.562 -4.875 -2.895 14.55 -4.825 -0.5
3 16 17 -2.62825 -5.80325 17 -4.2543 -3.3703 16.679 -4.875 -9.707
3 16 17 -.1953 -7.4293 17 -2.62825 -5.80325 16.679 -4.875 -9.707
3 16 16.679 -4.875 -9.707 16.63 -4.875 -10.275 16.975 3.544 -10.464
3 16 17 3.443 -9.604 17 2.675 -8 17 -.1953 -7.4293
3 16 8.349 8.16 -22.462 9.178 10.734 -21.167 9.737 10.79 -20.663
3 16 9.178 10.734 -21.167 8.298 8.924 -22.358 8.606 10.959 -21.6
4 16 10.897 7.618 -18.048 11.295 7.044 -17.625 11.294 7.045 -19.491 10.897 7.619 -19.892
4 16 10.898 8.417 -18.013 10.897 7.618 -18.048 10.897 7.619 -19.892 10.896 8.408 -19.839
3 16 9.737 10.79 -20.663 10.224 11.094 -20.173 8.349 8.16 -22.462
3 16 17.471 7.101 -9.875 15.51 6.609 -12.651 15.105 7.242 -13.135
3 16 17.12 8.521 -10.199 15.181 8.1 -13.011 15.622 8.61 -12.41
3 16 14.816 10.304 -15.457 13.275 8.391 -17.259 14.276 10.308 -16.095
3 16 15.622 8.61 -12.41 15.148 8.023 -15.061 15.564 8.57 -14.539
4 16 14.816 10.304 -15.457 15.323 10.541 -14.836 15.564 8.57 -14.539 15.148 8.023 -15.061
4 16 13.264 7.606 -15.371 13.271 8.402 -15.357 13.275 8.391 -17.259 13.262 7.602 -17.283
4 16 11.819 6.794 -17.041 11.295 7.044 -17.625 12.876 7.049 -15.827 12.363 6.797 -16.421
4 16 11.295 7.044 -17.625 10.897 7.618 -18.048 13.264 7.606 -15.371 12.876 7.049 -15.827
4 16 11.295 7.044 -17.625 11.819 6.794 -17.041 11.819 6.794 -18.92 11.294 7.045 -19.491
3 16 17.096 6.594 -10.527 17.488 7.144 -12.075 17.108 6.604 -12.636
4 16 16.601 6.352 -11.25 17.096 6.594 -10.527 17.108 6.604 -12.636 16.603 6.352 -13.301
4 16 16.054 6.345 -11.975 16.601 6.352 -11.25 16.603 6.352 -13.301 16.057 6.344 -13.982
4 16 15.51 6.609 -12.651 16.054 6.345 -11.975 16.057 6.344 -13.982 15.526 6.596 -14.625
3 16 18.342 8.869 -10.573 19.023 8.477 -9.369 19.637 3.462 -9.811
3 16 17.488 7.144 -12.075 18.342 8.869 -10.573 19.096 3.536 -10.639
3 16 19.637 3.462 -9.811 17 3.443 -9.604 19.096 3.536 -10.639
3 16 16.975 3.544 -10.464 17 -.1953 -7.4293 16.679 -4.875 -9.707
3 16 8.298 8.924 -22.358 7.845 9.492 -22.642 8.606 10.959 -21.6
4 16 8.294 8.935 -20.617 7.847 9.491 -20.927 7.845 9.492 -22.642 8.298 8.924 -22.358
3 16 7.25 9.708 -23.171 8.169 11.527 -21.792 7.845 9.492 -22.642
3 16 8.406 12.809 -21.203 6.5876 15.7777 -21.1107 8.901 13.146 -20.755
3 16 20 6.425 -4.25 19.477 11.972 -6.565 20 9.6043 2.3703
3 16 8.901 13.146 -20.755 6.5876 15.7777 -21.1107 9.5 13.213 -20.313
3 16 10.096 12.967 -19.903 9.5 13.213 -20.313 12.123 14.942 -17.909
3 16 12.123 14.942 -17.909 15.731 14.016 -14.349 14.34 12.758 -15.992
3 16 14.34 12.758 -15.992 13.799 12.523 -16.583 12.123 14.942 -17.909
5 24 14.34 12.758 -15.992 12.123 14.942 -17.909 13.799 12.523 -16.583 15.731 14.016 -14.349
3 16 15.731 14.016 -14.349 14.892 12.73 -15.364 14.34 12.758 -15.992
3 16 15.731 14.016 -14.349 15.755 11.872 -14.292 15.394 12.452 -14.758
3 16 18.342 8.869 -10.573 15.755 11.872 -14.292 15.731 14.016 -14.349
3 16 18.342 8.869 -10.573 18.426 12.815 -9.777 19.023 8.477 -9.369
3 16 19.023 8.477 -9.369 18.965 12.441 -8.351 19.551 8 -8.08
4 16 20 9.6043 2.3703 19.477 11.972 -6.565 16.458 12.154 -7.258 17 9.6043 2.3703
4 16 15.725 8.42 -9.427 14.537 6.571 -4.54 14.55 4.3423 1.3465 17 4.3423 1.3465
3 16 9.178 10.734 -21.167 8.349 8.16 -22.462 8.298 8.924 -22.358
3 16 10.896 8.408 -19.839 8.349 8.16 -22.462 10.224 11.094 -20.173
3 16 15.51 6.609 -12.651 15.526 6.596 -14.625 15.105 7.242 -13.135
3 16 15.181 8.1 -13.011 15.105 7.242 -13.135 15.121 7.187 -15.104
3 16 15.181 8.1 -13.011 15.148 8.023 -15.061 15.622 8.61 -12.41
4 16 13.262 7.602 -17.283 13.275 8.391 -17.259 14.816 10.304 -15.457 15.148 8.023 -15.061
4 16 11.819 6.794 -17.041 12.363 6.797 -16.421 12.363 6.797 -18.311 11.819 6.794 -18.92
3 16 11.819 6.794 -18.92 13.615 4.1 -16.914 6.444 4.837 -25.123
3 16 18.23 3.625 -11.63 17.108 6.604 -12.636 17.488 7.144 -12.075
3 16 19.096 3.536 -10.639 18.23 3.625 -11.63 17.488 7.144 -12.075
3 16 16.975 3.544 -10.464 19.096 3.536 -10.639 17 3.443 -9.604
3 16 16.975 3.544 -10.464 17 3.443 -9.604 17 -.1953 -7.4293
3 16 8.294 8.935 -20.617 6.68 9.626 -21.925 7.847 9.491 -20.927
3 16 7.847 9.491 -20.927 6.68 9.626 -21.925 7.258 9.707 -21.4
4 16 6.673 9.623 -23.727 7.25 9.708 -23.171 7.258 9.707 -21.4 6.68 9.626 -21.925
4 16 7.384 12.112 -22.255 8.115 12.243 -21.603 8.169 11.527 -21.792 7.25 9.708 -23.171
3 16 8.406 12.809 -21.203 8.115 12.243 -21.603 7.384 12.112 -22.255
3 16 18.965 12.441 -8.351 19.477 11.972 -6.565 19.551 8 -8.08
3 16 6.5876 15.7777 -21.1107 12.123 14.942 -17.909 9.5 13.213 -20.313
3 16 15.731 14.016 -14.349 18.426 12.815 -9.777 18.342 8.869 -10.573
3 16 19.023 8.477 -9.369 18.426 12.815 -9.777 18.965 12.441 -8.351
4 16 16.192 12.43 -8.307 16.458 12.154 -7.258 19.477 11.972 -6.565 18.965 12.441 -8.351
3 16 17 4.3423 1.3465 17 9.6043 2.3703 16.458 12.154 -7.258
3 16 16.679 -4.875 -9.707 14.562 -4.875 -2.895 14.544 -4.875 -8.614
4 16 14.55 4.3423 1.3465 14.537 6.571 -4.54 14.544 -4.875 -8.614 14.562 -4.875 -2.895
4 16 8.298 8.924 -22.358 8.349 8.16 -22.462 8.352 8.171 -20.68 8.294 8.935 -20.617
3 16 6.444 4.837 -25.123 7.004 7.22 -24.012 7.547 7.282 -23.441
3 16 7.547 7.282 -23.441 10.897 7.619 -19.892 11.294 7.045 -19.491
3 16 15.526 6.596 -14.625 15.121 7.187 -15.104 15.105 7.242 -13.135
3 16 16.057 6.344 -13.982 13.615 4.1 -16.914 15.526 6.596 -14.625
3 16 15.148 8.023 -15.061 15.181 8.1 -13.011 15.121 7.187 -15.104
4 16 12.363 6.797 -16.421 12.876 7.049 -15.827 12.876 7.05 -17.729 12.363 6.797 -18.311
4 16 12.876 7.049 -15.827 13.264 7.606 -15.371 13.262 7.602 -17.283 12.876 7.05 -17.729
3 16 11.819 6.794 -18.92 12.363 6.797 -18.311 13.615 4.1 -16.914
3 16 17.108 6.604 -12.636 18.23 3.625 -11.63 16.603 6.352 -13.301
3 16 16.603 6.352 -13.301 13.615 4.1 -16.914 16.057 6.344 -13.982
3 16 18.23 3.625 -11.63 19.096 3.536 -10.639 16.975 3.544 -10.464
4 16 16.76 3.611 -11.075 16.975 3.544 -10.464 16.63 -4.875 -10.275 16.489 -4.875 -10.687
3 16 8.294 8.935 -20.617 6.2 9.291 -22.448 6.68 9.626 -21.925
3 16 4.615 8.711 -26.321 7.384 12.112 -22.255 6.1979 9.2889 -24.311
3 16 4.615 8.711 -26.321 6.1979 9.2889 -24.311 5.9129 8.7199 -24.81
3 16 2.497 5.243 -29.641 1.875 5.31 -30.387 4.615 8.711 -26.321
5 24 4.615 8.711 -26.321 2.497 5.243 -29.641 1.875 5.31 -30.387 5.9129 8.7199 -24.81
3 16 6.9395 13.942 -21.774 6.5876 15.7777 -21.1107 8.406 12.809 -21.203
3 16 7.384 12.112 -22.255 6.9395 13.942 -21.774 8.406 12.809 -21.203
4 16 12.123 14.942 -17.909 6.5876 15.7777 -21.1107 2.139 15.465 -19.865 12.048 14.185 -14.994
3 16 12.123 14.942 -17.909 12.048 14.185 -14.994 15.731 14.016 -14.349
4 16 18.426 12.815 -9.777 15.731 14.016 -14.349 12.048 14.185 -14.994 15.767 12.705 -9.357
4 16 18.965 12.441 -8.351 18.426 12.815 -9.777 15.767 12.705 -9.357 16.192 12.43 -8.307
4 16 15.725 8.42 -9.427 16.192 12.43 -8.307 15.767 12.705 -9.357 15.338 8.77 -10.393
3 16 16.458 12.154 -7.258 15.725 8.42 -9.427 17 4.3423 1.3465
3 16 13.66 7.894 -7.977 14.537 6.571 -4.54 15.725 8.42 -9.427
3 16 14.544 -4.875 -8.614 14.537 6.571 -4.54 13.66 7.894 -7.977
3 16 10.717 4.273 -15.805 9.709 3.741 -17.078 10 3.043 -16.791
4 16 8.03 7.589 -21.091 8.352 8.171 -20.68 8.349 8.16 -22.462 8.027 7.586 -22.891
4 16 7.548 7.283 -21.633 8.03 7.589 -21.091 8.027 7.586 -22.891 7.547 7.282 -23.441
4 16 15.121 7.187 -15.104 15.526 6.596 -14.625 13.615 4.1 -16.914 13.262 7.602 -17.283
3 16 15.121 7.187 -15.104 13.262 7.602 -17.283 15.148 8.023 -15.061
3 16 12.363 6.797 -18.311 12.876 7.05 -17.729 13.615 4.1 -16.914
3 16 13.615 4.1 -16.914 16.603 6.352 -13.301 18.23 3.625 -11.63
3 16 16.76 3.611 -11.075 18.23 3.625 -11.63 16.975 3.544 -10.464
3 16 8.352 8.171 -20.68 6.2 9.291 -22.448 8.294 8.935 -20.617
4 16 6.68 9.626 -21.925 6.2 9.291 -22.448 6.1979 9.2889 -24.311 6.673 9.623 -23.727
3 16 7.384 12.112 -22.255 6.673 9.623 -23.727 6.1979 9.2889 -24.311
3 16 15.725 8.42 -9.427 16.458 12.154 -7.258 16.192 12.43 -8.307
4 16 16.63 -4.875 -10.275 16.679 -4.875 -9.707 14.544 -4.875 -8.614 14.443 -4.875 -9.01
4 16 13.257 8.223 -8.884 13.66 7.894 -7.977 15.725 8.42 -9.427 15.338 8.77 -10.393
3 16 14.544 -4.875 -8.614 13.66 7.894 -7.977 14.443 -4.875 -9.01
4 16 10 3.043 -16.791 10 3.043 -18.417 10 1.26 -18.094 10 1.26 -16.36
4 16 9.709 3.741 -18.86 10 3.043 -18.417 10 3.043 -16.791 9.709 3.741 -17.078
3 16 10.717 4.273 -15.805 9.117 3.915 -17.732 9.709 3.741 -17.078
3 16 8.352 8.171 -20.68 8.03 7.589 -21.091 5.911 8.711 -22.89
3 16 8.03 7.589 -21.091 7.548 7.283 -21.633 5.992 7.96 -23.034
3 16 7.004 7.22 -22.201 6.449 7.419 -22.721 7.548 7.283 -21.633
4 16 7.004 7.22 -22.201 7.548 7.283 -21.633 7.547 7.282 -23.441 7.004 7.22 -24.012
3 16 8.027 7.586 -22.891 8.349 8.16 -22.462 10.896 8.408 -19.839
3 16 13.262 7.602 -17.283 13.615 4.1 -16.914 12.876 7.05 -17.729
4 16 13.615 4.1 -16.914 18.23 3.625 -11.63 16.76 3.611 -11.075 12.305 4.085 -16.089
3 16 16.76 3.611 -11.075 16.489 -4.875 -10.687 12.305 4.085 -16.089
3 16 5.911 8.711 -22.89 6.2 9.291 -22.448 8.352 8.171 -20.68
4 16 5.9129 8.7199 -24.81 6.1979 9.2889 -24.311 6.2 9.291 -22.448 5.911 8.711 -22.89
3 16 7.25 9.708 -23.171 6.673 9.623 -23.727 7.384 12.112 -22.255
3 16 1.875 16.007 -21.932 2.139 15.465 -19.865 6.5876 15.7777 -21.1107
3 16 15.767 12.705 -9.357 14.79 9.12 -11.359 15.338 8.77 -10.393
4 16 5.723 4.27 -21.484 9.117 3.915 -17.732 10.717 4.273 -15.805 10.446 6.367 -15.429
3 16 2.139 15.465 -19.865 0 12.189 -19.829 12.048 14.185 -14.994
3 16 12.048 14.185 -14.994 12.226 10.367 -14.799 14.79 9.12 -11.359
4 16 12.854 8.552 -9.792 15.338 8.77 -10.393 14.79 9.12 -11.359 9.967 9.928 -13.588
3 16 10.717 4.273 -15.805 10 3.043 -16.791 10 1.26 -16.36
3 16 14.443 -4.875 -9.01 13.66 7.894 -7.977 13.257 8.223 -8.884
3 16 10 3.043 -18.417 12.305 4.085 -16.089 10 1.26 -18.094
3 16 9.709 3.741 -18.86 12.305 4.085 -16.089 10 3.043 -18.417
4 16 9.117 3.915 -19.508 9.709 3.741 -18.86 9.709 3.741 -17.078 9.117 3.915 -17.732
3 16 7.548 7.283 -21.633 6.449 7.419 -22.721 5.992 7.96 -23.034
3 16 5.911 8.711 -22.89 8.03 7.589 -21.091 5.992 7.96 -23.034
4 16 6.449 7.419 -22.721 7.004 7.22 -22.201 7.004 7.22 -24.012 6.446 7.421 -24.562
3 16 12.466 -4.879 -14.683 12.305 4.085 -16.089 16.489 -4.875 -10.687
4 16 2.497 5.243 -29.641 4.615 8.711 -26.321 5.9129 8.7199 -24.81 5.986 7.973 -24.898
3 16 14.79 9.12 -11.359 15.767 12.705 -9.357 12.048 14.185 -14.994
3 16 10.446 6.367 -15.429 10.717 4.273 -15.805 12.854 8.552 -9.792
3 16 0 12.189 -19.829 12.226 10.367 -14.799 12.048 14.185 -14.994
3 16 15.338 8.77 -10.393 12.854 8.552 -9.792 13.257 8.223 -8.884
3 16 10.717 4.273 -15.805 10 1.26 -16.36 11.416 -1.174 -13.917
4 16 16.489 -4.875 -10.687 16.63 -4.875 -10.275 14.443 -4.875 -9.01 14.343 -4.875 -9.406
3 16 14.443 -4.875 -9.01 13.257 8.223 -8.884 14.343 -4.875 -9.406
4 16 12.305 4.085 -16.089 12.466 -4.879 -14.683 9.8084 0.6244 -18.2027 10 1.26 -18.094
3 16 9.117 3.915 -19.508 12.305 4.085 -16.089 9.709 3.741 -18.86
4 16 5.992 7.96 -23.034 6.449 7.419 -22.721 6.446 7.421 -24.562 5.986 7.973 -24.898
4 16 5.911 8.711 -22.89 5.992 7.96 -23.034 5.986 7.973 -24.898 5.9129 8.7199 -24.81
3 16 8.027 7.586 -22.891 10.896 8.408 -19.839 10.897 7.619 -19.892
3 16 7.547 7.282 -23.441 8.027 7.586 -22.891 10.897 7.619 -19.892
3 16 7.384 12.112 -22.255 4.615 8.711 -26.321 6.9395 13.942 -21.774
3 16 1.875 5.31 -30.387 6.5876 15.7777 -21.1107 6.9395 13.942 -21.774
3 16 6.9395 13.942 -21.774 4.615 8.711 -26.321 1.875 5.31 -30.387
5 24 6.9395 13.942 -21.774 1.875 5.31 -30.387 4.615 8.711 -26.321 6.5876 15.7777 -21.1107
4 16 9.967 9.928 -13.588 14.79 9.12 -11.359 12.226 10.367 -14.799 5.096 11.027 -16.622
3 16 10.446 6.367 -15.429 12.854 8.552 -9.792 9.967 9.928 -13.588
3 16 10.446 6.367 -15.429 5.378 7.538 -20.74 5.723 4.27 -21.484
3 16 5.096 11.027 -16.622 12.226 10.367 -14.799 0 12.189 -19.829
3 16 10 1.26 -18.094 9.8084 0.6244 -18.2027 9.652 0.504 -16.349
3 16 10 1.26 -18.094 9.652 0.504 -16.349 10 1.26 -16.36
3 16 12.854 8.552 -9.792 14.343 -4.875 -9.406 13.257 8.223 -8.884
3 16 12.854 8.552 -9.792 10.717 4.273 -15.805 11.416 -1.174 -13.917
3 16 12.466 -4.879 -14.683 9.2954 0.3954 -18.6247 9.8084 0.6244 -18.2027
4 16 9.117 3.915 -17.732 5.723 4.27 -21.484 6.066 4.234 -22.796 9.117 3.915 -19.508
3 16 6.444 4.837 -25.123 2.497 5.243 -29.641 6.446 7.421 -24.562
3 16 7.547 7.282 -23.441 11.294 7.045 -19.491 6.444 4.837 -25.123
3 16 1.875 5.31 -30.387 1.875 16.007 -21.932 6.5876 15.7777 -21.1107
3 16 10.446 6.367 -15.429 9.967 9.928 -13.588 5.378 7.538 -20.74
3 16 0 11.328 -17.451 5.096 11.027 -16.622 0 12.189 -19.829
3 16 8.96 0.413 -17.024 9.8084 0.6244 -18.2027 9.2954 0.3954 -18.6247
3 16 9.8084 0.6244 -18.2027 8.96 0.413 -17.024 9.652 0.504 -16.349
3 16 10 1.26 -16.36 9.652 0.504 -16.349 11.416 -1.174 -13.917
3 16 12.854 8.552 -9.792 11.416 -1.174 -13.917 14.343 -4.875 -9.406
4 16 12.466 -4.879 -14.683 16.489 -4.875 -10.687 14.343 -4.875 -9.406 10.484 -4.907 -12.899
4 16 2.966 4.559 -26.182 6.066 4.234 -22.796 5.723 4.27 -21.484 2.966 4.559 -23.579
3 16 6.066 4.234 -22.796 12.305 4.085 -16.089 9.117 3.915 -19.508
3 16 6.446 7.421 -24.562 7.004 7.22 -24.012 6.444 4.837 -25.123
4 16 6.444 4.837 -25.123 13.615 4.1 -16.914 12.305 4.085 -16.089 6.096 4.734 -22.984
4 16 1.875 16.241 -22.823 1.875 16.007 -21.932 1.875 5.31 -30.387 1.875 8.925 -32.123
3 16 9.967 9.928 -13.588 5.096 11.027 -16.622 5.378 7.538 -20.74
3 16 5.857 0.737 -21.681 9.2954 0.3954 -18.6247 12.466 -4.879 -14.683
3 16 9.652 0.504 -16.349 8.96 0.413 -17.024 11.416 -1.174 -13.917
3 16 11.416 -1.174 -13.917 10.484 -4.907 -12.899 14.343 -4.875 -9.406
3 16 12.466 -4.879 -14.683 5.075 -6.959 -18.453 1.875 -1.354 -23.979
3 16 1.875 5.466 -32.123 1.875 8.925 -32.123 1.875 5.31 -30.387
3 16 2.966 4.559 -26.182 1.875 5.189 -27.811 6.066 4.234 -22.796
3 16 6.096 4.734 -22.984 12.305 4.085 -16.089 6.066 4.234 -22.796
3 16 2.497 5.243 -29.641 5.986 7.973 -24.898 6.446 7.421 -24.562
3 16 5.723 4.27 -21.484 5.378 7.538 -20.74 2.966 4.559 -23.579
3 16 2.966 4.559 -26.182 2.321 4.443 -26.797 1.875 5.189 -27.811
3 16 2.052 4.103 -26.892 1.875 5.189 -27.811 2.321 4.443 -26.797
4 16 2 2.126 -23.066 2.004 1.735 -25.571 2.052 4.103 -26.892 2.052 4.103 -24.095
4 16 5.857 0.737 -21.681 2.941 1.042 -24.265 2.62 1.078 -22.272 5.899 0.733 -20.171
4 16 9.2954 0.3954 -18.6247 5.857 0.737 -21.681 5.899 0.733 -20.171 8.96 0.413 -17.024
3 16 2.335 1.192 -24.972 2.62 1.078 -22.272 2.941 1.042 -24.265
3 16 2.335 1.192 -24.972 2.941 1.042 -24.265 1.875 -1.354 -23.979
3 16 2.004 1.735 -25.571 2.118 1.412 -22.671 2.335 1.192 -24.972
3 16 2.941 1.042 -24.265 5.857 0.737 -21.681 12.466 -4.879 -14.683
3 16 2.004 1.735 -25.571 1.875 5.189 -27.811 2.052 4.103 -26.892
3 16 1.875 5.189 -27.811 6.096 4.734 -22.984 6.066 4.234 -22.796
4 16 2.497 5.243 -29.641 6.444 4.837 -25.123 6.096 4.734 -22.984 1.875 5.189 -27.811
3 16 1.875 5.965 -24.175 2.966 4.559 -23.579 5.378 7.538 -20.74
3 16 5.096 11.027 -16.622 0 11.328 -17.451 0 8.163 -23.182
4 16 2.966 4.559 -26.182 2.966 4.559 -23.579 2.321 4.443 -23.963 2.321 4.443 -26.797
4 16 2.052 4.103 -24.095 2.052 4.103 -26.892 2.321 4.443 -26.797 2.321 4.443 -23.963
3 16 4.165 -2.405 -19.432 11.416 -1.174 -13.917 8.96 0.413 -17.024
3 16 11.416 -1.174 -13.917 4.399 -6.942 -15.721 10.484 -4.907 -12.899
3 16 2.004 1.735 -25.571 2 2.126 -23.066 2.118 1.412 -22.671
3 16 2.62 1.078 -22.272 2.335 1.192 -24.972 2.118 1.412 -22.671
3 16 2.004 1.735 -25.571 2.335 1.192 -24.972 1.875 -1.354 -23.979
3 16 1.875 -1.354 -23.979 1.875 1.7513 -25.7686 2.004 1.735 -25.571
3 16 12.466 -4.879 -14.683 10.484 -4.907 -12.899 4.399 -6.942 -15.721
3 16 1.875 -1.354 -23.979 2.941 1.042 -24.265 12.466 -4.879 -14.683
3 16 2.004 1.735 -25.571 1.875 1.7513 -25.7686 1.875 5.189 -27.811
3 16 1.875 5.31 -30.387 2.497 5.243 -29.641 1.875 5.189 -29.034
3 16 0 8.163 -23.182 5.378 7.538 -20.74 5.096 11.027 -16.622
3 16 1.875 5.965 -24.175 2.321 4.443 -23.963 2.966 4.559 -23.579
3 16 2 2.126 -23.066 2.052 4.103 -24.095 1.875 4.091 -24.084
3 16 1.875 4.091 -24.084 1.875 1.426 -22.67 2 2.126 -23.066
3 16 2.62 1.078 -22.272 1.875 -2.727 -19.782 4.165 -2.405 -19.432
3 16 4.165 -2.405 -19.432 8.96 0.413 -17.024 5.899 0.733 -20.171
3 16 4.399 -6.942 -15.721 11.416 -1.174 -13.917 4.165 -2.405 -19.432
3 16 1.875 1.426 -22.67 2.118 1.412 -22.671 2 2.126 -23.066
3 16 1.875 -2.727 -19.782 2.62 1.078 -22.272 2.118 1.412 -22.671
3 16 5.075 -6.959 -18.453 12.466 -4.879 -14.683 4.399 -6.942 -15.721
4 16 1.875 5.189 -27.811 1.875 1.7513 -25.7686 1.875 -1.354 -23.979 1.875 5.189 -29.034
3 16 2.497 5.243 -29.641 1.875 5.189 -27.811 1.875 5.189 -29.034
3 16 0 8.163 -23.182 1.875 5.965 -24.175 5.378 7.538 -20.74
3 16 1.875 5.965 -24.175 2.052 4.103 -24.095 2.321 4.443 -23.963
3 16 4.165 -2.405 -19.432 5.899 0.733 -20.171 2.62 1.078 -22.272
3 16 4.165 -2.405 -19.432 1.875 -7.847 -16.599 4.399 -6.942 -15.721
3 16 1.875 -2.727 -19.782 2.118 1.412 -22.671 1.875 1.426 -22.67
3 16 1.875 -7.847 -16.599 5.075 -6.959 -18.453 4.399 -6.942 -15.721
3 16 1.875 -1.354 -23.979 5.075 -6.959 -18.453 1.875 -7.847 -20.147
3 16 1.875 4.091 -24.084 2.052 4.103 -24.095 1.875 5.965 -24.175
3 16 4.165 -2.405 -19.432 1.875 -2.727 -19.782 1.875 -7.847 -16.599
4 16 1.875 1.426 -22.67 1.875 4.091 -24.084 1.875 -11.6672 -12.6672 1.875 -2.727 -19.782
3 16 1.875 -7.847 -20.147 5.075 -6.959 -18.453 1.875 -7.847 -16.599
3 16 1.875 -11.6672 -12.6672 1.875 -7.847 -16.599 1.875 -2.727 -19.782
4 16 1.875 -11.6672 -12.6672 1.875 -11.928 -18.869 1.875 -7.847 -20.147 1.875 -7.847 -16.599
3 16 1.875 -15.63 -15.88 1.875 -11.928 -18.869 1.875 -11.6672 -12.6672
4 16 1.875 -15.2444 -7.3146 1.875 -18.49 -12.35 1.875 -15.63 -15.88 1.875 -11.6672 -12.6672
3 16 1.875 -20.59 -8.07 1.875 -18.49 -12.35 1.875 -15.2444 -7.3146
4 16 1.875 -21.2 -3.4656 1.875 -20.59 -8.07 1.875 -15.2444 -7.3146 1.875 -16.25 -3.4656
3 16 6.444 4.837 -25.123 11.294 7.045 -19.491 11.819 6.794 -18.92
3 16 1.875 -15.2444 -7.3146 1.875 -16.25 -2.9656 1.875 -16.25 -3.4656
4 16 1.875 -7.847 -20.147 1.875 -11.928 -18.869 1.875 5.189 -29.034 1.875 -1.354 -23.979
2 24 1.875 -16.25 -3.4656 1.875 -16.25 -2.9656
2 24 1.875 -16.25 -2.9656 1.875 -15.2444 -7.3146
2 24 13.4 12.006 -15.181 13.355 11.172 -15.242
2 24 12.369 9.232 -16.382 11.816 9.237 -16.991
2 24 10.546 11.66 -18.097 10.223 11.093 -18.471
2 24 13.355 11.172 -15.242 13.752 10.568 -14.782
2 24 13.75 10.569 -16.689 13.357 11.165 -17.102
2 24 11.802 9.234 -18.834 12.364 9.233 -18.238
2 24 12.891 8.968 -17.675 12.364 9.233 -18.238
2 24 13.357 11.165 -17.102 13.385 11.971 -17.041
2 24 13.4 12.006 -15.181 13.836 12.55 -14.676
2 24 8.614 10.953 -19.932 8.175 11.512 -20.157
2 24 9.18 10.734 -19.48 8.614 10.953 -19.932
2 24 12.888 8.971 -15.798 12.369 9.232 -16.382
2 24 11.289 8.981 -17.569 11.816 9.237 -16.991
2 24 11.276 8.971 -19.4 11.802 9.234 -18.834
2 24 10.223 11.093 -18.471 9.735 10.789 -18.965
2 24 9.735 10.789 -18.965 9.18 10.734 -19.48
2 24 16.081 8.797 -13.874 16.605 8.783 -13.176
2 24 16.605 8.783 -13.176 17.102 8.537 -12.504
2 24 17.102 8.537 -12.504 17.495 7.972 -11.986
2 24 14.277 10.308 -14.142 13.752 10.568 -14.782
2 24 14.276 10.308 -16.095 13.75 10.569 -16.689
2 24 16.644 8.773 -10.932 16.136 8.806 -11.686
2 24 15.315 10.535 -12.785 14.814 10.304 -13.457
2 24 14.814 10.304 -13.457 14.277 10.308 -14.142
2 24 20 3.296 -7.97 19.637 3.462 -9.811
2 24 10.511 12.399 -18.026 10.546 11.66 -18.097
2 24 10.095 12.968 -18.283 10.511 12.399 -18.026
2 24 9.508 13.212 -18.692 10.095 12.968 -18.283
2 24 10.515 12.39 -19.686 10.545 11.656 -19.793
2 24 13.836 12.55 -14.676 14.376 12.764 -14.031
2 24 14.376 12.764 -14.031 14.911 12.725 -13.346
2 24 14.911 12.725 -13.346 15.396 12.451 -12.677
2 24 15.396 12.451 -12.677 15.755 11.874 -12.149
2 24 15.755 11.874 -12.149 15.711 11.055 -12.22
2 24 15.711 11.055 -12.22 15.315 10.535 -12.785
2 24 12.888 8.971 -15.798 13.271 8.402 -15.357
2 24 10.545 11.656 -19.793 10.224 11.094 -20.173
2 24 17.471 7.101 -9.875 17.508 7.932 -9.65
2 24 17.12 8.521 -10.199 16.644 8.773 -10.932
2 24 17.508 7.932 -9.65 17.12 8.521 -10.199
2 24 15.622 8.61 -12.41 16.136 8.806 -11.686
2 24 15.564 8.57 -14.539 16.081 8.797 -13.874
2 24 15.718 11.07 -14.335 15.323 10.541 -14.836
2 24 17.495 7.972 -11.986 17.488 7.144 -12.075
2 24 20 3.296 -7.97 17 3.249 -7.974
2 24 8.606 10.959 -21.6 8.169 11.527 -21.792
2 24 8.175 11.512 -20.157 8.114 12.238 -19.998
2 24 8.41 12.814 -19.61 8.91 13.149 -19.152
2 24 8.91 13.149 -19.152 9.508 13.212 -18.692
2 24 8.114 12.238 -19.998 8.41 12.814 -19.61
2 24 10.096 12.967 -19.903 10.515 12.39 -19.686
2 24 13.385 11.971 -17.041 13.799 12.523 -16.583
2 24 14.892 12.73 -15.364 15.394 12.452 -14.758
2 24 9.737 10.79 -20.663 9.178 10.734 -21.167
2 24 9.178 10.734 -21.167 8.606 10.959 -21.6
2 24 10.897 7.618 -18.048 10.898 8.417 -18.013
2 24 10.898 8.417 -18.013 11.289 8.981 -17.569
2 24 10.896 8.408 -19.839 11.276 8.971 -19.4
2 24 10.224 11.094 -20.173 9.737 10.79 -20.663
2 24 17.471 7.101 -9.875 17.096 6.594 -10.527
2 24 14.816 10.304 -15.457 14.276 10.308 -16.095
2 24 13.275 8.391 -17.259 12.891 8.968 -17.675
2 24 15.323 10.541 -14.836 14.816 10.304 -15.457
2 24 13.271 8.402 -15.357 13.264 7.606 -15.371
2 24 17.096 6.594 -10.527 16.601 6.352 -11.25
2 24 16.601 6.352 -11.25 16.054 6.345 -11.975
2 24 16.054 6.345 -11.975 15.51 6.609 -12.651
2 24 19.637 3.462 -9.811 19.096 3.536 -10.639
2 24 17 3.249 -7.974 17 3.443 -9.604
2 24 7.25 9.708 -23.171 7.845 9.492 -22.642
2 24 8.406 12.809 -21.203 8.901 13.146 -20.755
2 24 8.901 13.146 -20.755 9.5 13.213 -20.313
2 24 9.5 13.213 -20.313 10.096 12.967 -19.903
2 24 13.799 12.523 -16.583 14.34 12.758 -15.992
2 24 14.34 12.758 -15.992 14.892 12.73 -15.364
2 24 15.394 12.452 -14.758 15.755 11.872 -14.292
2 24 15.755 11.872 -14.292 15.718 11.07 -14.335
2 24 16.679 -4.875 -9.707 17 -4.825 -.5
2 24 14.562 -4.875 -2.895 14.55 -4.825 -0.5
2 24 10.897 7.618 -18.048 11.295 7.044 -17.625
2 24 15.51 6.609 -12.651 15.105 7.242 -13.135
2 24 15.105 7.242 -13.135 15.181 8.1 -13.011
2 24 15.181 8.1 -13.011 15.622 8.61 -12.41
2 24 15.148 8.023 -15.061 15.564 8.57 -14.539
2 24 11.819 6.794 -17.041 11.295 7.044 -17.625
2 24 11.819 6.794 -18.92 11.294 7.045 -19.491
2 24 17.488 7.144 -12.075 17.108 6.604 -12.636
2 24 16.975 3.544 -10.464 17 3.443 -9.604
2 24 8.298 8.924 -22.358 7.845 9.492 -22.642
2 24 8.294 8.935 -20.617 7.847 9.491 -20.927
2 24 7.847 9.491 -20.927 7.258 9.707 -21.4
2 24 8.169 11.527 -21.792 8.115 12.243 -21.603
2 24 8.115 12.243 -21.603 8.406 12.809 -21.203
2 24 19.477 11.972 -6.565 20 9.6043 2.3703
2 24 14.537 6.571 -4.54 14.55 4.3423 1.3465
2 24 8.349 8.16 -22.462 8.298 8.924 -22.358
2 24 11.294 7.045 -19.491 10.897 7.619 -19.892
2 24 10.897 7.619 -19.892 10.896 8.408 -19.839
2 24 16.057 6.344 -13.982 15.526 6.596 -14.625
2 24 13.262 7.602 -17.283 13.275 8.391 -17.259
2 24 12.876 7.049 -15.827 12.363 6.797 -16.421
2 24 12.363 6.797 -16.421 11.819 6.794 -17.041
2 24 13.264 7.606 -15.371 12.876 7.049 -15.827
2 24 12.363 6.797 -18.311 11.819 6.794 -18.92
2 24 17.108 6.604 -12.636 16.603 6.352 -13.301
2 24 16.603 6.352 -13.301 16.057 6.344 -13.982
2 24 19.096 3.536 -10.639 18.23 3.625 -11.63
2 24 16.679 -4.875 -9.707 16.63 -4.875 -10.275
2 24 6.68 9.626 -21.925 7.258 9.707 -21.4
2 24 6.673 9.623 -23.727 7.25 9.708 -23.171
2 24 18.965 12.441 -8.351 19.477 11.972 -6.565
2 24 6.5876 15.7777 -21.1107 12.123 14.942 -17.909
2 24 12.123 14.942 -17.909 15.731 14.016 -14.349
2 24 15.731 14.016 -14.349 18.426 12.815 -9.777
2 24 18.426 12.815 -9.777 18.965 12.441 -8.351
2 24 16.192 12.43 -8.307 16.458 12.154 -7.258
2 24 16.458 12.154 -7.258 17 9.6043 2.3703
2 24 15.725 8.42 -9.427 17 4.3423 1.3465
2 24 14.544 -4.875 -8.614 14.562 -4.875 -2.895
2 24 15.526 6.596 -14.625 15.121 7.187 -15.104
2 24 15.121 7.187 -15.104 15.148 8.023 -15.061
2 24 12.876 7.05 -17.729 12.363 6.797 -18.311
2 24 16.76 3.611 -11.075 16.975 3.544 -10.464
2 24 8.352 8.171 -20.68 8.294 8.935 -20.617
2 24 6.2 9.291 -22.448 6.68 9.626 -21.925
2 24 13.66 7.894 -7.977 14.537 6.571 -4.54
2 24 9.709 3.741 -17.078 10 3.043 -16.791
2 24 8.03 7.589 -21.091 8.352 8.171 -20.68
2 24 8.349 8.16 -22.462 8.027 7.586 -22.891
2 24 7.548 7.283 -21.633 8.03 7.589 -21.091
2 24 13.262 7.602 -17.283 12.876 7.05 -17.729
2 24 18.23 3.625 -11.63 13.615 4.1 -16.914
2 24 16.63 -4.875 -10.275 16.489 -4.875 -10.687
2 24 6.1979 9.2889 -24.311 6.673 9.623 -23.727
2 24 15.767 12.705 -9.357 16.192 12.43 -8.307
2 24 2.139 15.465 -19.865 12.048 14.185 -14.994
2 24 12.048 14.185 -14.994 15.767 12.705 -9.357
2 24 14.79 9.12 -11.359 15.338 8.77 -10.393
2 24 15.338 8.77 -10.393 15.725 8.42 -9.427
2 24 13.257 8.223 -8.884 13.66 7.894 -7.977
2 24 14.443 -4.875 -9.01 14.544 -4.875 -8.614
2 24 10 3.043 -18.417 10 1.26 -18.094
2 24 9.709 3.741 -18.86 10 3.043 -18.417
2 24 9.117 3.915 -17.732 9.709 3.741 -17.078
2 24 7.548 7.283 -21.633 7.004 7.22 -22.201
2 24 7.004 7.22 -22.201 6.449 7.419 -22.721
2 24 8.027 7.586 -22.891 7.547 7.282 -23.441
2 24 12.305 4.085 -16.089 16.76 3.611 -11.075
2 24 5.911 8.711 -22.89 6.2 9.291 -22.448
2 24 5.9129 8.7199 -24.81 6.1979 9.2889 -24.311
2 24 6.5876 15.7777 -21.1107 1.875 16.007 -21.932
2 24 5.723 4.27 -21.484 9.117 3.915 -17.732
2 24 10 1.26 -16.36 10 3.043 -16.791
2 24 9.117 3.915 -19.508 9.709 3.741 -18.86
2 24 6.449 7.419 -22.721 5.992 7.96 -23.034
2 24 5.992 7.96 -23.034 5.911 8.711 -22.89
2 24 7.547 7.282 -23.441 7.004 7.22 -24.012
2 24 16.489 -4.875 -10.687 12.466 -4.879 -14.683
2 24 1.875 5.31 -30.387 1.875 16.007 -21.932
2 24 1.875 16.007 -21.932 1.875 16.241 -22.823
2 24 12.226 10.367 -14.799 14.79 9.12 -11.359
2 24 9.967 9.928 -13.588 12.854 8.552 -9.792
2 24 0 12.189 -19.829 12.226 10.367 -14.799
2 24 12.854 8.552 -9.792 13.257 8.223 -8.884
2 24 14.343 -4.875 -9.406 14.443 -4.875 -9.01
2 24 9.8084 0.6244 -18.2027 10 1.26 -18.094
2 24 7.004 7.22 -24.012 6.446 7.421 -24.562
2 24 5.986 7.973 -24.898 5.9129 8.7199 -24.81
2 24 1.875 16.241 -22.823 1.875 8.925 -32.123
2 24 9.652 0.504 -16.349 10 1.26 -16.36
2 24 9.2954 0.3954 -18.6247 9.8084 0.6244 -18.2027
2 24 6.066 4.234 -22.796 9.117 3.915 -19.508
2 24 6.446 7.421 -24.562 5.986 7.973 -24.898
2 24 13.615 4.1 -16.914 6.444 4.837 -25.123
2 24 5.096 11.027 -16.622 9.967 9.928 -13.588
2 24 0 11.328 -17.451 5.096 11.027 -16.622
2 24 8.96 0.413 -17.024 9.652 0.504 -16.349
2 24 1.875 8.925 -32.123 1.875 5.466 -32.123
2 24 2.966 4.559 -26.182 6.066 4.234 -22.796
2 24 5.723 4.27 -21.484 2.966 4.559 -23.579
2 24 5.857 0.737 -21.681 9.2954 0.3954 -18.6247
2 24 10.484 -4.907 -12.899 14.343 -4.875 -9.406
2 24 12.466 -4.879 -14.683 5.075 -6.959 -18.453
2 24 1.875 5.31 -30.387 1.875 5.466 -32.123
2 24 6.096 4.734 -22.984 12.305 4.085 -16.089
2 24 6.444 4.837 -25.123 2.497 5.243 -29.641
2 24 2.966 4.559 -26.182 2.321 4.443 -26.797
2 24 2.321 4.443 -26.797 2.052 4.103 -26.892
2 24 2.004 1.735 -25.571 2.052 4.103 -26.892
2 24 5.857 0.737 -21.681 2.941 1.042 -24.265
2 24 2.941 1.042 -24.265 2.335 1.192 -24.972
2 24 2.335 1.192 -24.972 2.004 1.735 -25.571
2 24 1.875 5.189 -27.811 6.096 4.734 -22.984
2 24 2.497 5.243 -29.641 1.875 5.31 -30.387
2 24 2.966 4.559 -23.579 2.321 4.443 -23.963
2 24 2.052 4.103 -24.095 2 2.126 -23.066
2 24 2.62 1.078 -22.272 5.899 0.733 -20.171
2 24 5.899 0.733 -20.171 8.96 0.413 -17.024
2 24 4.399 -6.942 -15.721 10.484 -4.907 -12.899
2 24 2 2.126 -23.066 2.118 1.412 -22.671
2 24 2.118 1.412 -22.671 2.62 1.078 -22.272
2 24 1.875 1.7513 -25.7686 1.875 5.189 -27.811
2 24 2.321 4.443 -23.963 2.052 4.103 -24.095
2 24 1.875 -1.354 -23.979 1.875 1.7513 -25.7686
2 24 1.875 5.189 -27.811 1.875 5.189 -29.034
2 24 1.875 4.091 -24.084 1.875 1.426 -22.67
2 24 1.875 -7.847 -16.599 4.399 -6.942 -15.721
2 24 1.875 1.426 -22.67 1.875 -2.727 -19.782
2 24 1.875 -7.847 -20.147 1.875 -1.354 -23.979
2 24 5.075 -6.959 -18.453 1.875 -7.847 -20.147
2 24 1.875 -11.928 -18.869 1.875 5.189 -29.034
2 24 1.875 -2.727 -19.782 1.875 -7.847 -16.599
2 24 1.875 -7.847 -16.599 1.875 -7.847 -20.147
2 24 1.875 -11.928 -18.869 1.875 -15.63 -15.88
2 24 1.875 -18.49 -12.35 1.875 -20.59 -8.07
2 24 1.875 -15.63 -15.88 1.875 -18.49 -12.35
2 24 1.875 -15.2444 -7.3146 1.875 -11.6672 -12.6672
2 24 1.875 -20.59 -8.07 1.875 -21.2 -3.4656
2 24 1.875 -21.2 -3.4656 1.5308 -21.1695 -3.6956
2 24 1.875 -16.25 -3.4656 1.875 -21.2 -3.4656
2 24 1.5308 -21.1695 -3.6956 0 -21.1292 -4
2 24 17 2.675 -8 17 3.249 -7.974
2 24 20 2.675 -8 20 3.296 -7.97
2 24 1.875 -11.6672 -12.6672 1.875 4.091 -24.084
5 24 17 2.675 -8 20 2.675 -8 17 3.249 -7.974 17 -.1953 -7.4293
5 24 20 3.296 -7.97 20 6.425 -4.25 20 2.675 -4.25 19.551 8 -8.08
5 24 20 3.296 -7.97 19.551 8 -8.08 20 6.425 -4.25 19.637 3.462 -9.811
5 24 19.551 8 -8.08 20 6.425 -4.25 20 3.296 -7.97 19.477 11.972 -6.565
5 24 19.551 8 -8.08 19.477 11.972 -6.565 20 6.425 -4.25 18.965 12.441 -8.351
5 24 19.477 11.972 -6.565 20 6.425 -4.25 19.551 8 -8.08 20 9.6043 2.3703
5 24 20 6.425 -4.25 20 9.6043 2.3703 20 6.425 -0.5 19.477 11.972 -6.565
5 24 13.357 11.165 -17.102 13.4 12.006 -15.181 13.355 11.172 -15.242 13.385 11.971 -17.041
5 24 13.355 11.172 -15.242 13.357 11.165 -17.102 13.4 12.006 -15.181 13.75 10.569 -16.689
5 24 11.816 9.237 -16.991 11.802 9.234 -18.834 12.369 9.232 -16.382 11.276 8.971 -19.4
5 24 8.614 10.953 -19.932 10.546 11.66 -18.097 10.223 11.093 -18.471 8.175 11.512 -20.157
5 24 10.223 11.093 -18.471 8.614 10.953 -19.932 10.546 11.66 -18.097 9.18 10.734 -19.48
5 24 13.752 10.568 -14.782 13.75 10.569 -16.689 13.355 11.172 -15.242 14.276 10.308 -16.095
5 24 12.364 9.233 -18.238 12.369 9.232 -16.382 11.802 9.234 -18.834 12.888 8.971 -15.798
5 24 12.364 9.233 -18.238 13.357 11.165 -17.102 12.891 8.968 -17.675 13.385 11.971 -17.041
5 24 13.385 11.971 -17.041 13.4 12.006 -15.181 13.357 11.165 -17.102 13.836 12.55 -14.676
5 24 13.836 12.55 -14.676 15.396 12.451 -12.677 13.4 12.006 -15.181 14.911 12.725 -13.346
5 24 13.4 12.006 -15.181 15.755 11.874 -12.149 13.355 11.172 -15.242 15.396 12.451 -12.677
5 24 13.355 11.172 -15.242 15.711 11.055 -12.22 13.752 10.568 -14.782 15.755 11.874 -12.149
5 24 8.175 11.512 -20.157 10.546 11.66 -18.097 8.614 10.953 -19.932 10.511 12.399 -18.026
5 24 10.223 11.093 -18.471 9.18 10.734 -19.48 8.614 10.953 -19.932 9.735 10.789 -18.965
5 24 12.369 9.232 -16.382 11.289 8.981 -17.569 11.816 9.237 -16.991 12.888 8.971 -15.798
5 24 13.385 11.971 -17.041 10.545 11.656 -19.793 11.802 9.234 -18.834 12.123 14.942 -17.909
5 24 10.545 11.656 -19.793 11.802 9.234 -18.834 11.276 8.971 -19.4 13.385 11.971 -17.041
5 24 10.546 11.66 -18.097 10.545 11.656 -19.793 10.223 11.093 -18.471 10.515 12.39 -19.686
5 24 16.605 8.783 -13.176 16.644 8.773 -10.932 16.081 8.797 -13.874 17.12 8.521 -10.199
5 24 16.644 8.773 -10.932 16.081 8.797 -13.874 16.605 8.783 -13.176 16.136 8.806 -11.686
5 24 17.12 8.521 -10.199 16.605 8.783 -13.176 17.102 8.537 -12.504 16.644 8.773 -10.932
5 24 17.102 8.537 -12.504 17.12 8.521 -10.199 16.605 8.783 -13.176 17.508 7.932 -9.65
5 24 17.495 7.972 -11.986 17.508 7.932 -9.65 17.102 8.537 -12.504 17.471 7.101 -9.875
5 24 17.508 7.932 -9.65 17.102 8.537 -12.504 17.495 7.972 -11.986 17.12 8.521 -10.199
5 24 13.752 10.568 -14.782 15.315 10.535 -12.785 14.277 10.308 -14.142 15.711 11.055 -12.22
5 24 13.75 10.569 -16.689 12.891 8.968 -17.675 13.357 11.165 -17.102 14.276 10.308 -16.095
5 24 16.136 8.806 -11.686 16.081 8.797 -13.874 16.644 8.773 -10.932 15.564 8.57 -14.539
5 24 15.718 11.07 -14.335 16.605 8.783 -13.176 16.081 8.797 -13.874 17.102 8.537 -12.504
5 24 16.081 8.797 -13.874 15.718 11.07 -14.335 16.605 8.783 -13.176 15.564 8.57 -14.539
5 24 12.891 8.968 -17.675 12.888 8.971 -15.798 12.364 9.233 -18.238 13.271 8.402 -15.357
5 24 19.637 3.462 -9.811 19.551 8 -8.08 20 3.296 -7.97 19.023 8.477 -9.369
5 24 8.175 11.512 -20.157 10.511 12.399 -18.026 10.546 11.66 -18.097 8.114 12.238 -19.998
5 24 10.511 12.399 -18.026 8.114 12.238 -19.998 10.095 12.968 -18.283 8.175 11.512 -20.157
5 24 8.114 12.238 -19.998 10.095 12.968 -18.283 10.511 12.399 -18.026 8.41 12.814 -19.61
5 24 10.095 12.968 -18.283 8.41 12.814 -19.61 9.508 13.212 -18.692 8.114 12.238 -19.998
5 24 8.41 12.814 -19.61 9.508 13.212 -18.692 10.095 12.968 -18.283 8.91 13.149 -19.152
5 24 10.511 12.399 -18.026 10.515 12.39 -19.686 10.546 11.66 -18.097 10.096 12.967 -19.903
5 24 11.802 9.234 -18.834 13.385 11.971 -17.041 12.364 9.233 -18.238 10.545 11.656 -19.793
5 24 13.385 11.971 -17.041 13.836 12.55 -14.676 13.4 12.006 -15.181 13.799 12.523 -16.583
5 24 17.102 8.537 -12.504 18.342 8.869 -10.573 17.495 7.972 -11.986 15.718 11.07 -14.335
5 24 18.342 8.869 -10.573 17.495 7.972 -11.986 17.102 8.537 -12.504 17.488 7.144 -12.075
5 24 15.718 11.07 -14.335 17.102 8.537 -12.504 16.605 8.783 -13.176 18.342 8.869 -10.573
5 24 8.614 10.953 -19.932 8.606 10.959 -21.6 8.175 11.512 -20.157 9.178 10.734 -21.167
5 24 9.18 10.734 -19.48 9.178 10.734 -21.167 8.614 10.953 -19.932 9.737 10.79 -20.663
5 24 10.898 8.417 -18.013 12.888 8.971 -15.798 13.271 8.402 -15.357 11.289 8.981 -17.569
5 24 13.271 8.402 -15.357 10.898 8.417 -18.013 12.888 8.971 -15.798 10.897 7.618 -18.048
5 24 12.888 8.971 -15.798 11.289 8.981 -17.569 12.369 9.232 -16.382 10.898 8.417 -18.013
5 24 11.289 8.981 -17.569 11.276 8.971 -19.4 11.816 9.237 -16.991 10.896 8.408 -19.839
5 24 11.276 8.971 -19.4 10.545 11.656 -19.793 10.224 11.094 -20.173 11.802 9.234 -18.834
5 24 10.545 11.656 -19.793 12.123 14.942 -17.909 10.515 12.39 -19.686 13.385 11.971 -17.041
5 24 10.224 11.094 -20.173 10.223 11.093 -18.471 10.545 11.656 -19.793 9.735 10.789 -18.965
5 24 9.735 10.789 -18.965 9.737 10.79 -20.663 9.18 10.734 -19.48 10.224 11.094 -20.173
5 24 17.495 7.972 -11.986 17.471 7.101 -9.875 17.508 7.932 -9.65 17.488 7.144 -12.075
5 24 14.277 10.308 -14.142 14.276 10.308 -16.095 13.752 10.568 -14.782 14.816 10.304 -15.457
5 24 16.644 8.773 -10.932 15.622 8.61 -12.41 16.136 8.806 -11.686 17.12 8.521 -10.199
5 24 16.136 8.806 -11.686 15.564 8.57 -14.539 16.081 8.797 -13.874 15.622 8.61 -12.41
5 24 15.323 10.541 -14.836 15.315 10.535 -12.785 15.718 11.07 -14.335 14.814 10.304 -13.457
5 24 14.814 10.304 -13.457 14.816 10.304 -15.457 14.277 10.308 -14.142 15.323 10.541 -14.836
5 24 17.488 7.144 -12.075 17.471 7.101 -9.875 17.495 7.972 -11.986 17.096 6.594 -10.527
5 24 19.023 8.477 -9.369 19.551 8 -8.08 19.637 3.462 -9.811 18.965 12.441 -8.351
5 24 19.637 3.462 -9.811 19.023 8.477 -9.369 19.551 8 -8.08 18.342 8.869 -10.573
5 24 17 3.249 -7.974 19.637 3.462 -9.811 20 3.296 -7.97 17 3.443 -9.604
5 24 8.169 11.527 -21.792 8.175 11.512 -20.157 8.606 10.959 -21.6 8.114 12.238 -19.998
5 24 8.91 13.149 -19.152 8.901 13.146 -20.755 9.508 13.212 -18.692 8.406 12.809 -21.203
5 24 10.095 12.968 -18.283 10.096 12.967 -19.903 10.511 12.399 -18.026 9.5 13.213 -20.313
5 24 9.508 13.212 -18.692 9.5 13.213 -20.313 10.095 12.968 -18.283 8.901 13.146 -20.755
5 24 10.515 12.39 -19.686 12.123 14.942 -17.909 10.545 11.656 -19.793 10.096 12.967 -19.903
5 24 13.799 12.523 -16.583 13.836 12.55 -14.676 13.385 11.971 -17.041 14.376 12.764 -14.031
5 24 13.799 12.523 -16.583 14.376 12.764 -14.031 13.836 12.55 -14.676 14.34 12.758 -15.992
5 24 14.34 12.758 -15.992 14.911 12.725 -13.346 14.376 12.764 -14.031 14.892 12.73 -15.364
5 24 14.376 12.764 -14.031 14.34 12.758 -15.992 14.911 12.725 -13.346 13.799 12.523 -16.583
5 24 14.911 12.725 -13.346 14.892 12.73 -15.364 15.396 12.451 -12.677 14.34 12.758 -15.992
5 24 15.396 12.451 -12.677 15.394 12.452 -14.758 15.755 11.874 -12.149 14.892 12.73 -15.364
5 24 15.755 11.874 -12.149 15.755 11.872 -14.292 15.711 11.055 -12.22 15.394 12.452 -14.758
5 24 15.711 11.055 -12.22 15.718 11.07 -14.335 15.315 10.535 -12.785 15.755 11.872 -14.292
5 24 15.718 11.07 -14.335 18.342 8.869 -10.573 17.102 8.537 -12.504 15.755 11.872 -14.292
5 24 13.271 8.402 -15.357 10.897 7.618 -18.048 10.898 8.417 -18.013 13.264 7.606 -15.371
5 24 15.51 6.609 -12.651 17.471 7.101 -9.875 17.096 6.594 -10.527 15.105 7.242 -13.135
5 24 17.096 6.594 -10.527 15.51 6.609 -12.651 17.471 7.101 -9.875 16.054 6.345 -11.975
5 24 15.105 7.242 -13.135 17.508 7.932 -9.65 17.471 7.101 -9.875 15.181 8.1 -13.011
5 24 17.471 7.101 -9.875 15.105 7.242 -13.135 17.508 7.932 -9.65 15.51 6.609 -12.651
5 24 17.12 8.521 -10.199 15.622 8.61 -12.41 16.644 8.773 -10.932 15.181 8.1 -13.011
5 24 15.181 8.1 -13.011 17.12 8.521 -10.199 17.508 7.932 -9.65 15.622 8.61 -12.41
5 24 14.276 10.308 -16.095 13.275 8.391 -17.259 12.891 8.968 -17.675 14.816 10.304 -15.457
5 24 15.622 8.61 -12.41 15.564 8.57 -14.539 16.136 8.806 -11.686 15.148 8.023 -15.061
5 24 15.564 8.57 -14.539 15.323 10.541 -14.836 15.718 11.07 -14.335 14.816 10.304 -15.457
5 24 13.275 8.391 -17.259 13.271 8.402 -15.357 12.891 8.968 -17.675 13.264 7.606 -15.371
5 24 13.264 7.606 -15.371 10.897 7.618 -18.048 13.271 8.402 -15.357 11.295 7.044 -17.625
5 24 17.488 7.144 -12.075 17.096 6.594 -10.527 17.471 7.101 -9.875 17.108 6.604 -12.636
5 24 16.054 6.345 -11.975 17.096 6.594 -10.527 16.601 6.352 -11.25 15.51 6.609 -12.651
5 24 18.342 8.869 -10.573 17.488 7.144 -12.075 17.495 7.972 -11.986 19.096 3.536 -10.639
5 24 19.637 3.462 -9.811 18.342 8.869 -10.573 19.096 3.536 -10.639 19.023 8.477 -9.369
5 24 17 3.443 -9.604 19.637 3.462 -9.811 17 3.249 -7.974 19.096 3.536 -10.639
5 24 16.679 -4.875 -9.707 16.975 3.544 -10.464 16.63 -4.875 -10.275 17 -.1953 -7.4293
5 24 7.845 9.492 -22.642 8.169 11.527 -21.792 8.606 10.959 -21.6 7.25 9.708 -23.171
5 24 8.606 10.959 -21.6 7.845 9.492 -22.642 8.169 11.527 -21.792 8.298 8.924 -22.358
5 24 7.845 9.492 -22.642 7.847 9.491 -20.927 7.25 9.708 -23.171 8.294 8.935 -20.617
5 24 8.41 12.814 -19.61 8.406 12.809 -21.203 8.91 13.149 -19.152 8.115 12.243 -21.603
5 24 8.114 12.238 -19.998 8.115 12.243 -21.603 8.41 12.814 -19.61 8.169 11.527 -21.792
5 24 10.096 12.967 -19.903 12.123 14.942 -17.909 10.515 12.39 -19.686 9.5 13.213 -20.313
5 24 12.123 14.942 -17.909 13.799 12.523 -16.583 13.385 11.971 -17.041 15.731 14.016 -14.349
5 24 15.731 14.016 -14.349 15.394 12.452 -14.758 14.892 12.73 -15.364 15.755 11.872 -14.292
5 24 14.892 12.73 -15.364 15.731 14.016 -14.349 15.394 12.452 -14.758 14.34 12.758 -15.992
5 24 18.426 12.815 -9.777 18.342 8.869 -10.573 19.023 8.477 -9.369 15.731 14.016 -14.349
5 24 9.737 10.79 -20.663 8.349 8.16 -22.462 9.178 10.734 -21.167 10.224 11.094 -20.173
5 24 8.349 8.16 -22.462 9.178 10.734 -21.167 9.737 10.79 -20.663 8.298 8.924 -22.358
5 24 8.298 8.924 -22.358 8.606 10.959 -21.6 9.178 10.734 -21.167 7.845 9.492 -22.642
5 24 9.178 10.734 -21.167 8.298 8.924 -22.358 8.606 10.959 -21.6 8.349 8.16 -22.462
5 24 11.295 7.044 -17.625 11.294 7.045 -19.491 10.897 7.618 -18.048 11.819 6.794 -18.92
5 24 10.897 7.618 -18.048 10.897 7.619 -19.892 10.898 8.417 -18.013 11.294 7.045 -19.491
5 24 10.898 8.417 -18.013 10.896 8.408 -19.839 11.289 8.981 -17.569 10.897 7.619 -19.892
5 24 10.896 8.408 -19.839 10.224 11.094 -20.173 11.276 8.971 -19.4 8.349 8.16 -22.462
5 24 10.224 11.094 -20.173 8.349 8.16 -22.462 9.737 10.79 -20.663 10.896 8.408 -19.839
5 24 14.816 10.304 -15.457 13.275 8.391 -17.259 14.276 10.308 -16.095 13.262 7.602 -17.283
5 24 15.622 8.61 -12.41 15.148 8.023 -15.061 15.564 8.57 -14.539 15.181 8.1 -13.011
5 24 11.295 7.044 -17.625 12.876 7.049 -15.827 11.819 6.794 -17.041 13.264 7.606 -15.371
5 24 11.819 6.794 -17.041 11.819 6.794 -18.92 11.295 7.044 -17.625 12.363 6.797 -18.311
5 24 17.108 6.604 -12.636 17.096 6.594 -10.527 17.488 7.144 -12.075 16.601 6.352 -11.25
5 24 16.601 6.352 -11.25 16.603 6.352 -13.301 16.054 6.345 -11.975 17.108 6.604 -12.636
5 24 16.054 6.345 -11.975 16.057 6.344 -13.982 15.51 6.609 -12.651 16.603 6.352 -13.301
5 24 18.342 8.869 -10.573 19.023 8.477 -9.369 18.426 12.815 -9.777 19.637 3.462 -9.811
5 24 19.096 3.536 -10.639 18.342 8.869 -10.573 17.488 7.144 -12.075 19.637 3.462 -9.811
5 24 17.488 7.144 -12.075 19.096 3.536 -10.639 18.342 8.869 -10.573 18.23 3.625 -11.63
5 24 18.23 3.625 -11.63 17.488 7.144 -12.075 17.108 6.604 -12.636 19.096 3.536 -10.639
5 24 17 3.443 -9.604 19.096 3.536 -10.639 19.637 3.462 -9.811 16.975 3.544 -10.464
5 24 17 -.1953 -7.4293 16.975 3.544 -10.464 17 3.443 -9.604 16.679 -4.875 -9.707
5 24 7.258 9.707 -21.4 7.25 9.708 -23.171 7.847 9.491 -20.927 6.673 9.623 -23.727
5 24 6.5876 15.7777 -21.1107 8.901 13.146 -20.755 8.406 12.809 -21.203 9.5 13.213 -20.313
5 24 8.406 12.809 -21.203 6.5876 15.7777 -21.1107 8.901 13.146 -20.755 7.384 12.112 -22.255
5 24 6.5876 15.7777 -21.1107 9.5 13.213 -20.313 8.901 13.146 -20.755 12.123 14.942 -17.909
5 24 9.5 13.213 -20.313 12.123 14.942 -17.909 10.096 12.967 -19.903 6.5876 15.7777 -21.1107
5 24 14.34 12.758 -15.992 15.731 14.016 -14.349 14.892 12.73 -15.364 13.799 12.523 -16.583
5 24 15.731 14.016 -14.349 15.755 11.872 -14.292 15.394 12.452 -14.758 18.342 8.869 -10.573
5 24 18.342 8.869 -10.573 15.731 14.016 -14.349 15.755 11.872 -14.292 18.426 12.815 -9.777
5 24 18.426 12.815 -9.777 19.023 8.477 -9.369 18.342 8.869 -10.573 18.965 12.441 -8.351
5 24 19.023 8.477 -9.369 18.965 12.441 -8.351 19.551 8 -8.08 18.426 12.815 -9.777
5 24 18.965 12.441 -8.351 19.551 8 -8.08 19.023 8.477 -9.369 19.477 11.972 -6.565
5 24 10.896 8.408 -19.839 8.349 8.16 -22.462 10.224 11.094 -20.173 8.027 7.586 -22.891
5 24 15.526 6.596 -14.625 15.105 7.242 -13.135 15.51 6.609 -12.651 15.121 7.187 -15.104
5 24 15.51 6.609 -12.651 15.526 6.596 -14.625 15.105 7.242 -13.135 16.057 6.344 -13.982
5 24 15.121 7.187 -15.104 15.181 8.1 -13.011 15.105 7.242 -13.135 15.148 8.023 -15.061
5 24 15.105 7.242 -13.135 15.121 7.187 -15.104 15.181 8.1 -13.011 15.526 6.596 -14.625
5 24 15.181 8.1 -13.011 15.148 8.023 -15.061 15.622 8.61 -12.41 15.121 7.187 -15.104
5 24 15.148 8.023 -15.061 14.816 10.304 -15.457 15.564 8.57 -14.539 13.262 7.602 -17.283
5 24 13.262 7.602 -17.283 13.264 7.606 -15.371 13.275 8.391 -17.259 12.876 7.049 -15.827
5 24 12.363 6.797 -16.421 12.363 6.797 -18.311 11.819 6.794 -17.041 12.876 7.05 -17.729
5 24 11.819 6.794 -18.92 13.615 4.1 -16.914 12.363 6.797 -18.311 6.444 4.837 -25.123
5 24 6.444 4.837 -25.123 11.819 6.794 -18.92 11.294 7.045 -19.491 13.615 4.1 -16.914
5 24 18.23 3.625 -11.63 17.108 6.604 -12.636 17.488 7.144 -12.075 16.603 6.352 -13.301
5 24 16.975 3.544 -10.464 19.096 3.536 -10.639 17 3.443 -9.604 18.23 3.625 -11.63
5 24 16.63 -4.875 -10.275 16.975 3.544 -10.464 16.76 3.611 -11.075 16.679 -4.875 -9.707
5 24 8.298 8.924 -22.358 8.294 8.935 -20.617 7.845 9.492 -22.642 8.352 8.171 -20.68
5 24 8.294 8.935 -20.617 6.68 9.626 -21.925 7.847 9.491 -20.927 6.2 9.291 -22.448
5 24 6.68 9.626 -21.925 7.847 9.491 -20.927 8.294 8.935 -20.617 7.258 9.707 -21.4
5 24 7.384 12.112 -22.255 7.25 9.708 -23.171 8.169 11.527 -21.792 6.673 9.623 -23.727
5 24 7.384 12.112 -22.255 8.115 12.243 -21.603 8.169 11.527 -21.792 8.406 12.809 -21.203
5 24 7.384 12.112 -22.255 8.406 12.809 -21.203 6.5876 15.7777 -21.1107 8.115 12.243 -21.603
5 24 17 9.6043 2.3703 20 9.6043 2.3703 16.458 12.154 -7.258 17 7.9783 4.8033
5 24 16.458 12.154 -7.258 17 4.3423 1.3465 15.725 8.42 -9.427 17 9.6043 2.3703
5 24 15.725 8.42 -9.427 14.537 6.571 -4.54 17 4.3423 1.3465 13.66 7.894 -7.977
5 24 14.537 6.571 -4.54 14.544 -4.875 -8.614 14.562 -4.875 -2.895 13.66 7.894 -7.977
5 24 8.349 8.16 -22.462 8.352 8.171 -20.68 8.298 8.924 -22.358 8.03 7.589 -21.091
5 24 10.897 7.619 -19.892 8.027 7.586 -22.891 10.896 8.408 -19.839 7.547 7.282 -23.441
5 24 8.027 7.586 -22.891 10.896 8.408 -19.839 8.349 8.16 -22.462 7.547 7.282 -23.441
5 24 16.057 6.344 -13.982 13.615 4.1 -16.914 15.526 6.596 -14.625 16.603 6.352 -13.301
5 24 13.615 4.1 -16.914 15.526 6.596 -14.625 16.057 6.344 -13.982 15.121 7.187 -15.104
5 24 15.148 8.023 -15.061 13.262 7.602 -17.283 14.816 10.304 -15.457 15.121 7.187 -15.104
5 24 12.876 7.049 -15.827 12.876 7.05 -17.729 12.363 6.797 -16.421 13.262 7.602 -17.283
5 24 12.363 6.797 -18.311 13.615 4.1 -16.914 11.819 6.794 -18.92 12.876 7.05 -17.729
5 24 18.23 3.625 -11.63 16.603 6.352 -13.301 17.108 6.604 -12.636 13.615 4.1 -16.914
5 24 16.603 6.352 -13.301 13.615 4.1 -16.914 16.057 6.344 -13.982 18.23 3.625 -11.63
5 24 16.975 3.544 -10.464 18.23 3.625 -11.63 19.096 3.536 -10.639 16.76 3.611 -11.075
5 24 8.294 8.935 -20.617 6.2 9.291 -22.448 6.68 9.626 -21.925 8.352 8.171 -20.68
5 24 6.68 9.626 -21.925 6.673 9.623 -23.727 7.258 9.707 -21.4 6.1979 9.2889 -24.311
5 24 7.384 12.112 -22.255 6.673 9.623 -23.727 7.25 9.708 -23.171 6.1979 9.2889 -24.311
5 24 6.9395 13.942 -21.774 6.5876 15.7777 -21.1107 8.406 12.809 -21.203 1.875 5.31 -30.387
5 24 7.384 12.112 -22.255 6.9395 13.942 -21.774 8.406 12.809 -21.203 1.875 5.31 -30.387
5 24 6.5876 15.7777 -21.1107 2.139 15.465 -19.865 12.123 14.942 -17.909 1.875 16.007 -21.932
5 24 12.048 14.185 -14.994 15.731 14.016 -14.349 12.123 14.942 -17.909 18.426 12.815 -9.777
5 24 16.192 12.43 -8.307 15.725 8.42 -9.427 16.458 12.154 -7.258 15.767 12.705 -9.357
5 24 16.458 12.154 -7.258 15.725 8.42 -9.427 16.192 12.43 -8.307 17 4.3423 1.3465
5 24 13.66 7.894 -7.977 14.544 -4.875 -8.614 14.537 6.571 -4.54 14.443 -4.875 -9.01
5 24 10.717 4.273 -15.805 9.709 3.741 -17.078 10 3.043 -16.791 9.117 3.915 -17.732
5 24 10 3.043 -16.791 10.717 4.273 -15.805 9.709 3.741 -17.078 10 1.26 -16.36
5 24 8.027 7.586 -22.891 8.03 7.589 -21.091 8.349 8.16 -22.462 7.548 7.283 -21.633
5 24 12.876 7.05 -17.729 13.615 4.1 -16.914 12.363 6.797 -18.311 13.262 7.602 -17.283
5 24 16.76 3.611 -11.075 18.23 3.625 -11.63 16.975 3.544 -10.464 13.615 4.1 -16.914
5 24 16.489 -4.875 -10.687 16.76 3.611 -11.075 16.63 -4.875 -10.275 12.305 4.085 -16.089
5 24 8.352 8.171 -20.68 6.2 9.291 -22.448 8.294 8.935 -20.617 5.911 8.711 -22.89
5 24 6.2 9.291 -22.448 6.1979 9.2889 -24.311 6.68 9.626 -21.925 5.9129 8.7199 -24.81
5 24 7.384 12.112 -22.255 6.1979 9.2889 -24.311 6.673 9.623 -23.727 4.615 8.711 -26.321
5 24 15.338 8.77 -10.393 15.767 12.705 -9.357 14.79 9.12 -11.359 15.725 8.42 -9.427
5 24 13.66 7.894 -7.977 14.443 -4.875 -9.01 14.544 -4.875 -8.614 13.257 8.223 -8.884
5 24 10 3.043 -16.791 10 3.043 -18.417 10 1.26 -18.094 9.709 3.741 -18.86
5 24 9.709 3.741 -17.078 9.709 3.741 -18.86 10 3.043 -16.791 9.117 3.915 -19.508
5 24 10.717 4.273 -15.805 9.117 3.915 -17.732 9.709 3.741 -17.078 5.723 4.27 -21.484
5 24 8.03 7.589 -21.091 5.911 8.711 -22.89 8.352 8.171 -20.68 5.992 7.96 -23.034
5 24 5.911 8.711 -22.89 8.352 8.171 -20.68 8.03 7.589 -21.091 6.2 9.291 -22.448
5 24 7.548 7.283 -21.633 5.992 7.96 -23.034 8.03 7.589 -21.091 6.449 7.419 -22.721
5 24 5.992 7.96 -23.034 8.03 7.589 -21.091 7.548 7.283 -21.633 5.911 8.711 -22.89
5 24 6.449 7.419 -22.721 7.548 7.283 -21.633 7.004 7.22 -22.201 5.992 7.96 -23.034
5 24 7.548 7.283 -21.633 7.547 7.282 -23.441 7.004 7.22 -22.201 8.027 7.586 -22.891
5 24 11.294 7.045 -19.491 7.547 7.282 -23.441 10.897 7.619 -19.892 6.444 4.837 -25.123
5 24 13.615 4.1 -16.914 13.262 7.602 -17.283 15.121 7.187 -15.104 12.876 7.05 -17.729
5 24 16.489 -4.875 -10.687 12.305 4.085 -16.089 16.76 3.611 -11.075 12.466 -4.879 -14.683
5 24 15.767 12.705 -9.357 14.79 9.12 -11.359 15.338 8.77 -10.393 12.048 14.185 -14.994
5 24 0 12.189 -19.829 12.048 14.185 -14.994 2.139 15.465 -19.865 12.226 10.367 -14.799
5 24 12.048 14.185 -14.994 14.79 9.12 -11.359 12.226 10.367 -14.799 15.767 12.705 -9.357
5 24 12.048 14.185 -14.994 12.226 10.367 -14.799 0 12.189 -19.829 14.79 9.12 -11.359
5 24 10 1.26 -18.094 10 1.26 -16.36 10 3.043 -16.791 9.652 0.504 -16.349
5 24 10 1.26 -16.36 10.717 4.273 -15.805 10 3.043 -16.791 11.416 -1.174 -13.917
5 24 13.257 8.223 -8.884 14.443 -4.875 -9.01 13.66 7.894 -7.977 14.343 -4.875 -9.406
5 24 12.305 4.085 -16.089 10 1.26 -18.094 10 3.043 -18.417 12.466 -4.879 -14.683
5 24 9.709 3.741 -18.86 12.305 4.085 -16.089 10 3.043 -18.417 9.117 3.915 -19.508
5 24 9.117 3.915 -17.732 9.117 3.915 -19.508 9.709 3.741 -17.078 6.066 4.234 -22.796
5 24 7.004 7.22 -22.201 7.004 7.22 -24.012 6.449 7.419 -22.721 7.547 7.282 -23.441
5 24 12.305 4.085 -16.089 13.615 4.1 -16.914 16.76 3.611 -11.075 6.444 4.837 -25.123
5 24 12.466 -4.879 -14.683 12.305 4.085 -16.089 16.489 -4.875 -10.687 10 1.26 -18.094
5 24 5.911 8.711 -22.89 5.9129 8.7199 -24.81 6.2 9.291 -22.448 5.986 7.973 -24.898
5 24 4.615 8.711 -26.321 5.9129 8.7199 -24.81 6.1979 9.2889 -24.311 2.497 5.243 -29.641
5 24 10.446 6.367 -15.429 10.717 4.273 -15.805 12.854 8.552 -9.792 5.723 4.27 -21.484
5 24 10.717 4.273 -15.805 12.854 8.552 -9.792 10.446 6.367 -15.429 11.416 -1.174 -13.917
5 24 12.854 8.552 -9.792 10.446 6.367 -15.429 10.717 4.273 -15.805 9.967 9.928 -13.588
5 24 10.446 6.367 -15.429 5.723 4.27 -21.484 10.717 4.273 -15.805 5.378 7.538 -20.74
5 24 10 1.26 -16.36 11.416 -1.174 -13.917 10.717 4.273 -15.805 9.652 0.504 -16.349
5 24 11.416 -1.174 -13.917 10.717 4.273 -15.805 10 1.26 -16.36 12.854 8.552 -9.792
5 24 13.257 8.223 -8.884 14.343 -4.875 -9.406 14.443 -4.875 -9.01 12.854 8.552 -9.792
5 24 12.466 -4.879 -14.683 9.8084 0.6244 -18.2027 10 1.26 -18.094 9.2954 0.3954 -18.6247
5 24 9.117 3.915 -19.508 12.305 4.085 -16.089 9.709 3.741 -18.86 6.066 4.234 -22.796
5 24 6.449 7.419 -22.721 6.446 7.421 -24.562 5.992 7.96 -23.034 7.004 7.22 -24.012
5 24 5.992 7.96 -23.034 5.986 7.973 -24.898 5.911 8.711 -22.89 6.446 7.421 -24.562
5 24 7.547 7.282 -23.441 6.444 4.837 -25.123 11.294 7.045 -19.491 7.004 7.22 -24.012
5 24 9.967 9.928 -13.588 10.446 6.367 -15.429 12.854 8.552 -9.792 5.378 7.538 -20.74
5 24 5.378 7.538 -20.74 5.723 4.27 -21.484 10.446 6.367 -15.429 2.966 4.559 -23.579
5 24 10.446 6.367 -15.429 5.378 7.538 -20.74 5.723 4.27 -21.484 9.967 9.928 -13.588
5 24 9.8084 0.6244 -18.2027 9.652 0.504 -16.349 10 1.26 -18.094 8.96 0.413 -17.024
5 24 9.652 0.504 -16.349 10 1.26 -18.094 9.8084 0.6244 -18.2027 10 1.26 -16.36
5 24 12.854 8.552 -9.792 14.343 -4.875 -9.406 13.257 8.223 -8.884 11.416 -1.174 -13.917
5 24 11.416 -1.174 -13.917 12.854 8.552 -9.792 10.717 4.273 -15.805 14.343 -4.875 -9.406
5 24 12.466 -4.879 -14.683 9.2954 0.3954 -18.6247 9.8084 0.6244 -18.2027 5.857 0.737 -21.681
5 24 6.446 7.421 -24.562 6.444 4.837 -25.123 7.004 7.22 -24.012 2.497 5.243 -29.641
5 24 7.004 7.22 -24.012 6.444 4.837 -25.123 6.446 7.421 -24.562 7.547 7.282 -23.441
5 24 9.967 9.928 -13.588 5.378 7.538 -20.74 10.446 6.367 -15.429 5.096 11.027 -16.622
5 24 8.96 0.413 -17.024 9.8084 0.6244 -18.2027 9.2954 0.3954 -18.6247 9.652 0.504 -16.349
5 24 9.2954 0.3954 -18.6247 8.96 0.413 -17.024 9.8084 0.6244 -18.2027 5.899 0.733 -20.171
5 24 9.652 0.504 -16.349 11.416 -1.174 -13.917 10 1.26 -16.36 8.96 0.413 -17.024
5 24 11.416 -1.174 -13.917 14.343 -4.875 -9.406 12.854 8.552 -9.792 10.484 -4.907 -12.899
5 24 6.066 4.234 -22.796 12.305 4.085 -16.089 9.117 3.915 -19.508 6.096 4.734 -22.984
5 24 2.497 5.243 -29.641 6.446 7.421 -24.562 5.986 7.973 -24.898 6.444 4.837 -25.123
5 24 5.986 7.973 -24.898 2.497 5.243 -29.641 5.9129 8.7199 -24.81 6.446 7.421 -24.562
5 24 5.096 11.027 -16.622 5.378 7.538 -20.74 9.967 9.928 -13.588 0 8.163 -23.182
5 24 2.966 4.559 -23.579 2.966 4.559 -26.182 5.723 4.27 -21.484 2.321 4.443 -23.963
5 24 12.466 -4.879 -14.683 2.941 1.042 -24.265 5.857 0.737 -21.681 1.875 -1.354 -23.979
5 24 12.466 -4.879 -14.683 5.857 0.737 -21.681 9.2954 0.3954 -18.6247 2.941 1.042 -24.265
5 24 8.96 0.413 -17.024 11.416 -1.174 -13.917 9.652 0.504 -16.349 4.165 -2.405 -19.432
5 24 11.416 -1.174 -13.917 10.484 -4.907 -12.899 14.343 -4.875 -9.406 4.399 -6.942 -15.721
5 24 10.484 -4.907 -12.899 12.466 -4.879 -14.683 14.343 -4.875 -9.406 4.399 -6.942 -15.721
5 24 2.966 4.559 -26.182 1.875 5.189 -27.811 6.066 4.234 -22.796 2.321 4.443 -26.797
5 24 1.875 5.189 -27.811 6.066 4.234 -22.796 2.966 4.559 -26.182 6.096 4.734 -22.984
5 24 6.096 4.734 -22.984 6.444 4.837 -25.123 12.305 4.085 -16.089 2.497 5.243 -29.641
5 24 5.378 7.538 -20.74 2.966 4.559 -23.579 5.723 4.27 -21.484 1.875 5.965 -24.175
5 24 2.052 4.103 -26.892 1.875 5.189 -27.811 2.321 4.443 -26.797 2.004 1.735 -25.571
5 24 2 2.126 -23.066 2.004 1.735 -25.571 2.052 4.103 -26.892 2.118 1.412 -22.671
5 24 2.941 1.042 -24.265 2.62 1.078 -22.272 5.857 0.737 -21.681 2.335 1.192 -24.972
5 24 5.857 0.737 -21.681 5.899 0.733 -20.171 9.2954 0.3954 -18.6247 2.62 1.078 -22.272
5 24 2.335 1.192 -24.972 2.62 1.078 -22.272 2.941 1.042 -24.265 2.118 1.412 -22.671
5 24 2.941 1.042 -24.265 1.875 -1.354 -23.979 2.335 1.192 -24.972 12.466 -4.879 -14.683
5 24 1.875 -1.354 -23.979 2.335 1.192 -24.972 2.941 1.042 -24.265 2.004 1.735 -25.571
5 24 2.004 1.735 -25.571 2.118 1.412 -22.671 2.335 1.192 -24.972 2 2.126 -23.066
5 24 2.118 1.412 -22.671 2.335 1.192 -24.972 2.004 1.735 -25.571 2.62 1.078 -22.272
5 24 12.466 -4.879 -14.683 1.875 -1.354 -23.979 5.075 -6.959 -18.453 2.941 1.042 -24.265
5 24 2.004 1.735 -25.571 1.875 5.189 -27.811 2.052 4.103 -26.892 1.875 1.7513 -25.7686
5 24 5.378 7.538 -20.74 1.875 5.965 -24.175 2.966 4.559 -23.579 0 8.163 -23.182
5 24 1.875 5.965 -24.175 2.966 4.559 -23.579 5.378 7.538 -20.74 2.321 4.443 -23.963
5 24 0 8.163 -23.182 5.096 11.027 -16.622 0 11.328 -17.451 5.378 7.538 -20.74
5 24 2.321 4.443 -23.963 2.321 4.443 -26.797 2.966 4.559 -26.182 2.052 4.103 -24.095
5 24 2.052 4.103 -24.095 2.052 4.103 -26.892 2.321 4.443 -26.797 2 2.126 -23.066
5 24 8.96 0.413 -17.024 4.165 -2.405 -19.432 11.416 -1.174 -13.917 5.899 0.733 -20.171
5 24 4.165 -2.405 -19.432 11.416 -1.174 -13.917 8.96 0.413 -17.024 4.399 -6.942 -15.721
5 24 11.416 -1.174 -13.917 4.399 -6.942 -15.721 10.484 -4.907 -12.899 4.165 -2.405 -19.432
5 24 4.399 -6.942 -15.721 12.466 -4.879 -14.683 10.484 -4.907 -12.899 5.075 -6.959 -18.453
5 24 5.075 -6.959 -18.453 1.875 -1.354 -23.979 1.875 -7.847 -20.147 12.466 -4.879 -14.683
5 24 1.875 5.189 -27.811 2.497 5.243 -29.641 6.096 4.734 -22.984 1.875 5.189 -29.034
5 24 2.497 5.243 -29.641 1.875 5.189 -29.034 1.875 5.31 -30.387 1.875 5.189 -27.811
5 24 0 8.163 -23.182 5.378 7.538 -20.74 5.096 11.027 -16.622 1.875 5.965 -24.175
5 24 1.875 5.965 -24.175 2.321 4.443 -23.963 2.966 4.559 -23.579 2.052 4.103 -24.095
5 24 2.052 4.103 -24.095 1.875 4.091 -24.084 2 2.126 -23.066 1.875 5.965 -24.175
5 24 2.62 1.078 -22.272 1.875 -2.727 -19.782 2.118 1.412 -22.671 4.165 -2.405 -19.432
5 24 2.62 1.078 -22.272 4.165 -2.405 -19.432 1.875 -2.727 -19.782 5.899 0.733 -20.171
5 24 5.899 0.733 -20.171 4.165 -2.405 -19.432 8.96 0.413 -17.024 2.62 1.078 -22.272
5 24 4.165 -2.405 -19.432 4.399 -6.942 -15.721 11.416 -1.174 -13.917 1.875 -7.847 -16.599
5 24 2 2.126 -23.066 1.875 1.426 -22.67 2.118 1.412 -22.671 1.875 4.091 -24.084
5 24 6.5876 15.7777 -21.1107 1.875 5.31 -30.387 6.9395 13.942 -21.774 1.875 16.007 -21.932
5 24 1.875 1.426 -22.67 2.118 1.412 -22.671 2 2.126 -23.066 1.875 -2.727 -19.782
5 24 2.118 1.412 -22.671 1.875 -2.727 -19.782 2.62 1.078 -22.272 1.875 1.426 -22.67
5 24 4.399 -6.942 -15.721 5.075 -6.959 -18.453 12.466 -4.879 -14.683 1.875 -7.847 -16.599
5 24 1.875 5.965 -24.175 2.052 4.103 -24.095 2.321 4.443 -23.963 1.875 4.091 -24.084
5 24 1.875 -2.727 -19.782 4.165 -2.405 -19.432 1.875 -7.847 -16.599 2.62 1.078 -22.272
5 24 4.165 -2.405 -19.432 1.875 -7.847 -16.599 4.399 -6.942 -15.721 1.875 -2.727 -19.782
5 24 1.875 -7.847 -16.599 5.075 -6.959 -18.453 4.399 -6.942 -15.721 1.875 -7.847 -20.147
5 24 8.169 11.527 -21.792 7.25 9.708 -23.171 7.384 12.112 -22.255 7.845 9.492 -22.642
5 24 2.004 1.735 -25.571 1.875 1.7513 -25.7686 1.875 5.189 -27.811 1.875 -1.354 -23.979
5 24 1.875 -1.354 -23.979 2.004 1.735 -25.571 2.335 1.192 -24.972 1.875 1.7513 -25.7686
5 24 14.343 -4.875 -9.406 16.489 -4.875 -10.687 10.484 -4.907 -12.899 16.63 -4.875 -10.275
5 24 6.9395 13.942 -21.774 4.615 8.711 -26.321 7.384 12.112 -22.255 1.875 5.31 -30.387
5 24 6.096 4.734 -22.984 6.066 4.234 -22.796 12.305 4.085 -16.089 1.875 5.189 -27.811
5 24 2 2.126 -23.066 1.875 4.091 -24.084 2.052 4.103 -24.095 1.875 1.426 -22.67
5 24 6.9395 13.942 -21.774 8.406 12.809 -21.203 7.384 12.112 -22.255 6.5876 15.7777 -21.1107
5 24 1.875 5.189 -27.811 2.321 4.443 -26.797 2.052 4.103 -26.892 2.966 4.559 -26.182
5 24 15.121 7.187 -15.104 13.262 7.602 -17.283 15.526 6.596 -14.625 15.148 8.023 -15.061
5 24 4.615 8.711 -26.321 6.1979 9.2889 -24.311 5.9129 8.7199 -24.81 7.384 12.112 -22.255
5 24 1.875 5.31 -30.387 4.615 8.711 -26.321 6.9395 13.942 -21.774 2.497 5.243 -29.641
5 24 14.55 4.3423 1.3465 14.562 -4.875 -2.895 14.537 6.571 -4.54 14.55 -4.825 -0.5
5 24 7.384 12.112 -22.255 4.615 8.711 -26.321 6.9395 13.942 -21.774 6.1979 9.2889 -24.311
5 24 15.725 8.42 -9.427 13.66 7.894 -7.977 14.537 6.571 -4.54 15.338 8.77 -10.393
5 24 19.477 11.972 -6.565 16.458 12.154 -7.258 17 9.6043 2.3703 18.965 12.441 -8.351
5 24 7.547 7.282 -23.441 10.897 7.619 -19.892 11.294 7.045 -19.491 8.027 7.586 -22.891
5 24 11.294 7.045 -19.491 6.444 4.837 -25.123 11.819 6.794 -18.92 7.547 7.282 -23.441
5 24 1.875 5.965 -24.175 0 8.163 -23.182 -1.875 5.965 -24.175 5.378 7.538 -20.74
5 24 17 3.443 -9.604 17 -.1953 -7.4293 17 2.675 -8 16.975 3.544 -10.464
5 24 16.679 -4.875 -9.707 17 -2.62825 -5.80325 17 -4.2543 -3.3703 17 -.1953 -7.4293
5 24 16.679 -4.875 -9.707 17 -4.2543 -3.3703 17 -2.62825 -5.80325 17 -4.825 -.5
5 24 14.562 -4.875 -2.895 16.679 -4.875 -9.707 14.544 -4.875 -8.614 17 -4.825 -.5
5 24 17 9.60425 2.37025 17 4.3423 1.3465 16.458 12.154 -7.258 17 3.32337 2.9117575
5 24 14.55 4.3423 1.3465 17 4.3423 1.3465 14.55 3.32337 2.9117575 14.537 6.571 -4.54
