0 ~Technic Disc  3 x  3 with Axlehole with 4 Black Sections on One Side and 8 on Reverse Pattern - Quarter
0 Name: s\2723p05s01.dat
0 Author: Rene Rechthaler [Blechtaler]
0 !LDRAW_ORG Subpart UPDATE 2024-02
0 !LICENSE Licensed under CC BY 4.0 : see CAreadme.txt

0 BFC CERTIFY CCW

0 !HISTORY 2023-01-01 [MagFors] Reworked pattern using primitives
0 !HISTORY 2023-06-24 [OrionP] Official Update 2023-03
0 !HISTORY 2024-03-23 [OrionP] Updated ring primitives
0 !HISTORY 2024-03-24 [OrionP] Official Update 2024-02

0 // top, four areas

1 0 0 3 0 0 0 10 0 1 0 10 0 0 48\1-8ndis.dat
4 0 0 3 10 10 3 10 19.7988 3 19.7988 0 3 28
1 0 0 3 0 0 0 28 0 1 0 28 0 0 48\1-8chrd.dat
1 16 0 3 0 7 0 0 0 1 0 0 0 7 1-4ndis.dat
1 16 0 3 0 0 0 10 0 1 0 10 0 0 48\1-8chrd.dat
1 16 0 3 0 0 0 2 0 1 0 2 0 0 48\1-8ring14.dat
1 16 0 3 0 30 0 0 0 1 0 0 0 30 48\1-8chrd.dat
4 16 7 3 7 7 3 0 10 3 0 7.071 3 7.071
3 16 10 3 10 7.071 3 7.071 10 3 0
4 16 21.213 3 21.213 19.7988 3 19.7988 28 3 0 30 3 0
4 16 10 3 0 28 3 0 19.7988 3 19.7988 10 3 10
4 16 7 3 7 7.071 3 7.071 0 3 10 0 3 7

0 // bottom, eight areas
1 16 0 7 0 7 0 0 0 -1 0 0 0 7 1-4ndis.dat
4 16 10 7 0 7 7 0 7 7 7 7.071299 7 7.071193
4 16 0 7 10 7.071299 7 7.071193 7 7 7 0 7 7
1 16 0 7 0 10 0 0 0 -1 0 0 0 10 48\1-16chrd.dat
1 0 0 7 0 10 0 0 0 -1 0 0 0 10 48\1-16tang.dat
1 0 0 7 0 28 0 0 0 -1 0 0 0 28 48\1-16chrd.dat
1 16 0 7 0 0 0 30 0 -1 0 30 0 0 48\1-16chrd.dat
1 16 0 7 0 21.213203 0 21.213203 0 -1 0 21.213203 0 -21.213203 48\1-16chrd.dat
1 16 0 7 0 3.826834 0 9.238795 0 -1 0 9.238795 0 -3.826834 48\1-16chrd.dat
1 0 0 7 0 3.826834 0 9.238795 0 -1 0 9.238795 0 -3.826834 48\1-16tang.dat
1 0 0 7 0 19.79899 0 -19.79899 0 -1 0 19.79899 0 19.79899 48\1-16chrd.dat
3 16 9.239 7 3.827 10 7 0 7.071299 7 7.071193
4 16 7.071299 7 7.071193 19.79899 7 19.79899 25.8692 7 10.7156 9.239 7 3.827
3 16 3.826834 7 9.238795 7.071299 7 7.071193 0 7 10
4 16 10.715213 7 25.86936 3.826834 7 9.238795 0 7 10 0 7 28
3 0 3.826834 7 9.238795 10.715213 7 25.86936 5.66443 7 8.477638
4 0 7.071299 7 7.071193 5.66443 7 8.477638 10.715213 7 25.86936 19.79899 7 19.79899
4 0 9.239 7 3.827 25.8692 7 10.7156 28 7 0 10 7 1.989
3 0 10 7 1.989 28 7 0 10 7 0
1 16 0 7 0 2 0 0 0 -1 0 0 0 2 48\1-16ring14.dat
1 16 0 7 0 1.414214 0 -1.414214 0 -1 0 1.414214 0 1.414214 48\1-16ring14.dat
4 16 25.8692 7 10.7156 19.79899 7 19.79899 21.213203 7 21.213203 27.717 7 11.481
4 16 11.480589 7 27.71718 10.715213 7 25.86936 0 7 28 0 7 30
