0 ~Duplo Tile  2 x  2 x  1 without Top Surface
0 Name: s\2756s01.dat
0 Author: Takeshi Takahashi [RainbowDolphin]
0 !LDRAW_ORG Subpart UPDATE 2024-05
0 !LICENSE Licensed under CC BY 4.0 : see CAreadme.txt

0 BFC CERTIFY CCW

0 !HISTORY 2024-06-30 [OrionP] Official Update 2024-05


4 16 -36 4 -36 -36 4 36 36 4 36 36 4 -36

4 16 11.595 48 -40 40 48 -40 40 0 -40 11.595 4 -40
4 16 -40 48 -40 -11.595 48 -40 -11.595 4 -40 -40 0 -40
4 16 18 48 -32 22 48 -32 22 48 -36 18 48 -36
4 16 -22 48 -32 -18 48 -32 -18 48 -36 -22 48 -36
1 16 20 26 -36 0 0 -2 22 0 0 0 4 0 box3u2p.dat
1 16 -20 26 -36 0 0 -2 22 0 0 0 4 0 box3u2p.dat
3 16 4.698 4 -38.31 9.317 4 -39.228 11.595 4 -40
4 16 0 4 -38 4.698 4 -38.31 11.595 4 -40 -11.595 4 -40
4 16 0 4 -38 -11.595 4 -40 -9.317 4 -39.228 -4.698 4 -38.31
4 16 9.317 4 -39.228 9.317 48 -39.228 11.595 48 -40 11.595 4 -40
4 16 4.698 4 -38.31 4.698 48 -38.31 9.317 48 -39.228 9.317 4 -39.228
4 16 0 4 -38 0 48 -38 4.698 48 -38.31 4.698 4 -38.31
4 16 -4.698 4 -38.31 -4.698 48 -38.31 0 48 -38 0 4 -38
4 16 -9.317 4 -39.228 -9.317 48 -39.228 -4.698 48 -38.31 -4.698 4 -38.31
4 16 -11.595 4 -40 -11.595 48 -40 -9.317 48 -39.228 -9.317 4 -39.228
4 16 9.317 18 -35.228 11.595 18 -36 0 18 -34 4.698 18 -34.31
4 16 -4.698 18 -34.31 0 18 -34 11.595 18 -36 -11.595 18 -36
3 16 -9.317 18 -35.228 -4.698 18 -34.31 -11.595 18 -36
4 16 11.595 18 -36 9.317 18 -35.228 9.317 4 -35.228 11.595 4 -36
4 16 9.317 18 -35.228 4.698 18 -34.31 4.698 4 -34.31 9.317 4 -35.228
4 16 4.698 18 -34.31 0 18 -34 0 4 -34 4.698 4 -34.31
4 16 0 18 -34 -4.698 18 -34.31 -4.698 4 -34.31 0 4 -34
4 16 -4.698 18 -34.31 -9.317 18 -35.228 -9.317 4 -35.228 -4.698 4 -34.31
4 16 -9.317 18 -35.228 -11.595 18 -36 -11.595 4 -36 -9.317 4 -35.228
4 16 -11.595 48 -40 -40 48 -40 -36 48 -36 -22 48 -36
4 16 -22 48 -36 -18 48 -36 -9.317 48 -39.228 -11.595 48 -40
3 16 -9.317 48 -39.228 -18 48 -36 -4.698 48 -38.31
4 16 -4.698 48 -38.31 -18 48 -36 18 48 -36 0 48 -38
3 16 0 48 -38 18 48 -36 4.698 48 -38.31
3 16 4.698 48 -38.31 18 48 -36 9.317 48 -39.228
4 16 9.317 48 -39.228 18 48 -36 22 48 -36 11.595 48 -40
4 16 11.595 48 -40 22 48 -36 36 48 -36 40 48 -40
4 16 -40 0 -40 -11.595 4 -40 11.595 4 -40 40 0 -40
4 16 -22 4 -36 -22 48 -36 -36 48 -36 -36 4 -36
4 16 -18 48 -36 -18 4 -36 -11.595 4 -36 -11.595 18 -36
4 16 -18 48 -36 -11.595 18 -36 11.595 18 -36 18 48 -36
4 16 18 48 -36 11.595 18 -36 11.595 4 -36 18 4 -36
4 16 36 4 -36 36 48 -36 22 48 -36 22 4 -36
4 16 -40 48 -11.595 -40 48 -40 -40 0 -40 -40 4 -11.595
4 16 -40 48 40 -40 48 11.595 -40 4 11.595 -40 0 40
4 16 -32 48 -18 -32 48 -22 -36 48 -22 -36 48 -18
4 16 -32 48 22 -32 48 18 -36 48 18 -36 48 22
1 16 -36 26 -20 0 4 0 22 0 0 0 0 2 box3u2p.dat
1 16 -36 26 20 0 4 0 22 0 0 0 0 2 box3u2p.dat
3 16 -38.31 4 -4.698 -39.228 4 -9.317 -40 4 -11.595
4 16 -38 4 0 -38.31 4 -4.698 -40 4 -11.595 -40 4 11.595
4 16 -38 4 0 -40 4 11.595 -39.228 4 9.317 -38.31 4 4.698
4 16 -39.228 4 -9.317 -39.228 48 -9.317 -40 48 -11.595 -40 4 -11.595
4 16 -38.31 4 -4.698 -38.31 48 -4.698 -39.228 48 -9.317 -39.228 4 -9.317
4 16 -38 4 0 -38 48 0 -38.31 48 -4.698 -38.31 4 -4.698
4 16 -38.31 4 4.698 -38.31 48 4.698 -38 48 0 -38 4 0
4 16 -39.228 4 9.317 -39.228 48 9.317 -38.31 48 4.698 -38.31 4 4.698
4 16 -40 4 11.595 -40 48 11.595 -39.228 48 9.317 -39.228 4 9.317
4 16 -35.228 18 -9.317 -36 18 -11.595 -34 18 0 -34.31 18 -4.698
4 16 -34.31 18 4.698 -34 18 0 -36 18 -11.595 -36 18 11.595
3 16 -35.228 18 9.317 -34.31 18 4.698 -36 18 11.595
4 16 -36 18 -11.595 -35.228 18 -9.317 -35.228 4 -9.317 -36 4 -11.595
4 16 -35.228 18 -9.317 -34.31 18 -4.698 -34.31 4 -4.698 -35.228 4 -9.317
4 16 -34.31 18 -4.698 -34 18 0 -34 4 0 -34.31 4 -4.698
4 16 -34 18 0 -34.31 18 4.698 -34.31 4 4.698 -34 4 0
4 16 -34.31 18 4.698 -35.228 18 9.317 -35.228 4 9.317 -34.31 4 4.698
4 16 -35.228 18 9.317 -36 18 11.595 -36 4 11.595 -35.228 4 9.317
4 16 -40 48 11.595 -40 48 40 -36 48 36 -36 48 22
4 16 -36 48 22 -36 48 18 -39.228 48 9.317 -40 48 11.595
3 16 -39.228 48 9.317 -36 48 18 -38.31 48 4.698
4 16 -38.31 48 4.698 -36 48 18 -36 48 -18 -38 48 0
3 16 -38 48 0 -36 48 -18 -38.31 48 -4.698
3 16 -38.31 48 -4.698 -36 48 -18 -39.228 48 -9.317
4 16 -39.228 48 -9.317 -36 48 -18 -36 48 -22 -40 48 -11.595
4 16 -40 48 -11.595 -36 48 -22 -36 48 -36 -40 48 -40
4 16 -40 0 40 -40 4 11.595 -40 4 -11.595 -40 0 -40
4 16 -36 4 22 -36 48 22 -36 48 36 -36 4 36
4 16 -36 48 18 -36 4 18 -36 4 11.595 -36 18 11.595
4 16 -36 48 18 -36 18 11.595 -36 18 -11.595 -36 48 -18
4 16 -36 48 -18 -36 18 -11.595 -36 4 -11.595 -36 4 -18
4 16 -36 4 -36 -36 48 -36 -36 48 -22 -36 4 -22
4 16 -11.595 48 40 -40 48 40 -40 0 40 -11.595 4 40
4 16 40 48 40 11.595 48 40 11.595 4 40 40 0 40
4 16 -18 48 32 -22 48 32 -22 48 36 -18 48 36
4 16 22 48 32 18 48 32 18 48 36 22 48 36
1 16 -20 26 36 0 0 2 22 0 0 0 -4 0 box3u2p.dat
1 16 20 26 36 0 0 2 22 0 0 0 -4 0 box3u2p.dat
3 16 -4.698 4 38.31 -9.317 4 39.228 -11.595 4 40
4 16 0 4 38 -4.698 4 38.31 -11.595 4 40 11.595 4 40
4 16 0 4 38 11.595 4 40 9.317 4 39.228 4.698 4 38.31
4 16 -9.317 4 39.228 -9.317 48 39.228 -11.595 48 40 -11.595 4 40
4 16 -4.698 4 38.31 -4.698 48 38.31 -9.317 48 39.228 -9.317 4 39.228
4 16 0 4 38 0 48 38 -4.698 48 38.31 -4.698 4 38.31
4 16 4.698 4 38.31 4.698 48 38.31 0 48 38 0 4 38
4 16 9.317 4 39.228 9.317 48 39.228 4.698 48 38.31 4.698 4 38.31
4 16 11.595 4 40 11.595 48 40 9.317 48 39.228 9.317 4 39.228
4 16 -9.317 18 35.228 -11.595 18 36 0 18 34 -4.698 18 34.31
4 16 4.698 18 34.31 0 18 34 -11.595 18 36 11.595 18 36
3 16 9.317 18 35.228 4.698 18 34.31 11.595 18 36
4 16 -11.595 18 36 -9.317 18 35.228 -9.317 4 35.228 -11.595 4 36
4 16 -9.317 18 35.228 -4.698 18 34.31 -4.698 4 34.31 -9.317 4 35.228
4 16 -4.698 18 34.31 0 18 34 0 4 34 -4.698 4 34.31
4 16 0 18 34 4.698 18 34.31 4.698 4 34.31 0 4 34
4 16 4.698 18 34.31 9.317 18 35.228 9.317 4 35.228 4.698 4 34.31
4 16 9.317 18 35.228 11.595 18 36 11.595 4 36 9.317 4 35.228
4 16 11.595 48 40 40 48 40 36 48 36 22 48 36
4 16 22 48 36 18 48 36 9.317 48 39.228 11.595 48 40
3 16 9.317 48 39.228 18 48 36 4.698 48 38.31
4 16 4.698 48 38.31 18 48 36 -18 48 36 0 48 38
3 16 0 48 38 -18 48 36 -4.698 48 38.31
3 16 -4.698 48 38.31 -18 48 36 -9.317 48 39.228
4 16 -9.317 48 39.228 -18 48 36 -22 48 36 -11.595 48 40
4 16 -11.595 48 40 -22 48 36 -36 48 36 -40 48 40
4 16 40 0 40 11.595 4 40 -11.595 4 40 -40 0 40
4 16 22 4 36 22 48 36 36 48 36 36 4 36
4 16 18 48 36 18 4 36 11.595 4 36 11.595 18 36
4 16 18 48 36 11.595 18 36 -11.595 18 36 -18 48 36
4 16 -18 48 36 -11.595 18 36 -11.595 4 36 -18 4 36
4 16 -36 4 36 -36 48 36 -22 48 36 -22 4 36
4 16 40 48 11.595 40 48 40 40 0 40 40 4 11.595
4 16 40 48 -40 40 48 -11.595 40 4 -11.595 40 0 -40
4 16 32 48 18 32 48 22 36 48 22 36 48 18
4 16 32 48 -22 32 48 -18 36 48 -18 36 48 -22
1 16 36 26 20 0 -4 0 22 0 0 0 0 -2 box3u2p.dat
1 16 36 26 -20 0 -4 0 22 0 0 0 0 -2 box3u2p.dat
3 16 38.31 4 4.698 39.228 4 9.317 40 4 11.595
4 16 38 4 0 38.31 4 4.698 40 4 11.595 40 4 -11.595
4 16 38 4 0 40 4 -11.595 39.228 4 -9.317 38.31 4 -4.698
4 16 39.228 4 9.317 39.228 48 9.317 40 48 11.595 40 4 11.595
4 16 38.31 4 4.698 38.31 48 4.698 39.228 48 9.317 39.228 4 9.317
4 16 38 4 0 38 48 0 38.31 48 4.698 38.31 4 4.698
4 16 38.31 4 -4.698 38.31 48 -4.698 38 48 0 38 4 0
4 16 39.228 4 -9.317 39.228 48 -9.317 38.31 48 -4.698 38.31 4 -4.698
4 16 40 4 -11.595 40 48 -11.595 39.228 48 -9.317 39.228 4 -9.317
4 16 35.228 18 9.317 36 18 11.595 34 18 0 34.31 18 4.698
4 16 34.31 18 -4.698 34 18 0 36 18 11.595 36 18 -11.595
3 16 35.228 18 -9.317 34.31 18 -4.698 36 18 -11.595
4 16 36 18 11.595 35.228 18 9.317 35.228 4 9.317 36 4 11.595
4 16 35.228 18 9.317 34.31 18 4.698 34.31 4 4.698 35.228 4 9.317
4 16 34.31 18 4.698 34 18 0 34 4 0 34.31 4 4.698
4 16 34 18 0 34.31 18 -4.698 34.31 4 -4.698 34 4 0
4 16 34.31 18 -4.698 35.228 18 -9.317 35.228 4 -9.317 34.31 4 -4.698
4 16 35.228 18 -9.317 36 18 -11.595 36 4 -11.595 35.228 4 -9.317
4 16 40 48 -11.595 40 48 -40 36 48 -36 36 48 -22
4 16 36 48 -22 36 48 -18 39.228 48 -9.317 40 48 -11.595
3 16 39.228 48 -9.317 36 48 -18 38.31 48 -4.698
4 16 38.31 48 -4.698 36 48 -18 36 48 18 38 48 0
3 16 38 48 0 36 48 18 38.31 48 4.698
3 16 38.31 48 4.698 36 48 18 39.228 48 9.317
4 16 39.228 48 9.317 36 48 18 36 48 22 40 48 11.595
4 16 40 48 11.595 36 48 22 36 48 36 40 48 40
4 16 40 0 -40 40 4 -11.595 40 4 11.595 40 0 40
4 16 36 4 -22 36 48 -22 36 48 -36 36 4 -36
4 16 36 48 -18 36 4 -18 36 4 -11.595 36 18 -11.595
4 16 36 48 -18 36 18 -11.595 36 18 11.595 36 48 18
4 16 36 48 18 36 18 11.595 36 4 11.595 36 4 18
4 16 36 4 36 36 48 36 36 48 22 36 4 22
2 24 39.228 48 9.317 38.31 48 4.698
2 24 9.317 48 -39.228 4.698 48 -38.31
2 24 -9.317 48 39.228 -4.698 48 38.31
5 24 -4.698 18 -34.31 -4.698 4 -34.31 -9.317 18 -35.228 0 4 -34
2 24 36 48 -36 36 48 -22
2 24 -36 18 -11.595 -36 18 11.595
2 24 39.228 4 -9.317 38.31 4 -4.698
2 24 9.317 18 35.228 4.698 18 34.31
2 24 18 48 -32 22 48 -32
2 24 -40 48 -11.595 -40 48 -40
5 24 35.228 18 9.317 35.228 4 9.317 36 4 11.595 34.31 18 4.698
2 24 -38.31 48 4.698 -39.228 48 9.317
2 24 -11.595 4 40 11.595 4 40
2 24 -4.698 4 -38.31 0 4 -38
5 24 -9.317 18 -35.228 -9.317 4 -35.228 -4.698 4 -34.31 -11.595 18 -36
2 24 -18 48 32 -22 48 32
2 24 40 48 -40 40 48 -11.595
2 24 22 48 -32 22 48 -36
2 24 36 48 36 22 48 36
2 24 32 48 22 36 48 22
2 24 36 48 36 36 4 36
2 24 36 18 -11.595 36 4 -11.595
2 24 34.31 18 4.698 35.228 18 9.317
5 24 34.31 18 -4.698 34.31 4 -4.698 35.228 18 -9.317 34 4 0
2 24 -39.228 4 9.317 -38.31 4 4.698
5 24 4.698 18 -34.31 4.698 4 -34.31 9.317 4 -35.228 0 18 -34
2 24 38.31 48 4.698 38 48 0
5 24 0 18 -34 0 4 -34 -4.698 18 -34.31 4.698 4 -34.31
2 24 -39.228 4 -9.317 -40 4 -11.595
2 24 -11.595 4 -40 -9.317 4 -39.228
2 24 0 18 34 -4.698 18 34.31
2 24 -34.31 18 -4.698 -35.228 18 -9.317
5 24 -34.31 18 4.698 -34.31 4 4.698 -34 4 0 -35.228 18 9.317
2 24 36 18 -11.595 35.228 18 -9.317
2 24 0 18 -34 4.698 18 -34.31
2 24 -40 48 -40 -11.595 48 -40
2 24 36 48 -18 36 48 18
2 24 -22 48 -36 -22 48 -32
2 24 -9.317 4 39.228 -11.595 4 40
5 24 -39.228 4 -9.317 -39.228 48 -9.317 -40 48 -11.595 -38.31 4 -4.698
2 24 0 4 -38 4.698 4 -38.31
2 24 -36 48 -36 -36 4 -36
2 24 -36 48 -22 -36 48 -36
5 24 -39.228 4 9.317 -39.228 48 9.317 -38.31 48 4.698 -40 4 11.595
5 24 38 4 0 38 48 0 38.31 4 -4.698 38.31 48 4.698
2 24 38 4 0 38.31 4 4.698
2 24 -36 18 11.595 -35.228 18 9.317
2 24 -4.698 48 -38.31 -9.317 48 -39.228
2 24 -32 48 -18 -32 48 -22
2 24 40 4 11.595 40 4 -11.595
2 24 4.698 18 -34.31 9.317 18 -35.228
2 24 38.31 48 -4.698 38 48 0
2 24 -22 48 32 -22 48 36
5 24 9.317 18 35.228 9.317 4 35.228 4.698 4 34.31 11.595 18 36
2 24 -40 4 -11.595 -40 48 -11.595
2 24 11.595 18 36 11.595 4 36
2 24 -32 48 22 -32 48 18
5 24 34 18 0 34 4 0 34.31 18 -4.698 34.31 4 4.698
2 24 11.595 4 -40 -11.595 4 -40
2 24 -4.698 18 34.31 -9.317 18 35.228
5 24 9.317 18 -35.228 9.317 4 -35.228 11.595 4 -36 4.698 18 -34.31
2 24 9.317 4 -39.228 11.595 4 -40
2 24 36 18 11.595 36 18 -11.595
2 24 -38.31 4 4.698 -38 4 0
2 24 38.31 4 4.698 39.228 4 9.317
2 24 -11.595 4 36 -11.595 18 36
2 24 -36 18 11.595 -36 4 11.595
2 24 -9.317 18 35.228 -11.595 18 36
2 24 36 48 18 32 48 18
5 24 39.228 4 9.317 39.228 48 9.317 40 48 11.595 38.31 4 4.698
5 24 0 18 34 0 4 34 4.698 18 34.31 -4.698 4 34.31
5 24 4.698 18 34.31 4.698 4 34.31 9.317 18 35.228 0 4 34
2 24 9.317 18 -35.228 11.595 18 -36
2 24 -4.698 18 -34.31 0 18 -34
5 24 -4.698 18 34.31 -4.698 4 34.31 -9.317 4 35.228 0 18 34
2 24 -32 48 18 -36 48 18
2 24 40 48 -11.595 40 4 -11.595
2 24 4.698 4 38.31 0 4 38
2 24 -32 48 -22 -36 48 -22
5 24 34.31 18 4.698 34.31 4 4.698 35.228 4 9.317 34 18 0
2 24 -40 0 40 -40 48 40
2 24 40 48 -11.595 39.228 48 -9.317
2 24 34 18 0 34.31 18 4.698
2 24 -11.595 18 -36 -11.595 4 -36
2 24 -9.317 4 -39.228 -4.698 4 -38.31
2 24 18 48 32 18 48 36
2 24 11.595 4 40 11.595 48 40
2 24 -9.317 18 -35.228 -4.698 18 -34.31
2 24 -4.698 4 38.31 -9.317 4 39.228
2 24 -4.698 48 38.31 0 48 38
2 24 -38.31 48 4.698 -38 48 0
2 24 18 48 -36 18 48 -32
2 24 -36 48 18 -36 48 -18
5 24 38.31 4 -4.698 38.31 48 -4.698 39.228 4 -9.317 38 48 0
2 24 -11.595 18 -36 -9.317 18 -35.228
2 24 -22 48 36 -36 48 36
2 24 -38.31 4 -4.698 -39.228 4 -9.317
2 24 -40 4 11.595 -39.228 4 9.317
2 24 -39.228 48 -9.317 -40 48 -11.595
2 24 -38 4 0 -38.31 4 -4.698
2 24 -18 48 -36 18 48 -36
2 24 -4.698 48 -38.31 0 48 -38
5 24 9.317 4 39.228 9.317 48 39.228 4.698 48 38.31 11.595 4 40
2 24 -22 48 -32 -18 48 -32
2 24 11.595 4 -36 11.595 18 -36
5 24 -38 4 0 -38 48 0 -38.31 4 4.698 -38.31 48 -4.698
2 24 -11.595 48 40 -11.595 4 40
2 24 -38.31 48 -4.698 -38 48 0
2 24 9.317 4 39.228 4.698 4 38.31
5 24 -35.228 18 -9.317 -35.228 4 -9.317 -36 4 -11.595 -34.31 18 -4.698
2 24 38.31 4 -4.698 38 4 0
2 24 -35.228 18 -9.317 -36 18 -11.595
5 24 39.228 4 -9.317 39.228 48 -9.317 40 4 -11.595 38.31 48 -4.698
5 24 4.698 4 38.31 4.698 48 38.31 9.317 4 39.228 0 48 38
2 24 -18 48 36 -18 48 32
5 24 -34 18 0 -34 4 0 -34.31 4 -4.698 -34.31 18 4.698
5 24 -4.698 4 -38.31 -4.698 48 -38.31 -9.317 4 -39.228 0 48 -38
2 24 -34 18 0 -34.31 18 -4.698
2 24 -11.595 48 -40 -11.595 4 -40
5 24 4.698 4 -38.31 4.698 48 -38.31 0 4 -38 9.317 48 -39.228
2 24 -40 0 -40 -40 48 -40
2 24 -39.228 48 -9.317 -38.31 48 -4.698
5 24 -38.31 4 4.698 -38.31 48 4.698 -39.228 4 9.317 -38 48 0
5 24 -35.228 18 9.317 -35.228 4 9.317 -34.31 4 4.698 -36 18 11.595
2 24 9.317 48 -39.228 11.595 48 -40
2 24 22 48 -36 36 48 -36
5 24 0 4 -38 0 48 -38 -4.698 4 -38.31 4.698 48 -38.31
2 24 35.228 18 -9.317 34.31 18 -4.698
2 24 36 48 22 36 48 36
2 24 11.595 18 -36 -11.595 18 -36
2 24 -35.228 18 9.317 -34.31 18 4.698
5 24 38.31 4 4.698 38.31 48 4.698 39.228 48 9.317 38 4 0
2 24 4.698 48 38.31 9.317 48 39.228
2 24 36 48 -22 32 48 -22
2 24 18 48 36 -18 48 36
2 24 -40 48 11.595 -39.228 48 9.317
2 24 11.595 48 -40 40 48 -40
2 24 -36 48 -18 -32 48 -18
5 24 35.228 18 -9.317 35.228 4 -9.317 34.31 4 -4.698 36 18 -11.595
2 24 -9.317 48 39.228 -11.595 48 40
2 24 11.595 4 40 9.317 4 39.228
5 24 0 4 38 0 48 38 4.698 4 38.31 -4.698 48 38.31
2 24 -36 4 -11.595 -36 18 -11.595
5 24 -38.31 4 -4.698 -38.31 48 -4.698 -39.228 48 -9.317 -38 4 0
2 24 40 0 -40 40 48 -40
5 24 -4.698 4 38.31 -4.698 48 38.31 -9.317 48 39.228 0 4 38
2 24 -11.595 18 36 11.595 18 36
2 24 -40 4 -11.595 -40 4 11.595
2 24 11.595 4 -40 11.595 48 -40
2 24 -36 48 36 -36 48 22
2 24 34.31 18 -4.698 34 18 0
2 24 32 48 18 32 48 22
2 24 35.228 18 9.317 36 18 11.595
2 24 4.698 18 34.31 0 18 34
2 24 -18 48 -32 -18 48 -36
2 24 -40 48 11.595 -40 4 11.595
2 24 40 48 11.595 40 48 40
2 24 39.228 48 9.317 40 48 11.595
2 24 32 48 -18 36 48 -18
2 24 -40 48 40 -11.595 48 40
2 24 -11.595 48 -40 -9.317 48 -39.228
2 24 40 48 40 40 0 40
2 24 36 48 -36 36 4 -36
2 24 -36 48 22 -32 48 22
2 24 38.31 48 -4.698 39.228 48 -9.317
5 24 -9.317 18 35.228 -9.317 4 35.228 -11.595 4 36 -4.698 18 34.31
2 24 11.595 48 40 9.317 48 39.228
2 24 11.595 48 40 40 48 40
2 24 0 4 38 -4.698 4 38.31
2 24 -36 4 36 -36 48 36
2 24 22 48 32 18 48 32
2 24 4.698 4 -38.31 9.317 4 -39.228
2 24 22 48 36 22 48 32
2 24 -36 48 -36 -22 48 -36
5 24 -9.317 4 -39.228 -9.317 48 -39.228 -4.698 48 -38.31 -11.595 4 -40
2 24 36 4 11.595 36 18 11.595
5 24 -34.31 18 -4.698 -34.31 4 -4.698 -35.228 4 -9.317 -34 18 0
2 24 4.698 48 -38.31 0 48 -38
2 24 11.595 18 36 9.317 18 35.228
2 24 39.228 4 9.317 40 4 11.595
2 24 -34.31 18 4.698 -34 18 0
5 24 -9.317 4 39.228 -9.317 48 39.228 -11.595 48 40 -4.698 4 38.31
2 24 4.698 48 38.31 0 48 38
2 24 -40 48 40 -40 48 11.595
2 24 40 4 -11.595 39.228 4 -9.317
2 24 32 48 -22 32 48 -18
5 24 9.317 4 -39.228 9.317 48 -39.228 4.698 4 -38.31 11.595 48 -40
2 24 40 4 11.595 40 48 11.595
2 24 -40 0 40 40 0 40
2 24 40 0 40 40 0 -40
2 24 40 0 -40 -40 0 -40
2 24 -40 0 -40 -40 0 40
2 24 36 4 36 36 4 -36
2 24 36 4 -36 -36 4 -36
2 24 -36 4 -36 -36 4 36
2 24 -36 4 36 36 4 36
2 24 -22 4 36 -36 4 36
2 24 36 4 -36 36 4 -22
2 24 -4.698 4 34.31 -9.317 4 35.228
2 24 35.228 4 9.317 36 4 11.595
2 24 4.698 4 34.31 0 4 34
2 24 -34.31 4 -4.698 -35.228 4 -9.317
2 24 34.31 4 -4.698 34 4 0
2 24 -36 4 -22 -36 4 -36
2 24 36 4 22 36 4 36
2 24 0 4 -34 4.698 4 -34.31
2 24 36 4 -18 36 4 -11.595
2 24 22 4 -36 36 4 -36
2 24 -35.228 4 9.317 -34.31 4 4.698
2 24 -4.698 4 -34.31 0 4 -34
2 24 11.595 4 36 9.317 4 35.228
2 24 -36 4 -36 -22 4 -36
2 24 34.31 4 4.698 35.228 4 9.317
2 24 -35.228 4 -9.317 -36 4 -11.595
2 24 36 4 36 22 4 36
2 24 -34 4 0 -34.31 4 -4.698
2 24 -36 4 -11.595 -36 4 -18
2 24 -36 4 11.595 -35.228 4 9.317
2 24 -36 4 36 -36 4 22
2 24 0 4 34 -4.698 4 34.31
2 24 -36 4 18 -36 4 11.595
2 24 9.317 4 -35.228 11.595 4 -36
2 24 -9.317 4 -35.228 -4.698 4 -34.31
2 24 -9.317 4 35.228 -11.595 4 36
2 24 35.228 4 -9.317 34.31 4 -4.698
2 24 -18 4 -36 -11.595 4 -36
2 24 34 4 0 34.31 4 4.698
2 24 18 4 36 11.595 4 36
2 24 36 4 11.595 36 4 18
2 24 36 4 -11.595 35.228 4 -9.317
2 24 4.698 4 -34.31 9.317 4 -35.228
2 24 -11.595 4 -36 -9.317 4 -35.228
2 24 -11.595 4 36 -18 4 36
2 24 11.595 4 -36 18 4 -36
2 24 9.317 4 35.228 4.698 4 34.31
2 24 -34.31 4 4.698 -34 4 0
