0 ~Pattern Black Telephone
0 Name: s\3004p13s01.dat
0 Author: Takeshi Takahashi [RainbowDolphin]
0 !LDRAW_ORG Subpart UPDATE 2022-04
0 !LICENSE Licensed under CC BY 4.0 : see CAreadme.txt

0 BFC CERTIFY CCW

0 !HISTORY 2022-07-18 [PTadmin] Official Update 2022-04


1 16 0 15.25 -10 0 0 4 4 0 0 0 1 0 4-4disc.dat
1 0 0 15.25 -10 0 0 4 4 0 0 0 1 0 4-4ndis.dat
3 16 2.25 7.75 -10 2 7.25 -10 0 7 -10
3 16 0 7 -10 2 8.75 -10 2.25 7.75 -10
3 16 1.25 9.25 -10 2 8.75 -10 0 7 -10
3 16 0 7 -10 0 9.75 -10 1.25 9.25 -10
3 0 3.5 9.75 -10 1.25 9.25 -10 0 9.75 -10
4 0 3.5 9.75 -10 3.5 8.5 -10 2 8.75 -10 1.25 9.25 -10
4 0 0 4 -10 0 7 -10 2 7.25 -10 2.5 4.25 -10
4 0 3.5 8.5 -10 3.75 8 -10 2.25 7.75 -10 2 8.75 -10
4 0 2.25 7.75 -10 5.75 5 -10 2.5 4.25 -10 2 7.25 -10
4 0 5.75 5 -10 2.25 7.75 -10 3.75 8 -10 4.25 7.75 -10
4 0 4.25 7.75 -10 5.25 8.5 -10 7.5 6 -10 5.75 5 -10
4 0 6 9.5 -10 8.75 7.25 -10 7.5 6 -10 5.25 8.5 -10
4 0 6 9.5 -10 6.25 10.75 -10 10.25 9.5 -10 8.75 7.25 -10
4 0 6.25 10.75 -10 6.25 12.5 -10 10.25 12.5 -10 10.25 9.5 -10
4 16 5.25 8.5 -10 4.25 7.75 -10 3.75 8 -10 3.5 8.5 -10
4 16 3.5 8.5 -10 3.5 9.75 -10 6 9.5 -10 5.25 8.5 -10
4 16 3.5 9.75 -10 4 11.25 -10 6.25 10.75 -10 6 9.5 -10
4 16 4 11.25 -10 5 12.75 -10 6.25 12.5 -10 6.25 10.75 -10
4 16 10.25 12.5 -10 6.25 12.5 -10 5 12.75 -10 6 14 -10
3 16 6 14 -10 7.25 15.75 -10 10.25 12.5 -10
3 16 10.25 12.5 -10 7.25 15.75 -10 8.25 18 -10
3 16 8.25 18 -10 8.75 20 -10 10.25 12.5 -10
3 16 8.5 21 -10 11 23 -10 8.75 20 -10
3 16 8.75 20 -10 11 23 -10 10.25 12.5 -10
4 16 11 1 -10 10.25 9.5 -10 10.25 12.5 -10 11 23 -10
3 16 11 1 -10 8.75 7.25 -10 10.25 9.5 -10
3 16 7.5 6 -10 8.75 7.25 -10 11 1 -10
3 16 5.75 5 -10 7.5 6 -10 11 1 -10
3 16 0 7 -10 -2 7.25 -10 -2.25 7.75 -10
3 16 -2.25 7.75 -10 -2 8.75 -10 0 7 -10
3 16 0 7 -10 -2 8.75 -10 -1.25 9.25 -10
3 16 -1.25 9.25 -10 0 9.75 -10 0 7 -10
3 0 0 9.75 -10 -1.25 9.25 -10 -3.5 9.75 -10
4 0 -1.25 9.25 -10 -2 8.75 -10 -3.5 8.5 -10 -3.5 9.75 -10
4 0 -2.5 4.25 -10 -2 7.25 -10 0 7 -10 0 4 -10
4 0 -2 8.75 -10 -2.25 7.75 -10 -3.75 8 -10 -3.5 8.5 -10
4 0 -2 7.25 -10 -2.5 4.25 -10 -5.75 5 -10 -2.25 7.75 -10
4 0 -4.25 7.75 -10 -3.75 8 -10 -2.25 7.75 -10 -5.75 5 -10
4 0 -5.75 5 -10 -7.5 6 -10 -5.25 8.5 -10 -4.25 7.75 -10
4 0 -5.25 8.5 -10 -7.5 6 -10 -8.75 7.25 -10 -6 9.5 -10
4 0 -8.75 7.25 -10 -10.25 9.5 -10 -6.25 10.75 -10 -6 9.5 -10
4 0 -10.25 9.5 -10 -10.25 12.5 -10 -6.25 12.5 -10 -6.25 10.75 -10
4 16 -3.5 8.5 -10 -3.75 8 -10 -4.25 7.75 -10 -5.25 8.5 -10
4 16 -5.25 8.5 -10 -6 9.5 -10 -3.5 9.75 -10 -3.5 8.5 -10
4 16 -6 9.5 -10 -6.25 10.75 -10 -4 11.25 -10 -3.5 9.75 -10
4 16 -6.25 10.75 -10 -6.25 12.5 -10 -5 12.75 -10 -4 11.25 -10
4 16 -6 14 -10 -5 12.75 -10 -6.25 12.5 -10 -10.25 12.5 -10
3 16 -10.25 12.5 -10 -7.25 15.75 -10 -6 14 -10
3 16 -8.25 18 -10 -7.25 15.75 -10 -10.25 12.5 -10
3 16 -10.25 12.5 -10 -8.75 20 -10 -8.25 18 -10
3 16 -8.75 20 -10 -11 23 -10 -8.5 21 -10
3 16 -10.25 12.5 -10 -11 23 -10 -8.75 20 -10
4 16 -11 23 -10 -10.25 12.5 -10 -10.25 9.5 -10 -11 1 -10
3 16 -10.25 9.5 -10 -8.75 7.25 -10 -11 1 -10
3 16 -11 1 -10 -8.75 7.25 -10 -7.5 6 -10
3 16 -11 1 -10 -7.5 6 -10 -5.75 5 -10
3 16 0 4 -10 -11 1 -10 -2.5 4.25 -10
3 16 -11 1 -10 -5.75 5 -10 -2.5 4.25 -10
4 0 -3.5 9.75 -10 -4 11.25 -10 0 11.25 -10 0 9.75 -10
4 0 0 9.75 -10 0 11.25 -10 4 11.25 -10 3.5 9.75 -10
3 0 -4 11.25 -10 -5 12.75 -10 -4 15.25 -10
3 0 4 11.25 -10 4 15.25 -10 5 12.75 -10
4 0 -4 15.25 -10 -5 12.75 -10 -6 14 -10 -7.25 15.75 -10
4 0 5 12.75 -10 4 15.25 -10 7.25 15.75 -10 6 14 -10
4 0 -4 19.25 -10 -4 15.25 -10 -7.25 15.75 -10 -8.25 18 -10
4 0 4 15.25 -10 4 19.25 -10 8.25 18 -10 7.25 15.75 -10
4 0 -8.5 21 -10 -4 19.25 -10 -8.25 18 -10 -8.75 20 -10
4 0 8.25 18 -10 4 19.25 -10 8.5 21 -10 8.75 20 -10
4 0 0 19.25 -10 -4 19.25 -10 -8.5 21 -10 8.5 21 -10
3 0 0 19.25 -10 8.5 21 -10 4 19.25 -10
4 16 8.5 21 -10 -8.5 21 -10 -11 23 -10 11 23 -10
3 16 -11 1 -10 0 4 -10 11 1 -10
3 16 11 1 -10 0 4 -10 2.5 4.25 -10
3 16 11 1 -10 2.5 4.25 -10 5.75 5 -10
