0 ~Technic Gear 24 Tooth with 3 Axleholes - 1/2 Pin Hole
0 Name: s\3648as01.dat
0 Author: Lance Hopenwasser [cavehop]
0 !LDRAW_ORG Subpart UPDATE 2022-02
0 !LICENSE Licensed under CC BY 2.0 and CC BY 4.0 : see CAreadme.txt

0 BFC CERTIFY CCW

0 !HISTORY 2009-05-02 [PTadmin] Official Update 2009-01
0 !HISTORY 2022-01-18 [MagFors] Reshape axlehole
0 !HISTORY 2022-03-06 [PTadmin] Official Update 2022-02


0 // Ring surfaces
1 16 10.3201 3 7.8 0 0 .3201 -1 0 0 0 -1 0 rect3.dat
1 16 10 10 7.8 0 0 -2 -2 0 0 0 -1 0 3-4ring3.dat
4 16 17.696 6.938 7.8 18 10 7.8 16 10 7.8 15.544 7.704 7.8
4 16 13.7724 5.0561 7.8 14.58578 4.24266 7.8 17.696 6.938 7.8 15.544 7.704 7.8
4 16 16 3.53555 7.8 17.41422 4.24266 7.8 17.696 6.938 7.8 14.58578 4.24266 7.8
3 16 17.41422 4.24266 7.8 18.54722 5.37566 7.8 17.696 6.938 7.8
0 // Ring side surfaces and edges
4 16 10.6402 2 7.8 10 2 7.8 10 2 0 10.6402 2 0
1 16 10.6402 3 3.9 0 -1 0 0 0 -1 3.9 0 0 rect2p.dat
4 16 10.6402 4 0 10 4 0 10 4 7.8 10.6402 4 7.8
0 BFC INVERTNEXT
1 16 10 10 0 0 0 -6 -6 0 0 0 7.8 0 3-4cyli.dat
1 16 10 10 7.8 0 0 -6 -6 0 0 0 1 0 3-4edge.dat
1 16 15.772 8.852 3.9 0 1 .228 0 0 1.148 3.9 0 0 rect1.dat
1 16 14.6582 6.38005 3.9 0 1 .8858 0 0 1.32395 3.9 0 0 rect1.dat
5 24 15.544 7.704 7.8 15.544 7.704 0 13.7724 5.0561 7.8 16 10 7.8
1 16 14.17909 4.64938 3.9 0 0 -.40669 0 1 .40672 3.9 0 0 rect2a.dat
1 16 15.29289 3.889105 3.9 0 0 -.70711 0 1 .353555 3.9 0 0 rect1.dat

1 16 16.70711 3.889105 3.9 0 0 -.70711 0 1 -.353555 3.9 0 0 rect1.dat
1 16 17.98072 4.80916 3.9 .5665 0 0 .5665 1 0 0 0 3.9 rect2a.dat

2 24 17.696 6.938 7.8 18.54722 5.37566 7.8
2 24 18.54722 5.37566 1.75 17.696 6.938 1.75
4 16 18.54722 5.37566 7.8 18.54722 5.37566 1.75 17.696 6.938 1.75 17.696 6.938 7.8

1 16 17.848 8.469 4.775 .152 0 0 1.531 1 0 0 0 3.025 rect2p.dat
5 24 17.696 6.938 7.8 17.696 6.938 1.75 18 10 7.8 18.54722 5.37566 7.8
1 16 10 10 1.75 0 0 8 8 0 0 0 6.05 0 1-4cyli.dat
1 16 10 10 7.8 0 0 8 8 0 0 0 1 0 1-4edge.dat
5 24 18 10 7.8 18 10 1.75 17.696 6.938 7.8 17.3912 13.0616 7.8
1 16 10 10 1.75 0 0 8 8 0 0 0 1 0 1-4edge.dat
1 16 8.4692 17.6956 4.775 -1.5308 0 0 -.3044 -1 0 0 0 3.025 rect2p.dat
5 24 10 18 7.8 10 18 1.75 13.0616 17.3912 7.8 6.9384 17.3912 7.8
1 16 5.6408 16.524 4.775 -1.2976 0 0 -.8672 -1 0 0 0 3.025 rect2p.dat
5 24 6.9384 17.3912 7.8 6.9384 17.3912 1.75 10 18 7.8 4.3432 15.6568 7.8
1 16 3.476 14.3592 4.775 -.8672 0 0 -1.2976 -1 0 0 0 3.025 rect2p.dat
5 24 4.3432 15.6568 7.8 4.3432 15.6568 1.75 6.9384 17.3912 7.8 2.6088 13.0616 7.8
1 16 2.3971 11.9971 4.775 -.2117 0 0 -1.0645 -1 0 0 0 3.025 rect2p.dat
5 24 2.6088 13.0616 7.8 2.6088 13.0616 1.75 4.3432 15.6568 7.8 2.1854 10.9326 7.8
0 // Disc surfaces
1 16 22.2154 6.2154 1.75 .7071 0 .7071 -.7071 0 .7071 0 -1 0 2-4ndis.dat
4 16 21.37566 2.54722 1.75 20.24266 1.41422 1.75 24.96 0 1.75 24.7453 3.2573 1.75
3 16 20.24266 1.41422 1.75 19.53555 0 1.75 24.96 0 1.75
4 16 24.1089 6.4596 1.75 20.80915 3.39495 1.75 21.37566 2.54722 1.75 24.7453 3.2573 1.75
3 16 20.80915 3.39495 1.75 24.1089 6.4596 1.75 23.6296 6.2154 1.75
4 16 22.2154 7.6296 1.75 23.6296 6.2154 1.75 24.1089 6.4596 1.75 23.0605 9.5522 1.75
3 16 19.39495 4.80915 1.75 22.2154 7.6296 1.75 23.0605 9.5522 1.75
4 16 18.54722 5.37566 1.75 19.39495 4.80915 1.75 23.0605 9.5522 1.75 21.6154 12.48 1.75
4 16 18 10 1.75 17.696 6.938 1.75 18.54722 5.37566 1.75 21.6154 12.48 1.75
4 16 17.3912 13.0616 1.75 18 10 1.75 21.6154 12.48 1.75 19.8033 15.1956 1.75
4 16 15.6568 15.6568 1.75 17.3912 13.0616 1.75 19.8033 15.1956 1.75 17.6492 17.6492 1.75
4 16 13.0616 17.3912 1.75 15.6568 15.6568 1.75 17.6492 17.6492 1.75 15.1956 19.8033 1.75
4 16 10 18 1.75 13.0616 17.3912 1.75 15.1956 19.8033 1.75 12.48 21.6154 1.75
4 16 6.9384 17.3912 1.75 10 18 1.75 12.48 21.6154 1.75 9.5522 23.0605 1.75
4 16 4.3432 15.6568 1.75 6.9384 17.3912 1.75 9.5522 23.0605 1.75 6.4596 24.1089 1.75
4 16 2.6088 13.0616 1.75 4.3432 15.6568 1.75 6.4596 24.1089 1.75 3.2573 24.7453 1.75
4 16 2.1854 10.9326 1.75 2.6088 13.0616 1.75 3.2573 24.7453 1.75 0 24.96 1.75
3 16 0 10.9326 1.75 2.1854 10.9326 1.75 0 24.96 1.75
0 // Axlehole surfaces and edges
1 16 18.971085 5.092405 .875 0 0 -.423865 0 1 .283255 .875 0 0 rect1.dat
1 16 20.451625 5.865825 .875 0 0 -1.056675 0 1 -1.056675 .875 0 0 rect2a.dat
0 BFC INVERTNEXT
1 16 22.2154 6.2154 0 .7071 0 .7071 -.7071 0 .7071 0 1.75 0 2-4cyli.dat
1 16 22.2154 6.2154 1.75 .7071 0 .7071 -.7071 0 .7071 0 1 0 2-4edge.dat
1 16 21.865825 4.451625 .875 -1.056675 0 0 -1.056675 -1 0 0 0 .875 rect2a.dat
1 16 21.092405 2.971085 .875 .283255 0 0 -.423865 1 0 0 0 .875 rect2a.dat
1 16 20.80916 1.98072 .875 0 0 .5665 0 -1 .5665 .875 0 0 rect1.dat
1 16 19.88911 .70711 .875 0 0 .35356 0 -1 .70711 .875 0 0 rect1.dat
5 24 14.58578 4.24266 7.8 14.58578 4.24266 0 13.7724 5.0561 7.8 16 3.53555 7.8
5 24 16 3.53555 7.8 16 3.53555 0 14.58578 4.24266 7.8 17.41422 4.24266 7.8
5 24 17.41422 4.24266 7.8 17.41422 4.24266 0 16 3.53555 7.8 18.54722 5.37566 7.8
5 24 20.24266 1.41422 1.75 20.24266 1.41422 0 21.37566 2.54722 1.75 19.53555 0 1.75
5 24 19.53555 0 1.75 19.53555 0 0 20.24266 1.41422 1.75 20.24266 -1.41422 1.75
