0 ~Cone  4 x  4 x  2 - Inside Quarter
0 Name: s\3943s01.dat
0 Author: Magnus Forsberg [MagFors]
0 !LDRAW_ORG Subpart UPDATE 2024-02
0 !LICENSE Licensed under CC BY 4.0 : see CAreadme.txt

0 BFC CERTIFY CCW

0 !HISTORY 2022-03-06 [PTadmin] Official Update 2022-02
0 !HISTORY 2024-03-23 [OrionP] Updated ring primitives
0 !HISTORY 2024-03-24 [OrionP] Official Update 2024-02

1 16 10 4 0 2.3977 0 0 0 40 0 0 0 2 box3u4p.dat
2 24 8 44 0 7.6023 44 2
2 24 12 44 0 12.3977 44 2
2 24 8 44 0 7.6023 44 -2
2 24 12 44 0 12.3977 44 -2

0 // sloped stud
1 16 20 24 0 1 0 0 0 -6 0 0 0 1 stud4a.dat
1 16 20 4 0 0 0 -8 0 1 0 8 0 0 2-4edge.dat
1 16 20 4 0 0 0 -6 0 1 0 6 0 0 2-4edge.dat
1 16 20 4 0 0 0 -8 0 20 0 8 0 0 2-4cyli.dat
1 16 20 24 0 8 0 0 0 -20 0 0 0 -8 1-4cyls.dat
1 16 20 24 0 8 0 0 0 -20 0 0 0 8 1-4cyls.dat
0 BFC INVERTNEXT
1 16 20 4 0 0 0 -6 0 15 0 6 0 0 2-4cyli.dat
0 BFC INVERTNEXT
1 16 20 19 0 6 0 0 0 -15 0 0 0 -6 1-4cyls.dat
0 BFC INVERTNEXT
1 16 20 19 0 6 0 0 0 -15 0 0 0 6 1-4cyls.dat
0 BFC INVERTNEXT
1 16 20 19 0 0 0 -6 0 5 0 6 0 0 4-4cyli.dat

0 // thin bottom edge
1 16 0 44 0 1 0 0 0 -1 0 0 0 1 48\1-4ring37.dat
0 BFC INVERTNEXT
1 16 0 44 0 38 0 0 0 4 0 0 0 38 48\1-12cylo.dat
1 16 0 44 0 40 0 0 0 1 0 0 0 40 48\1-4edge.dat
1 16 0 48 0 40 0 0 0 1 0 0 0 40 48\1-12edge.dat
1 16 0 44 0 40 0 0 0 4 0 0 0 40 48\1-12cyli.dat
1 16 0 48 0 2 0 0 0 -1 0 0 0 2 48\1-12ring19.dat
0 BFC INVERTNEXT
1 16 0 44 0 0 0 38 0 4 0 38 0 0 48\1-12cylo.dat
1 16 0 48 0 0 0 40 0 1 0 40 0 0 48\1-12edge.dat
1 16 0 44 0 0 0 40 0 4 0 40 0 0 48\1-12cyli.dat
1 16 0 48 0 0 0 2 0 -1 0 2 0 0 48\1-12ring19.dat

4 16 34.64 48 20 32.908 48 19 30.735 48 22.25 32.174 48 23.689
1 16 31.8215 46 20.625 1.0865 1 0 0 0 -2 -1.625 0 0 rect2p.dat
1 16 33.407 46 21.8445 0 -1 -1.233 2 0 0 0 0 1.8445 rect1.dat
1 16 31.4545 46 22.9695 .7195 1 0 0 0 2 .7195 0 0 rect.dat
4 16 31.736 44 24.352 30.1492 44 23.1344 26.8698 44 26.8698 28.284 44 28.284
4 16 30.1492 44 23.1344 31.736 44 24.352 32.174 44 23.689 30.735 44 22.25
5 24 32.908 48 19 32.908 44 19 30.735 48 22.25 35.1082 48 14.5426
5 24 34.64 48 20 34.64 44 20 32.174 48 23.689 36.956 48 15.308

4 16 19 48 32.908 20 48 34.64 23.689 48 32.174 22.25 48 30.735
1 16 20.625 46 31.8215 -1.625 1 0 0 0 2 1.0865 0 0 rect2p.dat
1 16 21.8445 46 33.407 0 -1 -1.8445 2 0 0 0 0 1.233 rect1.dat
1 16 22.9695 46 31.4545 0 -1 .7195 2 0 0 0 0 .7195 rect.dat
4 16 28.284 44 28.284 26.8698 44 26.8698 23.1344 44 30.1492 24.352 44 31.736
4 16 24.352 44 31.736 23.1344 44 30.1492 22.25 44 30.735 23.689 44 32.174
5 24 19 48 32.908 19 44 32.908 14.5426 48 35.1082 22.25 48 30.735
5 24 20 48 34.64 20 44 34.64 23.689 48 32.174 15.308 48 36.956

0 // cone
0 BFC INVERTNEXT
1 16 0 44 0 18.5 0 0 0 -40 0 0 0 18.5 48\1-4con1.dat
1 16 0 4 0 18.5 0 0 0 1 0 0 0 18.5 48\1-4edge.dat
1 16 0 4 0 18.5 0 0 0 -1 0 0 0 18.5 48\1-4chrd.dat
1 16 0 44 0 37 0 0 0 1 0 0 0 37 48\1-4edge.dat

2 24 28 24.5405 0 27.3912 23.660478 3.0616
2 24 25.5434 19.556152 2.2962 26 20.216216 0
2 24 24.888506 18.279792 3.276125 25.5434 19.556152 2.2962
2 24 22.2962 13.728051 5.5434 24.2426 17.31529 4.2426
2 24 24.2426 17.31529 4.2426 24.888506 18.279792 3.276125
2 24 20 9.215982 6 21.37379 11.845119 5.726821
2 24 22.2962 13.728051 5.5434 21.37379 11.845119 5.726821
2 24 17.7038 4.186302 5.5434 17.629783 4 5.493933
2 24 20 9.215982 6 17.7038 4.186302 5.5434
2 24 27.3912 23.660478 3.0616 27.057061 23.009232 3.561576
2 24 23.0616 16.466483 7.3912 20 10.607243 8
2 24 23.0616 16.466483 7.3912 24.356292 18.521435 6.525943
2 24 18.679279 7.714288 7.737374 20 10.607243 8
2 24 25.6568 20.918286 5.6568 24.356292 18.521435 6.525943
2 24 27.057061 23.009232 3.561576 25.6568 20.918286 5.6568
2 24 18.679279 7.714288 7.737374 16.9384 4 7.3912

2 24 28 24.5405 0 27.3912 23.660478 -3.0616
2 24 25.5434 19.556152 -2.2962 26 20.216216 0
2 24 24.888506 18.279792 -3.276125 25.5434 19.556152 -2.2962
2 24 22.2962 13.728051 -5.5434 24.2426 17.31529 -4.2426
2 24 24.2426 17.31529 -4.2426 24.888506 18.279792 -3.276125
2 24 20 9.215982 -6 21.37379 11.845119 -5.726821
2 24 22.2962 13.728051 -5.5434 21.37379 11.845119 -5.726821
2 24 17.7038 4.186302 -5.5434 17.629783 4 -5.493933
2 24 20 9.215982 -6 17.7038 4.186302 -5.5434
2 24 27.3912 23.660478 -3.0616 27.057061 23.009232 -3.561576
2 24 23.0616 16.466483 -7.3912 20 10.607243 -8
2 24 23.0616 16.466483 -7.3912 24.356292 18.521435 -6.525943
2 24 18.679279 7.714288 -7.737374 20 10.607243 -8
2 24 25.6568 20.918286 -5.6568 24.356292 18.521435 -6.525943
2 24 27.057061 23.009232 -3.561576 25.6568 20.918286 -5.6568
2 24 18.679279 7.714288 -7.737374 16.9384 4 -7.3912

0 // top surface
1 16 0 0 0 20 0 0 0 1 0 0 0 20 48\1-4chrd.dat
2 24 11.9387 0 15.6145 14.142 0 14.142
2 24 15.6145 0 11.9397 14.142 0 14.142
1 16 0 0 0 20 0 0 0 1 0 0 0 20 48\1-4edge.dat
