0 ~Animal Dinosaur Body Quarter with Pegholes - Inner Faces
0 Name: s\40373s02.dat
0 Author: Andy Westrate [westrate]
0 !LDRAW_ORG Subpart UPDATE 2023-03
0 !LICENSE Licensed under CC BY 2.0 and CC BY 4.0 : see CAreadme.txt

0 BFC CERTIFY CCW

0 !HISTORY 2009-10-13 {LEGO Universe Team} Original part shape
0 !HISTORY 2009-11-30 [westrate] File preparation for LDraw Parts Tracker
0 !HISTORY 2015-10-19 [MagFors] Moved primitives to subfile
0 !HISTORY 2023-02-17 [MMR1988] Adapted to reshaped s01 subpart to match 3040
0 !HISTORY 2023-05-01 [Holly-Wood] Adjusted surface
0 !HISTORY 2023-06-24 [OrionP] Official Update 2023-03


0 // bottom
0 BFC INVERTNEXT
1 16 10 72 20 0 0 6 0 -4 0 -16 0 0 box5.dat
1 16 10 68 20 1 0 0 0 -1 0 0 0 1 stud3.dat
0 // top
1 16 20 0 10 1 0 0 0 1 0 0 0 1 stug2-1x2.dat

0 // inside connectors
1 16 0 9.5 9.5 0 1 0 -1 0 0 0 0 1 peghole.dat
1 16 0 9.5 9.5 0 1 0 -8 0 0 0 0 8 4-4ndis.dat
0 BFC INVERTNEXT
1 16 2 9.5 9.5 0 15.9 0 -6 0 0 0 0 6 4-4cyli.dat
1 16 17.9 9.5 9.5 0 1 0 -6 0 0 0 0 6 4-4edge.dat
1 16 17.9 9.5 9.5 0 -1 0 6 0 0 0 0 6 1-4ndis.dat
1 16 17.9 9.5 9.5 0 -1 0 6 0 0 0 0 -6 1-8tndis.dat
1 16 17.9 9.5 9.5 0 -1 0 0 0 6 -6 0 0 1-8tndis.dat
1 16 17.9 9.5 9.5 0 -1 0 -6 0 0 0 0 -6 1-4ndis.dat
1 16 17.9 9.5 9.5 0 -1 0 -6 0 0 0 0 6 1-8tndis.dat
1 16 17.9 9.5 9.5 0 -1 0 0 0 -6 6 0 0 1-8tndis.dat

1 16 0 57.5 9.5 0 1 0 -1 0 0 0 0 1 peghole.dat
1 16 0 57.5 9.5 0 1 0 -8 0 0 0 0 8 4-4ndis.dat
0 BFC INVERTNEXT
1 16 2 57.5 9.5 0 15.9 0 -6 0 0 0 0 6 4-4cyli.dat
1 16 17.9 57.5 9.5 0 1 0 -6 0 0 0 0 6 4-4edge.dat
1 16 17.9 57.5 9.5 0 -1 0 -6 0 0 0 0 6 3-4ndis.dat
1 16 17.9 57.5 9.5 0 -1 0 -6 0 0 0 0 -6 1-8tndis.dat
1 16 17.9 57.5 9.5 0 -1 0 0 0 -6 -6 0 0 1-8tndis.dat

0 // front connector
0 BFC INVERTNEXT
1 16 20 33.5 2 0 0 -6 -6 0 0 0 16 0 4-4cyli.dat
1 16 20 33.5 0 0 0 -1 -1 0 0 0 1 0 peghole.dat
1 16 20 33.5 0 0 0 -2 -2 0 0 0 1 0 4-4ring4.dat
1 16 20 33.5 0 0 0 -10 -10 0 0 0 1 0 4-4edge.dat
1 16 20 33.5 0 0 0 -10 -10 0 0 0 14 0 4-4cyli.dat
1 16 20 33.5 14 0 0 10 10 0 0 0 3 0 2-4cyli.dat
1 16 20 33.5 17 0 0 10 10 0 0 0 1 0 2-4edge.dat
1 16 20 33.5 14 0 0 -10 -10 0 0 0 1 0 2-4edge.dat
1 16 20 33.5 17 0 0 10 10 0 0 0 1 0 2-4ndis.dat
1 16 20 33.5 14 0 0 -10 -10 0 0 0 1 0 2-4ndis.dat

0 // inside of front connector
1 16 20 33.5 18 0 0 -6 -6 0 0 0 1 0 4-4edge.dat
1 16 20 33.5 18 0 0 -6 -6 0 0 0 -1 0 2-4ndis.dat
1 16 20 33.5 18 0 0 1.5 1.5 0 0 0 -1 0 2-4ring4.dat
0 BFC INVERTNEXT
1 16 20 33.5 18 0 0 7.5 7.5 0 0 0 2.4 0 2-4cylo.dat
1 16 20 33.5 20.4 0 0 7.5 7.5 0 0 0 -1 0 2-4ndis.dat
0 // outside connector
1 16 40 33.5 60 0 -1 0 -1 0 0 0 0 1 peghole.dat
1 16 -10 33.5 60 0 1 0 -2 0 0 0 0 2 4-4ring4.dat
1 16 22 33.5 60 0 -1 0 -6 0 0 0 0 6 4-4edge.dat
1 16 22 33.5 60 0 1 0 -2 0 0 0 0 2 4-4ring3.dat
1 16 -10 33.5 60 0 46 0 -10 0 0 0 0 10 4-4cylo.dat
0 BFC INVERTNEXT
1 16 -10 33.5 60 0 32 0 -8 0 0 0 0 8 4-4cylo.dat
0 BFC INVERTNEXT
1 16 22 33.5 60 0 16 0 -6 0 0 0 0 6 4-4cyli.dat

0 // moved unprinted surface
1 16 20 0 10 0 0 -20 0 1 0 10 0 0 rect3.dat
2 24 0 0 20 0 -24 20
3 16 0 -24 20 0 0 20 20 -24 20
4 16 20 -24 20 0 0 20 40 0 20 40 -4 20
1 16 40 33.5 60 1 0 0 0 1 0 0 0 1 s\40373s03.dat
1 16 40 33.5 60 1 0 0 0 0 -1 0 1 0 s\40373s03.dat
1 16 40 33.5 60 1 0 0 0 -1 0 0 0 -1 s\40373s03.dat
1 16 40 33.5 60 1 0 0 0 0 1 0 -1 0 s\40373s03.dat

3 16 20 23.5 17 30 23.5 17 35.88 3.92 17
4 16 30 33.5 17 35.88 49.74 17 35.88 3.92 17 30 23.5 17
4 16 30 43.5 17 20 43.5 17 22.04 64.09 17 35.88 49.74 17
3 16 30 43.5 17 35.88 49.74 17 30 33.5 17
4 16 17.9 63.94 .51 17.9 63.94 0 17.9 65.46 0 17.9 65.15 9.03
4 16 35.88 3.92 0 35.88 49.74 0 40 52 0 40 0 0
4 16 4 63.94 0 0 72 0 17.9 65.46 0 17.9 63.94 0
4 16 35.88 3.92 0 40 0 0 19.81 1.53 0 19.81 3.92 0
4 16 19.81 65.46 0 20 72 0 22.16 64.09 0 19.81 64.09 0
4 16 17.9 65.46 0 0 72 0 20 72 0 19.81 65.46 0
4 16 0 0 0 0 72 0 4 63.94 0 4 1.53 0
4 16 0 0 0 4 1.53 0 19.81 1.53 0 40 0 0
4 16 22.16 64.09 0 20 72 0 40 52 0 35.88 49.74 0
4 16 19.81 2.66 13.6 19.81 3.92 15.49 19.81 1.84 9.03 19.81 1.9 11.37
4 16 19.81 1.84 9.03 19.81 3.92 15.49 19.81 3.92 0 19.81 1.53 0
4 16 19.81 65.15 9.03 19.81 65.46 0 19.81 64.09 0 19.81 64.09 14.19
3 16 19.81 65.02 11.73 19.81 65.15 9.03 19.81 64.09 14.19
4 16 20 5.71 81.63 20 1.57 74.88 20 -1.32 76.23 20 2.99 82.92
4 16 20 -4.48 61.94 20 -7.68 62.63 20 -1.32 76.23 20 1.57 74.88
4 16 20 37.8 98.1 20 37.8 94.7 20 25.39 94.25 20 24.46 97.05
4 16 20 12.36 92.06 20 14.6 89.43 20 5.71 81.63 20 2.99 82.92
4 16 20 68.1 76.11 20 65.22 75.3 20 58.18 84.79 20 60.82 86.98
4 16 20 58.18 84.79 20 48.64 91.77 20 50.02 94.38 20 60.82 86.98
4 16 20 50.02 94.38 20 48.64 91.77 20 37.8 94.7 20 37.8 98.1
4 16 20 24.46 97.05 20 25.39 94.25 20 14.6 89.43 20 12.36 92.06
4 16 20 72 45.4 20 68.74 46.09 20 68.74 59.95 20 71.85 61.75
4 16 20 71.85 61.75 20 68.74 59.95 20 65.22 75.3 20 68.1 76.11
3 16 36 -2.14 25.19 36 1.28 25.19 0 .03 23.94
4 16 36 -2.14 25.19 0 .03 23.94 0 -20.17 23.94 18.34 -19.27 24.57
3 16 36 3.33 51.72 36 2.81 24.77 36 1.28 25.19
3 16 36 -2.14 25.19 36 3.33 51.72 36 1.28 25.19
3 16 36 4.4 23.44 36 2.81 24.77 36 3.33 51.72
4 16 0 0 20 0 2.18 23.26 0 3.55 21.47 0 3.78 19.69
4 16 0 0 20 0 -20.17 23.94 0 .03 23.94 0 2.18 23.26
4 16 0 69.43 38.81 0 69.43 45.94 0 72 45.4 0 72 0
4 16 0 -12.32 52.71 0 -10.01 51.75 0 -20.17 23.94 0 -24 20.71835
4 16 0 0 20 0 -24 20 0 -24 20.71835 0 -20.17 23.94
4 16 0 -7.68 62.63 0 -5.18 62.09 0 -10.01 51.75 0 -12.32 52.71
4 16 0 65.19 33.87 0 65.9 36.43 0 67.4 38.01 0 69.43 38.81
3 16 23.26 68.63 59.95 36 58.79 44.9 36 61.52 60
3 16 36 58.79 44.9 26.29 64.29 33.87 36 53.98 20.94
4 16 20 68.74 46.09 0 69.43 45.94 0 69.43 38.81 21.36 68.7 39.41
4 16 23.26 68.63 59.95 20 68.74 59.95 20 68.74 46.09 21.36 68.7 39.41
3 16 36 3.33 51.72 36 -2.14 25.19 21.16 -8.34 53.6
3 16 36 3.33 51.72 21.16 -8.34 53.6 21.82 -5.32 60.01
3 16 21.82 -5.32 60.01 23.35 1.69 74.87 36 5.25 60.55
3 16 36 7.6 70.72 36 5.25 60.55 23.35 1.69 74.87
3 16 36 3.33 51.72 21.82 -5.32 60.01 36 5.25 60.55
3 16 19.64 -14.3 38.05 36 -2.14 25.19 18.34 -19.27 24.57
3 16 21.16 -8.34 53.6 36 -2.14 25.19 19.64 -14.3 38.05
4 16 20 1.57 74.88 23.35 1.69 74.87 21.82 -5.32 60.01 20 -4.48 61.94
3 16 20 -4.48 61.94 21.82 -5.32 60.01 0 -5.18 62.09
3 16 26.29 64.29 33.87 24.44 64.35 20.53 36 53.98 20.94
3 16 20 5.71 81.63 23.35 1.69 74.87 20 1.57 74.88
3 16 24.19 6.53 82.38 23.35 1.69 74.87 20 5.71 81.63
4 16 24.19 6.53 82.38 20 5.71 81.63 20 14.6 89.43 25.33 14.6 89.43
3 16 25.33 18.63 91.68 25.33 14.6 89.43 20 14.6 89.43
3 16 20 25.39 94.25 25.33 18.63 91.68 20 14.6 89.43
3 16 25.69 25.44 94.03 25.33 18.63 91.68 20 25.39 94.25
3 16 20 37.8 94.7 25.69 25.44 94.03 20 25.39 94.25
3 16 25.97 37.8 94.7 25.69 25.44 94.03 20 37.8 94.7
3 16 20 48.64 91.77 25.97 37.8 94.7 20 37.8 94.7
3 16 25.91 48.54 91.57 25.97 37.8 94.7 20 48.64 91.77
3 16 25.91 48.54 91.57 20 48.64 91.77 25.51 57.46 85.54
3 16 20 58.18 84.79 25.51 57.46 85.54 20 48.64 91.77
4 16 24.67 65.05 75.22 25.51 57.46 85.54 20 58.18 84.79 20 65.22 75.3
4 16 20 65.22 75.3 20 68.74 59.95 23.26 68.63 59.95 24.67 65.05 75.22
3 16 0 3.55 21.47 36 4.4 23.44 36 5.03 20.94
3 16 36 5.03 20.94 0 3.78 19.69 0 3.55 21.47
3 16 21.16 -8.34 53.6 19.64 -14.3 38.05 0 -10.01 51.75
4 16 0 -20.17 23.94 0 -10.01 51.75 19.64 -14.3 38.05 18.34 -19.27 24.57
3 16 36 13.68 79.82 36 7.6 70.72 24.19 6.53 82.38
3 16 36 13.68 79.82 24.19 6.53 82.38 25.33 14.6 89.43
3 16 36 33.5 88.02 36 22.77 85.89 25.69 25.44 94.03
3 16 36 22.77 85.89 25.33 18.63 91.68 25.69 25.44 94.03
3 16 36 44.22 85.89 25.97 37.8 94.7 25.91 48.54 91.57
3 16 36 44.22 85.89 36 33.5 88.02 25.97 37.8 94.7
3 16 25.51 57.46 85.54 36 53.31 79.82 36 44.22 85.89
3 16 36 44.22 85.89 25.91 48.54 91.57 25.51 57.46 85.54
4 16 36 59.39 70.72 36 53.31 79.82 25.51 57.46 85.54 24.67 65.05 75.22
3 16 23.26 68.63 59.95 36 61.52 60 36 59.39 70.72
3 16 36 33.5 88.02 25.69 25.44 94.03 25.97 37.8 94.7
3 16 36 22.77 85.89 25.33 14.6 89.43 25.33 18.63 91.68
3 16 36 59.39 70.72 24.67 65.05 75.22 23.26 68.63 59.95
3 16 23.35 1.69 74.87 24.19 6.53 82.38 36 7.6 70.72
4 16 20 72 45.4 0 72 45.4 0 69.43 45.94 20 68.74 46.09
4 16 0 -5.18 62.09 0 -7.68 62.63 20 -7.68 62.63 20 -4.48 61.94
4 16 24.44 64.35 20.53 26.29 64.29 33.87 0 65.19 33.87 0 65.19 19.69
3 16 0 2.18 23.26 0 .03 23.94 36 2.81 24.77
3 16 0 3.55 21.47 0 2.18 23.26 36 4.4 23.44
3 16 0 2.18 23.26 36 2.81 24.77 36 4.4 23.44
3 16 0 .03 23.94 36 1.28 25.19 36 2.81 24.77
3 16 23.24 67.19 38.83 21.36 68.7 39.41 0 69.43 38.81
3 16 26.29 64.29 33.87 36 58.79 44.9 26.18 64.58 35.7
3 16 0 69.43 38.81 0 67.4 38.01 23.24 67.19 38.83
3 16 21.36 68.7 39.41 23.24 67.19 38.83 23.26 68.63 59.95
3 16 23.26 68.63 59.95 23.24 67.19 38.83 36 58.79 44.9
3 16 25.33 14.6 89.43 36 22.77 85.89 36 13.68 79.82
4 16 0 -10.01 51.75 0 -5.18 62.09 21.82 -5.32 60.01 21.16 -8.34 53.6
3 16 0 65.9 36.43 0 65.19 33.87 26.18 64.58 35.7
3 16 25.45 65.3 37.13 23.24 67.19 38.83 0 67.4 38.01
3 16 0 67.4 38.01 0 65.9 36.43 25.45 65.3 37.13
3 16 26.18 64.58 35.7 25.45 65.3 37.13 0 65.9 36.43
3 16 26.29 64.29 33.87 26.18 64.58 35.7 0 65.19 33.87
3 16 26.18 64.58 35.7 36 58.79 44.9 25.45 65.3 37.13
3 16 25.45 65.3 37.13 36 58.79 44.9 23.24 67.19 38.83
4 16 0 41.2 19.69 0 41.2 18 20 41 18 20 41 20.4
4 16 0 25.8 18 0 25.8 19.69 20 26 20.4 20 26 18
4 16 17.9 65.46 0 19.81 65.46 0 19.81 65.15 9.03 17.9 65.15 9.03
4 16 17.9 65.15 9.03 19.81 65.15 9.03 19.81 65.02 11.73 17.9 65.02 11.73
4 16 17.9 65.02 11.73 19.81 65.02 11.73 19.81 64.09 14.19 17.9 64.09 14.19
4 16 19.81 1.9 11.37 19.81 1.84 9.03 17.9 1.84 9.03 17.9 1.9 11.37
4 16 19.81 2.66 13.6 19.81 1.9 11.37 17.9 1.9 11.37 17.9 2.66 13.6
4 16 19.81 3.92 15.49 19.81 2.66 13.6 17.9 2.66 13.6 17.9 3.92 15.49
4 16 17.9 48.54 10.01 4 48.54 10.01 4 49.68 5.75 17.9 49.68 5.75
4 16 17.9 49.68 5.75 4 49.68 5.75 4 53.78 1.65 17.9 53.78 1.65
4 16 17.9 53.78 1.65 4 53.78 1.65 4 58.04 .51 17.9 58.04 .51
4 16 17.9 58.04 .51 4 58.04 .51 4 63.94 .51 17.9 63.94 .51
4 16 17.9 48.54 17 4 48.54 17 4 48.54 10.01 17.9 48.54 10.01
4 16 17.9 8.96 .51 4 8.96 .51 4 13.22 1.65 17.9 13.22 1.65
4 16 17.9 13.22 1.65 4 13.22 1.65 4 17.32 5.75 17.9 17.32 5.75
4 16 17.9 17.32 5.75 4 17.32 5.75 4 18.46 10.01 17.9 18.46 10.01
4 16 17.9 1.53 .51 4 1.53 .51 4 8.96 .51 17.9 8.96 .51
4 16 4 18.46 17 17.9 18.46 17 17.9 18.46 10.01 4 18.46 10.01
4 16 19.81 64.09 14.19 19.81 64.09 0 22.16 64.09 0 22.04 64.09 17
4 16 19.81 64.09 14.19 22.04 64.09 17 17.9 64.09 17 17.9 64.09 14.19
1 16 35.88 26.83 8.5 0 1 0 22.91 0 0 0 0 -8.5 rect.dat
4 16 19.81 3.92 15.49 35.88 3.92 17 35.88 3.92 0 19.81 3.92 0
3 16 4 1.53 .51 4 1.53 0 4 8.96 .51
4 16 4 8.96 .51 4 58.04 .51 4 53.78 1.65 4 13.22 1.65
3 16 4 63.94 .51 4 58.04 .51 4 63.94 0
4 16 36 53.98 20.94 27.5 41 20.4 27.5 33.5 20.4 36 5.03 20.94
3 16 27.5 33.5 20.4 27.5 26 20.4 36 5.03 20.94
3 16 24.44 64.35 20.53 27.5 41 20.4 36 53.98 20.94
4 16 20 41 20.4 24.44 64.35 20.53 0 65.19 19.69 0 41.2 19.69
4 16 0 3.78 19.69 36 5.03 20.94 20 26 20.4 0 25.8 19.69
3 16 36 5.03 20.94 27.5 26 20.4 20 26 20.4
3 16 27.5 41 20.4 24.44 64.35 20.53 20 41 20.4
1 16 10.95 63.94 .255 -6.95 0 0 0 1 0 0 0 -.255 rect.dat
4 16 4 1.53 .51 17.9 1.53 .51 19.81 1.53 0 4 1.53 0
4 16 35.88 49.74 17 22.04 64.09 17 22.16 64.09 0 35.88 49.74 0
4 16 36 33.5 88.02 36 33.5 70 36 29.673 69.239 36 22.77 85.89
4 16 36 22.77 85.89 36 29.673 69.239 36 26.429 67.071 36 13.68 79.82
4 16 36 7.6 70.72 36 13.68 79.82 36 26.429 67.071 36 24.261 63.827
4 16 36 5.25 60.55 36 7.6 70.72 36 24.261 63.827 36 23.5 60
4 16 36 3.33 51.72 36 5.25 60.55 36 23.5 60 36 24.261 56.173
4 16 36 33.5 88.02 36 44.22 85.89 36 37.327 69.239 36 33.5 70
4 16 36 44.22 85.89 36 53.31 79.82 36 40.571 67.071 36 37.327 69.239
4 16 36 53.31 79.82 36 59.39 70.72 36 42.739 63.827 36 40.571 67.071
4 16 36 61.52 60 36 43.5 60 36 42.739 63.827 36 59.39 70.72
4 16 36 58.79 44.9 36 42.739 56.173 36 43.5 60 36 61.52 60
4 16 36 3.33 51.72 36 24.261 56.173 36 26.429 52.929 36 4.4 23.44
4 16 36 4.4 23.44 36 26.429 52.929 36 29.673 50.761 36 5.03 20.94
4 16 36 53.98 20.94 36 40.571 52.929 36 42.739 56.173 36 58.79 44.9
3 16 36 40.571 52.929 36 53.98 20.94 36 37.327 50.761
4 16 36 33.5 50 36 37.327 50.761 36 53.98 20.94 36 5.03 20.94
3 16 36 5.03 20.94 36 29.673 50.761 36 33.5 50
4 16 20 43.5 17 17.9 48.54 17 17.9 64.09 17 22.04 64.09 17
4 16 4 23.5 14 4 18.46 10.01 4 48.54 10.01 4 43.5 14
4 16 4 43.5 14 4 48.54 10.01 4 48.54 17 4 43.5 17
4 16 4 23.5 14 4 23.5 17 4 18.46 17 4 18.46 10.01
4 16 35.88 3.92 17 17.9 3.92 17 17.9 18.46 17 20 23.5 17
4 16 20 43.5 14 10 43.5 14 10 43.5 17 20 43.5 17
1 16 7 43.5 15.5 0 0 -3 0 -1 0 -1.5 0 0 rect3.dat
4 16 4 23.5 14 10 23.5 14 10 23.5 17 4 23.5 17
4 16 10 23.5 14 20 23.5 14 20 23.5 17 10 23.5 17
3 16 17.9 48.54 17 20 43.5 17 10 43.5 17
3 16 17.9 18.46 17 10 23.5 17 20 23.5 17
4 16 10 33.5 14 10 23.5 14 4 23.5 14 4 43.5 14
3 16 10 43.5 14 10 33.5 14 4 43.5 14
4 16 0 17.5 9.5 0 49.5 9.5 0 49.5 1.5 0 17.5 1.5
4 16 0 25.8 18 0 41.2 18 0 17.5 9.5 0 17.5 17.5
4 16 0 49.5 9.5 0 17.5 9.5 0 41.2 18 0 49.5 17.5
4 16 0 57.5 17.5 0 49.5 17.5 0 41.2 18 0 41.2 19.69
4 16 0 25.8 18 0 17.5 17.5 0 9.5 17.5 0 25.8 19.69
4 16 0 1.5 17.5 0 3.78 19.69 0 25.8 19.69 0 9.5 17.5
3 16 0 1.5 17.5 0 0 20 0 3.78 19.69
4 16 0 57.5 17.5 0 41.2 19.69 0 65.19 19.69 0 65.5 17.5
4 16 0 72 0 0 65.5 9.5 0 65.5 17.5 0 69.43 38.81
3 16 0 72 0 0 65.5 1.5 0 65.5 9.5
3 16 0 72 0 0 57.5 1.5 0 65.5 1.5
3 16 0 72 0 0 49.5 1.5 0 57.5 1.5
4 16 0 17.5 1.5 0 49.5 1.5 0 72 0 0 0 0
3 16 0 0 0 0 9.5 1.5 0 17.5 1.5
3 16 0 0 0 0 1.5 1.5 0 9.5 1.5
4 16 0 1.5 9.5 0 1.5 1.5 0 0 0 0 0 20
3 16 0 1.5 17.5 0 1.5 9.5 0 0 20
4 16 4 48.54 10.01 4 18.46 10.01 4 17.32 5.75 4 49.68 5.75
4 16 4 13.22 1.65 4 53.78 1.65 4 49.68 5.75 4 17.32 5.75
4 16 4 58.04 .51 4 8.96 .51 4 1.53 0 4 63.94 0
4 16 17.9 48.54 17 10 43.5 17 4 43.5 17 4 48.54 17
4 16 17.9 18.46 17 4 18.46 17 4 23.5 17 10 23.5 17
4 16 17.9 3.92 15.49 17.9 3.92 17 35.88 3.92 17 19.81 3.92 15.49
4 16 0 65.19 19.69 0 65.19 33.87 0 69.43 38.81 0 65.5 17.5
4 16 20 39.5 18 20 41 18 0 41.2 18 14 39.5 18
4 16 14 33.5 18 14 39.5 18 0 41.2 18 0 25.8 18
3 16 0 25.8 18 14 27.5 18 14 33.5 18
4 16 20 27.5 18 14 27.5 18 0 25.8 18 20 26 18
4 16 17.9 3.5 9.5 17.9 1.84 9.03 17.9 1.53 .51 17.9 3.5 3.5
3 16 17.9 3.5 3.5 17.9 1.53 .51 17.9 8.96 .51
3 16 17.9 9.5 3.5 17.9 3.5 3.5 17.9 8.96 .51
4 16 17.9 13.22 1.65 17.9 13.7426 3.5 17.9 9.5 3.5 17.9 8.96 .51
4 16 17.9 15.5 5.2574 17.9 13.7426 3.5 17.9 13.22 1.65 17.9 17.32 5.75
3 16 17.9 15.5 5.2574 17.9 13.7426 5.2574 17.9 13.7426 3.5
4 16 17.9 17.32 5.75 17.9 18.46 10.01 17.9 15.5 9.5 17.9 15.5 5.2574
3 16 17.9 1.9 11.37 17.9 1.84 9.03 17.9 3.5 9.5
4 16 17.9 3.5 9.5 17.9 3.5 13.7426 17.9 2.66 13.6 17.9 1.9 11.37
3 16 17.9 3.5 13.7426 17.9 3.92 15.49 17.9 2.66 13.6
3 16 17.9 5.2574 15.5 17.9 9.5 15.5 17.9 3.92 17
3 16 17.9 5.2574 15.5 17.9 3.92 17 17.9 3.92 15.49
4 16 17.9 5.2574 13.7426 17.9 5.2574 15.5 17.9 3.92 15.49 17.9 3.5 13.7426
4 16 17.9 18.46 17 17.9 3.92 17 17.9 9.5 15.5 17.9 15.5 15.5
3 16 17.9 18.46 17 17.9 15.5 15.5 17.9 18.46 10.01
3 16 17.9 15.5 15.5 17.9 15.5 9.5 17.9 18.46 10.01
3 16 17.9 63.94 .51 17.9 65.15 9.03 17.9 63.5 3.5
4 16 17.9 63.94 .51 17.9 63.5 3.5 17.9 57.5 3.5 17.9 58.04 .51
4 16 17.9 58.04 .51 17.9 57.5 3.5 17.9 53.2574 3.5 17.9 53.78 1.65
4 16 17.9 53.2574 3.5 17.9 51.5 5.2574 17.9 49.68 5.75 17.9 53.78 1.65
3 16 17.9 53.2574 3.5 17.9 53.2574 5.2574 17.9 51.5 5.2574
4 16 17.9 49.68 5.75 17.9 51.5 5.2574 17.9 51.5 9.5 17.9 48.54 10.01
4 16 17.9 48.54 17 17.9 48.54 10.01 17.9 51.5 9.5 17.9 51.5 15.5
4 16 17.9 48.54 17 17.9 51.5 15.5 17.9 57.5 15.5 17.9 64.09 17
3 16 17.9 57.5 15.5 17.9 63.5 15.5 17.9 64.09 17
3 16 17.9 64.09 17 17.9 63.5 15.5 17.9 64.09 14.19
4 16 17.9 65.02 11.73 17.9 64.09 14.19 17.9 63.5 15.5 17.9 63.5 9.5
4 16 17.9 65.15 9.03 17.9 65.02 11.73 17.9 63.5 9.5 17.9 63.5 3.5
4 16 19.81 1.84 9.03 19.81 1.53 0 17.9 1.53 .51 17.9 1.84 9.03
2 24 20 72 45.4 20 68.74 46.09
2 24 0 72 45.4 0 69.43 45.94
2 24 35.88 3.92 17 17.9 3.92 17
2 24 4 23.5 14 4 43.5 14
2 24 4 23.5 14 4 23.5 17
2 24 17.9 63.94 .51 17.9 58.04 .51
2 24 17.9 63.94 0 17.9 65.46 0
2 24 17.9 65.46 0 17.9 65.15 9.03
2 24 17.9 65.46 0 19.81 65.46 0
2 24 17.9 48.54 17 17.9 64.09 17
2 24 17.9 48.54 17 17.9 48.54 10.01
2 24 17.9 48.54 17 4 48.54 17
2 24 17.9 65.15 9.03 17.9 65.02 11.73
5 24 17.9 65.15 9.03 19.81 65.15 9.03 17.9 65.46 0 19.81 65.02 11.73
2 24 17.9 64.09 17 17.9 64.09 14.19
2 24 17.9 64.09 17 22.04 64.09 17
2 24 17.9 65.02 11.73 17.9 64.09 14.19
5 24 17.9 65.02 11.73 19.81 65.02 11.73 17.9 65.15 9.03 19.81 64.09 14.19
2 24 17.9 64.09 14.19 19.81 64.09 14.19
2 24 17.9 58.04 .51 17.9 53.78 1.65
5 24 17.9 58.04 .51 4 58.04 .51 17.9 53.78 1.65 4 63.94 .51
2 24 17.9 53.78 1.65 17.9 49.68 5.75
5 24 17.9 53.78 1.65 4 53.78 1.65 17.9 49.68 5.75 4 58.04 .51
2 24 17.9 49.68 5.75 17.9 48.54 10.01
5 24 17.9 49.68 5.75 4 49.68 5.75 17.9 48.54 10.01 4 53.78 1.65
5 24 17.9 48.54 10.01 4 48.54 10.01 4 49.68 5.75 17.9 48.54 17
2 24 17.9 2.66 13.6 17.9 1.9 11.37
2 24 17.9 2.66 13.6 17.9 3.92 15.49
5 24 17.9 2.66 13.6 19.81 2.66 13.6 19.81 1.9 11.37 19.81 3.92 15.49
2 24 17.9 1.9 11.37 17.9 1.84 9.03
5 24 17.9 1.9 11.37 19.81 1.9 11.37 19.81 1.84 9.03 19.81 2.66 13.6
5 24 17.9 1.84 9.03 19.81 1.84 9.03 19.81 1.9 11.37 17.9 1.53 .51
2 24 17.9 3.92 17 17.9 3.92 15.49
2 24 17.9 3.92 17 17.9 18.46 17
2 24 17.9 3.92 15.49 19.81 3.92 15.49
2 24 17.9 18.46 17 17.9 18.46 10.01
2 24 17.9 18.46 17 4 18.46 17
2 24 17.9 13.22 1.65 17.9 17.32 5.75
2 24 17.9 13.22 1.65 17.9 8.96 .51
5 24 17.9 13.22 1.65 4 13.22 1.65 17.9 8.96 .51 4 17.32 5.75
2 24 17.9 17.32 5.75 17.9 18.46 10.01
5 24 17.9 17.32 5.75 4 17.32 5.75 17.9 13.22 1.65 4 18.46 10.01
5 24 17.9 18.46 10.01 4 18.46 10.01 17.9 17.32 5.75 4 18.46 17
5 24 17.9 8.96 .51 4 8.96 .51 4 13.22 1.65 17.9 1.53 .51
2 24 35.88 3.92 0 19.81 3.92 0
2 24 35.88 49.74 0 22.16 64.09 0
2 24 19.81 1.53 0 19.81 3.92 0
2 24 19.81 1.53 0 19.81 1.84 9.03
2 24 0 0 0 0 72 0
2 24 4 63.94 0 4 1.53 0
2 24 19.81 3.92 0 19.81 3.92 15.49
2 24 19.81 65.46 0 19.81 64.09 0
2 24 19.81 65.46 0 19.81 65.15 9.03
2 24 22.16 64.09 0 19.81 64.09 0
2 24 22.16 64.09 0 22.04 64.09 17
2 24 4 1.53 0 4 1.53 .51
2 24 19.81 64.09 0 19.81 64.09 14.19
2 24 19.81 3.92 15.49 19.81 2.66 13.6
2 24 19.81 2.66 13.6 19.81 1.9 11.37
2 24 19.81 1.84 9.03 19.81 1.9 11.37
2 24 19.81 65.15 9.03 19.81 65.02 11.73
2 24 19.81 64.09 14.19 19.81 65.02 11.73
2 24 0 41.2 18 0 25.8 18
2 24 0 41.2 18 20 41 18
2 24 0 41.2 18 0 41.2 19.69
2 24 0 25.8 18 20 26 18
2 24 0 25.8 18 0 25.8 19.69
2 24 20 5.71 81.63 20 1.57 74.88
2 24 20 5.71 81.63 20 14.6 89.43
5 24 20 5.71 81.63 23.35 1.69 74.87 20 1.57 74.88 24.19 6.53 82.38
5 24 20 5.71 81.63 24.19 6.53 82.38 23.35 1.69 74.87 20 14.6 89.43
2 24 20 1.57 74.88 20 -4.48 61.94
5 24 20 1.57 74.88 23.35 1.69 74.87 21.82 -5.32 60.01 20 5.71 81.63
2 24 20 -4.48 61.94 0 -5.18 62.09
2 24 20 37.8 94.7 20 25.39 94.25
2 24 20 37.8 94.7 20 48.64 91.77
5 24 20 37.8 94.7 25.69 25.44 94.03 20 25.39 94.25 25.97 37.8 94.7
5 24 20 37.8 94.7 25.97 37.8 94.7 25.69 25.44 94.03 20 48.64 91.77
2 24 20 25.39 94.25 20 14.6 89.43
5 24 20 25.39 94.25 25.33 18.63 91.68 20 14.6 89.43 25.69 25.44 94.03
5 24 20 25.39 94.25 25.69 25.44 94.03 25.33 18.63 91.68 20 37.8 94.7
5 24 20 14.6 89.43 25.33 14.6 89.43 24.19 6.53 82.38 25.33 18.63 91.68
5 24 20 14.6 89.43 25.33 18.63 91.68 25.33 14.6 89.43 20 25.39 94.25
2 24 20 65.22 75.3 20 58.18 84.79
2 24 20 65.22 75.3 20 68.74 59.95
5 24 20 65.22 75.3 24.67 65.05 75.22 20 58.18 84.79 20 68.74 59.95
2 24 20 58.18 84.79 20 48.64 91.77
5 24 20 58.18 84.79 25.51 57.46 85.54 20 48.64 91.77 24.67 65.05 75.22
5 24 20 48.64 91.77 25.97 37.8 94.7 20 37.8 94.7 25.91 48.54 91.57
5 24 20 48.64 91.77 25.91 48.54 91.57 25.97 37.8 94.7 25.51 57.46 85.54
5 24 20 48.64 91.77 25.51 57.46 85.54 25.91 48.54 91.57 20 58.18 84.79
2 24 20 68.74 46.09 20 68.74 59.95
2 24 20 68.74 46.09 0 69.43 45.94
5 24 20 68.74 59.95 23.26 68.63 59.95 20 68.74 46.09 20 65.22 75.3
5 24 0 .03 23.94 36 1.28 25.19 36 -2.14 25.19 36 2.81 24.77
2 24 0 .03 23.94 0 -20.17 23.94
5 24 0 .03 23.94 36 2.81 24.77 0 2.18 23.26 36 1.28 25.19
2 24 0 .03 23.94 0 2.18 23.26
2 24 36 -2.14 25.19 36 1.28 25.19
2 24 36 -2.14 25.19 18.34 -19.27 24.57
2 24 36 -2.14 25.19 36 3.33 51.72
5 24 36 -2.14 25.19 21.16 -8.34 53.6 36 3.33 51.72 19.64 -14.3 38.05
5 24 36 -2.14 25.19 19.64 -14.3 38.05 18.34 -19.27 24.57 21.16 -8.34 53.6
2 24 36 1.28 25.19 36 2.81 24.77
2 24 0 -20.17 23.94 18.34 -19.27 24.57
2 24 0 -20.17 23.94 0 -10.01 51.75
2 24 18.34 -19.27 24.57 19.64 -14.3 38.05
2 24 36 33.5 88.02 36 22.77 85.89
2 24 36 33.5 88.02 36 44.22 85.89
5 24 36 33.5 88.02 25.69 25.44 94.03 36 22.77 85.89 25.97 37.8 94.7
5 24 36 33.5 88.02 25.97 37.8 94.7 36 44.22 85.89 25.69 25.44 94.03
2 24 36 22.77 85.89 36 13.68 79.82
5 24 36 22.77 85.89 25.33 14.6 89.43 25.33 18.63 91.68 36 13.68 79.82
5 24 36 22.77 85.89 25.33 18.63 91.68 25.69 25.44 94.03 25.33 14.6 89.43
5 24 36 22.77 85.89 25.69 25.44 94.03 36 33.5 88.02 25.33 18.63 91.68
2 24 36 3.33 51.72 36 5.25 60.55
5 24 36 3.33 51.72 21.16 -8.34 53.6 36 -2.14 25.19 21.82 -5.32 60.01
5 24 36 3.33 51.72 21.82 -5.32 60.01 21.16 -8.34 53.6 36 5.25 60.55
2 24 36 5.25 60.55 36 7.6 70.72
5 24 36 5.25 60.55 21.82 -5.32 60.01 23.35 1.69 74.87 36 3.33 51.72
5 24 36 5.25 60.55 23.35 1.69 74.87 21.82 -5.32 60.01 36 7.6 70.72
2 24 36 53.98 20.94 36 58.79 44.9
2 24 36 53.98 20.94 36 5.03 20.94
5 24 36 53.98 20.94 26.29 64.29 33.87 36 58.79 44.9 24.44 64.35 20.53
2 24 36 53.98 20.94 24.44 64.35 20.53
5 24 36 53.98 20.94 27.5 41 20.4 27.5 33.5 20.4 24.44 64.35 20.53
2 24 36 58.79 44.9 36 61.52 60
5 24 36 58.79 44.9 23.26 68.63 59.95 36 61.52 60 23.24 67.19 38.83
5 24 36 58.79 44.9 26.29 64.29 33.87 36 53.98 20.94 26.18 64.58 35.7
5 24 36 58.79 44.9 23.24 67.19 38.83 23.26 68.63 59.95 25.45 65.3 37.13
5 24 36 58.79 44.9 26.18 64.58 35.7 26.29 64.29 33.87 25.45 65.3 37.13
5 24 36 58.79 44.9 25.45 65.3 37.13 26.18 64.58 35.7 23.24 67.19 38.83
2 24 36 61.52 60 36 59.39 70.72
5 24 27.5 41 20.4 27.5 33.5 20.4 36 53.98 20.94 26.9293 36.3703 20.4
5 24 27.5 33.5 20.4 27.5 26 20.4 36 5.03 20.94 26.9293 30.6298 20.4
5 24 36 61.52 60 23.26 68.63 59.95 36 58.79 44.9 36 59.39 70.72
2 24 36 44.22 85.89 36 53.31 79.82
5 24 36 44.22 85.89 25.97 37.8 94.7 25.91 48.54 91.57 36 33.5 88.02
5 24 36 44.22 85.89 25.91 48.54 91.57 25.97 37.8 94.7 25.51 57.46 85.54
5 24 36 44.22 85.89 25.51 57.46 85.54 36 53.31 79.82 25.91 48.54 91.57
2 24 36 2.81 24.77 36 4.4 23.44
5 24 36 2.81 24.77 0 2.18 23.26 0 .03 23.94 36 4.4 23.44
2 24 36 7.6 70.72 36 13.68 79.82
5 24 36 7.6 70.72 23.35 1.69 74.87 36 5.25 60.55 24.19 6.53 82.38
5 24 36 7.6 70.72 24.19 6.53 82.38 36 13.68 79.82 23.35 1.69 74.87
5 24 36 13.68 79.82 24.19 6.53 82.38 36 7.6 70.72 25.33 14.6 89.43
5 24 36 13.68 79.82 25.33 14.6 89.43 24.19 6.53 82.38 36 22.77 85.89
2 24 36 53.31 79.82 36 59.39 70.72
5 24 36 53.31 79.82 25.51 57.46 85.54 36 44.22 85.89 36 59.39 70.72
5 24 36 59.39 70.72 23.26 68.63 59.95 36 61.52 60 24.67 65.05 75.22
5 24 36 59.39 70.72 24.67 65.05 75.22 36 53.31 79.82 23.26 68.63 59.95
2 24 36 4.4 23.44 36 5.03 20.94
5 24 36 4.4 23.44 0 2.18 23.26 0 3.55 21.47 36 2.81 24.77
5 24 36 4.4 23.44 0 3.55 21.47 36 5.03 20.94 0 2.18 23.26
5 24 36 5.03 20.94 0 3.55 21.47 36 4.4 23.44 0 3.78 19.69
2 24 36 5.03 20.94 0 3.78 19.69
5 24 36 5.03 20.94 27.5 26 20.4 27.5 33.5 20.4 20 26 20.4
5 24 36 5.03 20.94 20 26 20.4 0 3.78 19.69 27.5 26 20.4
2 24 0 2.18 23.26 0 3.55 21.47
2 24 0 3.55 21.47 0 3.78 19.69
2 24 0 3.78 19.69 0 25.8 19.69
2 24 0 69.43 38.81 0 69.43 45.94
2 24 0 69.43 38.81 0 67.4 38.01
2 24 0 69.43 38.81 21.36 68.7 39.41
2 24 0 65.19 19.69 0 65.19 33.87
2 24 0 65.19 19.69 0 41.2 19.69
2 24 0 65.19 19.69 24.44 64.35 20.53
2 24 0 -10.01 51.75 0 -5.18 62.09
5 24 0 -10.01 51.75 21.16 -8.34 53.6 19.64 -14.3 38.05 0 -5.18 62.09
5 24 0 -10.01 51.75 19.64 -14.3 38.05 21.16 -8.34 53.6 0 -20.17 23.94
2 24 0 65.19 33.87 0 65.9 36.43
5 24 0 65.19 33.87 26.18 64.58 35.7 26.29 64.29 33.87 0 65.9 36.43
5 24 26.18 64.58 35.7 0 65.9 36.43 25.45 65.3 37.13 0 65.19 33.87
2 24 0 65.9 36.43 0 67.4 38.01
5 24 0 67.4 38.01 25.45 65.3 37.13 0 65.9 36.43 23.24 67.19 38.83
5 24 0 65.9 36.43 25.45 65.3 37.13 26.18 64.58 35.7 0 67.4 38.01
5 24 23.24 67.19 38.83 0 69.43 38.81 21.36 68.7 39.41 0 67.4 38.01
5 24 0 67.4 38.01 23.24 67.19 38.83 25.45 65.3 37.13 0 69.43 38.81
2 24 0 25.8 19.69 20 26 20.4
2 24 0 41.2 19.69 20 41 20.4
2 24 23.26 68.63 59.95 21.36 68.7 39.41
2 24 23.26 68.63 59.95 24.67 65.05 75.22
5 24 23.26 68.63 59.95 23.24 67.19 38.83 21.36 68.7 39.41 36 58.79 44.9
2 24 26.29 64.29 33.87 24.44 64.35 20.53
2 24 26.29 64.29 33.87 26.18 64.58 35.7
2 24 21.36 68.7 39.41 23.24 67.19 38.83
2 24 21.16 -8.34 53.6 21.82 -5.32 60.01
2 24 21.16 -8.34 53.6 19.64 -14.3 38.05
2 24 21.82 -5.32 60.01 23.35 1.69 74.87
2 24 23.35 1.69 74.87 24.19 6.53 82.38
5 24 24.44 64.35 20.53 27.5 41 20.4 36 53.98 20.94 20 41 20.4
5 24 24.44 64.35 20.53 20 41 20.4 0 65.19 19.69 27.5 41 20.4
2 24 24.19 6.53 82.38 25.33 14.6 89.43
2 24 25.33 14.6 89.43 25.33 18.63 91.68
2 24 25.33 18.63 91.68 25.69 25.44 94.03
2 24 25.69 25.44 94.03 25.97 37.8 94.7
2 24 25.97 37.8 94.7 25.91 48.54 91.57
2 24 25.91 48.54 91.57 25.51 57.46 85.54
2 24 25.51 57.46 85.54 24.67 65.05 75.22
2 24 23.24 67.19 38.83 25.45 65.3 37.13
2 24 26.18 64.58 35.7 25.45 65.3 37.13
2 24 4 48.54 10.01 4 49.68 5.75
2 24 4 48.54 10.01 4 48.54 17
2 24 4 49.68 5.75 4 53.78 1.65
2 24 4 53.78 1.65 4 58.04 .51
2 24 4 58.04 .51 4 63.94 .51
2 24 4 8.96 .51 4 13.22 1.65
2 24 4 8.96 .51 4 1.53 .51
2 24 4 13.22 1.65 4 17.32 5.75
2 24 4 17.32 5.75 4 18.46 10.01
2 24 4 18.46 10.01 4 18.46 17
2 24 22.04 64.09 17 35.88 49.74 17
2 24 4 48.54 17 4 43.5 17
2 24 4 18.46 17 4 23.5 17
2 24 20 23.5 17 10 23.5 17
2 24 4 23.5 17 10 23.5 17
2 24 20 43.5 17 10 43.5 17
2 24 20 23.5 14 10 23.5 14
2 24 4 23.5 14 10 23.5 14
2 24 20 43.5 14 10 43.5 14
2 24 0 -7.68 62.63 0 -5.18 62.09
2 24 20 -7.68 62.63 20 -4.48 61.94
2 24 17.9 1.84 9.03 17.9 1.53 .51
5 24 19.81 1.53 0 17.9 1.53 .51 4 1.53 .51 19.81 1.84 9.03
2 24 4 1.53 .51 17.9 1.53 .51
2 24 17.9 8.96 .51 17.9 1.53 .51
2 24 19.81 1.53 0 4 1.53 0
5 24 21.82 -5.32 60.01 20 -4.48 61.94 20 1.57 74.88 0 -5.18 62.09
5 24 21.82 -5.32 60.01 0 -5.18 62.09 20 -4.48 61.94 0 -10.01 51.75
5 24 20 41 18 20 41 20.4 0 41.2 18 22.8703 40.4293 18
5 24 20 26 18 20 26 20.4 0 25.8 18 22.8703 26.5708 18
5 24 21.36 68.7 39.41 20 68.74 46.09 23.26 68.63 59.95 0 69.43 45.94
5 24 0 65.19 33.87 26.29 64.29 33.87 0 65.19 19.69 26.18 64.58 35.7
