0 ~Tile  2 x  2 Round Clock Face
0 Name: s\4150p03s01.dat
0 Author: Magnus Forsberg [MagFors]
0 !LDRAW_ORG Subpart UPDATE 2022-04
0 !LICENSE Licensed under CC BY 4.0 : see CAreadme.txt

0 BFC CERTIFY CCW

0 !HISTORY 2022-07-18 [PTadmin] Official Update 2022-04


4 0 14.8608 0 .7 16.5 0 0 15.2444 0 6.3146 13.8585 0 5.7405
3 0 14.8608 0 -.7 16.5 0 0 14.8608 0 .7
3 0 10.6065 0 10.6065 12.4821 0 7.8 11.6672 0 11.6672
4 0 13.0411 0 6.9636 15.2444 0 6.3146 11.6672 0 11.6672 12.4821 0 7.8
3 0 13.8585 0 5.7405 15.2444 0 6.3146 13.0411 0 6.9636
3 0 5.7405 0 13.8585 6.9636 0 13.0411 6.3146 0 15.2444
4 0 6.3146 0 15.2444 6.9636 0 13.0411 7.8 0 12.4821 11.6672 0 11.6672
3 0 10.6065 0 10.6065 11.6672 0 11.6672 7.8 0 12.4821
4 0 0 0 16.5 .7 0 14.8608 5.7405 0 13.8585 6.3146 0 15.2444
4 0 -.7 0 14.8608 0 0 16.5 -6.3146 0 15.2444 -5.7405 0 13.8585
3 0 0 0 16.5 -.7 0 14.8608 .7 0 14.8608
3 0 -10.6065 0 10.6065 -7.8 0 12.4821 -11.6672 0 11.6672
4 0 -6.9636 0 13.0411 -6.3146 0 15.2444 -11.6672 0 11.6672 -7.8 0 12.4821
3 0 -5.7405 0 13.8585 -6.3146 0 15.2444 -6.9636 0 13.0411
3 0 -13.8585 0 5.7405 -13.0411 0 6.9636 -15.2444 0 6.3146
4 0 -12.4821 0 7.8 -11.6672 0 11.6672 -15.2444 0 6.3146 -13.0411 0 6.9636
3 0 -10.6065 0 10.6065 -11.6672 0 11.6672 -12.4821 0 7.8
4 0 -14.8608 0 .7 -13.8585 0 5.7405 -15.2444 0 6.3146 -16.5 0 0
4 0 -14.8608 0 -.7 -16.5 0 0 -15.2444 0 -6.3146 -13.8585 0 -5.7405
3 0 -14.8608 0 .7 -16.5 0 0 -14.8608 0 -.7
4 0 -11.6672 0 -11.6672 -12.4821 0 -7.8 -13.0411 0 -6.9636 -15.2444 0 -6.3146
3 0 -10.6065 0 -10.6065 -12.4821 0 -7.8 -11.6672 0 -11.6672
3 0 -13.8585 0 -5.7405 -15.2444 0 -6.3146 -13.0411 0 -6.9636
4 0 -6.3146 0 -15.2444 -6.9636 0 -13.0411 -7.8 0 -12.4821 -11.6672 0 -11.6672
3 0 -5.7405 0 -13.8585 -6.9636 0 -13.0411 -6.3146 0 -15.2444
3 0 -10.6065 0 -10.6065 -11.6672 0 -11.6672 -7.8 0 -12.4821
4 0 -.7 0 -14.8608 -5.7405 0 -13.8585 -6.3146 0 -15.2444 0 0 -16.5
4 0 .7 0 -14.8608 0 0 -16.5 6.3146 0 -15.2444 5.7405 0 -13.8585
3 0 -.7 0 -14.8608 0 0 -16.5 .7 0 -14.8608
3 0 10.6065 0 -10.6065 7.8 0 -12.4821 11.6672 0 -11.6672
4 0 6.9636 0 -13.0411 6.3146 0 -15.2444 11.6672 0 -11.6672 7.8 0 -12.4821
3 0 5.7405 0 -13.8585 6.3146 0 -15.2444 6.9636 0 -13.0411
3 0 13.8585 0 -5.7405 13.0411 0 -6.9636 15.2444 0 -6.3146
4 0 12.4821 0 -7.8 11.6672 0 -11.6672 15.2444 0 -6.3146 13.0411 0 -6.9636
3 0 10.6065 0 -10.6065 11.6672 0 -11.6672 12.4821 0 -7.8
4 0 14.8608 0 -.7 13.8585 0 -5.7405 15.2444 0 -6.3146 16.5 0 0
4 0 .7 0 11 .7 0 14.8608 -.7 0 14.8608 -.7 0 11
4 0 11 0 -.7 14.8608 0 -.7 14.8608 0 .7 11 0 .7
4 0 -.7 0 -11 -.7 0 -14.8608 .7 0 -14.8608 .7 0 -11
4 0 -11 0 .7 -14.8608 0 .7 -14.8608 0 -.7 -11 0 -.7
4 0 6.733 0 10.6619 7.8 0 12.4821 6.9636 0 13.0411 5.867 0 11.1619
4 0 -6.733 0 10.6619 -5.867 0 11.1619 -6.9636 0 13.0411 -7.8 0 12.4821
4 0 6.733 0 -10.6619 5.867 0 -11.1619 6.9636 0 -13.0411 7.8 0 -12.4821
4 0 -6.733 0 -10.6619 -7.8 0 -12.4821 -6.9636 0 -13.0411 -5.867 0 -11.1619
4 0 -10.6619 0 6.733 -12.4821 0 7.8 -13.0411 0 6.9636 -11.1619 0 5.867
4 0 -10.6619 0 -6.733 -11.1619 0 -5.867 -13.0411 0 -6.9636 -12.4821 0 -7.8
4 0 10.6619 0 6.733 11.1619 0 5.867 13.0411 0 6.9636 12.4821 0 7.8
4 0 10.6619 0 -6.733 12.4821 0 -7.8 13.0411 0 -6.9636 11.1619 0 -5.867
1 0 8 0 0 0 0 .7 0 1 0 -.7 0 0 8\2-4chrd.dat
1 0 -3.399 0 10.461 .66574 0 -.216312 0 1 0 .216312 0 .66574 8\2-4chrd.dat
1 0 -8.337 0 -8.632 -.143868 0 -.138932 0 1 0 .138932 0 -.143868 8\2-4chrd.dat
4 0 8 0 -.7 8 0 .7 .7 0 .7 -.3 0 -.7
4 0 -2.73326 0 10.677312 -4.06474 0 10.244688 -.5 0 -.4 .7 0 .7
4 0 -8.480868 0 -8.493068 -8.193132 0 -8.770932 -.3 0 -.7 -.5 0 -.4
3 0 -.5 0 -.4 -.3 0 -.7 .7 0 .7
1 0 0 0 0 16.5 0 0 0 1 0 0 0 16.5 4-4ering.dat

1 16 8 0 0 0 0 .7 0 1 0 -.7 0 0 8\2-4ndis.dat
1 16 -3.399 0 10.461 .66574 0 -.216312 0 1 0 .216312 0 .66574 8\2-4ndis.dat
1 16 -8.337 0 -8.632 -.143868 0 -.138932 0 1 0 .138932 0 -.143868 8\2-4ndis.dat
4 16 -4.281052 0 10.910428 -5.867 0 11.1619 -6.733 0 10.6619 -4.06474 0 10.244688
3 16 -6.9636 0 13.0411 -5.867 0 11.1619 -4.281052 0 10.910428
4 16 -3.615312 0 11.12674 -5.7405 0 13.8585 -6.9636 0 13.0411 -4.281052 0 10.910428
4 16 -2.949572 0 11.343052 -.7 0 14.8608 -5.7405 0 13.8585 -3.615312 0 11.12674
4 16 -2.73326 0 10.677312 -.7 0 11 -.7 0 14.8608 -2.949572 0 11.343052
4 16 -.7 0 11 -2.73326 0 10.677312 .7 0 .7 .7 0 11
4 16 .7 0 14.8608 .7 0 11 5.867 0 11.1619 5.7405 0 13.8585
3 16 5.7405 0 13.8585 5.867 0 11.1619 6.9636 0 13.0411
4 16 .7 0 11 .7 0 .7 6.733 0 10.6619 5.867 0 11.1619
4 16 6.733 0 10.6619 10.6619 0 6.733 10.6065 0 10.6065 7.8 0 12.4821
3 16 10.6065 0 10.6065 10.6619 0 6.733 12.4821 0 7.8
4 16 6.733 0 10.6619 .7 0 .7 8 0 .7 10.6619 0 6.733
4 16 8.7 0 .7 11.1619 0 5.867 10.6619 0 6.733 8 0 .7
4 16 11.1619 0 5.867 8.7 0 .7 11 0 .7 13.0411 0 6.9636
4 16 13.0411 0 6.9636 11 0 .7 14.8608 0 .7 13.8585 0 5.7405
4 16 8.7 0 0 11 0 -.7 11 0 .7 8.7 0 .7
4 16 8.7 0 0 8.7 0 -.7 11.1619 0 -5.867 11 0 -.7
4 16 11 0 -.7 11.1619 0 -5.867 13.8585 0 -5.7405 14.8608 0 -.7
3 16 13.8585 0 -5.7405 11.1619 0 -5.867 13.0411 0 -6.9636
4 16 8 0 -.7 10.6619 0 -6.733 11.1619 0 -5.867 8.7 0 -.7
4 16 12.4821 0 -7.8 10.6619 0 -6.733 6.733 0 -10.6619 10.6065 0 -10.6065
3 16 10.6065 0 -10.6065 6.733 0 -10.6619 7.8 0 -12.4821
4 16 10.6619 0 -6.733 8 0 -.7 -.3 0 -.7 6.733 0 -10.6619
4 16 6.9636 0 -13.0411 5.867 0 -11.1619 .7 0 -11 5.7405 0 -13.8585
3 16 5.7405 0 -13.8585 .7 0 -11 .7 0 -14.8608
4 16 5.867 0 -11.1619 6.733 0 -10.6619 -.3 0 -.7 .7 0 -11
4 16 .7 0 -11 -.3 0 -.7 -8.193132 0 -8.770932 -.7 0 -11
4 16 -.7 0 -14.8608 -.7 0 -11 -5.867 0 -11.1619 -5.7405 0 -13.8585
3 16 -5.7405 0 -13.8585 -5.867 0 -11.1619 -6.9636 0 -13.0411
4 16 -5.867 0 -11.1619 -.7 0 -11 -8.193132 0 -8.770932 -6.733 0 -10.6619
4 16 -8.193132 0 -8.770932 -8.332064 0 -8.9148 -7.8 0 -12.4821 -6.733 0 -10.6619
4 16 -8.475932 0 -8.775868 -10.6065 0 -10.6065 -7.8 0 -12.4821 -8.332064 0 -8.9148
4 16 -8.475932 0 -8.775868 -8.6198 0 -8.636936 -12.4821 0 -7.8 -10.6065 0 -10.6065
3 16 -8.6198 0 -8.636936 -10.6619 0 -6.733 -12.4821 0 -7.8
4 16 -8.6198 0 -8.636936 -8.480868 0 -8.493068 -11.1619 0 -5.867 -10.6619 0 -6.733
4 16 -13.8585 0 -5.7405 -13.0411 0 -6.9636 -11.1619 0 -5.867 -11 0 -.7
3 16 -14.8608 0 -.7 -13.8585 0 -5.7405 -11 0 -.7
4 16 -11.1619 0 -5.867 -8.480868 0 -8.493068 -.5 0 -.4 -11 0 -.7
4 16 -11 0 -.7 -.5 0 -.4 -4.06474 0 10.244688 -11 0 .7
4 16 -11.1619 0 5.867 -13.8585 0 5.7405 -14.8608 0 .7 -11 0 .7
3 16 -11.1619 0 5.867 -13.0411 0 6.9636 -13.8585 0 5.7405
4 16 -11.1619 0 5.867 -11 0 .7 -4.06474 0 10.244688 -10.6619 0 6.733
4 16 -12.4821 0 7.8 -10.6619 0 6.733 -4.06474 0 10.244688 -6.733 0 10.6619
4 16 -10.6065 0 10.6065 -12.4821 0 7.8 -6.733 0 10.6619 -7.8 0 12.4821
