0 ~Technic Axle Nut Quarter Screw
0 Name: s\4698s02.dat
0 Author: Philippe Hurbain [Philo]
0 !LDRAW_ORG Subpart UPDATE 2020-02
0 !LICENSE Redistributable under CCAL version 2.0 : see CAreadme.txt

0 BFC CERTIFY CCW

0 !HISTORY 2016-11-09 [Philo] Subparted from Adriano Aicardi 4698
0 !HISTORY 2020-09-05 [PTadmin] Official Update 2020-02

2 24 -4.242 4.242 -0.5 -5.544 2.298 0
2 24 -5.544 2.298 0 -6 0 0.5
3 16 -4.242 4.242 -0.5 -4.434 1.836 0.6 -5.544 2.298 0
3 16 -4.242 4.242 -0.5 -3.396 3.396 0.1 -4.434 1.836 0.6
3 16 -5.544 2.298 0 -4.8 0 1.1 -6 0 0.5
3 16 -5.544 2.298 0 -4.434 1.836 0.6 -4.8 0 1.1
2 24 -3.396 3.396 0.1 -4.434 1.836 0.6
2 24 -4.434 1.836 0.6 -4.8 0 1.1
4 16 -3.396 3.396 0.1 -3.396 3.396 0.9 -4.434 1.836 1.4 -4.434 1.836 0.6
4 16 -4.434 1.836 0.6 -4.434 1.836 1.4 -4.8 0 1.9 -4.8 0 1.1
2 24 -3.396 3.396 0.9 -4.434 1.836 1.4
2 24 -4.434 1.836 1.4 -4.8 0 1.9
3 16 -3.396 3.396 0.9 -5.544 2.298 2 -4.434 1.836 1.4
3 16 -3.396 3.396 0.9 -4.242 4.242 1.5 -5.544 2.298 2
3 16 -4.434 1.836 1.4 -6 0 2.5 -4.8 0 1.9
3 16 -4.434 1.836 1.4 -5.544 2.298 2 -6 0 2.5
2 24 -4.242 4.242 1.5 -5.544 2.298 2
2 24 -5.544 2.298 2 -6 0 2.5
2 24 -6 0 0.5 -5.544 -2.298 1
2 24 -5.544 -2.298 1 -4.242 -4.242 1.5
2 24 -4.242 -4.242 1.5 -2.298 -5.544 2
2 24 -2.298 -5.544 2 0 -6 2.5
3 16 -6 0 0.5 -4.434 -1.836 1.6 -5.544 -2.298 1
3 16 -6 0 0.5 -4.8 0 1.1 -4.434 -1.836 1.6
3 16 -5.544 -2.298 1 -3.396 -3.396 2.1 -4.242 -4.242 1.5
3 16 -5.544 -2.298 1 -4.434 -1.836 1.6 -3.396 -3.396 2.1
3 16 -4.242 -4.242 1.5 -1.836 -4.434 2.6 -2.298 -5.544 2
3 16 -4.242 -4.242 1.5 -3.396 -3.396 2.1 -1.836 -4.434 2.6
3 16 -2.298 -5.544 2 0 -4.8 3.1 0 -6 2.5
3 16 -2.298 -5.544 2 -1.836 -4.434 2.6 0 -4.8 3.1
2 24 -4.8 0 1.1 -4.434 -1.836 1.6
2 24 -4.434 -1.836 1.6 -3.396 -3.396 2.1
2 24 -3.396 -3.396 2.1 -1.836 -4.434 2.6
2 24 -1.836 -4.434 2.6 0 -4.8 3.1
4 16 -4.8 0 1.1 -4.8 0 1.9 -4.434 -1.836 2.4 -4.434 -1.836 1.6
4 16 -4.434 -1.836 1.6 -4.434 -1.836 2.4 -3.396 -3.396 2.9 -3.396 -3.396 2.1
4 16 -3.396 -3.396 2.1 -3.396 -3.396 2.9 -1.836 -4.434 3.4 -1.836 -4.434 2.6
4 16 -1.836 -4.434 2.6 -1.836 -4.434 3.4 0 -4.8 3.9 0 -4.8 3.1
2 24 -4.8 0 1.9 -4.434 -1.836 2.4
2 24 -4.434 -1.836 2.4 -3.396 -3.396 2.9
2 24 -3.396 -3.396 2.9 -1.836 -4.434 3.4
2 24 -1.836 -4.434 3.4 0 -4.8 3.9
3 16 -4.8 0 1.9 -5.544 -2.298 3 -4.434 -1.836 2.4
3 16 -4.8 0 1.9 -6 0 2.5 -5.544 -2.298 3
3 16 -4.434 -1.836 2.4 -4.242 -4.242 3.5 -3.396 -3.396 2.9
3 16 -4.434 -1.836 2.4 -5.544 -2.298 3 -4.242 -4.242 3.5
3 16 -3.396 -3.396 2.9 -2.298 -5.544 4 -1.836 -4.434 3.4
3 16 -3.396 -3.396 2.9 -4.242 -4.242 3.5 -2.298 -5.544 4
3 16 -1.836 -4.434 3.4 0 -6 4.5 0 -4.8 3.9
3 16 -1.836 -4.434 3.4 -2.298 -5.544 4 0 -6 4.5
2 24 -6 0 2.5 -5.544 -2.298 3
2 24 -5.544 -2.298 3 -4.242 -4.242 3.5
2 24 -4.242 -4.242 3.5 -2.298 -5.544 4
2 24 -2.298 -5.544 4 0 -6 4.5
3 16 0 -6 4.5 1.836 -4.434 4.5 0 -4.8 3.9
2 24 1.836 -4.434 4.5 0 -4.8 3.9
2 24 3.396 -3.396 4.5 4.434 -1.836 4.5
2 24 1.836 -4.434 4.5 3.396 -3.396 4.5
2 24 4.434 -1.836 4.5 6 0 4.5
3 16 2.298 -5.544 4.5 1.836 -4.434 4.5 0 -6 4.5
2 24 2.298 -5.544 4.5 0 -6 4.5
4 16 5.544 -2.298 4.5 4.434 -1.836 4.5 3.396 -3.396 4.5 4.242 -4.242 4.5
2 24 5.544 -2.298 4.5 4.242 -4.242 4.5
4 16 4.242 -4.242 4.5 3.396 -3.396 4.5 1.836 -4.434 4.5 2.298 -5.544 4.5
2 24 4.242 -4.242 4.5 2.298 -5.544 4.5
3 16 6 0 4.5 4.434 -1.836 4.5 5.544 -2.298 4.5
2 24 6 0 4.5 5.544 -2.298 4.5
3 16 3.396 -3.396 4.1 3.396 -3.396 4.5 4.434 -1.836 4.5
4 16 3.396 -3.396 4.1 1.836 -4.434 3.6 1.836 -4.434 4.5 3.396 -3.396 4.5
4 16 1.836 -4.434 4.5 1.836 -4.434 3.6 0 -4.8 3.1 0 -4.8 3.9
2 24 4.434 -1.836 4.5 3.396 -3.396 4.1
2 24 3.396 -3.396 4.1 1.836 -4.434 3.6
2 24 1.836 -4.434 3.6 0 -4.8 3.1
3 16 4.434 -1.836 4.5 6 0 4.5 5.544 -2.298 4
4 16 4.434 -1.836 4.5 5.544 -2.298 4 4.242 -4.242 3.5 3.396 -3.396 4.1
3 16 3.396 -3.396 4.1 2.298 -5.544 3 1.836 -4.434 3.6
3 16 3.396 -3.396 4.1 4.242 -4.242 3.5 2.298 -5.544 3
3 16 1.836 -4.434 3.6 0 -6 2.5 0 -4.8 3.1
3 16 1.836 -4.434 3.6 2.298 -5.544 3 0 -6 2.5
2 24 6 0 4.5 5.544 -2.298 4
2 24 5.544 -2.298 4 4.242 -4.242 3.5
2 24 4.242 -4.242 3.5 2.298 -5.544 3
2 24 2.298 -5.544 3 0 -6 2.5
5 24 -4.242 4.242 -0.5 -4.434 1.836 0.6 -5.544 2.298 0 -3.396 3.396 0.1
5 24 -4.434 1.836 0.6 -5.544 2.298 0 -4.242 4.242 -0.5 -4.8 0 1.1
5 24 -5.544 2.298 0 -4.8 0 1.1 -6 0 0.5 -4.434 1.836 0.6
5 24 -4.8 0 1.1 -6 0 0.5 -5.544 2.298 0 -4.434 -1.836 1.6
5 24 -4.434 1.836 1.4 -4.434 1.836 0.6 -3.396 3.396 0.1 -4.8 0 1.9
5 24 -4.8 0 1.9 -4.8 0 1.1 -4.434 1.836 0.6 -4.434 -1.836 2.4
5 24 -3.396 3.396 0.9 -5.544 2.298 2 -4.434 1.836 1.4 -4.242 4.242 1.5
5 24 -5.544 2.298 2 -4.434 1.836 1.4 -3.396 3.396 0.9 -6 0 2.5
5 24 -4.434 1.836 1.4 -6 0 2.5 -4.8 0 1.9 -5.544 2.298 2
5 24 -6 0 2.5 -4.8 0 1.9 -4.434 1.836 1.4 -5.544 -2.298 3
5 24 -6 0 0.5 -4.434 -1.836 1.6 -5.544 -2.298 1 -4.8 0 1.1
5 24 -4.434 -1.836 1.6 -5.544 -2.298 1 -6 0 0.5 -3.396 -3.396 2.1
5 24 -5.544 -2.298 1 -3.396 -3.396 2.1 -4.242 -4.242 1.5 -4.434 -1.836 1.6
5 24 -3.396 -3.396 2.1 -4.242 -4.242 1.5 -5.544 -2.298 1 -1.836 -4.434 2.6
5 24 -4.242 -4.242 1.5 -1.836 -4.434 2.6 -2.298 -5.544 2 -3.396 -3.396 2.1
5 24 -1.836 -4.434 2.6 -2.298 -5.544 2 -4.242 -4.242 1.5 0 -4.8 3.1
5 24 -2.298 -5.544 2 0 -4.8 3.1 0 -6 2.5 -1.836 -4.434 2.6
5 24 0 -4.8 3.1 0 -6 2.5 -2.298 -5.544 2 1.836 -4.434 3.6
5 24 -4.434 -1.836 2.4 -4.434 -1.836 1.6 -4.8 0 1.1 -3.396 -3.396 2.9
5 24 -3.396 -3.396 2.9 -3.396 -3.396 2.1 -4.434 -1.836 1.6 -1.836 -4.434 3.4
5 24 -1.836 -4.434 3.4 -1.836 -4.434 2.6 -3.396 -3.396 2.1 0 -4.8 3.9
5 24 0 -4.8 3.9 0 -4.8 3.1 -1.836 -4.434 2.6 1.836 -4.434 4.5
5 24 -4.8 0 1.9 -5.544 -2.298 3 -4.434 -1.836 2.4 -6 0 2.5
5 24 -5.544 -2.298 3 -4.434 -1.836 2.4 -4.8 0 1.9 -4.242 -4.242 3.5
5 24 -4.434 -1.836 2.4 -4.242 -4.242 3.5 -3.396 -3.396 2.9 -5.544 -2.298 3
5 24 -4.242 -4.242 3.5 -3.396 -3.396 2.9 -4.434 -1.836 2.4 -2.298 -5.544 4
5 24 -3.396 -3.396 2.9 -2.298 -5.544 4 -1.836 -4.434 3.4 -4.242 -4.242 3.5
5 24 -2.298 -5.544 4 -1.836 -4.434 3.4 -3.396 -3.396 2.9 0 -6 4.5
5 24 -1.836 -4.434 3.4 0 -6 4.5 0 -4.8 3.9 -2.298 -5.544 4
5 24 0 -6 4.5 0 -4.8 3.9 -1.836 -4.434 3.4 1.836 -4.434 4.5
5 24 0 -6 4.5 1.836 -4.434 4.5 0 -4.8 3.9 2.298 -5.544 4.5
5 24 3.396 -3.396 4.1 3.396 -3.396 4.5 4.434 -1.836 4.5 1.836 -4.434 3.6
5 24 1.836 -4.434 3.6 1.836 -4.434 4.5 3.396 -3.396 4.1 0 -4.8 3.1
5 24 5.544 -2.298 4 4.434 -1.836 4.5 6 0 4.5 4.242 -4.242 3.5
5 24 4.242 -4.242 3.5 3.396 -3.396 4.1 4.434 -1.836 4.5 2.298 -5.544 3
5 24 3.396 -3.396 4.1 2.298 -5.544 3 1.836 -4.434 3.6 4.242 -4.242 3.5
5 24 2.298 -5.544 3 1.836 -4.434 3.6 3.396 -3.396 4.1 0 -6 2.5
5 24 1.836 -4.434 3.6 0 -6 2.5 0 -4.8 3.1 2.298 -5.544 3
