0 ~Minifig Helmet SW Scout Trooper Outer Structure Patternable Area
0 Name: s\48156s02.dat
0 Author: Fredrik Hareide [fhareide]
0 !LDRAW_ORG Subpart UPDATE 2023-04
0 !LICENSE Licensed under CC BY 4.0 : see CAreadme.txt

0 BFC CERTIFY CCW

0 !HISTORY 2023-08-25 [OrionP] Official Update 2023-04


4 16 3.3062 8.7242 18.4822 3.3062 11.30295 18.22915 0 11.3055 18.5577 0 8.7173 18.8012
4 16 9.2788 11.30485 16.40915 8.944 13.785 15.688 3.306 13.787 17.398 3.3062 11.30295 18.22915
4 16 9.2788 11.30485 16.40915 13.9819 11.29975 13.37815 13.371975 13.792775 12.793 8.944 13.785 15.688
4 16 3.3062 8.7242 18.4822 0 8.7173 18.8012 0 6.288 18.546 3.306 6.251 18.214
3 16 3.306 13.787 17.398 0 13.778833 17.7755 3.3062 11.30295 18.22915
3 16 9.3143 8.7225 16.6201 3.3062 8.7242 18.4822 9.081975 6.226975 16.3699
4 16 9.3143 8.7225 16.6201 9.2788 11.30485 16.40915 3.3062 11.30295 18.22915 3.3062 8.7242 18.4822
4 16 14.038 6.172 13.214 14.1922 8.72805 13.50975 9.3143 8.7225 16.6201 9.081975 6.226975 16.3699
4 16 13.9819 11.29975 13.37815 9.2788 11.30485 16.40915 9.3143 8.7225 16.6201 14.1922 8.72805 13.50975
3 16 16.655075 6.1608 10.0739 16.9528 8.7298 10.29985 14.038 6.172 13.214
4 16 14.1922 8.72805 13.50975 16.9528 8.7298 10.29985 16.80115 11.30105 10.15705 13.9819 11.29975 13.37815
4 16 16.80115 11.30105 10.15705 16.151 13.7948 9.6049 13.371975 13.792775 12.793 13.9819 11.29975 13.37815
3 16 15.634 16.276 -11.839 16.0951 13.5089 -7.384075 15.9618 13.734 -13.2008
3 16 15.9618 13.734 -13.2008 15.769 12.612 -16.753 15.73 14.064 -15.77
3 16 15.638 15.062 -15.007 15.9618 13.734 -13.2008 15.73 14.064 -15.77
4 16 15.9618 13.734 -13.2008 15.638 15.062 -15.007 15.607 15.747 -13.687 15.634 16.276 -11.839
3 16 14.319 -4.552 3.587 13.795 -5.155 -3.687 15.031 -2.415 -4.345
4 16 15.713 .523 2.819 15.291 -2.041 3.546 15.031 -2.415 -4.345 15.507 .372 -5.199
4 16 16.2059 7.9451 -12.767075 15.9618 13.734 -13.2008 16.0951 13.5089 -7.384075 16.335 8.1012 -6.8342
4 16 15.769 12.612 -16.753 15.9618 13.734 -13.2008 16.2059 7.9451 -12.767075 15.884 7.973 -18.089
3 16 0 11.3055 18.5577 3.3062 11.30295 18.22915 0 13.778833 17.7755
3 16 3.306 6.251 18.214 9.081975 6.226975 16.3699 3.3062 8.7242 18.4822
3 16 14.1922 8.72805 13.50975 14.038 6.172 13.214 16.9528 8.7298 10.29985
3 16 16.0951 13.5089 -7.384075 15.634 16.276 -11.839 15.724 16.638 -7.209
3 16 15.031 -2.415 -4.345 15.291 -2.041 3.546 14.319 -4.552 3.587
3 16 16.151 13.7948 9.6049 19.0031 11.360175 6.03 18.155975 13.7801 5.433725
3 16 16.80115 11.30105 10.15705 16.9528 8.7298 10.29985 19.128875 8.681975 6.1318
3 16 19.128875 8.681975 6.1318 16.655075 6.1608 10.0739 18.712 6.095 5.989
3 16 19.0031 11.360175 6.03 16.151 13.7948 9.6049 16.80115 11.30105 10.15705
3 16 19.128875 8.681975 6.1318 19.0031 11.360175 6.03 16.80115 11.30105 10.15705
3 16 16.655075 6.1608 10.0739 19.128875 8.681975 6.1318 16.9528 8.7298 10.29985

5 24 3.3062 8.7242 18.4822 0 8.7173 18.8012 0 6.288 18.546 0 11.3055 18.5577
5 24 14.1922 8.72805 13.50975 16.9528 8.7298 10.29985 16.80115 11.30105 10.15705 14.038 6.172 13.214
5 24 9.3143 8.7225 16.6201 9.2788 11.30485 16.40915 3.3062 11.30295 18.22915 13.9819 11.29975 13.37815
5 24 14.038 6.172 13.214 14.1922 8.72805 13.50975 9.3143 8.7225 16.6201 16.9528 8.7298 10.29985
5 24 14.1922 8.72805 13.50975 9.3143 8.7225 16.6201 14.038 6.172 13.214 13.9819 11.29975 13.37815
5 24 14.319 -4.552 3.587 15.031 -2.415 -4.345 13.795 -5.155 -3.687 15.291 -2.041 3.546
5 24 16.80115 11.30105 10.15705 16.9528 8.7298 10.29985 14.1922 8.72805 13.50975 19.128875 8.681975 6.1318
5 24 16.80115 11.30105 10.15705 16.151 13.7948 9.6049 13.371975 13.792775 12.793 19.0031 11.360175 6.03
5 24 9.2788 11.30485 16.40915 8.944 13.785 15.688 13.371975 13.792775 12.793 3.306 13.787 17.398
5 24 13.9819 11.29975 13.37815 13.371975 13.792775 12.793 16.80115 11.30105 10.15705 9.2788 11.30485 16.40915
5 24 3.3062 8.7242 18.4822 3.3062 11.30295 18.22915 9.3143 8.7225 16.6201 0 11.3055 18.5577
5 24 15.9618 13.734 -13.2008 15.634 16.276 -11.839 15.607 15.747 -13.687 16.0951 13.5089 -7.384075
5 24 0 13.778833 17.7755 3.3062 11.30295 18.22915 3.306 13.787 17.398 0 11.3055 18.5577
5 24 15.634 16.276 -11.839 16.0951 13.5089 -7.384075 15.9618 13.734 -13.2008 15.724 16.638 -7.209
5 24 3.3062 11.30295 18.22915 0 11.3055 18.5577 0 13.778833 17.7755 3.3062 8.7242 18.4822
5 24 3.3062 8.7242 18.4822 9.081975 6.226975 16.3699 9.3143 8.7225 16.6201 3.306 6.251 18.214
5 24 16.0951 13.5089 -7.384075 15.9618 13.734 -13.2008 15.634 16.276 -11.839 16.2059 7.9451 -12.767075
5 24 3.306 6.251 18.214 3.3062 8.7242 18.4822 9.081975 6.226975 16.3699 0 6.288 18.546
5 24 9.2788 11.30485 16.40915 13.9819 11.29975 13.37815 9.3143 8.7225 16.6201 13.371975 13.792775 12.793
5 24 9.2788 11.30485 16.40915 3.3062 11.30295 18.22915 9.3143 8.7225 16.6201 3.306 13.787 17.398
5 24 15.9618 13.734 -13.2008 15.73 14.064 -15.77 15.769 12.612 -16.753 15.638 15.062 -15.007
5 24 16.9528 8.7298 10.29985 14.038 6.172 13.214 16.655075 6.1608 10.0739 14.1922 8.72805 13.50975
5 24 9.081975 6.226975 16.3699 9.3143 8.7225 16.6201 3.3062 8.7242 18.4822 14.038 6.172 13.214
5 24 9.3143 8.7225 16.6201 3.3062 8.7242 18.4822 9.081975 6.226975 16.3699 3.3062 11.30295 18.22915
5 24 16.655075 6.1608 10.0739 16.9528 8.7298 10.29985 19.128875 8.681975 6.1318 14.038 6.172 13.214
5 24 15.638 15.062 -15.007 15.9618 13.734 -13.2008 15.607 15.747 -13.687 15.73 14.064 -15.77
5 24 14.1922 8.72805 13.50975 13.9819 11.29975 13.37815 16.80115 11.30105 10.15705 9.3143 8.7225 16.6201
5 24 13.9819 11.29975 13.37815 16.80115 11.30105 10.15705 14.1922 8.72805 13.50975 13.371975 13.792775 12.793
5 24 15.9618 13.734 -13.2008 16.2059 7.9451 -12.767075 16.0951 13.5089 -7.384075 15.769 12.612 -16.753
5 24 15.9618 13.734 -13.2008 15.769 12.612 -16.753 16.2059 7.9451 -12.767075 15.73 14.064 -15.77
5 24 15.291 -2.041 3.546 15.031 -2.415 -4.345 15.713 .523 2.819 14.319 -4.552 3.587
5 24 3.3062 11.30295 18.22915 3.306 13.787 17.398 9.2788 11.30485 16.40915 0 13.778833 17.7755
5 24 0 6.288 18.546 0 8.7173 18.8012 -3.3062 8.7242 18.4822 3.3062 8.7242 18.4822
5 24 0 11.3055 18.5577 0 13.778833 17.7755 3.3062 11.30295 18.22915 -3.3062 11.30295 18.22915
5 24 0 8.7173 18.8012 0 11.3055 18.5577 -3.3062 8.7242 18.4822 3.3062 8.7242 18.4822
5 24 16.151 13.7948 9.6049 19.0031 11.360175 6.03 18.155975 13.7801 5.433725 16.80115 11.30105 10.15705
5 24 19.128875 8.681975 6.1318 16.80115 11.30105 10.15705 19.0031 11.360175 6.03 16.9528 8.7298 10.29985
5 24 19.128875 8.681975 6.1318 16.655075 6.1608 10.0739 18.712 6.095 5.989 16.9528 8.7298 10.29985
5 24 16.9528 8.7298 10.29985 19.128875 8.681975 6.1318 16.655075 6.1608 10.0739 16.80115 11.30105 10.15705
5 24 16.80115 11.30105 10.15705 19.0031 11.360175 6.03 19.128875 8.681975 6.1318 16.151 13.7948 9.6049
