0 ~Bar  4.2L with Asymmetric Bow - One Half
0 Name: s\55237fs01.dat
0 Author: Massimo Maso [Sirio]
0 !LDRAW_ORG Subpart UPDATE 2024-02
0 !LICENSE Licensed under CC BY 4.0 : see CAreadme.txt

0 BFC CERTIFY CCW

0 !HISTORY 2023-08-25 [OrionP] Official Update 2023-04
0 !HISTORY 2024-03-23 [OrionP] Updated ring primitives
0 !HISTORY 2024-03-24 [OrionP] Official Update 2024-02

0 // Primitives
1 16 5 -26 -15.75 0 -1 0 2 0 0 0 0 2 4-4ring1.dat
1 16 5 -26 -15.75 0 -1 0 .25 0 0 0 0 .25 4-4ring16.dat
1 16 2.875 -27 7.83955 1.375 0 0 0 1 0 0 0 1.96455 rect.dat
1 16 2.875 -27 -7.83955 1.375 0 0 0 1 0 0 0 1.96455 rect.dat
1 16 1.5 -31.375 0 0 1 0 0 0 -4.375 5.875 0 0 recte3.dat
1 16 3.6875 -35.75 0 2.1875 0 0 0 1 0 0 0 5.875 rect2p.dat
1 16 4.65 -43.7 -26.05 0 -1 0 .25 0 0 0 0 .25 4-4ring5.dat
1 16 4.65 -43.7 -26.05 0 -1 0 1.5 0 0 0 0 1.5 4-4ring1.dat
1 16 4.65 -43.7 -26.05 0 -1 0 .5 0 0 0 0 .5 4-4ring6.dat
1 16 1.9043 -50.6817 -15.43975 .6543 0 0 0 -1 1.5959 0 0 .83255 rect.dat
0 // Central bar
0 // Faces
3 16 1.5 -24 11.5813 0 -24 4 1.5 -24 12.1713
3 16 1.5 -24 11.5813 4 -24 4 0 -24 4
4 16 1.5 -24 11.5813 4.25 -24 11.5813 4.25 -24 5.875 4 -24 4
4 16 4 -24 0 4 -24 4 4.25 -24 5.875 5.875 -24 5.875
3 16 4 -24 0 5.875 -24 5.875 5.875 -24 -5.875
4 16 4 -24 0 5.875 -24 -5.875 4.25 -24 -5.875 4 -24 -4
3 16 0 -24 -4 4 -24 -4 4.25 -24 -5.875
4 16 5.875 -35.75 5.875 5.875 -24 5.875 4.25 -24 5.875 4.25 -27 5.875
4 16 5.875 -35.75 5.875 4.25 -27 5.875 1.5 -27 5.875 1.5 -35.75 5.875
4 16 5.875 -35.75 -5.875 4.25 -27 -5.875 4.25 -24 -5.875 5.875 -24 -5.875
4 16 5.875 -35.75 -5.875 1.5 -35.75 -5.875 1.5 -27 -5.875 4.25 -27 -5.875
4 16 1.5 -27 5.875 1.5 -27 9.8041 1.5 -30.5 10.5 1.5 -34.5184 9.701
4 16 1.5 -27 5.875 1.5 -34.5184 9.701 1.5 -37.9246 7.4246 1.5 -35.75 5.875
4 16 1.5 -41 0 1.5 -35.75 5.875 1.5 -37.9246 7.4246 1.5 -40.201 4.0184
3 16 1.5 -41 0 1.5 -35.75 -5.875 1.5 -35.75 5.875
4 16 1.5 -41 0 1.5 -40.201 -4.0184 1.5 -37.9246 -7.4246 1.5 -35.75 -5.875
4 16 1.5 -27 -5.875 1.5 -35.75 -5.875 1.5 -37.9246 -7.4246 1.5 -34.5184 -9.701
4 16 1.5 -27 -5.875 1.5 -34.5184 -9.701 1.5 -30.5 -10.5 1.5 -27 -9.8041
4 16 1.5 -30.5 10.5 1.5 -27 9.8041 4.25 -27 9.8041 4.25 -30.5 10.5
4 16 1.5 -30.5 10.5 4.25 -30.5 10.5 4.25 -34.5184 9.701 1.5 -34.5184 9.701
4 16 1.5 -37.9246 7.4246 1.5 -34.5184 9.701 4.25 -34.5184 9.701 4.25 -37.9246 7.4246
4 16 1.5 -37.9246 7.4246 4.25 -37.9246 7.4246 4.25 -39.7355 4.715 3.8394 -39.9188 4.4406
4 16 1.5 -37.9246 7.4246 3.8394 -39.9188 4.4406 3.5572 -40.201 4.0184 1.5 -40.201 4.0184
3 16 1.5 -40.201 4.0184 3.5572 -40.201 4.0184 2.4779 -40.5221 2.4034
4 16 1.5 -40.201 4.0184 2.4779 -40.5221 2.4034 2 -41 0 1.5 -41 0
4 16 1.5 -40.201 -4.0184 1.5 -41 0 2 -41 0 2.4779 -40.5221 -2.4034
3 16 1.5 -40.201 -4.0184 2.4779 -40.5221 -2.4034 3.5572 -40.201 -4.0184
4 16 1.5 -37.9246 -7.4246 1.5 -40.201 -4.0184 3.5572 -40.201 -4.0184 3.8394 -39.9188 -4.4406
4 16 1.5 -37.9246 -7.4246 3.8394 -39.9188 -4.4406 4.25 -39.7355 -4.715 4.25 -37.9246 -7.4246
4 16 1.5 -37.9246 -7.4246 4.25 -37.9246 -7.4246 4.25 -34.5184 -9.701 1.5 -34.5184 -9.701
4 16 1.5 -30.5 -10.5 1.5 -34.5184 -9.701 4.25 -34.5184 -9.701 4.25 -30.5 -10.5
4 16 1.5 -30.5 -10.5 4.25 -30.5 -10.5 4.25 -27 -9.8041 1.5 -27 -9.8041
4 16 4.25 -27 9.8041 4.25 -27 5.875 4.25 -24 5.875 4.25 -24 11.5813
3 16 4.25 -27 9.8041 4.25 -24 11.5813 4.25 -25.3336 12.4726
4 16 4.25 -27 9.8041 4.25 -25.3336 12.4726 4.25 -30.5 13.5 4.25 -30.5 10.5
4 16 4.25 -34.5184 9.701 4.25 -30.5 10.5 4.25 -30.5 13.5 4.25 -35.6664 12.4726
4 16 4.25 -34.5184 9.701 4.25 -35.6664 12.4726 4.25 -40.0458 9.5458 4.25 -37.9246 7.4246
3 16 4.25 -37.9246 7.4246 4.25 -40.0458 9.5458 4.25 -42.9726 5.1664
4 16 4.25 -37.9246 7.4246 4.25 -42.9726 5.1664 4.25 -43.0624 4.715 4.25 -39.7355 4.715
4 16 4.25 -37.9246 -7.4246 4.25 -39.7355 -4.715 4.25 -43.0624 -4.715 4.25 -42.9726 -5.1664
3 16 4.25 -37.9246 -7.4246 4.25 -42.9726 -5.1664 4.25 -40.0458 -9.5458
4 16 4.25 -34.5184 -9.701 4.25 -37.9246 -7.4246 4.25 -40.0458 -9.5458 4.25 -35.6664 -12.4726
4 16 4.25 -34.5184 -9.701 4.25 -35.6664 -12.4726 4.25 -30.5 -13.5 4.25 -30.5 -10.5
4 16 4.25 -30.5 -10.5 4.25 -30.5 -13.5 4.25 -29.3582 -13.2729 4.25 -29.0052 -12.7448
4 16 4.25 -27 -9.8041 4.25 -30.5 -10.5 4.25 -29.0052 -12.7448 4.25 -27.6265 -11.8234
3 16 4.25 -27 -9.8041 4.25 -27.6265 -11.8234 4.25 -26 -11.5
4 16 4.25 -27 -9.8041 4.25 -26 -11.5 4.25 -24 -5.875 4.25 -27 -5.875
3 16 4.25 -24 -5.875 4.25 -26 -11.5 4.25 -24.3735 -11.8234
3 16 4.25 -24 -5.875 4.25 -24.3735 -11.8234 4.25 -24 -12.073
4 16 3.8394 -43.1169 4.4406 3.8394 -39.9188 4.4406 4.25 -39.7355 4.715 4.25 -43.0624 4.715
3 16 3.8394 -43.1169 4.4406 3.5572 -40.201 4.0184 3.8394 -39.9188 4.4406
4 16 3.8394 -43.1169 4.4406 2.4779 -43.5221 2.4034 2.4779 -40.5221 2.4034 3.5572 -40.201 4.0184
4 16 2 -44 0 2 -41 0 2.4779 -40.5221 2.4034 2.4779 -43.5221 2.4034
4 16 2 -44 0 2.4779 -43.5221 -2.4034 2.4779 -40.5221 -2.4034 2 -41 0
4 16 3.8394 -43.1169 -4.4406 3.5572 -40.201 -4.0184 2.4779 -40.5221 -2.4034 2.4779 -43.5221 -2.4034
3 16 3.8394 -43.1169 -4.4406 3.8394 -39.9188 -4.4406 3.5572 -40.201 -4.0184
4 16 3.8394 -43.1169 -4.4406 4.25 -43.0624 -4.715 4.25 -39.7355 -4.715 3.8394 -39.9188 -4.4406
4 16 4.25 -25.3336 12.4726 4.25 -24 11.5813 1.5 -24 11.5813 1.5 -25.3336 12.4726
4 16 4.25 -25.3336 12.4726 1.5 -25.3336 12.4726 1.5 -27.145 12.8328 2.768 -27.145 12.8328
4 16 4.25 -25.3336 12.4726 2.768 -27.145 12.8328 3.1972 -28.6592 13.1339 4.25 -30.5 13.5
3 16 4.25 -30.5 13.5 3.1972 -28.6592 13.1339 3.2 -29.6546 13.3319
3 16 4.25 -30.5 13.5 3.2 -29.6546 13.3319 3.2055 -30.5 13.5
4 16 4.25 -35.6664 12.4726 4.25 -30.5 13.5 3.2055 -30.5 13.5 3.2 -33.0423 12.9944
3 16 4.25 -35.6664 12.4726 3.2 -33.0423 12.9944 3.1918 -33.5051 12.9024
3 16 4.25 -35.6664 12.4726 3.1918 -33.5051 12.9024 2.4005 -34.8936 12.6263
4 16 4.25 -35.6664 12.4726 2.4005 -34.8936 12.6263 1.5 -34.8936 12.6263 1.5 -35.6664 12.4726
4 16 4.25 -35.6664 12.4726 1.5 -35.6664 12.4726 1.5 -40.0458 9.5458 4.25 -40.0458 9.5458
4 16 1.5 -42.9726 5.1664 4.25 -42.9726 5.1664 4.25 -40.0458 9.5458 1.5 -40.0458 9.5458
4 16 1.5 -42.9726 5.1664 3.8394 -43.1169 4.4406 4.25 -43.0624 4.715 4.25 -42.9726 5.1664
3 16 1.5 -42.9726 5.1664 2.4779 -43.5221 2.4034 3.8394 -43.1169 4.4406
4 16 1.5 -42.9726 5.1664 1.5 -44 0 2 -44 0 2.4779 -43.5221 2.4034
4 16 1.5 -42.9726 -5.1664 2.4779 -43.5221 -2.4034 2 -44 0 1.5 -44 0
3 16 1.5 -42.9726 -5.1664 3.8394 -43.1169 -4.4406 2.4779 -43.5221 -2.4034
4 16 1.5 -42.9726 -5.1664 4.25 -42.9726 -5.1664 4.25 -43.0624 -4.715 3.8394 -43.1169 -4.4406
4 16 1.5 -42.9726 -5.1664 1.5 -40.0458 -9.5458 4.25 -40.0458 -9.5458 4.25 -42.9726 -5.1664
4 16 4.25 -40.0458 -9.5458 1.5 -40.0458 -9.5458 1.5 -36.183 -12.1274 2.243 -36.183 -12.1274
4 16 4.25 -40.0458 -9.5458 2.243 -36.183 -12.1274 2.1357 -35.6664 -12.4726 4.25 -35.6664 -12.4726
4 16 4.25 -30.5 -13.5 4.25 -35.6664 -12.4726 2.1357 -35.6664 -12.4726 1.3311 -30.5 -13.5
4 16 4.25 -30.5 -13.5 1.3311 -30.5 -13.5 1.1984 -29.3582 -13.2729 4.25 -29.3582 -13.2729
4 16 1.5 -25.1422 12.9346 1.5 -25.3336 12.4726 1.5 -24 11.5813 1.5 -24 12.1713
4 16 1.5 -25.1422 12.9346 1.5 -27.3099 13.3656 1.5 -27.145 12.8328 1.5 -25.3336 12.4726
4 16 1.5 -40.3994 9.8994 1.5 -40.0458 9.5458 1.5 -35.6664 12.4726 1.5 -39.1541 10.7316
4 16 1.5 -40.3994 9.8994 1.5 -43.4346 5.3578 1.5 -42.9726 5.1664 1.5 -40.0458 9.5458
4 16 1.5 -44.5 0 1.5 -44 0 1.5 -42.9726 5.1664 1.5 -43.4346 5.3578
4 16 1.5 -44.5 0 1.5 -43.4346 -5.3578 1.5 -42.9726 -5.1664 1.5 -44 0
4 16 1.5 -40.3994 -9.8994 1.5 -40.0458 -9.5458 1.5 -42.9726 -5.1664 1.5 -43.4346 -5.3578
4 16 1.5 -40.3994 -9.8994 1.5 -39.4949 -10.5039 1.5 -36.183 -12.1274 1.5 -40.0458 -9.5458
3 16 1.5 -40.3994 9.8994 1.5 -39.1541 10.7316 1.1999 -40.3994 9.8994
4 16 1.5 -40.3994 9.8994 1.1999 -40.3994 9.8994 1 -40.9684 9.048 1.5 -43.4346 5.3578
4 16 1.5 -40.3994 -9.8994 1.5 -43.4346 -5.3578 .5 -41.7884 -7.821 1.1913 -40.3994 -9.8994
3 16 1.5 -40.3994 -9.8994 1.1913 -40.3994 -9.8994 1.5 -39.4949 -10.5039
0 // Edges
2 24 1.5 -27.3099 13.3656 1.5 -25.1422 12.9346
2 24 1.5 -25.1422 12.9346 1.5 -24 12.1713
2 24 1.5 -24 12.1713 1.5 -24 11.5813
2 24 1.5 -24 11.5813 4.25 -24 11.5813
2 24 4.25 -24 11.5813 4.25 -24 5.875
2 24 4.25 -24 5.875 5.875 -24 5.875
2 24 5.875 -24 -5.875 4.25 -24 -5.875
2 24 4.25 -24 -5.875 4.25 -24 -12.073
2 24 4.25 -24 5.875 4.25 -27 5.875
2 24 4.25 -24 -5.875 4.25 -27 -5.875
2 24 1.5 -27 9.8041 1.5 -30.5 10.5
2 24 1.5 -30.5 10.5 1.5 -34.5184 9.701
2 24 1.5 -34.5184 9.701 1.5 -37.9246 7.4246
2 24 1.5 -37.9246 7.4246 1.5 -40.201 4.0184
2 24 1.5 -40.201 4.0184 1.5 -41 0
2 24 1.5 -41 0 1.5 -40.201 -4.0184
2 24 1.5 -40.201 -4.0184 1.5 -37.9246 -7.4246
2 24 1.5 -37.9246 -7.4246 1.5 -34.5184 -9.701
2 24 1.5 -34.5184 -9.701 1.5 -30.5 -10.5
2 24 1.5 -30.5 -10.5 1.5 -27 -9.8041
2 24 4.25 -27 9.8041 4.25 -30.5 10.5
2 24 4.25 -30.5 10.5 4.25 -34.5184 9.701
2 24 4.25 -34.5184 9.701 4.25 -37.9246 7.4246
2 24 4.25 -37.9246 7.4246 4.25 -39.7355 4.715
2 24 4.25 -39.7355 4.715 3.8394 -39.9188 4.4406
2 24 3.8394 -39.9188 4.4406 3.5572 -40.201 4.0184
2 24 3.5572 -40.201 4.0184 2.4779 -40.5221 2.4034
2 24 2.4779 -40.5221 2.4034 2 -41 0
2 24 2 -41 0 2.4779 -40.5221 -2.4034
2 24 2.4779 -40.5221 -2.4034 3.5572 -40.201 -4.0184
2 24 3.5572 -40.201 -4.0184 3.8394 -39.9188 -4.4406
2 24 3.8394 -39.9188 -4.4406 4.25 -39.7355 -4.715
2 24 4.25 -39.7355 -4.715 4.25 -37.9246 -7.4246
2 24 4.25 -37.9246 -7.4246 4.25 -34.5184 -9.701
2 24 4.25 -34.5184 -9.701 4.25 -30.5 -10.5
2 24 4.25 -30.5 -10.5 4.25 -27 -9.8041
2 24 4.25 -39.7355 4.715 4.25 -43.0624 4.715
2 24 4.25 -39.7355 -4.715 4.25 -43.0624 -4.715
2 24 4.25 -24 11.5813 4.25 -25.3336 12.4726
2 24 4.25 -25.3336 12.4726 4.25 -30.5 13.5
2 24 4.25 -30.5 13.5 4.25 -35.6664 12.4726
2 24 4.25 -35.6664 12.4726 4.25 -40.0458 9.5458
2 24 4.25 -40.0458 9.5458 4.25 -42.9726 5.1664
2 24 4.25 -42.9726 5.1664 4.25 -43.0624 4.715
2 24 4.25 -43.0624 4.715 3.8394 -43.1169 4.4406
2 24 3.8394 -43.1169 4.4406 2.4779 -43.5221 2.4034
2 24 2.4779 -43.5221 2.4034 2 -44 0
2 24 2 -44 0 2.4779 -43.5221 -2.4034
2 24 2.4779 -43.5221 -2.4034 3.8394 -43.1169 -4.4406
2 24 3.8394 -43.1169 -4.4406 4.25 -43.0624 -4.715
2 24 4.25 -43.0624 -4.715 4.25 -42.9726 -5.1664
2 24 4.25 -42.9726 -5.1664 4.25 -40.0458 -9.5458
2 24 4.25 -40.0458 -9.5458 4.25 -35.6664 -12.4726
2 24 4.25 -35.6664 -12.4726 4.25 -30.5 -13.5
2 24 4.25 -30.5 -13.5 4.25 -29.3582 -13.2729
2 24 4.25 -29.3582 -13.2729 1.1984 -29.3582 -13.2729
2 24 4.25 -29.3582 -13.2729 4.25 -29.0052 -12.7448
2 24 4.25 -29.0052 -12.7448 4.25 -27.6265 -11.8234
2 24 4.25 -27.6265 -11.8234 4.25 -26 -11.5
2 24 4.25 -26 -11.5 4.25 -24.3735 -11.8234
2 24 4.25 -24.3735 -11.8234 4.25 -24 -12.073
2 24 1.5 -24 11.5813 1.5 -25.3336 12.4726
2 24 1.5 -25.3336 12.4726 1.5 -27.145 12.8328
2 24 1.5 -34.8936 12.6263 1.5 -35.6664 12.4726
2 24 1.5 -35.6664 12.4726 1.5 -40.0458 9.5458
2 24 1.5 -40.0458 9.5458 1.5 -42.9726 5.1664
2 24 1.5 -42.9726 5.1664 1.5 -44 0
2 24 1.5 -44 0 1.5 -42.9726 -5.1664
2 24 1.5 -42.9726 -5.1664 1.5 -40.0458 -9.5458
2 24 1.5 -40.0458 -9.5458 1.5 -36.183 -12.1274
2 24 1.5 -39.1541 10.7316 1.5 -40.3994 9.8994
2 24 1.5 -40.3994 9.8994 1.5 -43.4346 5.3578
2 24 1.5 -43.4346 5.3578 1.5 -44.5 0
2 24 1.5 -44.5 0 1.5 -43.4346 -5.3578
2 24 1.5 -43.4346 -5.3578 1.5 -40.3994 -9.8994
2 24 1.5 -40.3994 -9.8994 1.5 -39.4949 -10.5039
0 // Conditional lines
5 24 1.5 -30.5 10.5 4.25 -30.5 10.5 1.5 -34.5184 9.701 1.5 -27 9.8041
5 24 1.5 -34.5184 9.701 4.25 -34.5184 9.701 1.5 -37.9246 7.4246 1.5 -30.5 10.5
5 24 1.5 -37.9246 7.4246 4.25 -37.9246 7.4246 1.5 -40.201 4.0184 1.5 -34.5184 9.701
5 24 1.5 -40.201 4.0184 3.5572 -40.201 4.0184 1.5 -41 0 1.5 -37.9246 7.4246
5 24 1.5 -41 0 2 -41 0 1.5 -40.201 -4.0184 1.5 -40.201 4.0184
5 24 1.5 -40.201 -4.0184 3.5572 -40.201 -4.0184 1.5 -37.9246 -7.4246 1.5 -41 0
5 24 1.5 -37.9246 -7.4246 4.25 -37.9246 -7.4246 1.5 -34.5184 -9.701 1.5 -40.201 -4.0184
5 24 1.5 -34.5184 -9.701 4.25 -34.5184 -9.701 1.5 -30.5 -10.5 1.5 -37.9246 -7.4246
5 24 1.5 -30.5 -10.5 4.25 -30.5 -10.5 1.5 -27 -9.8041 1.5 -34.5184 -9.701
5 24 3.8394 -43.1169 4.4406 3.8394 -39.9188 4.4406 2.4779 -43.5221 2.4034 4.25 -43.0624 4.715
5 24 2.4779 -43.5221 2.4034 2.4779 -40.5221 2.4034 2 -44 0 3.8394 -43.1169 4.4406
5 24 2 -44 0 2 -41 0 2.4779 -43.5221 -2.4034 2.4779 -43.5221 2.4034
5 24 2.4779 -43.5221 -2.4034 2.4779 -40.5221 -2.4034 3.8394 -43.1169 -4.4406 2 -44 0
5 24 3.8394 -43.1169 -4.4406 3.8394 -39.9188 -4.4406 4.25 -43.0624 -4.715 2.4779 -43.5221 -2.4034
5 24 4.25 -25.3336 12.4726 1.5 -25.3336 12.4726 4.25 -30.5 13.5 4.25 -24 11.5813
5 24 4.25 -30.5 13.5 3.2055 -30.5 13.5 4.25 -35.6664 12.4726 4.25 -25.3336 12.4726
5 24 4.25 -35.6664 12.4726 1.5 -35.6664 12.4726 4.25 -40.0458 9.5458 4.25 -30.5 13.5
5 24 4.25 -40.0458 9.5458 1.5 -40.0458 9.5458 4.25 -42.9726 5.1664 4.25 -35.6664 12.4726
5 24 1.5 -42.9726 5.1664 4.25 -42.9726 5.1664 1.5 -44 0 1.5 -40.0458 9.5458
5 24 1.5 -44 0 2 -44 0 1.5 -42.9726 -5.1664 1.5 -42.9726 5.1664
5 24 1.5 -42.9726 -5.1664 4.25 -42.9726 -5.1664 1.5 -40.0458 -9.5458 1.5 -44 0
5 24 4.25 -40.0458 -9.5458 1.5 -40.0458 -9.5458 4.25 -35.6664 -12.4726 4.25 -42.9726 -5.1664
5 24 4.25 -35.6664 -12.4726 2.1357 -35.6664 -12.4726 4.25 -30.5 -13.5 4.25 -40.0458 -9.5458
5 24 4.25 -30.5 -13.5 1.3311 -30.5 -13.5 4.25 -29.3582 -13.2729 4.25 -35.6664 -12.4726
5 24 1.5 -40.3994 9.8994 1.1999 -40.3994 9.8994 1.5 -43.4346 5.3578 1.5 -39.1541 10.7316
5 24 1.5 -40.3994 -9.8994 1.1913 -40.3994 -9.8994 1.5 -39.4949 -10.5039 1.5 -43.4346 -5.3578
0 // Cylinder and reinforcement box
0 // Faces
4 16 1.2438 -32.8898 -23.2334 0 -32.7654 -23.4472 0 -26.6273 -19.8753 1.2438 -26.9938 -19.8024
3 16 1.2438 -32.8898 -23.2334 1.2438 -26.9938 -19.8024 1.8827 -27.6265 -19.6766
4 16 1.2438 -32.8898 -23.2334 1.8827 -27.6265 -19.6766 2.2981 -27.8834 -19.5049 2.2981 -33.2442 -22.6244
4 16 3.0027 -33.7744 -21.7132 2.2981 -33.2442 -22.6244 2.2981 -27.8834 -19.5049 3.0027 -28.8591 -18.8528
3 16 3.0027 -33.7744 -21.7132 3.0027 -28.8591 -18.8528 3.0341 -29.0052 -18.7552
4 16 3.0027 -33.7744 -21.7132 3.0341 -29.0052 -18.7552 3.25 -29.6098 -17.8506 3.25 -34.4 -20.6381
4 16 3.0027 -35.0256 -19.5631 3.25 -34.4 -20.6381 3.25 -29.6098 -17.8506 3.1368 -29.9266 -17.3765
3 16 3.0027 -35.0256 -19.5631 3.1368 -29.9266 -17.3765 3.0027 -30.0657 -16.6769
4 16 2.2981 -35.5559 -18.6519 3.0027 -35.0256 -19.5631 3.0027 -30.0657 -16.6769 2.4054 -30.25 -15.75
3 16 2.2981 -35.5559 -18.6519 2.4054 -30.25 -15.75 2.2981 -30.2082 -15.54
3 16 2.2981 -35.5559 -18.6519 2.2981 -30.2082 -15.54 1.3293 -32.7273 -16.2568
3 16 2.2981 -35.5559 -18.6519 1.3293 -32.7273 -16.2568 1.4469 -35.842 -18.1602
4 16 1.2438 -31.4207 -15.4303 1.3293 -32.7273 -16.2568 2.2981 -30.2082 -15.54 1.2438 -30.0249 -14.6181
3 16 1.2438 -31.4207 -15.4303 1.2438 -30.0249 -14.6181 1.1442 -30.0198 -14.5922
4 16 1.2438 -32.8898 -23.2334 .7176 -33.5287 -22.1354 0 -33.457 -22.2587 0 -32.7654 -23.4472
4 16 1.2438 -32.8898 -23.2334 2.2981 -33.2442 -22.6244 1.3258 -33.7332 -21.784 .7176 -33.5287 -22.1354
4 16 3.0027 -33.7744 -21.7132 1.7323 -34.0391 -21.2584 1.3258 -33.7332 -21.784 2.2981 -33.2442 -22.6244
4 16 3.0027 -33.7744 -21.7132 3.25 -34.4 -20.6381 1.875 -34.4 -20.6381 1.7323 -34.0391 -21.2584
4 16 3.0027 -35.0256 -19.5631 1.7323 -34.7609 -20.0179 1.875 -34.4 -20.6381 3.25 -34.4 -20.6381
4 16 2.2981 -35.5559 -18.6519 1.3258 -35.0668 -19.4922 1.7323 -34.7609 -20.0179 3.0027 -35.0256 -19.5631
4 16 2.2981 -35.5559 -18.6519 1.4469 -35.842 -18.1602 1.2112 -35.1054 -19.426 1.3258 -35.0668 -19.4922
4 16 .7176 -33.5287 -22.1354 .5765 -40.2 -26.05 0 -40.2298 -26.2 0 -33.457 -22.2587
3 16 .7176 -33.5287 -22.1354 .7176 -40.2058 -26.0209 .5765 -40.2 -26.05
4 16 .7176 -33.5287 -22.1354 1.3258 -33.7332 -21.784 1.3258 -40.2896 -25.5994 .7176 -40.2058 -26.0209
4 16 1.7323 -34.0391 -21.2584 1.7323 -40.4151 -24.9687 1.3258 -40.2896 -25.5994 1.3258 -33.7332 -21.784
3 16 1.7323 -34.0391 -21.2584 1.7818 -40.4664 -24.7106 1.7323 -40.4151 -24.9687
4 16 1.7323 -34.0391 -21.2584 1.875 -34.4 -20.6381 1.875 -40.6772 -24.291 1.7818 -40.4664 -24.7106
4 16 1.7323 -40.9999 -23.6485 1.875 -40.6772 -24.291 1.875 -34.4 -20.6381 1.7323 -34.7609 -20.0179
4 16 1.7323 -40.9999 -23.6485 1.7323 -34.7609 -20.0179 1.3258 -35.0668 -19.4922 1.3258 -40.6719 -22.7539
3 16 1.7323 -40.9999 -23.6485 1.3258 -40.6719 -22.7539 1.3296 -40.9481 -22.9213
3 16 1.7323 -40.9999 -23.6485 1.3296 -40.9481 -22.9213 1.3277 -41.2721 -23.1065
3 16 1.3258 -35.0668 -19.4922 1.2569 -36.2691 -20.1385 1.3258 -40.6719 -22.7539
3 16 1.3258 -35.0668 -19.4922 1.2112 -35.1054 -19.426 1.2569 -36.2691 -20.1385
3 16 3.5 -40.4664 -24.7106 1.7818 -40.4664 -24.7106 1.875 -40.6772 -24.291
4 16 3.5 -40.4664 -24.7106 1.875 -40.6772 -24.291 1.7323 -40.9999 -23.6485 3.5 -42.194 -21.332
4 16 3.5 -42.194 -21.332 1.7323 -40.9999 -23.6485 1.3277 -41.2721 -23.1065 1.3626 -41.3709 -22.9098
3 16 3.5 -42.194 -21.332 1.3626 -41.3709 -22.9098 1.5182 -41.822 -22.045
3 16 3.5 -42.194 -21.332 1.5182 -41.822 -22.045 2.1604 -43.718 -18.4107
3 16 3.5 -42.194 -21.332 2.1604 -43.718 -18.4107 2.25 -47.8136 -10.5598
4 16 2.25 -47.8136 -10.5598 2.1604 -43.718 -18.4107 1.5 -43.718 -18.4107 1.5 -45.3253 -15.3296
3 16 2.25 -47.8136 -10.5598 1.5 -45.3253 -15.3296 .5 -46.9526 -12.2102
3 16 3.5 -42.194 -21.332 3.5 -41.2252 -23.5752 3.5 -40.4664 -24.7106
3 16 3.5 -42.194 -21.332 3.5 -42.3606 -22.8164 3.5 -41.2252 -23.5752
3 16 3.5 -42.194 -21.332 3.5 -43.7 -22.55 3.5 -42.3606 -22.8164
4 16 3.5 -42.194 -21.332 3.5 -44.8538 -22.7196 3.5 -44.8255 -22.7739 3.5 -43.7 -22.55
4 16 3.5 -42.194 -21.332 2.25 -47.8136 -10.5598 2.5586 -49.0858 -14.6072 3.5 -44.8538 -22.7196
4 16 2.25 -47.8136 -10.5598 2.25 -56.325 -15 2.5586 -52.2776 -16.2723 2.5586 -49.0858 -14.6072
3 16 3.5 -49.8823 -27.35 3.5 -45.0394 -29.2836 3.5 -46.1748 -28.5248
3 16 3.5 -49.8823 -27.35 3.5 -46.1748 -28.5248 3.5 -46.9336 -27.3894
3 16 3.5 -49.8823 -27.35 3.5 -46.9336 -27.3894 3.5 -47.2 -26.05
4 16 3.5 -49.8823 -27.35 3.5 -47.2 -26.05 3.5 -47.0417 -25.2539 3.5 -47.7369 -24.9763
4 16 3.5 -49.8823 -27.35 3.5 -47.7369 -24.9763 3.5 -48.0456 -24.3847 3.5 -50.7054 -25.7722
4 16 2.25 -56.325 -15 3.5 -50.7054 -25.7722 3.5 -48.0456 -24.3847 2.5586 -52.2776 -16.2723
4 16 3.5 -49.8823 -27.35 1.2888 -49.8823 -27.35 1.1995 -49.0239 -27.6927 3.5 -45.0394 -29.2836
4 16 3.5 -49.8823 -27.35 3.5 -50.7054 -25.7722 2.0796 -52.4747 -22.3806 1.2888 -49.8823 -27.35
3 16 2.25 -56.325 -15 2.0796 -52.4747 -22.3806 3.5 -50.7054 -25.7722
4 16 2.25 -56.325 -15 1.5 -53.8641 -19.7172 1.5 -52.4747 -22.3806 2.0796 -52.4747 -22.3806
3 16 2.25 -56.325 -15 .5 -55.5011 -16.5794 1.5 -53.8641 -19.7172
3 16 1.25 -44.8255 -22.7739 3.5 -44.8255 -22.7739 3.5 -44.8538 -22.7196
4 16 1.25 -49.0858 -14.6072 1.25 -44.8255 -22.7739 3.5 -44.8538 -22.7196 2.5586 -49.0858 -14.6072
3 16 1.25 -49.0858 -14.6072 1.25 -45.0394 -22.8164 1.25 -44.8255 -22.7739
3 16 1.25 -49.0858 -14.6072 1.25 -46.1748 -23.5752 1.25 -45.0394 -22.8164
4 16 1.25 -49.0858 -14.6072 1.25 -52.2776 -16.2723 1.25 -46.9336 -24.7106 1.25 -46.1748 -23.5752
4 16 1.25 -52.2776 -16.2723 1.25 -47.7369 -24.9763 1.25 -47.0417 -25.2539 1.25 -46.9336 -24.7106
4 16 3.5 -47.7369 -24.9763 3.5 -47.0417 -25.2539 1.25 -47.0417 -25.2539 1.25 -47.7369 -24.9763
4 16 1.25 -52.2776 -16.2723 3.5 -48.0456 -24.3847 3.5 -47.7369 -24.9763 1.25 -47.7369 -24.9763
3 16 1.25 -52.2776 -16.2723 2.5586 -52.2776 -16.2723 3.5 -48.0456 -24.3847
0 // Edges
2 24 0 -26.6273 -19.8753 1.2438 -26.9938 -19.8024
2 24 1.2438 -26.9938 -19.8024 1.8827 -27.6265 -19.6766
2 24 1.8827 -27.6265 -19.6766 2.2981 -27.8834 -19.5049
2 24 2.2981 -27.8834 -19.5049 3.0027 -28.8591 -18.8528
2 24 3.0027 -28.8591 -18.8528 3.0341 -29.0052 -18.7552
2 24 3.0341 -29.0052 -18.7552 3.25 -29.6098 -17.8506
2 24 3.25 -29.6098 -17.8506 3.1368 -29.9266 -17.3765
2 24 3.1368 -29.9266 -17.3765 3.0027 -30.0657 -16.676
2 24 3.0027 -30.0657 -16.6769 2.4054 -30.25 -15.75
2 24 2.4054 -30.25 -15.75 2.2981 -30.2082 -15.54
2 24 2.2981 -30.2082 -15.54 1.2438 -30.0249 -14.6181
2 24 1.2438 -30.0249 -14.6181 1.1442 -30.0198 -14.5922
2 24 1.1442 -30.0198 -14.5922 1.1827 -29.9266 -14.1235
2 24 1.1827 -29.9266 -14.1235 1.1984 -29.3582 -13.2729
2 24 0 -32.7654 -23.4472 1.2438 -32.8898 -23.2334
2 24 1.2438 -32.8898 -23.2334 2.2981 -33.2442 -22.6244
2 24 2.2981 -33.2442 -22.6244 3.0027 -33.7744 -21.7132
2 24 3.0027 -33.7744 -21.7132 3.25 -34.4 -20.6381
2 24 3.25 -34.4 -20.6381 3.0027 -35.0256 -19.5631
2 24 3.0027 -35.0256 -19.5631 2.2981 -35.5559 -18.6519
2 24 2.2981 -35.5559 -18.6519 1.4469 -35.842 -18.1602
2 24 1.4469 -35.842 -18.1602 1.3293 -32.7273 -16.2568
2 24 1.3293 -32.7273 -16.2568 1.2438 -31.4207 -15.4303
2 24 1.2438 -31.4207 -15.4303 1.1442 -30.0198 -14.5922
2 24 0 -33.457 -22.2587 .7176 -33.5287 -22.1354
2 24 .7176 -33.5287 -22.1354 1.3258 -33.7332 -21.784
2 24 1.3258 -33.7332 -21.784 1.7323 -34.0391 -21.2584
2 24 1.7323 -34.0391 -21.2584 1.875 -34.4 -20.6381
2 24 1.875 -34.4 -20.6381 1.7323 -34.7609 -20.0179
2 24 1.7323 -34.7609 -20.0179 1.3258 -35.0668 -19.4922
2 24 1.3258 -35.0668 -19.4922 1.2112 -35.1054 -19.426
2 24 1.2112 -35.1054 -19.426 1.4469 -35.842 -18.1602
2 24 0 -40.2298 -26.2 .5765 -40.2 -26.05
2 24 .5765 -40.2 -26.05 .7176 -40.2058 -26.0209
2 24 .7176 -40.2058 -26.0209 1.3258 -40.2896 -25.5994
2 24 1.3258 -40.2896 -25.5994 1.7323 -40.4151 -24.9687
2 24 1.7323 -40.4151 -24.9687 1.7818 -40.4664 -24.7106
2 24 1.7818 -40.4664 -24.7106 1.875 -40.6772 -24.291
2 24 1.875 -40.6772 -24.291 1.7323 -40.9999 -23.6485
2 24 1.7323 -40.9999 -23.6485 1.3277 -41.2721 -23.1065
2 24 1.3277 -41.2721 -23.1065 1.3296 -40.9481 -22.9213
2 24 1.3296 -40.9481 -22.9213 1.3258 -40.6719 -22.7539
2 24 1.3258 -40.6719 -22.7539 1.2569 -36.2691 -20.1385
2 24 1.2569 -36.2691 -20.1385 1.2112 -35.1054 -19.426
2 24 1.3277 -41.2721 -23.1065 1.3626 -41.3709 -22.9098
2 24 1.3626 -41.3709 -22.9098 1.5182 -41.822 -22.045
2 24 1.5182 -41.822 -22.045 2.1604 -43.718 -18.4107
2 24 2.1604 -43.718 -18.4107 1.5 -43.718 -18.4107
2 24 1.5 -43.718 -18.4107 1.5 -45.3253 -15.3296
2 24 1.5 -45.3253 -15.3296 .5 -46.9526 -12.2102
2 24 1.7818 -40.4664 -24.7106 3.5 -40.4664 -24.7106
2 24 3.5 -40.4664 -24.7106 3.5 -42.194 -21.332
2 24 3.5 -42.194 -21.332 2.25 -47.8136 -10.5598
2 24 3.5 -40.4664 -24.7106 3.5 -41.2252 -23.5752
2 24 3.5 -41.2252 -23.5752 3.5 -42.3606 -22.8164
2 24 3.5 -42.3606 -22.8164 3.5 -43.7 -22.55
2 24 3.5 -43.7 -22.55 3.5 -44.8255 -22.7739
2 24 3.5 -44.8255 -22.7739 3.5 -44.8538 -22.7196
2 24 3.5 -44.8538 -22.7196 3.5 -42.194 -21.332
2 24 3.5 -44.8538 -22.7196 2.5586 -49.0858 -14.6072
2 24 3.5 -44.8255 -22.7739 1.25 -44.8255 -22.7739
2 24 1.25 -44.8255 -22.7739 1.25 -49.0858 -14.6072
2 24 1.25 -44.8255 -22.7739 1.25 -45.0394 -22.8164
2 24 1.25 -45.0394 -22.8164 1.25 -46.1748 -23.5752
2 24 1.25 -46.1748 -23.5752 1.25 -46.9336 -24.7106
2 24 1.25 -46.9336 -24.7106 1.25 -47.0417 -25.2539
2 24 1.25 -47.0417 -25.2539 1.25 -47.7369 -24.9763
2 24 1.25 -47.7369 -24.9763 1.25 -52.2776 -16.2723
2 24 1.25 -47.0417 -25.2539 3.5 -47.0417 -25.2539
2 24 3.5 -47.0417 -25.2539 3.5 -47.7369 -24.9763
2 24 3.5 -47.7369 -24.9763 1.25 -47.7369 -24.9763
2 24 3.5 -47.7369 -24.9763 3.5 -48.0456 -24.3847
2 24 3.5 -48.0456 -24.3847 2.5586 -52.2776 -16.2723
2 24 3.5 -47.0417 -25.2539 3.5 -47.2 -26.05
2 24 3.5 -47.2 -26.05 3.5 -46.9336 -27.3894
2 24 3.5 -46.9336 -27.3894 3.5 -46.1748 -28.5248
2 24 3.5 -46.1748 -28.5248 3.5 -45.0394 -29.2836
2 24 3.5 -45.0394 -29.2836 3.5 -49.8823 -27.35
2 24 3.5 -49.8823 -27.35 1.2888 -49.8823 -27.35
2 24 3.5 -49.8823 -27.35 3.5 -50.7054 -25.7722
2 24 3.5 -50.7054 -25.7722 3.5 -48.0456 -24.3847
2 24 3.5 -50.7054 -25.7722 2.25 -56.325 -15
2 24 1.1995 -49.0239 -27.6927 1.2888 -49.8823 -27.35
2 24 1.2888 -49.8823 -27.35 2.0796 -52.4747 -22.3806
2 24 2.0796 -52.4747 -22.3806 1.5 -52.4747 -22.3806
2 24 1.5 -52.4747 -22.3806 1.5 -53.8641 -19.7172
2 24 1.5 -53.8641 -19.7172 .5 -55.5011 -16.5794
0 // Conditional lines
5 24 0 -32.7654 -23.4472 0 -26.6273 -19.8753 1.2438 -32.8898 -23.2334 -1.2438 -32.8898 -23.2334
5 24 1.2438 -32.8898 -23.2334 1.2438 -26.9938 -19.8024 2.2981 -33.2442 -22.6244 0 -32.7654 -23.4472
5 24 2.2981 -33.2442 -22.6244 2.2981 -27.8834 -19.5049 3.0027 -33.7744 -21.7132 1.2438 -32.8898 -23.2334
5 24 3.0027 -33.7744 -21.7132 3.0027 -28.8591 -18.8528 3.25 -34.4 -20.6381 2.2981 -33.2442 -22.6244
5 24 3.25 -34.4 -20.6381 3.25 -29.6098 -17.8506 3.0027 -35.0256 -19.5631 3.0027 -33.7744 -21.7132
5 24 3.0027 -35.0256 -19.5631 3.0027 -30.0657 -16.6769 2.2981 -35.5559 -18.6519 3.25 -34.4 -20.6381
5 24 2.2981 -35.5559 -18.6519 2.2981 -30.2082 -15.54 1.4469 -35.842 -18.1602 3.0027 -35.0256 -19.5631
5 24 1.2438 -31.4207 -15.4303 1.2438 -30.0249 -14.6181 1.1442 -30.0198 -14.5922 2.2981 -30.2082 -15.54
5 24 0 -33.457 -22.2587 0 -40.2298 -26.2 .7176 -33.5287 -22.1354 -.7176 -33.5287 -22.1354
5 24 .7176 -33.5287 -22.1354 .7176 -40.2058 -26.0209 1.3258 -33.7332 -21.784 0 -33.457 -22.2587
5 24 1.3258 -33.7332 -21.784 1.3258 -40.2896 -25.5994 1.7323 -34.0391 -21.2584 .7176 -33.5287 -22.1354
5 24 1.7323 -34.0391 -21.2584 1.7323 -40.4151 -24.9687 1.875 -34.4 -20.6381 1.3258 -33.7332 -21.784
5 24 1.875 -34.4 -20.6381 1.875 -40.6772 -24.291 1.7323 -34.7609 -20.0179 1.7323 -34.0391 -21.2584
5 24 1.7323 -34.7609 -20.0179 1.7323 -40.9999 -23.6485 1.3258 -35.0668 -19.4922 1.875 -34.4 -20.6381
5 24 1.3258 -35.0668 -19.4922 1.3258 -40.6719 -22.7539 1.2112 -35.1054 -19.426 1.7323 -34.7609 -20.0179
5 24 3.5 -42.194 -21.332 1.7323 -40.9999 -23.6485 3.5 -40.4664 -24.7106 1.3277 -41.2721 -23.1065
5 24 3.5 -42.194 -21.332 1.3626 -41.3709 -22.9098 1.3277 -41.2721 -23.1065 1.5182 -41.822 -22.045
0 // Rear blade
0 // Faces
4 16 2.6354 -27.8397 15.0777 2.768 -27.145 12.8328 1.5 -27.145 12.8328 1.5 -27.3099 13.3656
3 16 2.768 -27.145 12.8328 2.6354 -27.8397 15.0777 3.2 -28.9207 14.0378
3 16 2.768 -27.145 12.8328 3.2 -28.9207 14.0378 3.1972 -28.6592 13.1339
4 16 2.6354 -27.8397 15.0777 2.487 -29.032 17.4046 2.5271 -29.1138 17.3805 3.2 -30.0547 16.33
3 16 2.6354 -27.8397 15.0777 3.2 -30.0547 16.33 3.2 -28.9207 14.0378
3 16 2.5271 -29.1138 17.3805 3.1642 -30.4877 16.9751 3.2 -30.0547 16.33
3 16 3.0896 -31.618 18.5 3.2 -30.0547 16.33 3.1642 -30.4877 16.9751
3 16 3.0896 -31.618 18.5 3.1642 -30.4877 16.9751 3.0604 -31.4541 18.3979
4 16 3.0896 -31.618 18.5 3.0604 -31.4541 18.3979 2.3403 -30.5783 19.516 2.328 -30.7087 19.6929
3 16 2.328 -30.7087 19.6929 2.1729 -32.7709 21.777 2.9792 -33.5782 20.5128
3 16 2.328 -30.7087 19.6929 2.9792 -33.5782 20.5128 3.0896 -31.618 18.5
3 16 2.1729 -32.7709 21.777 2.016 -35.2186 23.6578 2.8688 -35.9083 22.3314
3 16 2.1729 -32.7709 21.777 2.8688 -35.9083 22.3314 2.9792 -33.5782 20.5128
3 16 1.8564 -38.1724 25.3733 1.7141 -41.0859 26.6659 2.6479 -41.5 25.271
4 16 1.8564 -38.1724 25.3733 2.6479 -41.5 25.271 2.7583 -38.5624 23.9279 2.5682 -38.4436 24.2195
3 16 1.7141 -41.0859 26.6659 1.5709 -44.4036 27.7377 2.5375 -44.6671 26.3422
3 16 1.7141 -41.0859 26.6659 2.5375 -44.6671 26.3422 2.6479 -41.5 25.271
4 16 2.016 -35.2186 23.6578 1.9794 -35.893 24.0551 2.7984 -37.0352 23.0523 2.8688 -35.9083 22.3314
4 16 2.7583 -38.5624 23.9279 2.8688 -35.9083 22.3314 2.7984 -37.0352 23.0523 2.7383 -38.5099 23.9374
3 16 2.7583 -38.5624 23.9279 2.7383 -38.5099 23.9374 2.5682 -38.4436 24.2195
4 16 1.5709 -44.4036 27.7377 1.5666 -44.5108 27.7607 2.4972 -45.2805 26.5128 2.5375 -44.6671 26.3422
3 16 2.4229 -46.95 26.9266 2.5375 -44.6671 26.3422 2.4972 -45.2805 26.5128
3 16 2.4229 -46.95 26.9266 2.4271 -48.0124 27.1192 2.5375 -44.6671 26.3422
3 16 1.4647 -47.0421 28.305 1.4301 -47.9024 28.49 2.4271 -48.0124 27.1192
3 16 1.4647 -47.0421 28.305 2.4271 -48.0124 27.1192 2.4229 -46.95 26.9266
3 16 1.4301 -47.9024 28.49 1.2944 -51.5152 28.9106 2.3167 -51.4765 27.5909
3 16 1.4301 -47.9024 28.49 2.3167 -51.4765 27.5909 2.4271 -48.0124 27.1192
3 16 1.2944 -51.5152 28.9106 1.2134 -53.7526 28.9608 2.1999 -54.14 27.75
3 16 1.2944 -51.5152 28.9106 2.1999 -54.14 27.75 2.3167 -51.4765 27.5909
3 16 2.2062 -55 27.75 2.3167 -51.4765 27.5909 2.1999 -54.14 27.75
3 16 2.2062 -55 27.75 2.1442 -55.86 27.75 2.0958 -58.5235 27.5909
3 16 1.1235 -56.2335 28.9173 1.0293 -58.8236 28.7323 2.0958 -58.5235 27.5909
3 16 1.1235 -56.2335 28.9173 2.0958 -58.5235 27.5909 2.1442 -55.86 27.75
3 16 1.0293 -58.8236 28.7323 .8977 -62.3901 28.1377 1.9854 -61.9876 27.1192
3 16 1.0293 -58.8236 28.7323 1.9854 -61.9876 27.1192 2.0958 -58.5235 27.5909
3 16 .8977 -62.3901 28.1377 .7642 -64.4 27.5589 1.875 -64.4 26.5589
3 16 .8977 -62.3901 28.1377 1.875 -64.4 26.5589 1.9854 -61.9876 27.1192
3 16 3.2 -28.9207 14.0378 3.2 -29.6546 13.3319 3.1972 -28.6592 13.1339
4 16 3.2 -28.9207 14.0378 3.2 -30.0547 16.33 3.2055 -30.5 13.5 3.2 -29.6546 13.3319
3 16 3.2 -33.0423 12.9944 3.2055 -30.5 13.5 3.2 -30.0547 16.33
4 16 3.2 -33.0423 12.9944 3.2 -30.0547 16.33 3.0896 -31.618 18.5 3.0896 -34.4406 14.7972
3 16 3.2 -33.0423 12.9944 3.0896 -34.4406 14.7972 3.1918 -33.5051 12.9024
4 16 2.9792 -33.5782 20.5128 2.9792 -35.917 16.85 3.0896 -34.4406 14.7972 3.0896 -31.618 18.5
4 16 2.9792 -33.5782 20.5128 2.8688 -35.9083 22.3314 2.8688 -37.7683 18.754 2.9792 -35.917 16.85
3 16 2.4271 -48.0124 27.1192 2.4271 -48.2412 24.2682 2.5375 -44.6671 26.3422
4 16 2.4271 -48.0124 27.1192 2.3167 -51.4765 27.5909 2.3167 -51.4006 25.0032 2.4271 -48.2412 24.2682
4 16 2.2062 -55 27.75 2.2062 -54.6722 25.4495 2.3167 -51.4006 25.0032 2.3167 -51.4765 27.5909
4 16 2.2062 -55 27.75 2.0958 -58.5235 27.5909 2.0958 -58 25.6 2.2062 -54.6722 25.4495
4 16 1.9854 -61.9876 27.1192 1.9854 -61.3278 25.4495 2.0958 -58 25.6 2.0958 -58.5235 27.5909
3 16 1.9854 -61.9876 27.1192 1.875 -64.4 26.5589 1.875 -64.4 25.0304
3 16 1.9854 -61.9876 27.1192 1.875 -64.4 25.0304 1.9854 -61.3278 25.4495
4 16 1.875 -64.4 26.5589 .7642 -64.4 27.5589 .7642 -64.4 24.0304 1.875 -64.4 25.0304
3 16 2.328 -35.35 13.6043 2.4005 -34.8936 12.6263 3.1918 -33.5051 12.9024
3 16 2.328 -35.35 13.6043 3.1918 -33.5051 12.9024 3.0896 -34.4406 14.7972
3 16 2.1729 -36.7243 15.5858 2.328 -35.35 13.6043 3.0896 -34.4406 14.7972
3 16 2.1729 -36.7243 15.5858 3.0896 -34.4406 14.7972 2.9792 -35.917 16.85
3 16 2.016 -38.458 17.4276 2.1729 -36.7243 15.5858 2.9792 -35.917 16.85
3 16 2.016 -38.458 17.4276 2.9792 -35.917 16.85 2.8688 -37.7683 18.754
3 16 1.5 -51.3697 23.9489 1.5 -48.3435 22.9935 2.4271 -48.2412 24.2682
3 16 1.5 -51.3697 23.9489 2.4271 -48.2412 24.2682 2.3167 -51.4006 25.0032
3 16 1.5 -54.5351 24.4876 1.5 -51.3697 23.9489 2.3167 -51.4006 25.0032
3 16 1.5 -54.5351 24.4876 2.3167 -51.4006 25.0032 2.2062 -54.6722 25.4495
3 16 1.5 -57.8323 24.9623 1.5 -54.5351 24.4876 2.2062 -54.6722 25.4495
3 16 1.5 -57.8323 24.9623 2.2062 -54.6722 25.4495 2.0958 -58 25.6
3 16 1.5 -61.1482 24.995 1.5 -57.8323 24.9623 2.0958 -58 25.6
3 16 1.5 -61.1482 24.995 2.0958 -58 25.6 1.9854 -61.3278 25.4495
3 16 1.5 -62.825 24.8404 1.5 -61.1482 24.995 1.9854 -61.3278 25.4495
3 16 1.5 -62.825 24.8404 1.9854 -61.3278 25.4495 1.875 -64.4 25.0304
3 16 1.5 -62.825 24.8404 1.875 -64.4 25.0304 .8218 -62.825 24.2086
3 16 .8218 -62.825 24.2086 1.875 -64.4 25.0304 .7642 -64.4 24.0304
4 16 2.328 -35.35 13.6043 1.5 -35.35 13.6043 1.5 -34.8936 12.6263 2.4005 -34.8936 12.6263
4 16 2.1729 -36.7243 15.5858 1.5 -36.7243 15.5858 1.5 -35.35 13.6043 2.328 -35.35 13.6043
4 16 2.016 -38.458 17.4276 1.5 -38.458 17.4276 1.5 -36.7243 15.5858 2.1729 -36.7243 15.5858
4 16 1.5 -36.7243 15.5858 1.5 -35.6664 12.4726 1.5 -34.8936 12.6263 1.5 -35.35 13.6043
3 16 1.5 -36.7243 15.5858 1.5 -39.1541 10.7316 1.5 -35.6664 12.4726
4 16 1.5 -36.7243 15.5858 1.5 -38.458 17.4276 1.5 -41.4515 13.3485 1.5 -39.1541 10.7316
4 16 1.5 -51.3697 23.9489 1.5 -48.7 18.91 1.5 -46.9904 22.391 1.5 -48.3435 22.9935
4 16 1.5 -54.5351 24.4876 1.5 -52.8055 20.9365 1.5 -48.7 18.91 1.5 -51.3697 23.9489
4 16 1.5 -57.8323 24.9623 1.5 -57.142 22.4065 1.5 -52.8055 20.9365 1.5 -54.5351 24.4876
4 16 1.5 -61.1482 24.995 1.5 -61.6325 23.299 1.5 -57.142 22.4065 1.5 -57.8323 24.9623
4 16 1.5 -61.1482 24.995 1.5 -62.825 24.8404 1.5 -62.825 23.3776 1.5 -61.6325 23.299
4 16 1 -43.2515 11.6485 1.1999 -40.3994 9.8994 1.5 -39.1541 10.7316 1.5 -41.4515 13.3485
3 16 1 -43.2515 11.6485 1 -40.9684 9.048 1.1999 -40.3994 9.8994
4 16 1 -43.2515 11.6485 1.5 -41.4515 13.3485 1.5 -44.892 16.369 1 -46.692 14.669
4 16 1 -50.5 17.21 1 -46.692 14.669 1.5 -44.892 16.369 1.5 -48.7 18.91
4 16 1 -50.5 17.21 1.5 -48.7 18.91 1.5 -52.8055 20.9365 1 -54.6055 19.2365
4 16 1 -58.942 20.7065 1 -54.6055 19.2365 1.5 -52.8055 20.9365 1.5 -57.142 22.4065
4 16 1 -58.942 20.7065 1.5 -57.142 22.4065 1.5 -61.6325 23.299 1 -62.825 21.4783
3 16 1 -62.825 21.4783 1.5 -61.6325 23.299 1.5 -62.825 23.3776
4 16 1 -62.825 21.4783 1.5 -62.825 23.3776 1.5 -62.825 24.8404 .8218 -62.825 24.2086
0 // Edges
2 24 1.5 -27.145 12.8328 1.5 -27.3099 13.3656
2 24 1.5 -27.145 12.8328 2.768 -27.145 12.8328
2 24 2.768 -27.145 12.8328 2.6354 -27.8397 15.0777
2 24 2.6354 -27.8397 15.0777 2.487 -29.032 17.4046
2 24 2.3403 -30.5783 19.516 2.328 -30.7087 19.6929
2 24 2.328 -30.7087 19.6929 2.1729 -32.7709 21.777
2 24 2.1729 -32.7709 21.777 2.016 -35.2186 23.6578
2 24 2.016 -35.2186 23.6578 1.9794 -35.893 24.0551
2 24 1.8564 -38.1724 25.3733 1.7141 -41.0859 26.6659
2 24 1.7141 -41.0859 26.6659 1.5709 -44.4036 27.7377
2 24 1.5709 -44.4036 27.7377 1.5666 -44.5108 27.7607
2 24 1.4647 -47.0421 28.305 1.4301 -47.9024 28.49
2 24 1.4301 -47.9024 28.49 1.2944 -51.5152 28.9106
2 24 1.2944 -51.5152 28.9106 1.2134 -53.7526 28.9608
2 24 1.1235 -56.2335 28.9173 1.0293 -58.8236 28.7323
2 24 1.0293 -58.8236 28.7323 .8977 -62.3901 28.1377
2 24 .8977 -62.3901 28.1377 .7642 -64.4 27.5589
2 24 2.487 -29.032 17.4046 2.5271 -29.1138 17.3805
2 24 2.768 -27.145 12.8328 3.1972 -28.6592 13.1339
2 24 2.5271 -29.1138 17.3805 3.1642 -30.4877 16.9751
2 24 3.1642 -30.4877 16.9751 3.0604 -31.4541 18.3979
2 24 3.0604 -31.4541 18.3979 2.3403 -30.5783 19.516
2 24 1.9794 -35.893 24.0551 2.7984 -37.0352 23.0523
2 24 2.7984 -37.0352 23.0523 2.7383 -38.5099 23.9374
2 24 2.7383 -38.5099 23.9374 2.5682 -38.4436 24.2195
2 24 2.5682 -38.4436 24.2195 1.8564 -38.1724 25.3733
2 24 1.5666 -44.5108 27.7607 2.4972 -45.2805 26.5128
2 24 2.4972 -45.2805 26.5128 2.4229 -46.95 26.9266
2 24 2.4229 -46.95 26.9266 1.4647 -47.0421 28.305
2 24 1.2134 -53.7526 28.9608 2.1999 -54.14 27.75
2 24 2.1999 -54.14 27.75 2.2062 -55 27.75
2 24 2.2062 -55 27.75 2.1442 -55.86 27.75
2 24 2.1442 -55.86 27.75 1.1235 -56.2335 28.9173
2 24 .7642 -64.4 27.5589 1.875 -64.4 26.5589
2 24 3.1972 -28.6592 13.1339 3.2 -28.9207 14.0378
2 24 3.2 -28.9207 14.0378 3.2 -30.0547 16.33
2 24 3.2 -30.0547 16.33 3.0896 -31.618 18.5
2 24 3.0896 -31.618 18.5 2.9792 -33.5782 20.5128
2 24 2.9792 -33.5782 20.5128 2.8688 -35.9083 22.3314
2 24 2.8688 -35.9083 22.3314 2.7583 -38.5624 23.9279
2 24 2.7583 -38.5624 23.9279 2.6479 -41.5 25.271
2 24 2.6479 -41.5 25.271 2.5375 -44.6671 26.3422
2 24 2.5375 -44.6671 26.3422 2.4271 -48.0124 27.1192
2 24 2.4271 -48.0124 27.1192 2.3167 -51.4765 27.5909
2 24 2.3167 -51.4765 27.5909 2.2062 -55 27.75
2 24 2.2062 -55 27.75 2.0958 -58.5235 27.5909
2 24 2.0958 -58.5235 27.5909 1.9854 -61.9876 27.1192
2 24 1.9854 -61.9876 27.1192 1.875 -64.4 26.5589
2 24 3.1972 -28.6592 13.1339 3.2 -29.6546 13.3319
2 24 3.2 -29.6546 13.3319 3.2055 -30.5 13.5
2 24 3.2055 -30.5 13.5 3.2 -33.0423 12.9944
2 24 3.2 -33.0423 12.9944 3.1918 -33.5051 12.9024
2 24 3.1918 -33.5051 12.9024 3.0896 -34.4406 14.7972
2 24 3.0896 -34.4406 14.7972 2.9792 -35.917 16.85
2 24 2.9792 -35.917 16.85 2.8688 -37.7683 18.754
2 24 2.4271 -48.2412 24.2682 2.3167 -51.4006 25.0032
2 24 2.3167 -51.4006 25.0032 2.2062 -54.6722 25.4495
2 24 2.2062 -54.6722 25.4495 2.0958 -58 25.6
2 24 2.0958 -58 25.6 1.9854 -61.3278 25.4495
2 24 1.9854 -61.3278 25.4495 1.875 -64.4 25.0304
2 24 1.875 -64.4 25.0304 1.875 -64.4 26.5589
2 24 3.1918 -33.5051 12.9024 2.4005 -34.8936 12.6263
2 24 2.4005 -34.8936 12.6263 1.5 -34.8936 12.6263
2 24 1.875 -64.4 25.0304 .7642 -64.4 24.0304
2 24 2.4005 -34.8936 12.6263 2.328 -35.35 13.6043
2 24 2.328 -35.35 13.6043 2.1729 -36.7243 15.5858
2 24 2.1729 -36.7243 15.5858 2.016 -38.458 17.4276
2 24 1.5 -34.8936 12.6263 1.5 -35.35 13.6043
2 24 1.5 -35.35 13.6043 1.5 -36.7243 15.5858
2 24 1.5 -36.7243 15.5858 1.5 -38.458 17.4276
2 24 1.5 -46.9904 22.391 1.5 -48.3435 22.9935
2 24 1.5 -48.3435 22.9935 1.5 -51.3697 23.9489
2 24 1.5 -51.3697 23.9489 1.5 -54.5351 24.4876
2 24 1.5 -54.5351 24.4876 1.5 -57.8323 24.9623
2 24 1.5 -57.8323 24.9623 1.5 -61.1482 24.995
2 24 1.5 -61.1482 24.995 1.5 -62.825 24.8404
2 24 1.5 -62.825 24.8404 .8218 -62.825 24.2086
2 24 .8218 -62.825 24.2086 .7642 -64.4 24.0304
2 24 1.5 -39.1541 10.7316 1.5 -41.4515 13.3485
2 24 1.5 -41.4515 13.3485 1.5 -44.892 16.369
2 24 1.5 -44.892 16.369 1.5 -48.7 18.91
2 24 1.5 -48.7 18.91 1.5 -52.8055 20.9365
2 24 1.5 -52.8055 20.9365 1.5 -57.142 22.4065
2 24 1.5 -57.142 22.4065 1.5 -61.6325 23.299
2 24 1.5 -61.6325 23.299 1.5 -62.825 23.3776
2 24 1.5 -62.825 23.3776 1.5 -62.825 24.8404
2 24 1.5 -62.825 23.3776 1 -62.825 21.4783
2 24 1.5 -39.1541 10.7316 1.1999 -40.3994 9.8994
2 24 1.1999 -40.3994 9.8994 1 -40.9684 9.048
2 24 1 -40.9684 9.048 1 -43.2515 11.6485
2 24 1 -43.2515 11.6485 1 -46.692 14.669
2 24 1 -46.692 14.669 1 -50.5 17.21
2 24 1 -50.5 17.21 1 -54.6055 19.2365
2 24 1 -54.6055 19.2365 1 -58.942 20.7065
2 24 1 -58.942 20.7065 1 -62.825 21.4783
0 // Conditional lines
5 24 2.768 -27.145 12.8328 3.2 -28.9207 14.0378 2.6354 -27.8397 15.0777 3.1972 -28.6592 13.1339
5 24 2.6354 -27.8397 15.0777 3.2 -30.0547 16.33 2.487 -29.032 17.4046 3.2 -28.9207 14.0378
5 24 3.2 -30.0547 16.33 3.1642 -30.4877 16.9751 3.0896 -31.618 18.5 2.5271 -29.1138 17.3805
5 24 3.0896 -31.618 18.5 3.1642 -30.4877 16.9751 3.2 -30.0547 16.33 3.0604 -31.4541 18.3979
5 24 3.0896 -31.618 18.5 3.0604 -31.4541 18.3979 3.1642 -30.4877 16.9751 2.3403 -30.5783 19.516
5 24 2.328 -30.7087 19.6929 2.9792 -33.5782 20.5128 2.1729 -32.7709 21.777 3.0896 -31.618 18.5
5 24 2.1729 -32.7709 21.777 2.8688 -35.9083 22.3314 2.016 -35.2186 23.6578 2.9792 -33.5782 20.5128
5 24 2.8688 -35.9083 22.3314 2.7984 -37.0352 23.0523 2.7383 -38.5099 23.9374 2.016 -35.2186 23.6578
5 24 2.7583 -38.5624 23.9279 2.5682 -38.4436 24.2195 2.7383 -38.5099 23.9374 1.8564 -38.1724 25.3733
5 24 1.8564 -38.1724 25.3733 2.6479 -41.5 25.271 1.7141 -41.0859 26.6659 2.7583 -38.5624 23.9279
5 24 1.7141 -41.0859 26.6659 2.5375 -44.6671 26.3422 1.5709 -44.4036 27.7377 2.6479 -41.5 25.271
5 24 2.5375 -44.6671 26.3422 2.4972 -45.2805 26.5128 2.4229 -46.95 26.9266 1.5709 -44.4036 27.7377
5 24 2.4229 -46.95 26.9266 2.5375 -44.6671 26.3422 2.4972 -45.2805 26.5128 2.4271 -48.0124 27.1192
5 24 2.4271 -48.0124 27.1192 2.4229 -46.95 26.9266 2.5375 -44.6671 26.3422 1.4647 -47.0421 28.305
5 24 1.4647 -47.0421 28.305 2.4271 -48.0124 27.1192 1.4301 -47.9024 28.49 2.4229 -46.95 26.9266
5 24 1.4301 -47.9024 28.49 2.3167 -51.4765 27.5909 1.2944 -51.5152 28.9106 2.4271 -48.0124 27.1192
5 24 2.3167 -51.4765 27.5909 2.1999 -54.14 27.75 2.2062 -55 27.75 1.2944 -51.5152 28.9106
5 24 1.2944 -51.5152 28.9106 2.1999 -54.14 27.75 1.2134 -53.7526 28.9608 2.3167 -51.4765 27.5909
5 24 2.0958 -58.5235 27.5909 2.1442 -55.86 27.75 2.2062 -55 27.75 1.1235 -56.2335 28.9173
5 24 1.1235 -56.2335 28.9173 2.0958 -58.5235 27.5909 1.0293 -58.8236 28.7323 2.1442 -55.86 27.75
5 24 1.0293 -58.8236 28.7323 1.9854 -61.9876 27.1192 .8977 -62.3901 28.1377 2.0958 -58.5235 27.5909
5 24 .8977 -62.3901 28.1377 1.875 -64.4 26.5589 .7642 -64.4 27.5589 1.9854 -61.9876 27.1192
5 24 2.6354 -27.8397 15.0777 3.2 -28.9207 14.0378 2.487 -29.032 17.4046 2.768 -27.145 12.8328
5 24 2.5271 -29.1138 17.3805 3.2 -30.0547 16.33 3.1642 -30.4877 16.9751 2.487 -29.032 17.4046
5 24 2.328 -30.7087 19.6929 3.0896 -31.618 18.5 2.1729 -32.7709 21.777 2.3403 -30.5783 19.516
5 24 2.1729 -32.7709 21.777 2.9792 -33.5782 20.5128 2.016 -35.2186 23.6578 2.328 -30.7087 19.6929
5 24 2.016 -35.2186 23.6578 2.8688 -35.9083 22.3314 1.9794 -35.893 24.0551 2.1729 -32.7709 21.777
5 24 1.7141 -41.0859 26.6659 2.6479 -41.5 25.271 1.5709 -44.4036 27.7377 1.8564 -38.1724 25.3733
5 24 1.5709 -44.4036 27.7377 2.5375 -44.6671 26.3422 1.5666 -44.5108 27.7607 1.7141 -41.0859 26.6659
5 24 1.4301 -47.9024 28.49 2.4271 -48.0124 27.1192 1.2944 -51.5152 28.9106 1.4647 -47.0421 28.305
5 24 1.2944 -51.5152 28.9106 2.3167 -51.4765 27.5909 1.2134 -53.7526 28.9608 1.4301 -47.9024 28.49
5 24 1.0293 -58.8236 28.7323 2.0958 -58.5235 27.5909 .8977 -62.3901 28.1377 1.1235 -56.2335 28.9173
5 24 .8977 -62.3901 28.1377 1.9854 -61.9876 27.1192 .7642 -64.4 27.5589 1.0293 -58.8236 28.7323
5 24 3.2 -28.9207 14.0378 3.2 -29.6546 13.3319 3.2 -30.0547 16.33 3.1972 -28.6592 13.1339
5 24 3.2 -30.0547 16.33 3.2055 -30.5 13.5 3.2 -33.0423 12.9944 3.2 -29.6546 13.3319
5 24 3.2 -30.0547 16.33 3.2 -33.0423 12.9944 3.0896 -31.618 18.5 3.2 -28.9207 14.0378
5 24 3.2 -33.0423 12.9944 3.0896 -34.4406 14.7972 3.2 -30.0547 16.33 3.1918 -33.5051 12.9024
5 24 3.0896 -31.618 18.5 3.0896 -34.4406 14.7972 2.9792 -33.5782 20.5128 3.2 -30.0547 16.33
5 24 2.9792 -33.5782 20.5128 2.9792 -35.917 16.85 2.8688 -35.9083 22.3314 3.0896 -31.618 18.5
5 24 2.8688 -35.9083 22.3314 2.8688 -37.7683 18.754 2.7583 -38.5624 23.9279 2.9792 -33.5782 20.5128
5 24 2.4271 -48.0124 27.1192 2.4271 -48.2412 24.2682 2.3167 -51.4765 27.5909 2.5375 -45.25 23.255
5 24 2.3167 -51.4765 27.5909 2.3167 -51.4006 25.0032 2.2062 -55 27.75 2.4271 -48.2412 24.2682
5 24 2.2062 -55 27.75 2.2062 -54.6722 25.4495 2.0958 -58.5235 27.5909 2.3167 -51.4006 25.0032
5 24 2.0958 -58.5235 27.5909 2.0958 -58 25.6 1.9854 -61.9876 27.1192 2.2062 -54.6722 25.4495
5 24 1.9854 -61.9876 27.1192 1.9854 -61.3278 25.4495 1.875 -64.4 26.5589 2.0958 -58.5235 27.5909
5 24 1.9854 -61.9876 27.1192 1.875 -64.4 25.0304 1.875 -64.4 26.5589 1.9854 -61.3278 25.4495
5 24 3.1918 -33.5051 12.9024 2.328 -35.35 13.6043 2.4005 -34.8936 12.6263 3.0896 -34.4406 14.7972
5 24 3.0896 -34.4406 14.7972 2.1729 -36.7243 15.5858 2.328 -35.35 13.6043 2.9792 -35.917 16.85
5 24 2.9792 -35.917 16.85 2.016 -38.458 17.4276 2.1729 -36.7243 15.5858 2.8688 -37.7683 18.754
5 24 2.4271 -48.2412 24.2682 1.5 -51.3697 23.9489 1.5 -48.3435 22.9935 2.3167 -51.4006 25.0032
5 24 2.3167 -51.4006 25.0032 1.5 -54.5351 24.4876 1.5 -51.3697 23.9489 2.2062 -54.6722 25.4495
5 24 2.2062 -54.6722 25.4495 1.5 -57.8323 24.9623 1.5 -54.5351 24.4876 2.0958 -58 25.6
5 24 2.0958 -58 25.6 1.5 -61.1482 24.995 1.5 -57.8323 24.9623 1.9854 -61.3278 25.4495
5 24 1.9854 -61.3278 25.4495 1.5 -62.825 24.8404 1.5 -61.1482 24.995 1.875 -64.4 25.0304
5 24 1.875 -64.4 25.0304 1.5 -62.825 24.8404 .8218 -62.825 24.2086 1.9854 -61.3278 25.4495
5 24 1.875 -64.4 25.0304 .8218 -62.825 24.2086 .7642 -64.4 24.0304 1.5 -62.825 24.8404
5 24 3.0896 -34.4406 14.7972 2.328 -35.35 13.6043 2.9792 -35.917 16.85 3.1918 -33.5051 12.9024
5 24 2.9792 -35.917 16.85 2.1729 -36.7243 15.5858 2.8688 -37.7683 18.754 3.0896 -34.4406 14.7972
5 24 2.8688 -37.7683 18.754 2.016 -38.458 17.4276 2.7583 -39.969 20.4742 2.9792 -35.917 16.85
5 24 2.4271 -48.2412 24.2682 1.5 -48.3435 22.9935 2.3167 -51.4006 25.0032 2.5375 -45.25 23.255
5 24 2.3167 -51.4006 25.0032 1.5 -51.3697 23.9489 2.2062 -54.6722 25.4495 2.4271 -48.2412 24.2682
5 24 2.2062 -54.6722 25.4495 1.5 -54.5351 24.4876 2.0958 -58 25.6 2.3167 -51.4006 25.0032
5 24 2.0958 -58 25.6 1.5 -57.8323 24.9623 1.9854 -61.3278 25.4495 2.2062 -54.6722 25.4495
5 24 1.9854 -61.3278 25.4495 1.5 -61.1482 24.995 1.875 -64.4 25.0304 2.0958 -58 25.6
5 24 1.5 -35.35 13.6043 2.328 -35.35 13.6043 1.5 -36.7243 15.5858 1.5 -34.8936 12.6263
5 24 1.5 -36.7243 15.5858 2.1729 -36.7243 15.5858 1.5 -38.458 17.4276 1.5 -35.35 13.6043
5 24 1.5 -41.4515 13.3485 1 -43.2515 11.6485 1.5 -44.892 16.369 1.5 -39.1541 10.7316
5 24 1.5 -44.892 16.369 1 -46.692 14.669 1.5 -48.7 18.91 1.5 -41.4515 13.3485
5 24 1.5 -48.7 18.91 1 -50.5 17.21 1.5 -52.8055 20.9365 1.5 -44.892 16.369
5 24 1.5 -52.8055 20.9365 1 -54.6055 19.2365 1.5 -57.142 22.4065 1.5 -48.7 18.91
5 24 1.5 -57.142 22.4065 1 -58.942 20.7065 1.5 -61.6325 23.299 1.5 -52.8055 20.9365
5 24 1.5 -61.6325 23.299 1 -62.825 21.4783 1.5 -62.825 23.3776 1.5 -57.142 22.4065
0 // Front blade
0 // Faces
3 16 1.3311 -30.5 -13.5 1.1827 -29.9266 -14.1235 1.1984 -29.3582 -13.2729
4 16 1.3311 -30.5 -13.5 1.2438 -31.4207 -15.4303 1.1442 -30.0198 -14.5922 1.1827 -29.9266 -14.1235
4 16 1.3311 -30.5 -13.5 2.1357 -35.6664 -12.4726 1.3293 -32.7273 -16.2568 1.2438 -31.4207 -15.4303
4 16 1.3293 -32.7273 -16.2568 2.1357 -35.6664 -12.4726 2.243 -36.183 -12.1274 2.23 -37.1908 -13.3092
4 16 2.23 -37.1908 -13.3092 2.19 -40.7788 -16.4591 1.4469 -35.842 -18.1602 1.3293 -32.7273 -16.2568
4 16 2.19 -40.7788 -16.4591 1.2569 -36.2691 -20.1385 1.2112 -35.1054 -19.426 1.4469 -35.842 -18.1602
3 16 2.19 -40.7788 -16.4591 2.1604 -43.718 -18.4107 1.2569 -36.2691 -20.1385
3 16 2.1604 -43.718 -18.4107 1.3258 -40.6719 -22.7539 1.2569 -36.2691 -20.1385
4 16 2.1604 -43.718 -18.4107 1.5182 -41.822 -22.045 1.3296 -40.9481 -22.9213 1.3258 -40.6719 -22.7539
3 16 1.3296 -40.9481 -22.9213 1.5182 -41.822 -22.045 1.3626 -41.3709 -22.9098
3 16 1.3296 -40.9481 -22.9213 1.3626 -41.3709 -22.9098 1.3277 -41.2721 -23.1065
3 16 1.2083 -50.1304 -28.0678 1.1995 -49.0239 -27.6927 1.2888 -49.8823 -27.35
4 16 1.2083 -50.1304 -28.0678 1.2888 -49.8823 -27.35 2.0796 -52.4747 -22.3806 2.07 -53.5538 -22.7554
3 16 1.2083 -50.1304 -28.0678 2.07 -53.5538 -22.7554 2.03 -58.2368 -23.6861
3 16 1.2083 -50.1304 -28.0678 2.03 -58.2368 -23.6861 1.25 -55.519 -29.1388
3 16 1.25 -55.519 -29.1388 2.03 -58.2368 -23.6861 1.99 -63 -24
3 16 1.25 -55.519 -29.1388 1.99 -63 -24 1.2917 -61 -29.5
3 16 1.2917 -61 -29.5 1.99 -63 -24 1.95 -67.7632 -23.6861
3 16 1.2917 -61 -29.5 1.95 -67.7632 -23.6861 1.3333 -66.481 -29.1388
3 16 1.3333 -66.481 -29.1388 1.95 -67.7632 -23.6861 1.91 -72.4462 -22.7554
3 16 1.3333 -66.481 -29.1388 1.91 -72.4462 -22.7554 1.375 -71.8696 -28.0678
3 16 1.375 -71.8696 -28.0678 1.91 -72.4462 -22.7554 1.87 -76.9686 -21.2224
3 16 1.375 -71.8696 -28.0678 1.87 -76.9686 -21.2224 1.4167 -77.0734 -26.3038
3 16 1.4167 -77.0734 -26.3038 1.87 -76.9686 -21.2224 1.8345 -80.7657 -19.3429
4 16 1.4167 -77.0734 -26.3038 1.8345 -80.7657 -19.3429 1.7521 -81.4072 -20.1075 1.4583 -82 -23.872
3 16 1.7521 -81.4072 -20.1075 1.4733 -83.645 -22.7743 1.4583 -82 -23.872
4 16 1.5 -37.1908 -13.3092 2.23 -37.1908 -13.3092 2.243 -36.183 -12.1274 1.5 -36.183 -12.1274
4 16 1.5 -37.1908 -13.3092 1.5 -40.7788 -16.4591 2.19 -40.7788 -16.4591 2.23 -37.1908 -13.3092
4 16 1.5 -43.718 -18.4107 2.1604 -43.718 -18.4107 2.19 -40.7788 -16.4591 1.5 -40.7788 -16.4591
4 16 1.5 -53.5538 -22.7554 2.07 -53.5538 -22.7554 2.0796 -52.4747 -22.3806 1.5 -52.4747 -22.3806
4 16 1.5 -53.5538 -22.7554 1.5 -58.2368 -23.6861 2.03 -58.2368 -23.6861 2.07 -53.5538 -22.7554
4 16 1.5 -63 -24 1.99 -63 -24 2.03 -58.2368 -23.6861 1.5 -58.2368 -23.6861
4 16 1.5 -63 -24 1.5 -67.7632 -23.6861 1.95 -67.7632 -23.6861 1.99 -63 -24
4 16 1.5 -72.4462 -22.7554 1.91 -72.4462 -22.7554 1.95 -67.7632 -23.6861 1.5 -67.7632 -23.6861
4 16 1.5 -72.4462 -22.7554 1.5 -76.9686 -21.2224 1.87 -76.9686 -21.2224 1.91 -72.4462 -22.7554
3 16 1.5 -78.0066 -20.7003 1.87 -76.9686 -21.2224 1.5 -76.9686 -21.2224
3 16 1.5 -78.0066 -20.7003 1.8345 -80.7657 -19.3429 1.87 -76.9686 -21.2224
3 16 0 -77.4851 -20.247 1.8345 -80.7657 -19.3429 1.5 -78.0066 -20.7003
3 16 0 -77.4851 -20.247 0 -80.344 -18.8403 1.8345 -80.7657 -19.3429
3 16 1.7521 -81.4072 -20.1075 1.8345 -80.7657 -19.3429 0 -80.344 -18.8403
4 16 1.5 -39.7766 -10.8234 1.5 -37.1908 -13.3092 1.5 -36.183 -12.1274 1.5 -39.4949 -10.5039
4 16 1.5 -39.7766 -10.8234 1.5 -43.5612 -14.1459 1.5 -40.7788 -16.4591 1.5 -37.1908 -13.3092
4 16 1.5 -43.718 -18.4107 1.5 -40.7788 -16.4591 1.5 -43.5612 -14.1459 1.5 -45.3253 -15.3296
4 16 1.5 -57.0362 -20.7872 1.5 -53.5538 -22.7554 1.5 -52.4747 -22.3806 1.5 -53.8641 -19.7172
3 16 1.5 -57.0362 -20.7872 1.5 -58.2368 -23.6861 1.5 -53.5538 -22.7554
4 16 1.5 -57.0362 -20.7872 1.5 -61.9758 -21.7689 1.5 -63 -24 1.5 -58.2368 -23.6861
4 16 1.5 -61.9758 -21.7689 1.5 -67 -22.1 1.5 -67.7632 -23.6861 1.5 -63 -24
4 16 1.5 -67.7632 -23.6861 1.5 -67 -22.1 1.5 -72.0242 -21.7689 1.5 -72.4462 -22.7554
4 16 1.5 -76.9638 -20.7872 1.5 -76.9686 -21.2224 1.5 -72.4462 -22.7554 1.5 -72.0242 -21.7689
4 16 1.5 -76.9638 -20.7872 1.5 -77.786 -20.5085 1.5 -78.0066 -20.7003 1.5 -76.9686 -21.2224
3 16 1.1913 -40.3994 -9.8994 1.5 -39.7766 -10.8234 1.5 -39.4949 -10.5039
3 16 1.1913 -40.3994 -9.8994 .5 -41.7884 -7.821 .5 -42.2515 -8.3485
3 16 1.1913 -40.3994 -9.8994 .5 -42.2515 -8.3485 1.5 -39.7766 -10.8234
4 16 1.5 -43.5612 -14.1459 1.5 -39.7766 -10.8234 .5 -42.2515 -8.3485 .5 -45.692 -11.369
4 16 1.5 -43.5612 -14.1459 .5 -45.692 -11.369 .5 -46.9526 -12.2102 1.5 -45.3253 -15.3296
4 16 1.5 -57.0362 -20.7872 1.5 -53.8641 -19.7172 .5 -55.5011 -16.5794 .5 -57.942 -17.4065
4 16 1.5 -57.0362 -20.7872 .5 -57.942 -17.4065 .5 -62.4325 -18.299 1.5 -61.9758 -21.7689
4 16 1.5 -67 -22.1 1.5 -61.9758 -21.7689 .5 -62.4325 -18.299 .5 -67 -18.6
4 16 1.5 -67 -22.1 .5 -67 -18.6 .5 -71.5675 -18.299 1.5 -72.0242 -21.7689
3 16 1.5 -76.9638 -20.7872 1.5 -72.0242 -21.7689 1.1169 -76.6168 -19.4922
3 16 1.5 -76.9638 -20.7872 1.1169 -76.6168 -19.4922 1.5 -77.786 -20.5085
4 16 1.5 -72.0242 -21.7689 .5 -71.5675 -18.299 .5 -74.56 -17.7042 1.1169 -76.6168 -19.4922
3 16 0 -77.4851 -20.247 1.1169 -76.6168 -19.4922 .5 -74.56 -17.7042
4 16 0 -77.4851 -20.247 1.5 -78.0066 -20.7003 1.5 -77.786 -20.5085 1.1169 -76.6168 -19.4922
0 // Edges
2 24 1.1995 -49.0239 -27.6927 1.2083 -50.1304 -28.0678
2 24 1.2083 -50.1304 -28.0678 1.25 -55.519 -29.1388
2 24 1.25 -55.519 -29.1388 1.2917 -61 -29.5
2 24 1.2917 -61 -29.5 1.3333 -66.481 -29.1388
2 24 1.3333 -66.481 -29.1388 1.375 -71.8696 -28.0678
2 24 1.375 -71.8696 -28.0678 1.4167 -77.0734 -26.3038
2 24 1.4167 -77.0734 -26.3038 1.4583 -82 -23.872
2 24 1.4583 -82 -23.872 1.4733 -83.645 -22.7743
2 24 1.1984 -29.3582 -13.2729 1.3311 -30.5 -13.5
2 24 1.3311 -30.5 -13.5 2.1357 -35.6664 -12.4726
2 24 2.1357 -35.6664 -12.4726 2.243 -36.183 -12.1274
2 24 1.4733 -83.645 -22.7743 1.7521 -81.4072 -20.1075
2 24 1.7521 -81.4072 -20.1075 1.8345 -80.7657 -19.3429
2 24 2.243 -36.183 -12.1274 2.23 -37.1908 -13.3092
2 24 2.23 -37.1908 -13.3092 2.19 -40.7788 -16.4591
2 24 2.19 -40.7788 -16.4591 2.1604 -43.718 -18.4107
2 24 2.0796 -52.4747 -22.3806 2.07 -53.5538 -22.7554
2 24 2.07 -53.5538 -22.7554 2.03 -58.2368 -23.6861
2 24 2.03 -58.2368 -23.6861 1.99 -63 -24
2 24 1.99 -63 -24 1.95 -67.7632 -23.6861
2 24 1.95 -67.7632 -23.6861 1.91 -72.4462 -22.7554
2 24 1.91 -72.4462 -22.7554 1.87 -76.9686 -21.2224
2 24 1.87 -76.9686 -21.2224 1.8345 -80.7657 -19.3429
2 24 2.243 -36.183 -12.1274 1.5 -36.183 -12.1274
2 24 1.8345 -80.7657 -19.3429 0 -80.344 -18.8403
2 24 1.5 -36.183 -12.1274 1.5 -37.1908 -13.3092
2 24 1.5 -37.1908 -13.3092 1.5 -40.7788 -16.4591
2 24 1.5 -40.7788 -16.4591 1.5 -43.718 -18.4107
2 24 1.5 -52.4747 -22.3806 1.5 -53.5538 -22.7554
2 24 1.5 -53.5538 -22.7554 1.5 -58.2368 -23.6861
2 24 1.5 -58.2368 -23.6861 1.5 -63 -24
2 24 1.5 -63 -24 1.5 -67.7632 -23.6861
2 24 1.5 -67.7632 -23.6861 1.5 -72.4462 -22.7554
2 24 1.5 -72.4462 -22.7554 1.5 -76.9686 -21.2224
2 24 1.5 -76.9686 -21.2224 1.5 -78.0066 -20.7003
2 24 1.5 -78.0066 -20.7003 1.5 -77.786 -20.5085
2 24 1.5 -77.786 -20.5085 1.1169 -76.6168 -19.4922
2 24 1.1169 -76.6168 -19.4922 .5 -74.56 -17.7042
2 24 1.5 -78.0066 -20.7003 0 -77.4851 -20.247
2 24 1.5 -39.4949 -10.5039 1.5 -39.7766 -10.8234
2 24 1.5 -39.7766 -10.8234 1.5 -43.5612 -14.1459
2 24 1.5 -43.5612 -14.1459 1.5 -45.3253 -15.3296
2 24 1.5 -53.8641 -19.7172 1.5 -57.0362 -20.7872
2 24 1.5 -57.0362 -20.7872 1.5 -61.9758 -21.7689
2 24 1.5 -61.9758 -21.7689 1.5 -67 -22.1
2 24 1.5 -67 -22.1 1.5 -72.0242 -21.7689
2 24 1.5 -72.0242 -21.7689 1.5 -76.9638 -20.7872
2 24 1.5 -76.9638 -20.7872 1.5 -77.786 -20.5085
2 24 1.5 -39.4949 -10.5039 1.1913 -40.3994 -9.8994
2 24 1.1913 -40.3994 -9.8994 .5 -41.7884 -7.821
2 24 .5 -41.7884 -7.821 .5 -42.2515 -8.3485
2 24 .5 -42.2515 -8.3485 .5 -45.692 -11.369
2 24 .5 -45.692 -11.369 .5 -46.9526 -12.2102
2 24 .5 -55.5011 -16.5794 .5 -57.942 -17.4065
2 24 .5 -57.942 -17.4065 .5 -62.4325 -18.299
2 24 .5 -62.4325 -18.299 .5 -67 -18.6
2 24 .5 -67 -18.6 .5 -71.5675 -18.299
2 24 .5 -71.5675 -18.299 .5 -74.56 -17.7042
0 // Conditional lines
5 24 1.3311 -30.5 -13.5 1.2438 -31.4207 -15.4303 2.1357 -35.6664 -12.4726 1.1442 -30.0198 -14.5922
5 24 2.1357 -35.6664 -12.4726 1.3293 -32.7273 -16.2568 2.23 -37.1908 -13.3092 1.2438 -31.4207 -15.4303
5 24 2.23 -37.1908 -13.3092 1.3293 -32.7273 -16.2568 2.19 -40.7788 -16.4591 2.243 -36.183 -12.1274
5 24 2.19 -40.7788 -16.4591 1.4469 -35.842 -18.1602 1.2569 -36.2691 -20.1385 2.23 -37.1908 -13.3092
5 24 2.1604 -43.718 -18.4107 1.2569 -36.2691 -20.1385 1.3258 -40.6719 -22.7539 2.19 -40.7788 -16.4591
5 24 1.2083 -50.1304 -28.0678 1.2888 -49.8823 -27.35 2.0796 -52.4747 -22.3806 1.1995 -49.0239 -27.6927
5 24 2.03 -58.2368 -23.6861 1.2083 -50.1304 -28.0678 1.25 -55.519 -29.1388 2.07 -53.5538 -22.7554
5 24 1.99 -63 -24 1.25 -55.519 -29.1388 1.2917 -61 -29.5 2.03 -58.2368 -23.6861
5 24 1.95 -67.7632 -23.6861 1.2917 -61 -29.5 1.3333 -66.481 -29.1388 1.99 -63 -24
5 24 1.91 -72.4462 -22.7554 1.3333 -66.481 -29.1388 1.375 -71.8696 -28.0678 1.95 -67.7632 -23.6861
5 24 1.87 -76.9686 -21.2224 1.375 -71.8696 -28.0678 1.4167 -77.0734 -26.3038 1.91 -72.4462 -22.7554
5 24 1.8345 -80.7657 -19.3429 1.4167 -77.0734 -26.3038 1.4583 -82 -23.872 1.87 -76.9686 -21.2224
5 24 1.7521 -81.4072 -20.1075 1.4583 -82 -23.872 1.4733 -83.645 -22.7743 1.4167 -77.0734 -26.3038
5 24 2.19 -40.7788 -16.4591 1.2569 -36.2691 -20.1385 2.1604 -43.718 -18.4107 2.23 -37.1908 -13.3092
5 24 2.1604 -43.718 -18.4107 1.3258 -40.6719 -22.7539 1.5182 -41.822 -22.045 2.19 -40.7788 -16.4591
5 24 1.5182 -41.822 -22.045 1.3296 -40.9481 -22.9213 1.3626 -41.3709 -22.9098 1.3258 -40.6719 -22.7539
5 24 2.07 -53.5538 -22.7554 1.2083 -50.1304 -28.0678 2.03 -58.2368 -23.6861 2.0796 -52.4747 -22.3806
5 24 2.03 -58.2368 -23.6861 1.25 -55.519 -29.1388 1.99 -63 -24 2.07 -53.5538 -22.7554
5 24 1.99 -63 -24 1.2917 -61 -29.5 1.95 -67.7632 -23.6861 2.03 -58.2368 -23.6861
5 24 1.95 -67.7632 -23.6861 1.3333 -66.481 -29.1388 1.91 -72.4462 -22.7554 1.99 -63 -24
5 24 1.91 -72.4462 -22.7554 1.375 -71.8696 -28.0678 1.87 -76.9686 -21.2224 1.95 -67.7632 -23.6861
5 24 1.87 -76.9686 -21.2224 1.4167 -77.0734 -26.3038 1.8345 -80.7657 -19.3429 1.91 -72.4462 -22.7554
5 24 1.5 -37.1908 -13.3092 2.23 -37.1908 -13.3092 1.5 -40.7788 -16.4591 1.5 -36.183 -12.1274
5 24 1.5 -40.7788 -16.4591 2.19 -40.7788 -16.4591 1.5 -43.718 -18.4107 1.5 -37.1908 -13.3092
5 24 1.5 -53.5538 -22.7554 2.07 -53.5538 -22.7554 1.5 -58.2368 -23.6861 1.5 -52.4747 -22.3806
5 24 1.5 -58.2368 -23.6861 2.03 -58.2368 -23.6861 1.5 -63 -24 1.5 -53.5538 -22.7554
5 24 1.5 -63 -24 1.99 -63 -24 1.5 -67.7632 -23.6861 1.5 -58.2368 -23.6861
5 24 1.5 -67.7632 -23.6861 1.95 -67.7632 -23.6861 1.5 -72.4462 -22.7554 1.5 -63 -24
5 24 1.5 -72.4462 -22.7554 1.91 -72.4462 -22.7554 1.5 -76.9686 -21.2224 1.5 -67.7632 -23.6861
5 24 1.5 -76.9686 -21.2224 1.87 -76.9686 -21.2224 1.5 -78.0066 -20.7003 1.5 -72.4462 -22.7554
5 24 1.5 -78.0066 -20.7003 1.87 -76.9686 -21.2224 1.8345 -80.7657 -19.3429 1.5 -76.9686 -21.2224
5 24 1.5 -78.0066 -20.7003 1.8345 -80.7657 -19.3429 0 -80.344 -18.8403 1.87 -76.9686 -21.2224
5 24 1.8345 -80.7657 -19.3429 0 -77.4851 -20.247 0 -80.344 -18.8403 1.5 -78.0066 -20.7003
5 24 1.5 -39.7766 -10.8234 .5 -42.2515 -8.3485 1.5 -43.5612 -14.1459 1.5 -39.4949 -10.5039
5 24 1.5 -43.5612 -14.1459 .5 -45.692 -11.369 1.5 -45.3253 -15.3296 1.5 -39.7766 -10.8234
5 24 1.5 -57.0362 -20.7872 .5 -57.942 -17.4065 1.5 -61.9758 -21.7689 1.5 -53.8641 -19.7172
5 24 1.5 -61.9758 -21.7689 .5 -62.4325 -18.299 1.5 -67 -22.1 1.5 -57.0362 -20.7872
5 24 1.5 -67 -22.1 .5 -67 -18.6 1.5 -72.0242 -21.7689 1.5 -61.9758 -21.7689
5 24 1.5 -72.0242 -21.7689 .5 -71.5675 -18.299 1.5 -76.9638 -20.7872 1.5 -67 -22.1
5 24 1.5 -76.9638 -20.7872 1.1169 -76.6168 -19.4922 1.5 -77.786 -20.5085 1.5 -72.0242 -21.7689
