0 ~Panel  1 x  6 x  5 with Light Bluish Grey Ironwork Pattern - 1/6
0 Name: s\59349p01s01.dat
0 Author: Evert-Jan Boer [ejboer]
0 !LDRAW_ORG Subpart UPDATE 2020-03
0 !LICENSE Redistributable under CCAL version 2.0 : see CAreadme.txt

0 BFC CERTIFY CCW

0 !HISTORY 2020-12-29 [PTadmin] Official Update 2020-03

4 272 -46.7 70 0 -47.4 70 0 -47.4 120 0 -46.7 120 0
4 71 -47.4 70 0 -50 70 0 -50 120 0 -47.4 120 0
4 272 -47.4 68.7 0 -47.4 70 0 -46.7 70 0 -46.7 68.75 0
4 272 -47.25 68.1 0 -47.4 68.7 0 -46.7 68.75 0 -47 67.6 0
4 272 -47 67.6 0 -46.7 68.75 0 -46.6 68.3 0 -46.4 66.95 0
4 272 -46.4 66.95 0 -46.6 68.3 0 -46 67.6 0 -45.85 66.4 0
4 272 -45.85 66.4 0 -46 67.6 0 -45.3 66.8 0 -45.05 66.35 0
4 272 -45.55 66.05 0 -45.85 66.4 0 -45.05 66.35 0 -44.9 66 0
4 272 -45.55 66.05 0 -44.9 66 0 -44.85 65.6 0 -45.45 65.7 0
4 272 -45.45 65.7 0 -44.85 65.6 0 -44.95 65.15 0 -45.5 65.4 0
4 272 -45.5 65.4 0 -44.95 65.15 0 -45.35 64.8 0 -45.95 65.05 0
4 272 -45.95 65.05 0 -45.35 64.8 0 -46.05 64.4 0 -46.55 64.7 0
4 71 -49.75 58.05 0 -47.4 60 0 -47.15 58.7 0 -49 56.25 0
4 71 -49 56.25 0 -47.15 58.7 0 -46.7 57.6 0 -48 54.6 0
4 71 -48 54.6 0 -46.7 57.6 0 -45.85 56.3 0 -46.6 53 0
4 71 -46.6 53 0 -45.85 56.3 0 -44.6 54.8 0 -44.65 51.35 0
4 71 -44.65 51.35 0 -44.6 54.8 0 -42.7 53.2 0 -42.7 50.05 0
4 71 -42.7 50.05 0 -42.7 53.2 0 -41.65 52.45 0 -41.4 49.4 0
3 71 -40.75 51.9 0 -41.4 49.4 0 -41.65 52.45 0
4 272 -40.5 53.4 0 -40.75 51.9 0 -41.65 52.45 0 -41.1 53.75 0
4 272 -41.1 53.75 0 -41.65 52.45 0 -42.7 53.2 0 -41.9 54.4 0
4 272 -41.9 54.4 0 -42.7 53.2 0 -44.6 54.8 0 -42.8 55.5 0
4 272 -42.8 55.5 0 -44.6 54.8 0 -45.85 56.3 0 -43.325 56.5 0
4 272 -43.325 56.5 0 -45.85 56.3 0 -46.7 57.6 0 -43.65 57.65 0
4 272 -43.65 57.65 0 -46.7 57.6 0 -47.15 58.7 0 -43.8 58.85 0
4 272 -43.825 59.9 0 -43.8 58.85 0 -47.15 58.7 0 -44.8 60.25 0
4 272 -47.4 60 0 -45.55 60.75 0 -44.8 60.25 0 -47.15 58.7 0
4 272 -46.1 61.4 0 -45.55 60.75 0 -47.4 60 0 -47.4 62.55 0
4 272 -46.6 62.55 0 -46.1 61.4 0 -47.4 62.55 0 -47.3 63.6 0
4 272 -46.7 63.55 0 -46.6 62.55 0 -47.3 63.6 0 -47.1 64.05 0
4 272 -46.6 63.9 0 -46.7 63.55 0 -47.1 64.05 0 -46.55 64.7 0
4 71 -47.4 62.55 0 -47.4 60 0 -50 60 0 -50 70 0
3 71 -47.4 68.7 0 -50 70 0 -47.4 70 0
4 71 -47.1 64.05 0 -47.3 63.6 0 -47.25 68.1 0 -47 67.6 0
4 71 -46.55 64.7 0 -47.1 64.05 0 -47 67.6 0 -46.4 66.95 0
4 71 -45.95 65.05 0 -46.55 64.7 0 -46.4 66.95 0 -45.85 66.4 0
4 71 -45.95 65.05 0 -45.85 66.4 0 -45.55 66.05 0 -45.5 65.4 0
3 71 -45.55 66.05 0 -45.45 65.7 0 -45.5 65.4 0
4 71 -47.25 68.1 0 -47.3 63.6 0 -50 70 0 -47.4 68.7 0
3 71 -47.3 63.6 0 -47.4 62.55 0 -50 70 0
3 272 -46.6 63.9 0 -46.55 64.7 0 -46.05 64.4 0
4 272 -49.5 52.7 0 -50 53.35 0 -50 54.25 0 -49.1 53.2 0
4 272 -48.15 51.25 0 -49.5 52.7 0 -49.1 53.2 0 -47.55 51.45 0
4 272 -46.5 49.7 0 -48.15 51.25 0 -47.55 51.45 0 -45.7 49.75 0
4 272 -44.7 48.25 0 -46.5 49.7 0 -45.7 49.75 0 -44.05 48.55 0
4 272 -43.3 47.45 0 -44.7 48.25 0 -44.05 48.55 0 -42.6 47.65 0
4 272 -48.65 34.6 0 -50 33.85 0 -50 35.55 0 -48.75 36.5 0
4 272 -46.95 35.9 0 -48.65 34.6 0 -48.75 36.5 0 -47.7 37.7 0
4 272 -45.35 37.4 0 -46.95 35.9 0 -47.7 37.7 0 -47.05 38.65 0
4 272 -44.15 38.8 0 -45.35 37.4 0 -47.05 38.65 0 -46.65 39.65 0
4 272 -43.2 40.4 0 -44.15 38.8 0 -46.65 39.65 0 -46.4 40.9 0
4 272 -42.85 41.45 0 -43.2 40.4 0 -46.4 40.9 0 -46.45 42.3 0
4 272 -42.85 41.45 0 -46.45 42.3 0 -45.6 42.65 0 -42.65 42.55 0
3 272 -42.65 42.55 0 -45.6 42.65 0 -44.85 43.1 0
3 272 -42.65 42.55 0 -44.85 43.1 0 -44.3 43.75 0
4 272 -42.65 42.55 0 -44.3 43.75 0 -43.85 44.65 0 -42.6 43.2 0
4 272 -42.6 43.2 0 -43.85 44.65 0 -43.55 45.7 0 -42.6 47.65 0
3 272 -42.6 47.65 0 -43.55 45.7 0 -43.3 47.45 0
4 71 -48.75 36.5 0 -50 35.55 0 -50 36.75 0 -48.95 37.5 0
4 71 -47.7 37.7 0 -48.75 36.5 0 -48.95 37.5 0 -48.05 38.6 0
4 71 -47.05 38.65 0 -47.7 37.7 0 -48.05 38.6 0 -47.45 39.6 0
4 71 -46.65 39.65 0 -47.05 38.65 0 -47.45 39.6 0 -47.15 40.75 0
4 71 -46.4 40.9 0 -46.65 39.65 0 -47.15 40.75 0 -47.05 42.1 0
4 71 -46.45 42.3 0 -46.4 40.9 0 -47.05 42.1 0 -47 43.25 0
4 71 -45.6 42.65 0 -46.45 42.3 0 -47 43.25 0 -46.05 43.5 0
4 71 -44.85 43.1 0 -45.6 42.65 0 -46.05 43.5 0 -45.3 43.95 0
4 71 -44.3 43.75 0 -44.85 43.1 0 -45.3 43.95 0 -44.7 44.65 0
4 71 -43.85 44.65 0 -44.3 43.75 0 -44.7 44.65 0 -44.2 45.4 0
4 71 -43.55 45.7 0 -43.85 44.65 0 -44.2 45.4 0 -43.8 46.3 0
3 71 -43.8 46.3 0 -43.3 47.45 0 -43.55 45.7 0
3 16 -50 54.25 0 -50 60 0 -49.75 58.05 0
3 16 -50 54.25 0 -49.75 58.05 0 -49 56.25 0
4 16 -50 54.25 0 -49 56.25 0 -48 54.6 0 -49.1 53.2 0
4 16 -49.1 53.2 0 -48 54.6 0 -46.6 53 0 -47.55 51.45 0
4 16 -47.55 51.45 0 -46.6 53 0 -44.65 51.35 0 -45.7 49.75 0
4 16 -45.7 49.75 0 -44.65 51.35 0 -42.7 50.05 0 -44.05 48.55 0
4 16 -44.05 48.55 0 -42.7 50.05 0 -41.4 49.4 0 -42.6 47.65 0
4 16 -42.6 43.2 0 -42.6 47.65 0 -41.4 49.4 0 -40 40 0
3 16 -40 40 0 -42.65 42.55 0 -42.6 43.2 0
3 16 -40 40 0 -42.85 41.45 0 -42.65 42.55 0
3 16 -40 40 0 -43.2 40.4 0 -42.85 41.45 0
4 16 -44.15 38.8 0 -43.2 40.4 0 -40 40 0 -41.25 38.05 0
4 16 -44.15 38.8 0 -41.25 38.05 0 -42.6 36.25 0 -45.35 37.4 0
4 16 -45.35 37.4 0 -42.6 36.25 0 -44.15 34.6 0 -46.95 35.9 0
4 16 -46.95 35.9 0 -44.15 34.6 0 -45.7 33.25 0 -48.65 34.6 0
4 16 -48.65 34.6 0 -45.7 33.25 0 -47.55 32.1 0 -48.7 31.55 0
4 16 -48.65 34.6 0 -48.7 31.55 0 -50 31.15 0 -50 33.85 0
4 71 -40.5 54.1 0 -40.5 53.4 0 -41.1 53.75 0 -41.2 54.55 0
4 71 -41.2 54.55 0 -41.1 53.75 0 -41.9 54.4 0 -41.95 55.25 0
4 71 -41.95 55.25 0 -41.9 54.4 0 -42.8 55.5 0 -42.45 55.95 0
4 71 -42.45 55.95 0 -42.8 55.5 0 -43.325 56.5 0 -42.9 56.9 0
4 71 -42.9 56.9 0 -43.325 56.5 0 -43.65 57.65 0 -43.25 58.1 0
4 71 -43.25 58.1 0 -43.65 57.65 0 -43.8 58.85 0 -43.4 59.05 0
4 71 -43.4 59.05 0 -43.8 58.85 0 -43.825 59.9 0 -43.45 60.7 0
4 71 -44.15 60.75 0 -43.45 60.7 0 -43.825 59.9 0 -44.8 60.25 0
4 71 -44.8 60.95 0 -44.15 60.75 0 -44.8 60.25 0 -45.55 60.75 0
4 71 -45.45 61.4 0 -44.8 60.95 0 -45.55 60.75 0 -46.1 61.4 0
4 71 -46 62.05 0 -45.45 61.4 0 -46.1 61.4 0 -46.6 62.55 0
3 71 -46 62.05 0 -46.6 62.55 0 -46.45 62.8 0
3 71 -46.6 62.55 0 -46.7 63.55 0 -46.45 62.8 0
3 71 -49.75 58.05 0 -50 60 0 -47.4 60 0
4 16 -50 36.75 0 -50 53.35 0 -49.5 52.7 0 -48.95 37.5 0
4 16 -47 43.25 0 -48.95 37.5 0 -49.5 52.7 0 -48.15 51.25 0
4 16 -48.05 38.6 0 -48.95 37.5 0 -47.15 40.75 0 -47.45 39.6 0
4 16 -47 43.25 0 -48.15 51.25 0 -46.5 49.7 0 -46.05 43.5 0
4 16 -46.05 43.5 0 -46.5 49.7 0 -44.7 48.25 0 -45.3 43.95 0
4 16 -44.7 44.65 0 -45.3 43.95 0 -44.7 48.25 0 -44.2 45.4 0
4 16 -43.8 46.3 0 -44.2 45.4 0 -44.7 48.25 0 -43.3 47.45 0
4 16 -47.05 42.1 0 -47.15 40.75 0 -48.95 37.5 0 -47 43.25 0
4 272 -41.75 7.45 0 -41.65 5.45 0 -43.55 6.85 0 -42.8 8.65 0
4 272 -42.8 8.65 0 -43.55 6.85 0 -45.15 8.35 0 -43.45 9.6 0
4 272 -43.45 9.6 0 -45.15 8.35 0 -46.35 9.75 0 -43.85 10.6 0
4 272 -43.85 10.6 0 -46.35 9.75 0 -47.3 11.35 0 -44.1 11.85 0
4 272 -44.1 11.85 0 -47.3 11.35 0 -47.65 12.4 0 -44.05 13.25 0
3 272 -46.2 14.7 0 -45.65 14 0 -47.85 13.5 0
4 272 -46.6 15.6 0 -46.2 14.7 0 -47.85 13.5 0 -47.9 14.15 0
4 272 -46.95 16.65 0 -46.6 15.6 0 -47.9 14.15 0 -47.9 18.6 0
3 272 -46.95 16.65 0 -47.9 18.6 0 -47.2 18.4 0
4 71 -41.7 8.3 0 -41.75 7.45 0 -42.8 8.65 0 -42.55 9.4 0
4 71 -42.55 9.4 0 -42.8 8.65 0 -43.45 9.6 0 -43.05 10.55 0
4 71 -43.05 10.55 0 -43.45 9.6 0 -43.85 10.6 0 -43.35 11.7 0
4 71 -43.35 11.7 0 -43.85 10.6 0 -44.1 11.85 0 -43.45 13.05 0
4 71 -43.45 13.05 0 -44.1 11.85 0 -44.05 13.25 0 -43.5 13.95 0
4 71 -43.5 13.95 0 -44.05 13.25 0 -44.9 13.55 0 -44.45 14.3 0
4 71 -44.45 14.3 0 -44.9 13.55 0 -45.65 14 0 -45.2 14.75 0
4 71 -45.2 14.75 0 -45.65 14 0 -46.2 14.7 0 -45.9 15.55 0
4 71 -45.9 15.55 0 -46.2 14.7 0 -46.6 15.6 0 -46.45 16.45 0
4 71 -46.45 16.45 0 -46.6 15.6 0 -46.95 16.65 0 -46.8 17.15 0
3 71 -47.2 18.4 0 -46.8 17.15 0 -46.95 16.65 0
4 272 -47.85 13.5 0 -45.65 14 0 -44.9 13.55 0 -47.65 12.4 0
3 272 -44.9 13.55 0 -44.05 13.25 0 -47.65 12.4 0
3 71 -47.9 14.15 0 -47.85 13.5 0 -50 10.45 0
3 71 -47.85 13.5 0 -47.65 12.4 0 -50 10.45 0
3 71 -47.65 12.4 0 -47.3 11.35 0 -50 10.45 0
4 71 -50 10.45 0 -47.3 11.35 0 -46.35 9.75 0 -49.15 9 0
4 71 -47.9 7.2 0 -49.15 9 0 -46.35 9.75 0 -45.15 8.35 0
4 71 -46.35 5.55 0 -47.9 7.2 0 -45.15 8.35 0 -43.55 6.85 0
4 71 -44.8 4.15 0 -46.35 5.55 0 -43.55 6.85 0 -41.65 5.45 0
4 71 -42.95 3 0 -44.8 4.15 0 -41.65 5.45 0 -41.5 2.35 0
4 71 -40 1.9 0 -41.5 2.35 0 -41.65 5.45 0 -40 4.5 0
4 16 -43.35 11.7 0 -41.7 8.3 0 -42.55 9.4 0 -43.05 10.55 0
4 16 -41.7 8.3 0 -43.35 11.7 0 -43.45 13.05 0 -43.5 13.95 0
4 272 -40 36.65 0 -40 35.75 0 -41 34.6 0 -41.4 35.1 0
4 272 -41.4 35.1 0 -41 34.6 0 -42.35 33.15 0 -42.95 33.35 0
4 272 -42.95 33.35 0 -42.35 33.15 0 -44 31.6 0 -44.8 31.65 0
4 272 -44.8 31.65 0 -44 31.6 0 -45.8 30.15 0 -46.45 30.45 0
4 272 -46.45 30.45 0 -45.8 30.15 0 -47.2 29.35 0 -47.9 29.55 0
4 272 -47.9 18.6 0 -47.9 29.55 0 -47.2 29.35 0 -47.2 18.4 0
4 16 -40 35.75 0 -41.7 8.3 0 -43.5 13.95 0 -41 34.6 0
3 16 -41 34.6 0 -43.5 13.95 0 -42.35 33.15 0
4 16 -44 31.6 0 -42.35 33.15 0 -43.5 13.95 0 -44.45 14.3 0
4 16 -45.8 30.15 0 -44 31.6 0 -44.45 14.3 0 -45.2 14.75 0
4 16 -45.8 30.15 0 -45.2 14.75 0 -45.9 15.55 0 -46.45 16.45 0
4 16 -45.8 30.15 0 -46.45 16.45 0 -46.8 17.15 0 -47.2 18.4 0
3 16 -47.2 18.4 0 -47.2 29.35 0 -45.8 30.15 0
4 71 -47.9 18.6 0 -47.9 14.15 0 -50 10.45 0 -50 31.15 0
4 71 -47.9 29.55 0 -47.9 18.6 0 -50 31.15 0 -48.7 31.55 0
4 71 -46.45 30.45 0 -47.9 29.55 0 -48.7 31.55 0 -47.55 32.1 0
4 71 -44.8 31.65 0 -46.45 30.45 0 -47.55 32.1 0 -45.7 33.25 0
4 71 -42.95 33.35 0 -44.8 31.65 0 -45.7 33.25 0 -44.15 34.6 0
4 71 -41.4 35.1 0 -42.95 33.35 0 -44.15 34.6 0 -42.6 36.25 0
4 71 -40 36.65 0 -41.4 35.1 0 -42.6 36.25 0 -41.25 38.05 0
3 71 -40 40 0 -40 36.65 0 -41.25 38.05 0
4 272 -44.55 0.65 0 -46.5 2.1 0 -45.7 2.15 0 -44.05 0.95 0
4 272 -43.35 0 0 -44.55 0.65 0 -44.05 0.95 0 -42.45 0 0
4 272 -49.5 5.1 0 -50 5.75 0 -50 6.65 0 -49.1 5.6 0
4 272 -48.15 3.65 0 -49.5 5.1 0 -49.1 5.6 0 -47.55 3.85 0
4 272 -46.5 2.1 0 -48.15 3.65 0 -47.55 3.85 0 -45.7 2.15 0
4 16 -50 6.65 0 -50 10.45 0 -49.15 9 0 -49.1 5.6 0
4 16 -49.1 5.6 0 -49.15 9 0 -47.9 7.2 0 -47.55 3.85 0
4 16 -47.55 3.85 0 -47.9 7.2 0 -46.35 5.55 0 -45.7 2.15 0
4 16 -45.7 2.15 0 -46.35 5.55 0 -44.8 4.15 0 -44.05 0.95 0
4 16 -44.05 0.95 0 -44.8 4.15 0 -42.95 3 0 -42.45 0 0
3 16 -41.5 2.35 0 -42.45 0 0 -42.95 3 0
4 16 -42.45 0 0 -41.5 2.35 0 -40 1.9 0 -40 0 0
4 71 -41.75 7.45 0 -41.7 8.3 0 -40.8 7.5 0 -40.95 6.8 0
4 272 -41.65 5.45 0 -41.75 7.45 0 -40.95 6.8 0 -40 4.5 0
3 272 -40.95 6.8 0 -40 6.3 0 -40 4.5 0
4 71 -40 6.3 0 -40.95 6.8 0 -40.8 7.5 0 -40 7.05 0
4 272 -40.75 51.9 0 -40.5 53.4 0 -40 53.2 0 -40 51.45 0
4 71 -40 53.2 0 -40.5 53.4 0 -40.5 54.1 0 -40 53.9 0
4 71 -41.4 49.4 0 -40.75 51.9 0 -40 51.45 0 -40 48.85 0
3 16 -40 40 0 -41.4 49.4 0 -40 48.85 0
4 16 -40.8 7.5 0 -41.7 8.3 0 -40 35.75 0 -40 7.05 0
4 16 -40 60 0 -40 53.9 0 -40.5 54.1 0 -41.2 54.55 0
4 16 -40 60 0 -41.2 54.55 0 -41.95 55.25 0 -42.45 55.95 0
4 16 -40 60 0 -42.45 55.95 0 -42.9 56.9 0 -43.25 58.1 0
4 16 -40 60 0 -43.25 58.1 0 -43.4 59.05 0 -43.45 60.7 0
4 16 -40 70 0 -40 60 0 -43.45 60.7 0 -44.85 65.6 0
4 16 -44.95 65.15 0 -44.85 65.6 0 -43.45 60.7 0 -44.15 60.75 0
4 16 -45.35 64.8 0 -44.95 65.15 0 -44.15 60.75 0 -44.8 60.95 0
4 16 -45.35 64.8 0 -44.8 60.95 0 -45.45 61.4 0 -46.05 64.4 0
4 16 -46.05 64.4 0 -45.45 61.4 0 -46 62.05 0 -46.45 62.8 0
4 16 -46.05 64.4 0 -46.45 62.8 0 -46.7 63.55 0 -46.6 63.9 0
4 16 -46.7 68.75 0 -46.7 70 0 -40 70 0 -46.6 68.3 0
4 16 -46 67.6 0 -46.6 68.3 0 -40 70 0 -45.3 66.8 0
3 16 -45.3 66.8 0 -40 70 0 -45.05 66.35 0
3 16 -45.05 66.35 0 -40 70 0 -44.9 66 0
3 16 -44.9 66 0 -40 70 0 -44.85 65.6 0
4 16 -40 70 0 -46.7 70 0 -46.7 120 0 -40 120 0
4 272 -52.6 120 0 -52.6 70 0 -53.3 70 0 -53.3 120 0
4 16 -50 120 0 -50 70 0 -52.6 70 0 -52.6 120 0
4 272 -53.3 70 0 -52.6 70 0 -52.6 68.7 0 -53.3 68.75 0
4 272 -53.3 68.75 0 -52.6 68.7 0 -52.75 68.1 0 -53 67.6 0
4 272 -53.4 68.3 0 -53.3 68.75 0 -53 67.6 0 -53.6 66.95 0
4 272 -54 67.6 0 -53.4 68.3 0 -53.6 66.95 0 -54.15 66.4 0
4 272 -54.7 66.8 0 -54 67.6 0 -54.15 66.4 0 -54.95 66.35 0
4 272 -54.95 66.35 0 -54.15 66.4 0 -54.45 66.05 0 -55.1 66 0
4 272 -55.15 65.6 0 -55.1 66 0 -54.45 66.05 0 -54.55 65.7 0
4 272 -55.05 65.15 0 -55.15 65.6 0 -54.55 65.7 0 -54.5 65.4 0
4 272 -54.65 64.8 0 -55.05 65.15 0 -54.5 65.4 0 -54.05 65.05 0
4 272 -53.95 64.4 0 -54.65 64.8 0 -54.05 65.05 0 -53.45 64.7 0
4 16 -52.85 58.7 0 -52.6 60 0 -50.25 58.05 0 -51 56.25 0
4 16 -53.3 57.6 0 -52.85 58.7 0 -51 56.25 0 -52 54.6 0
4 16 -54.15 56.3 0 -53.3 57.6 0 -52 54.6 0 -53.4 53 0
4 16 -55.4 54.8 0 -54.15 56.3 0 -53.4 53 0 -55.35 51.35 0
4 16 -57.3 53.2 0 -55.4 54.8 0 -55.35 51.35 0 -57.3 50.05 0
4 16 -58.35 52.45 0 -57.3 53.2 0 -57.3 50.05 0 -58.6 49.4 0
3 16 -58.6 49.4 0 -59.25 51.9 0 -58.35 52.45 0
4 272 -58.35 52.45 0 -59.25 51.9 0 -59.5 53.4 0 -58.9 53.75 0
4 272 -57.3 53.2 0 -58.35 52.45 0 -58.9 53.75 0 -58.1 54.4 0
4 272 -55.4 54.8 0 -57.3 53.2 0 -58.1 54.4 0 -57.2 55.5 0
4 272 -54.15 56.3 0 -55.4 54.8 0 -57.2 55.5 0 -56.675 56.5 0
4 272 -53.3 57.6 0 -54.15 56.3 0 -56.675 56.5 0 -56.35 57.65 0
4 272 -52.85 58.7 0 -53.3 57.6 0 -56.35 57.65 0 -56.2 58.85 0
4 272 -52.85 58.7 0 -56.2 58.85 0 -56.175 59.9 0 -55.2 60.25 0
4 272 -55.2 60.25 0 -54.45 60.75 0 -52.6 60 0 -52.85 58.7 0
4 272 -52.6 60 0 -54.45 60.75 0 -53.9 61.4 0 -52.6 62.55 0
4 272 -52.6 62.55 0 -53.9 61.4 0 -53.4 62.55 0 -52.7 63.6 0
4 272 -52.7 63.6 0 -53.4 62.55 0 -53.3 63.55 0 -52.9 64.05 0
4 272 -52.9 64.05 0 -53.3 63.55 0 -53.4 63.9 0 -53.45 64.7 0
4 16 -50 60 0 -52.6 60 0 -52.6 62.55 0 -50 70 0
3 16 -52.6 70 0 -50 70 0 -52.6 68.7 0
4 16 -52.75 68.1 0 -52.7 63.6 0 -52.9 64.05 0 -53 67.6 0
4 16 -53 67.6 0 -52.9 64.05 0 -53.45 64.7 0 -53.6 66.95 0
4 16 -53.6 66.95 0 -53.45 64.7 0 -54.05 65.05 0 -54.15 66.4 0
4 16 -54.45 66.05 0 -54.15 66.4 0 -54.05 65.05 0 -54.5 65.4 0
3 16 -54.45 66.05 0 -54.5 65.4 0 -54.55 65.7 0
4 16 -50 70 0 -52.7 63.6 0 -52.75 68.1 0 -52.6 68.7 0
3 16 -52.6 62.55 0 -52.7 63.6 0 -50 70 0
3 272 -53.95 64.4 0 -53.45 64.7 0 -53.4 63.9 0
4 272 -50 54.25 0 -50 53.35 0 -50.5 52.7 0 -50.9 53.2 0
4 272 -50.9 53.2 0 -50.5 52.7 0 -51.85 51.25 0 -52.45 51.45 0
4 272 -52.45 51.45 0 -51.85 51.25 0 -53.5 49.7 0 -54.3 49.75 0
4 272 -54.3 49.75 0 -53.5 49.7 0 -55.3 48.25 0 -55.95 48.55 0
4 272 -55.95 48.55 0 -55.3 48.25 0 -56.7 47.45 0 -57.4 47.65 0
4 272 -50 35.55 0 -50 33.85 0 -51.35 34.6 0 -51.25 36.5 0
4 272 -51.25 36.5 0 -51.35 34.6 0 -53.05 35.9 0 -52.3 37.7 0
4 272 -52.3 37.7 0 -53.05 35.9 0 -54.65 37.4 0 -52.95 38.65 0
4 272 -52.95 38.65 0 -54.65 37.4 0 -55.85 38.8 0 -53.35 39.65 0
4 272 -53.35 39.65 0 -55.85 38.8 0 -56.8 40.4 0 -53.6 40.9 0
4 272 -53.6 40.9 0 -56.8 40.4 0 -57.15 41.45 0 -53.55 42.3 0
4 272 -54.4 42.65 0 -53.55 42.3 0 -57.15 41.45 0 -57.35 42.55 0
3 272 -55.15 43.1 0 -54.4 42.65 0 -57.35 42.55 0
3 272 -55.7 43.75 0 -55.15 43.1 0 -57.35 42.55 0
4 272 -56.15 44.65 0 -55.7 43.75 0 -57.35 42.55 0 -57.4 43.2 0
4 272 -56.45 45.7 0 -56.15 44.65 0 -57.4 43.2 0 -57.4 47.65 0
3 272 -56.45 45.7 0 -57.4 47.65 0 -56.7 47.45 0
4 71 -50 36.75 0 -50 35.55 0 -51.25 36.5 0 -51.05 37.5 0
4 71 -51.05 37.5 0 -51.25 36.5 0 -52.3 37.7 0 -51.95 38.6 0
4 71 -51.95 38.6 0 -52.3 37.7 0 -52.95 38.65 0 -52.55 39.6 0
4 71 -52.55 39.6 0 -52.95 38.65 0 -53.35 39.65 0 -52.85 40.75 0
4 71 -52.85 40.75 0 -53.35 39.65 0 -53.6 40.9 0 -52.95 42.1 0
4 71 -52.95 42.1 0 -53.6 40.9 0 -53.55 42.3 0 -53 43.25 0
4 71 -53 43.25 0 -53.55 42.3 0 -54.4 42.65 0 -53.95 43.5 0
4 71 -53.95 43.5 0 -54.4 42.65 0 -55.15 43.1 0 -54.7 43.95 0
4 71 -54.7 43.95 0 -55.15 43.1 0 -55.7 43.75 0 -55.3 44.65 0
4 71 -55.3 44.65 0 -55.7 43.75 0 -56.15 44.65 0 -55.8 45.4 0
4 71 -55.8 45.4 0 -56.15 44.65 0 -56.45 45.7 0 -56.2 46.3 0
3 71 -56.2 46.3 0 -56.45 45.7 0 -56.7 47.45 0
3 71 -50 60 0 -50 54.25 0 -50.25 58.05 0
3 71 -50.25 58.05 0 -50 54.25 0 -51 56.25 0
4 71 -52 54.6 0 -51 56.25 0 -50 54.25 0 -50.9 53.2 0
4 71 -53.4 53 0 -52 54.6 0 -50.9 53.2 0 -52.45 51.45 0
4 71 -55.35 51.35 0 -53.4 53 0 -52.45 51.45 0 -54.3 49.75 0
4 71 -57.3 50.05 0 -55.35 51.35 0 -54.3 49.75 0 -55.95 48.55 0
4 71 -58.6 49.4 0 -57.3 50.05 0 -55.95 48.55 0 -57.4 47.65 0
4 71 -58.6 49.4 0 -57.4 47.65 0 -57.4 43.2 0 -60 40 0
3 71 -57.35 42.55 0 -60 40 0 -57.4 43.2 0
3 71 -57.15 41.45 0 -60 40 0 -57.35 42.55 0
3 71 -56.8 40.4 0 -60 40 0 -57.15 41.45 0
4 71 -60 40 0 -56.8 40.4 0 -55.85 38.8 0 -58.75 38.05 0
4 71 -57.4 36.25 0 -58.75 38.05 0 -55.85 38.8 0 -54.65 37.4 0
4 71 -55.85 34.6 0 -57.4 36.25 0 -54.65 37.4 0 -53.05 35.9 0
4 71 -54.3 33.25 0 -55.85 34.6 0 -53.05 35.9 0 -51.35 34.6 0
4 71 -52.45 32.1 0 -54.3 33.25 0 -51.35 34.6 0 -51.3 31.55 0
4 71 -50 31.15 0 -51.3 31.55 0 -51.35 34.6 0 -50 33.85 0
4 71 -58.9 53.75 0 -59.5 53.4 0 -59.5 54.1 0 -58.8 54.55 0
4 71 -58.1 54.4 0 -58.9 53.75 0 -58.8 54.55 0 -58.05 55.25 0
4 71 -57.2 55.5 0 -58.1 54.4 0 -58.05 55.25 0 -57.55 55.95 0
4 71 -56.675 56.5 0 -57.2 55.5 0 -57.55 55.95 0 -57.1 56.9 0
4 71 -56.35 57.65 0 -56.675 56.5 0 -57.1 56.9 0 -56.75 58.1 0
4 71 -56.2 58.85 0 -56.35 57.65 0 -56.75 58.1 0 -56.6 59.05 0
4 71 -56.175 59.9 0 -56.2 58.85 0 -56.6 59.05 0 -56.55 60.7 0
4 71 -56.175 59.9 0 -56.55 60.7 0 -55.85 60.75 0 -55.2 60.25 0
4 71 -55.2 60.25 0 -55.85 60.75 0 -55.2 60.95 0 -54.45 60.75 0
4 71 -54.45 60.75 0 -55.2 60.95 0 -54.55 61.4 0 -53.9 61.4 0
4 71 -53.9 61.4 0 -54.55 61.4 0 -54 62.05 0 -53.4 62.55 0
3 71 -53.55 62.8 0 -53.4 62.55 0 -54 62.05 0
3 71 -53.55 62.8 0 -53.3 63.55 0 -53.4 62.55 0
3 16 -50.25 58.05 0 -52.6 60 0 -50 60 0
4 16 -50.5 52.7 0 -50 53.35 0 -50 36.75 0 -51.05 37.5 0
4 16 -50.5 52.7 0 -51.05 37.5 0 -53 43.25 0 -51.85 51.25 0
4 16 -52.85 40.75 0 -51.05 37.5 0 -51.95 38.6 0 -52.55 39.6 0
4 16 -53.5 49.7 0 -51.85 51.25 0 -53 43.25 0 -53.95 43.5 0
4 16 -55.3 48.25 0 -53.5 49.7 0 -53.95 43.5 0 -54.7 43.95 0
4 16 -55.3 48.25 0 -54.7 43.95 0 -55.3 44.65 0 -55.8 45.4 0
4 16 -55.3 48.25 0 -55.8 45.4 0 -56.2 46.3 0 -56.7 47.45 0
4 16 -51.05 37.5 0 -52.85 40.75 0 -52.95 42.1 0 -53 43.25 0
4 272 -56.45 6.85 0 -58.35 5.45 0 -58.25 7.45 0 -57.2 8.65 0
4 272 -54.85 8.35 0 -56.45 6.85 0 -57.2 8.65 0 -56.55 9.6 0
4 272 -53.65 9.75 0 -54.85 8.35 0 -56.55 9.6 0 -56.15 10.6 0
4 272 -52.7 11.35 0 -53.65 9.75 0 -56.15 10.6 0 -55.9 11.85 0
4 272 -52.35 12.4 0 -52.7 11.35 0 -55.9 11.85 0 -55.95 13.25 0
3 272 -53.8 14.7 0 -52.15 13.5 0 -54.35 14 0
4 272 -52.15 13.5 0 -53.8 14.7 0 -53.4 15.6 0 -52.1 14.15 0
4 272 -52.1 14.15 0 -53.4 15.6 0 -53.05 16.65 0 -52.1 18.6 0
3 272 -52.8 18.4 0 -52.1 18.6 0 -53.05 16.65 0
4 71 -57.2 8.65 0 -58.25 7.45 0 -58.3 8.3 0 -57.45 9.4 0
4 71 -56.55 9.6 0 -57.2 8.65 0 -57.45 9.4 0 -56.95 10.55 0
4 71 -56.15 10.6 0 -56.55 9.6 0 -56.95 10.55 0 -56.65 11.7 0
4 71 -55.9 11.85 0 -56.15 10.6 0 -56.65 11.7 0 -56.55 13.05 0
4 71 -55.95 13.25 0 -55.9 11.85 0 -56.55 13.05 0 -56.5 13.95 0
4 71 -55.1 13.55 0 -55.95 13.25 0 -56.5 13.95 0 -55.55 14.3 0
4 71 -54.35 14 0 -55.1 13.55 0 -55.55 14.3 0 -54.8 14.75 0
4 71 -53.8 14.7 0 -54.35 14 0 -54.8 14.75 0 -54.1 15.55 0
4 71 -53.4 15.6 0 -53.8 14.7 0 -54.1 15.55 0 -53.55 16.45 0
4 71 -53.05 16.65 0 -53.4 15.6 0 -53.55 16.45 0 -53.2 17.15 0
3 71 -52.8 18.4 0 -53.05 16.65 0 -53.2 17.15 0
4 272 -55.1 13.55 0 -54.35 14 0 -52.15 13.5 0 -52.35 12.4 0
3 272 -55.1 13.55 0 -52.35 12.4 0 -55.95 13.25 0
3 16 -52.1 14.15 0 -50 10.45 0 -52.15 13.5 0
3 16 -52.15 13.5 0 -50 10.45 0 -52.35 12.4 0
3 16 -52.35 12.4 0 -50 10.45 0 -52.7 11.35 0
4 16 -53.65 9.75 0 -52.7 11.35 0 -50 10.45 0 -50.85 9 0
4 16 -53.65 9.75 0 -50.85 9 0 -52.1 7.2 0 -54.85 8.35 0
4 16 -54.85 8.35 0 -52.1 7.2 0 -53.65 5.55 0 -56.45 6.85 0
4 16 -56.45 6.85 0 -53.65 5.55 0 -55.2 4.15 0 -58.35 5.45 0
4 16 -58.35 5.45 0 -55.2 4.15 0 -57.05 3 0 -58.5 2.35 0
4 16 -58.35 5.45 0 -58.5 2.35 0 -60 1.9 0 -60 4.5 0
4 16 -57.45 9.4 0 -58.3 8.3 0 -56.65 11.7 0 -56.95 10.55 0
4 16 -56.55 13.05 0 -56.65 11.7 0 -58.3 8.3 0 -56.5 13.95 0
4 272 -59 34.6 0 -60 35.75 0 -60 36.65 0 -58.6 35.1 0
4 272 -57.65 33.15 0 -59 34.6 0 -58.6 35.1 0 -57.05 33.35 0
4 272 -56 31.6 0 -57.65 33.15 0 -57.05 33.35 0 -55.2 31.65 0
4 272 -54.2 30.15 0 -56 31.6 0 -55.2 31.65 0 -53.55 30.45 0
4 272 -52.8 29.35 0 -54.2 30.15 0 -53.55 30.45 0 -52.1 29.55 0
4 272 -52.8 29.35 0 -52.1 29.55 0 -52.1 18.6 0 -52.8 18.4 0
4 16 -56.5 13.95 0 -58.3 8.3 0 -60 35.75 0 -59 34.6 0
3 16 -57.65 33.15 0 -56.5 13.95 0 -59 34.6 0
4 16 -56.5 13.95 0 -57.65 33.15 0 -56 31.6 0 -55.55 14.3 0
4 16 -55.55 14.3 0 -56 31.6 0 -54.2 30.15 0 -54.8 14.75 0
4 16 -54.1 15.55 0 -54.8 14.75 0 -54.2 30.15 0 -53.55 16.45 0
4 16 -53.2 17.15 0 -53.55 16.45 0 -54.2 30.15 0 -52.8 18.4 0
3 16 -52.8 18.4 0 -54.2 30.15 0 -52.8 29.35 0
4 16 -50 10.45 0 -52.1 14.15 0 -52.1 18.6 0 -50 31.15 0
4 16 -50 31.15 0 -52.1 18.6 0 -52.1 29.55 0 -51.3 31.55 0
4 16 -51.3 31.55 0 -52.1 29.55 0 -53.55 30.45 0 -52.45 32.1 0
4 16 -52.45 32.1 0 -53.55 30.45 0 -55.2 31.65 0 -54.3 33.25 0
4 16 -54.3 33.25 0 -55.2 31.65 0 -57.05 33.35 0 -55.85 34.6 0
4 16 -55.85 34.6 0 -57.05 33.35 0 -58.6 35.1 0 -57.4 36.25 0
4 16 -57.4 36.25 0 -58.6 35.1 0 -60 36.65 0 -58.75 38.05 0
3 16 -60 40 0 -58.75 38.05 0 -60 36.65 0
4 272 -54.3 2.15 0 -53.5 2.1 0 -55.45 0.65 0 -55.95 0.95 0
4 272 -55.95 0.95 0 -55.45 0.65 0 -56.65 0 0 -57.55 0 0
4 272 -50 6.65 0 -50 5.75 0 -50.5 5.1 0 -50.9 5.6 0
4 272 -50.9 5.6 0 -50.5 5.1 0 -51.85 3.65 0 -52.45 3.85 0
4 272 -52.45 3.85 0 -51.85 3.65 0 -53.5 2.1 0 -54.3 2.15 0
4 71 -50.85 9 0 -50 10.45 0 -50 6.65 0 -50.9 5.6 0
4 71 -52.1 7.2 0 -50.85 9 0 -50.9 5.6 0 -52.45 3.85 0
4 71 -53.65 5.55 0 -52.1 7.2 0 -52.45 3.85 0 -54.3 2.15 0
4 71 -55.2 4.15 0 -53.65 5.55 0 -54.3 2.15 0 -55.95 0.95 0
4 71 -57.05 3 0 -55.2 4.15 0 -55.95 0.95 0 -57.55 0 0
3 71 -58.5 2.35 0 -57.05 3 0 -57.55 0 0
4 71 -60 1.9 0 -58.5 2.35 0 -57.55 0 0 -60 0 0
4 71 -59.2 7.5 0 -58.3 8.3 0 -58.25 7.45 0 -59.05 6.8 0
4 272 -59.05 6.8 0 -58.25 7.45 0 -58.35 5.45 0 -60 4.5 0
3 272 -59.05 6.8 0 -60 4.5 0 -60 6.3 0
4 71 -59.2 7.5 0 -59.05 6.8 0 -60 6.3 0 -60 7.05 0
4 272 -60 53.2 0 -59.5 53.4 0 -59.25 51.9 0 -60 51.45 0
4 71 -59.5 54.1 0 -59.5 53.4 0 -60 53.2 0 -60 53.9 0
4 16 -60 51.45 0 -59.25 51.9 0 -58.6 49.4 0 -60 48.85 0
3 71 -58.6 49.4 0 -60 40 0 -60 48.85 0
4 16 -60 35.75 0 -58.3 8.3 0 -59.2 7.5 0 -60 7.05 0
4 16 -59.5 54.1 0 -60 53.9 0 -60 60 0 -58.8 54.55 0
4 16 -58.05 55.25 0 -58.8 54.55 0 -60 60 0 -57.55 55.95 0
4 16 -57.1 56.9 0 -57.55 55.95 0 -60 60 0 -56.75 58.1 0
4 16 -56.6 59.05 0 -56.75 58.1 0 -60 60 0 -56.55 60.7 0
4 16 -56.55 60.7 0 -60 60 0 -60 70 0 -55.15 65.6 0
4 16 -56.55 60.7 0 -55.15 65.6 0 -55.05 65.15 0 -55.85 60.75 0
4 16 -55.85 60.75 0 -55.05 65.15 0 -54.65 64.8 0 -55.2 60.95 0
4 16 -54.55 61.4 0 -55.2 60.95 0 -54.65 64.8 0 -53.95 64.4 0
4 16 -54 62.05 0 -54.55 61.4 0 -53.95 64.4 0 -53.55 62.8 0
4 16 -53.3 63.55 0 -53.55 62.8 0 -53.95 64.4 0 -53.4 63.9 0
4 16 -60 70 0 -53.3 70 0 -53.3 68.75 0 -53.4 68.3 0
4 16 -60 70 0 -53.4 68.3 0 -54 67.6 0 -54.7 66.8 0
3 16 -54.95 66.35 0 -60 70 0 -54.7 66.8 0
3 16 -55.1 66 0 -60 70 0 -54.95 66.35 0
3 16 -55.15 65.6 0 -60 70 0 -55.1 66 0
4 16 -53.3 120 0 -53.3 70 0 -60 70 0 -60 120 0
4 16 -43.35 0 0 -56.65 0 0 -55.45 0.65 0 -44.55 0.65 0
4 16 -44.55 0.65 0 -55.45 0.65 0 -53.5 2.1 0 -46.5 2.1 0
4 16 -46.5 2.1 0 -53.5 2.1 0 -51.85 3.65 0 -48.15 3.65 0
4 16 -48.15 3.65 0 -51.85 3.65 0 -50.5 5.1 0 -49.5 5.1 0
3 16 -50 5.75 0 -49.5 5.1 0 -50.5 5.1 0
