0 ~Sticker  1.8 x  3.8 with Grey "Ford" Text in Grey Grille on Black Background - Half of Black and Grey Grille
0 Name: s\6141875us02.dat
0 Author: Massimo Maso [Sirio]
0 !LDRAW_ORG Subpart UPDATE 2023-06
0 !LICENSE Licensed under CC BY 4.0 : see CAreadme.txt

0 BFC CERTIFY CCW

0 !HISTORY 2023-11-19 [OrionP] Official Update 2023-06


0 // Primitives
1 0 36.5 0 16.5 1.5 0 0 0 1 0 0 0 1.5 1-4chrd.dat
1 0 36.5 0 -16.5 1.5 0 0 0 1 0 0 0 -1.5 1-4chrd.dat
1 0 29 0 12 0 0 3 0 1 0 3 0 0 3-16tndis.dat
1 71 29 0 12 0 0 3 0 1 0 3 0 0 3-16chrd.dat
1 0 33 0 6 3 0 0 0 1 0 0 0 3 1-16tndis.dat
1 71 33 0 6 3 0 0 0 1 0 0 0 3 1-16chrd.dat
1 7 33 0 -10 3 0 0 0 1 0 0 0 -3 1-8chrd.dat
1 0 33 0 -10 3 0 0 0 1 0 0 0 -3 1-8tndis.dat
1 71 31 0 -12 0 0 3 0 1 0 -3 0 0 1-8chrd.dat
1 0 31 0 -12 0 0 3 0 1 0 -3 0 0 1-8tndis.dat
0 // Black frame
3 0 36.5 0 18 29 0 15 31.7717 0 15
4 0 36.5 0 18 31.7717 0 15 31.7717 0 13.1481 35.7717 0 7.1481
4 0 38 0 16.5 36.5 0 18 35.7717 0 7.1481 36 0 7.1481
3 0 38 0 16.5 36 0 7.1481 36 0 6
4 0 38 0 16.5 36 0 6 36 0 -10 38 0 -16.5
3 0 38 0 -16.5 36 0 -10 36 0 -12.1213
4 0 33.1213 0 -15 36 0 -12.1213 35.1213 0 -12.1213 33.1213 0 -14.1213
4 0 33.1213 0 -15 36.5 0 -18 38 0 -16.5 36 0 -12.1213
3 0 33.1213 0 -15 31 0 -15 36.5 0 -18
3 0 17.5 0 11 1.25 0 10.4 1.8886 0 10.4
3 0 17.5 0 11 1.8886 0 10.4 4.9114 0 10.4
3 0 17.5 0 11 4.9114 0 10.4 5.55 0 10.4
3 0 17.5 0 11 5.55 0 10.4 8.05 0 10.4
3 0 17.5 0 11 8.05 0 10.4 8.6886 0 10.4
3 0 17.5 0 11 8.6886 0 10.4 11.7114 0 10.4
3 0 17.5 0 11 11.7114 0 10.4 12.35 0 10.4
3 0 17.5 0 11 12.35 0 10.4 14.85 0 10.4
3 0 17.5 0 11 14.85 0 10.4 15.4886 0 10.4
4 0 17.5 0 11 15.4886 0 10.4 15.75 0 10.17 18.25 0 10.17
4 0 17.5 0 11 18.25 0 10.17 18.75 0 10.61 18.5006 0 10.8295
3 0 17.5 0 11 18.5006 0 10.8295 18.9078 0 11.0331
4 0 17.5 0 11 18.9078 0 11.0331 22.15 0 11.26 21.65 0 11.7
3 0 17.5 0 11 21.65 0 11.7 20.2416 0 11.7
4 0 17.5 0 11 20.2416 0 11.7 20.6416 0 11.9 20.5 0 12.5
3 0 20.5 0 12.5 20.6416 0 11.9 22.05 0 11.91
4 0 20.5 0 12.5 22.05 0 11.91 25.05 0 11.47 25.55 0 11.91
4 0 20.5 0 12.5 25.55 0 11.91 28.5841 0 11.9 28.9 0 12.5
3 0 28.9 0 12.5 28.5841 0 11.9 29.2364 0 10.95
3 0 28.9 0 12.5 29.2364 0 10.95 29.7719 0 10.17
3 0 28.9 0 12.5 29.7719 0 10.17 30.0603 0 9.75
3 0 28.9 0 12.5 30.0603 0 9.75 30.6644 0 8.87
4 0 28.9 0 12.5 30.6644 0 8.87 30.9528 0 8.45 33.5 0 5.8
3 0 33.5 0 5.8 30.9528 0 8.45 31.557 0 7.57
3 0 33.5 0 5.8 31.557 0 7.57 31.8453 0 7.15
3 0 33.5 0 5.8 31.8453 0 7.15 32.2237 0 6.5989
3 0 33.5 0 5.8 32.2237 0 6.5989 32.4642 0 6.2485
3 0 33.5 0 5.8 32.4642 0 6.2485 32.25 0 6.06
4 0 33.5 0 5.8 32.25 0 6.06 32.75 0 5.62 32.8958 0 5.62
3 0 33.5 0 5.8 32.8958 0 5.62 32.9 0 5.2
4 0 33.5 0 5.8 32.9 0 5.2 32.75 0 4.32 32.9 0 4.32
3 0 33.5 0 5.8 32.9 0 4.32 32.9 0 3.9
4 0 33.5 0 -9.9 33.5 0 5.8 32.9 0 -3.25 32.9 0 -3.46
3 0 33.5 0 -9.9 32.9 0 -3.46 32.9 0 -4.34
3 0 33.5 0 -9.9 32.9 0 -4.34 32.9 0 -4.76
3 0 33.5 0 -9.9 32.9 0 -4.76 32.9 0 -5.64
3 0 33.5 0 -9.9 32.9 0 -5.64 32.9 0 -6.06
4 0 33.5 0 -9.9 32.9 0 -6.06 32.75 0 -6.06 32.9 0 -6.94
3 0 33.5 0 -9.9 32.9 0 -6.94 32.9 0 -7.36
4 0 33.5 0 -9.9 32.9 0 -7.36 32.75 0 -7.36 32.9 0 -8.24
3 0 33.5 0 -9.9 32.9 0 -8.24 32.9 0 -8.66
4 0 33.5 0 -9.9 32.9 0 -8.66 32.75 0 -8.66 32.9 0 -9.54
3 0 33.5 0 -9.9 32.9 0 -9.54 32.9 0 -9.6035
3 0 33.5 0 -9.9 32.9 0 -9.6035 31.5838 0 -10.61
4 0 33.5 0 -9.9 31.5838 0 -10.61 30.433 0 -11.49 30.1 0 -12.5
3 0 30.1 0 -12.5 30.433 0 -11.49 29.8969 0 -11.9
3 0 30.1 0 -12.5 29.8969 0 -11.9 28.7227 0 -11.9
4 0 30.1 0 -12.5 28.7227 0 -11.9 25.45 0 -11.7 25.6773 0 -11.9
4 0 30.1 0 -12.5 25.6773 0 -11.9 21.9227 0 -11.9 20.5 0 -12.5
4 0 19.3616 0 -11.26 17.5 0 -11 20.5 0 -12.5 21.9227 0 -11.9
4 0 19.3616 0 -11.26 21.9227 0 -11.9 22.15 0 -11.7 21.65 0 -11.26
4 0 19.3616 0 -11.26 17.6416 0 -10.4 15.35 0 -10.4 17.5 0 -11
4 0 17.5 0 -11 15.35 0 -10.4 12.35 0 -9.96 11.85 0 -10.4
3 0 17.5 0 -11 11.85 0 -10.4 8.55 0 -10.4
3 0 17.5 0 -11 8.55 0 -10.4 5.05 0 -10.4
3 0 17.5 0 -11 5.05 0 -10.4 1.75 0 -10.4
4 0 16.5 0 -12.05 1.4 0 -12.05 1.4 0 -13.25 18.9 0 -13.25
0 // Light grey frame
3 71 29 0 15 0 0 14.2 2 0 14.2
3 71 29 0 15 2 0 14.2 11.7 0 14.2
3 71 29 0 15 11.7 0 14.2 13.7 0 14.2
3 71 29 0 15 13.7 0 14.2 15.7 0 14.2
3 71 29 0 15 15.7 0 14.2 15.7 0 13
4 71 29 0 15 15.7 0 13 20.5 0 12.5 28.9 0 12.5
4 71 29 0 15 28.9 0 12.5 33.5 0 5.8 31.7717 0 13.1481
4 71 2 0 13 11.7 0 13 11.7 0 14.2 2 0 14.2
4 71 2 0 13 2 0 11.8 11.7 0 11.8 11.7 0 13
3 71 17.5 0 11 2 0 11.8 0 0 11.8
3 71 17.5 0 11 11.7 0 11.8 2 0 11.8
3 71 17.5 0 11 13.7 0 11.8 11.7 0 11.8
3 71 17.5 0 11 15.7 0 11.8 13.7 0 11.8
4 71 20.5 0 12.5 15.7 0 13 15.7 0 11.8 17.5 0 11
4 71 36 0 6 35.7717 0 7.1481 31.7717 0 13.1481 33.5 0 5.8
4 71 36 0 6 33.5 0 5.8 33.5 0 -9.9 36 0 -10
3 71 33.5 0 -9.9 35.1213 0 -12.1213 36 0 -10
4 71 33.5 0 -9.9 30.1 0 -12.5 33.1213 0 -14.1213 35.1213 0 -12.1213
4 71 18.9 0 -13.25 1.4 0 -13.25 31 0 -15 33.1213 0 -14.1213
4 71 18.9 0 -13.25 33.1213 0 -14.1213 30.1 0 -12.5 20.5 0 -12.5
4 71 18.9 0 -13.25 20.5 0 -12.5 17.5 0 -11 16.5 0 -12.05
3 71 16.5 0 -12.05 17.5 0 -11 1.4 0 -12.05
0 // Black grille
4 0 1.8886 0 10.4 2.15 0 10.17 4.65 0 10.17 4.9114 0 10.4
4 0 1.65 0 9.31 5.15 0 9.31 4.65 0 9.75 2.15 0 9.75
4 0 1.65 0 9.31 2.15 0 8.87 4.65 0 8.87 5.15 0 9.31
4 0 1.65 0 8.01 5.15 0 8.01 4.65 0 8.45 2.15 0 8.45
4 0 1.65 0 8.01 2.15 0 7.57 4.65 0 7.57 5.15 0 8.01
4 0 1.65 0 6.71 5.15 0 6.71 4.65 0 7.15 2.15 0 7.15
4 0 1.65 0 6.71 2.15 0 6.27 4.65 0 6.27 5.15 0 6.71
4 0 1.65 0 5.41 5.15 0 5.41 4.65 0 5.85 2.15 0 5.85
4 0 1.65 0 5.41 2.15 0 4.97 4.65 0 4.97 5.15 0 5.41
4 0 1.65 0 4.11 5.15 0 4.11 4.65 0 4.55 2.15 0 4.55
4 0 1.65 0 4.11 2.15 0 3.67 4.65 0 3.67 5.15 0 4.11
4 0 5.05 0 9.96 8.55 0 9.96 8.05 0 10.4 5.55 0 10.4
4 0 5.05 0 9.96 5.55 0 9.52 8.05 0 9.52 8.55 0 9.96
4 0 5.05 0 8.66 8.55 0 8.66 8.05 0 9.1 5.55 0 9.1
4 0 5.05 0 8.66 5.55 0 8.22 8.05 0 8.22 8.55 0 8.66
4 0 5.05 0 7.36 8.55 0 7.36 8.05 0 7.8 5.55 0 7.8
4 0 5.05 0 7.36 5.55 0 6.92 8.05 0 6.92 8.55 0 7.36
4 0 5.05 0 6.06 8.55 0 6.06 8.05 0 6.5 5.55 0 6.5
4 0 5.05 0 6.06 5.55 0 5.62 8.05 0 5.62 8.55 0 6.06
4 0 5.05 0 4.76 8.55 0 4.76 8.05 0 5.2 5.55 0 5.2
4 0 5.05 0 4.76 5.55 0 4.32 8.05 0 4.32 8.55 0 4.76
4 0 5.05 0 3.46 8.55 0 3.46 8.05 0 3.9 5.55 0 3.9
4 0 8.6886 0 10.4 8.95 0 10.17 11.45 0 10.17 11.7114 0 10.4
4 0 8.45 0 9.31 11.95 0 9.31 11.45 0 9.75 8.95 0 9.75
4 0 8.45 0 9.31 8.95 0 8.87 11.45 0 8.87 11.95 0 9.31
4 0 8.45 0 8.01 11.95 0 8.01 11.45 0 8.45 8.95 0 8.45
4 0 8.45 0 8.01 8.95 0 7.57 11.45 0 7.57 11.95 0 8.01
4 0 8.45 0 6.71 11.95 0 6.71 11.45 0 7.15 8.95 0 7.15
4 0 8.45 0 6.71 8.95 0 6.27 11.45 0 6.27 11.95 0 6.71
4 0 8.45 0 5.41 11.95 0 5.41 11.45 0 5.85 8.95 0 5.85
4 0 8.45 0 5.41 8.95 0 4.97 11.45 0 4.97 11.95 0 5.41
4 0 8.45 0 4.11 11.95 0 4.11 11.45 0 4.55 8.95 0 4.55
4 0 8.45 0 4.11 8.95 0 3.67 11.45 0 3.67 11.95 0 4.11
4 0 11.85 0 9.96 15.35 0 9.96 14.85 0 10.4 12.35 0 10.4
4 0 11.85 0 9.96 12.35 0 9.52 14.85 0 9.52 15.35 0 9.96
4 0 11.85 0 8.66 15.35 0 8.66 14.85 0 9.1 12.35 0 9.1
4 0 11.85 0 8.66 12.35 0 8.22 14.85 0 8.22 15.35 0 8.66
4 0 11.85 0 7.36 15.35 0 7.36 14.85 0 7.8 12.35 0 7.8
4 0 11.85 0 7.36 12.35 0 6.92 14.85 0 6.92 15.35 0 7.36
4 0 11.85 0 6.06 15.35 0 6.06 14.85 0 6.5 12.35 0 6.5
4 0 11.85 0 6.06 12.35 0 5.62 14.85 0 5.62 15.35 0 6.06
4 0 11.85 0 4.76 15.35 0 4.76 14.85 0 5.2 12.35 0 5.2
4 0 11.85 0 4.76 12.35 0 4.32 14.85 0 4.32 15.35 0 4.76
4 0 11.85 0 3.46 15.35 0 3.46 14.85 0 3.9 12.35 0 3.9
4 0 15.25 0 9.31 18.75 0 9.31 18.25 0 9.75 15.75 0 9.75
4 0 15.25 0 9.31 15.75 0 8.87 18.25 0 8.87 18.75 0 9.31
4 0 15.25 0 8.01 18.75 0 8.01 18.25 0 8.45 15.75 0 8.45
4 0 15.25 0 8.01 15.75 0 7.57 18.25 0 7.57 18.75 0 8.01
4 0 15.25 0 6.71 18.75 0 6.71 18.25 0 7.15 15.75 0 7.15
4 0 15.25 0 6.71 15.75 0 6.27 18.25 0 6.27 18.75 0 6.71
4 0 15.25 0 5.41 18.75 0 5.41 18.25 0 5.85 15.75 0 5.85
4 0 15.25 0 5.41 15.75 0 4.97 18.25 0 4.97 18.75 0 5.41
4 0 15.25 0 4.11 18.75 0 4.11 18.25 0 4.55 15.75 0 4.55
4 0 15.25 0 4.11 15.75 0 3.67 18.25 0 3.67 18.75 0 4.11
4 0 18.9078 0 11.0331 19.15 0 10.82 21.65 0 10.82 22.15 0 11.26
4 0 18.65 0 9.96 22.15 0 9.96 21.65 0 10.4 19.15 0 10.4
4 0 18.65 0 9.96 19.15 0 9.52 21.65 0 9.52 22.15 0 9.96
4 0 18.65 0 8.66 22.15 0 8.66 21.65 0 9.1 19.15 0 9.1
4 0 18.65 0 8.66 19.15 0 8.22 21.65 0 8.22 22.15 0 8.66
4 0 18.65 0 7.36 22.15 0 7.36 21.65 0 7.8 19.15 0 7.8
4 0 18.65 0 7.36 19.15 0 6.92 21.65 0 6.92 22.15 0 7.36
4 0 18.65 0 6.06 22.15 0 6.06 21.65 0 6.5 19.15 0 6.5
4 0 18.65 0 6.06 19.15 0 5.62 21.65 0 5.62 22.15 0 6.06
4 0 18.65 0 4.76 22.15 0 4.76 21.65 0 5.2 19.15 0 5.2
4 0 18.65 0 4.76 19.15 0 4.32 21.65 0 4.32 22.15 0 4.76
4 0 18.65 0 3.46 22.15 0 3.46 21.65 0 3.9 19.15 0 3.9
3 0 22.05 0 11.91 22.55 0 11.47 25.05 0 11.47
4 0 22.05 0 10.61 22.55 0 10.17 25.05 0 10.17 25.55 0 10.61
4 0 22.05 0 10.61 25.55 0 10.61 25.05 0 11.05 22.55 0 11.05
4 0 22.05 0 9.31 25.55 0 9.31 25.05 0 9.75 22.55 0 9.75
4 0 22.05 0 9.31 22.55 0 8.87 25.05 0 8.87 25.55 0 9.31
4 0 22.05 0 8.01 25.55 0 8.01 25.05 0 8.45 22.55 0 8.45
4 0 22.05 0 8.01 22.55 0 7.57 25.05 0 7.57 25.55 0 8.01
4 0 22.05 0 6.71 25.55 0 6.71 25.05 0 7.15 22.55 0 7.15
4 0 22.05 0 6.71 22.55 0 6.27 25.05 0 6.27 25.55 0 6.71
4 0 22.05 0 5.41 25.55 0 5.41 25.05 0 5.85 22.55 0 5.85
4 0 22.05 0 5.41 22.55 0 4.97 25.05 0 4.97 25.55 0 5.41
4 0 22.05 0 4.11 25.55 0 4.11 25.05 0 4.55 22.55 0 4.55
4 0 22.05 0 4.11 22.55 0 3.67 25.05 0 3.67 25.55 0 4.11
4 0 25.45 0 11.26 28.95 0 11.26 28.45 0 11.7 25.95 0 11.7
4 0 25.45 0 11.26 25.95 0 10.82 28.45 0 10.82 28.95 0 11.26
4 0 25.45 0 9.96 28.95 0 9.96 28.45 0 10.4 25.95 0 10.4
4 0 25.45 0 9.96 25.95 0 9.52 28.45 0 9.52 28.95 0 9.96
4 0 25.45 0 8.66 28.95 0 8.66 28.45 0 9.1 25.95 0 9.1
4 0 25.45 0 8.66 25.95 0 8.22 28.45 0 8.22 28.95 0 8.66
4 0 25.45 0 7.36 28.95 0 7.36 28.45 0 7.8 25.95 0 7.8
4 0 25.45 0 7.36 25.95 0 6.92 28.45 0 6.92 28.95 0 7.36
4 0 25.45 0 6.06 28.95 0 6.06 28.45 0 6.5 25.95 0 6.5
4 0 25.45 0 6.06 25.95 0 5.62 28.45 0 5.62 28.95 0 6.06
4 0 25.45 0 4.76 28.95 0 4.76 28.45 0 5.2 25.95 0 5.2
4 0 25.45 0 4.76 25.95 0 4.32 28.45 0 4.32 28.95 0 4.76
4 0 25.45 0 3.46 28.95 0 3.46 28.45 0 3.9 25.95 0 3.9
4 0 28.85 0 10.61 29.35 0 10.17 29.7719 0 10.17 29.2364 0 10.95
4 0 28.85 0 9.31 30.6644 0 8.87 30.0603 0 9.75 29.35 0 9.75
3 0 28.85 0 9.31 29.35 0 8.87 30.6644 0 8.87
4 0 28.85 0 8.01 31.557 0 7.57 30.9528 0 8.45 29.35 0 8.45
3 0 28.85 0 8.01 29.35 0 7.57 31.557 0 7.57
4 0 28.85 0 6.71 32.2237 0 6.5989 31.8453 0 7.15 29.35 0 7.15
4 0 28.85 0 6.71 29.35 0 6.27 31.85 0 6.27 32.2237 0 6.5989
4 0 28.85 0 5.41 32.35 0 5.41 31.85 0 5.85 29.35 0 5.85
4 0 28.85 0 5.41 29.35 0 4.97 31.85 0 4.97 32.35 0 5.41
4 0 28.85 0 4.11 32.35 0 4.11 31.85 0 4.55 29.35 0 4.55
4 0 28.85 0 4.11 29.35 0 3.67 31.85 0 3.67 32.35 0 4.11
4 0 32.25 0 4.76 32.75 0 4.32 32.9 0 5.2 32.75 0 5.2
4 0 1.65 0 -3.25 2.15 0 -3.69 4.65 0 -3.69 5.15 0 -3.25
4 0 1.65 0 -4.55 5.15 0 -4.55 4.65 0 -4.11 2.15 0 -4.11
4 0 1.65 0 -4.55 2.15 0 -4.99 4.65 0 -4.99 5.15 0 -4.55
4 0 1.65 0 -5.85 5.15 0 -5.85 4.65 0 -5.41 2.15 0 -5.41
4 0 1.65 0 -5.85 2.15 0 -6.29 4.65 0 -6.29 5.15 0 -5.85
4 0 1.65 0 -7.15 5.15 0 -7.15 4.65 0 -6.71 2.15 0 -6.71
4 0 1.65 0 -7.15 2.15 0 -7.59 4.65 0 -7.59 5.15 0 -7.15
4 0 1.65 0 -8.45 5.15 0 -8.45 4.65 0 -8.01 2.15 0 -8.01
4 0 1.65 0 -8.45 2.15 0 -8.89 4.65 0 -8.89 5.15 0 -8.45
4 0 1.65 0 -9.75 5.15 0 -9.75 4.65 0 -9.31 2.15 0 -9.31
4 0 1.65 0 -9.75 2.15 0 -10.19 4.65 0 -10.19 5.15 0 -9.75
4 0 5.05 0 -3.9 8.55 0 -3.9 8.05 0 -3.46 5.55 0 -3.46
4 0 5.05 0 -3.9 5.55 0 -4.34 8.05 0 -4.34 8.55 0 -3.9
4 0 5.05 0 -5.2 8.55 0 -5.2 8.05 0 -4.76 5.55 0 -4.76
4 0 5.05 0 -5.2 5.55 0 -5.64 8.05 0 -5.64 8.55 0 -5.2
4 0 5.05 0 -6.5 8.55 0 -6.5 8.05 0 -6.06 5.55 0 -6.06
4 0 5.05 0 -6.5 5.55 0 -6.94 8.05 0 -6.94 8.55 0 -6.5
4 0 5.05 0 -7.8 8.55 0 -7.8 8.05 0 -7.36 5.55 0 -7.36
4 0 5.05 0 -7.8 5.55 0 -8.24 8.05 0 -8.24 8.55 0 -7.8
4 0 5.05 0 -9.1 8.55 0 -9.1 8.05 0 -8.66 5.55 0 -8.66
4 0 5.05 0 -9.1 5.55 0 -9.54 8.05 0 -9.54 8.55 0 -9.1
4 0 5.05 0 -10.4 8.55 0 -10.4 8.05 0 -9.96 5.55 0 -9.96
4 0 8.45 0 -3.25 8.95 0 -3.69 11.45 0 -3.69 11.95 0 -3.25
4 0 8.45 0 -4.55 11.95 0 -4.55 11.45 0 -4.11 8.95 0 -4.11
4 0 8.45 0 -4.55 8.95 0 -4.99 11.45 0 -4.99 11.95 0 -4.55
4 0 8.45 0 -5.85 11.95 0 -5.85 11.45 0 -5.41 8.95 0 -5.41
4 0 8.45 0 -5.85 8.95 0 -6.29 11.45 0 -6.29 11.95 0 -5.85
4 0 8.45 0 -7.15 11.95 0 -7.15 11.45 0 -6.71 8.95 0 -6.71
4 0 8.45 0 -7.15 8.95 0 -7.59 11.45 0 -7.59 11.95 0 -7.15
4 0 8.45 0 -8.45 11.95 0 -8.45 11.45 0 -8.01 8.95 0 -8.01
4 0 8.45 0 -8.45 8.95 0 -8.89 11.45 0 -8.89 11.95 0 -8.45
4 0 8.45 0 -9.75 11.95 0 -9.75 11.45 0 -9.31 8.95 0 -9.31
4 0 8.45 0 -9.75 8.95 0 -10.19 11.45 0 -10.19 11.95 0 -9.75
4 0 11.85 0 -3.9 15.35 0 -3.9 14.85 0 -3.46 12.35 0 -3.46
4 0 11.85 0 -3.9 12.35 0 -4.34 14.85 0 -4.34 15.35 0 -3.9
4 0 11.85 0 -5.2 15.35 0 -5.2 14.85 0 -4.76 12.35 0 -4.76
4 0 11.85 0 -5.2 12.35 0 -5.64 14.85 0 -5.64 15.35 0 -5.2
4 0 11.85 0 -6.5 15.35 0 -6.5 14.85 0 -6.06 12.35 0 -6.06
4 0 11.85 0 -6.5 12.35 0 -6.94 14.85 0 -6.94 15.35 0 -6.5
4 0 11.85 0 -7.8 15.35 0 -7.8 14.85 0 -7.36 12.35 0 -7.36
4 0 11.85 0 -7.8 12.35 0 -8.24 14.85 0 -8.24 15.35 0 -7.8
4 0 11.85 0 -9.1 15.35 0 -9.1 14.85 0 -8.66 12.35 0 -8.66
4 0 11.85 0 -9.1 12.35 0 -9.54 14.85 0 -9.54 15.35 0 -9.1
3 0 12.35 0 -9.96 15.35 0 -10.4 14.85 0 -9.96
4 0 15.25 0 -3.25 15.75 0 -3.69 18.25 0 -3.69 18.75 0 -3.25
4 0 15.25 0 -4.55 18.75 0 -4.55 18.25 0 -4.11 15.75 0 -4.11
4 0 15.25 0 -4.55 15.75 0 -4.99 18.25 0 -4.99 18.75 0 -4.55
4 0 15.25 0 -5.85 18.75 0 -5.85 18.25 0 -5.41 15.75 0 -5.41
4 0 15.25 0 -5.85 15.75 0 -6.29 18.25 0 -6.29 18.75 0 -5.85
4 0 15.25 0 -7.15 18.75 0 -7.15 18.25 0 -6.71 15.75 0 -6.71
4 0 15.25 0 -7.15 15.75 0 -7.59 18.25 0 -7.59 18.75 0 -7.15
4 0 15.25 0 -8.45 18.75 0 -8.45 18.25 0 -8.01 15.75 0 -8.01
4 0 15.25 0 -8.45 15.75 0 -8.89 18.25 0 -8.89 18.75 0 -8.45
4 0 15.25 0 -9.75 18.75 0 -9.75 18.25 0 -9.31 15.75 0 -9.31
4 0 15.25 0 -9.75 15.75 0 -10.19 18.25 0 -10.19 18.75 0 -9.75
4 0 18.65 0 -3.9 22.15 0 -3.9 21.65 0 -3.46 19.15 0 -3.46
4 0 18.65 0 -3.9 19.15 0 -4.34 21.65 0 -4.34 22.15 0 -3.9
4 0 18.65 0 -5.2 22.15 0 -5.2 21.65 0 -4.76 19.15 0 -4.76
4 0 18.65 0 -5.2 19.15 0 -5.64 21.65 0 -5.64 22.15 0 -5.2
4 0 18.65 0 -6.5 22.15 0 -6.5 21.65 0 -6.06 19.15 0 -6.06
4 0 18.65 0 -6.5 19.15 0 -6.94 21.65 0 -6.94 22.15 0 -6.5
4 0 18.65 0 -7.8 22.15 0 -7.8 21.65 0 -7.36 19.15 0 -7.36
4 0 18.65 0 -7.8 19.15 0 -8.24 21.65 0 -8.24 22.15 0 -7.8
4 0 18.65 0 -9.1 22.15 0 -9.1 21.65 0 -8.66 19.15 0 -8.66
4 0 18.65 0 -9.1 19.15 0 -9.54 21.65 0 -9.54 22.15 0 -9.1
4 0 18.65 0 -10.4 22.15 0 -10.4 21.65 0 -9.96 19.15 0 -9.96
4 0 18.65 0 -10.4 19.15 0 -10.84 21.65 0 -10.84 22.15 0 -10.4
4 0 22.05 0 -3.25 22.55 0 -3.69 25.05 0 -3.69 25.55 0 -3.25
4 0 22.05 0 -4.55 25.55 0 -4.55 25.05 0 -4.11 22.55 0 -4.11
4 0 22.05 0 -4.55 22.55 0 -4.99 25.05 0 -4.99 25.55 0 -4.55
4 0 22.05 0 -5.85 25.55 0 -5.85 25.05 0 -5.41 22.55 0 -5.41
4 0 22.05 0 -5.85 22.55 0 -6.29 25.05 0 -6.29 25.55 0 -5.85
4 0 22.05 0 -7.15 25.55 0 -7.15 25.05 0 -6.71 22.55 0 -6.71
4 0 22.05 0 -7.15 22.55 0 -7.59 25.05 0 -7.59 25.55 0 -7.15
4 0 22.05 0 -8.45 25.55 0 -8.45 25.05 0 -8.01 22.55 0 -8.01
4 0 22.05 0 -8.45 22.55 0 -8.89 25.05 0 -8.89 25.55 0 -8.45
4 0 22.05 0 -9.75 25.55 0 -9.75 25.05 0 -9.31 22.55 0 -9.31
4 0 22.05 0 -9.75 22.55 0 -10.19 25.05 0 -10.19 25.55 0 -9.75
4 0 22.05 0 -11.05 25.55 0 -11.05 25.05 0 -10.61 22.55 0 -10.61
4 0 22.05 0 -11.05 22.55 0 -11.49 25.05 0 -11.49 25.55 0 -11.05
4 0 25.45 0 -3.9 28.95 0 -3.9 28.45 0 -3.46 25.95 0 -3.46
4 0 25.45 0 -3.9 25.95 0 -4.34 28.45 0 -4.34 28.95 0 -3.9
4 0 25.45 0 -5.2 28.95 0 -5.2 28.45 0 -4.76 25.95 0 -4.76
4 0 25.45 0 -5.2 25.95 0 -5.64 28.45 0 -5.64 28.95 0 -5.2
4 0 25.45 0 -6.5 28.95 0 -6.5 28.45 0 -6.06 25.95 0 -6.06
4 0 25.45 0 -6.5 25.95 0 -6.94 28.45 0 -6.94 28.95 0 -6.5
4 0 25.45 0 -7.8 28.95 0 -7.8 28.45 0 -7.36 25.95 0 -7.36
4 0 25.45 0 -7.8 25.95 0 -8.24 28.45 0 -8.24 28.95 0 -7.8
4 0 25.45 0 -9.1 28.95 0 -9.1 28.45 0 -8.66 25.95 0 -8.66
4 0 25.45 0 -9.1 25.95 0 -9.54 28.45 0 -9.54 28.95 0 -9.1
4 0 25.45 0 -10.4 28.95 0 -10.4 28.45 0 -9.96 25.95 0 -9.96
4 0 25.95 0 -10.84 28.45 0 -10.84 28.95 0 -10.4 25.45 0 -10.4
4 0 25.45 0 -11.7 28.95 0 -11.7 28.45 0 -11.26 25.95 0 -11.26
3 0 25.45 0 -11.7 28.7227 0 -11.9 28.95 0 -11.7
4 0 28.85 0 -3.25 29.35 0 -3.69 31.85 0 -3.69 32.35 0 -3.25
4 0 28.85 0 -4.55 32.35 0 -4.55 31.85 0 -4.11 29.35 0 -4.11
4 0 28.85 0 -4.55 29.35 0 -4.99 31.85 0 -4.99 32.35 0 -4.55
4 0 28.85 0 -5.85 32.35 0 -5.85 31.85 0 -5.41 29.35 0 -5.41
4 0 28.85 0 -5.85 29.35 0 -6.29 31.85 0 -6.29 32.35 0 -5.85
4 0 28.85 0 -7.15 32.35 0 -7.15 31.85 0 -6.71 29.35 0 -6.71
4 0 28.85 0 -7.15 29.35 0 -7.59 31.85 0 -7.59 32.35 0 -7.15
4 0 28.85 0 -8.45 32.35 0 -8.45 31.85 0 -8.01 29.35 0 -8.01
4 0 28.85 0 -8.45 29.35 0 -8.89 31.85 0 -8.89 32.35 0 -8.45
4 0 28.85 0 -9.75 32.35 0 -9.75 31.85 0 -9.31 29.35 0 -9.31
4 0 28.85 0 -9.75 29.35 0 -10.19 31.85 0 -10.19 32.35 0 -9.75
3 0 28.85 0 -11.05 31.5838 0 -10.61 29.35 0 -10.61
4 0 28.85 0 -11.05 29.35 0 -11.49 30.433 0 -11.49 31.5838 0 -10.61
3 0 32.25 0 -3.9 32.9 0 -3.46 32.75 0 -3.46
4 0 32.25 0 -3.9 32.75 0 -4.34 32.9 0 -4.34 32.9 0 -3.46
3 0 32.25 0 -5.2 32.9 0 -4.76 32.75 0 -4.76
4 0 32.25 0 -5.2 32.75 0 -5.64 32.9 0 -5.64 32.9 0 -4.76
4 0 32.25 0 -6.5 32.75 0 -6.94 32.9 0 -6.94 32.75 0 -6.06
4 0 32.25 0 -7.8 32.75 0 -8.24 32.9 0 -8.24 32.75 0 -7.36
4 0 32.25 0 -9.1 32.75 0 -9.54 32.9 0 -9.54 32.75 0 -8.66
0 // Light grey grille
4 71 1.75 0 9.96 2.15 0 10.17 1.8886 0 10.4 1.25 0 10.4
4 71 1.75 0 9.96 5.05 0 9.96 4.65 0 10.17 2.15 0 10.17
4 71 1.75 0 9.96 2.15 0 9.75 4.65 0 9.75 5.05 0 9.96
4 71 1.75 0 9.96 1.25 0 9.52 1.65 0 9.31 2.15 0 9.75
4 71 1.75 0 8.66 2.15 0 8.87 1.65 0 9.31 1.25 0 9.1
4 71 1.75 0 8.66 5.05 0 8.66 4.65 0 8.87 2.15 0 8.87
4 71 1.75 0 8.66 2.15 0 8.45 4.65 0 8.45 5.05 0 8.66
4 71 1.75 0 8.66 1.25 0 8.22 1.65 0 8.01 2.15 0 8.45
4 71 1.75 0 7.36 2.15 0 7.57 1.65 0 8.01 1.25 0 7.8
4 71 1.75 0 7.36 5.05 0 7.36 4.65 0 7.57 2.15 0 7.57
4 71 1.75 0 7.36 2.15 0 7.15 4.65 0 7.15 5.05 0 7.36
4 71 1.75 0 7.36 1.25 0 6.92 1.65 0 6.71 2.15 0 7.15
4 71 1.75 0 6.06 2.15 0 6.27 1.65 0 6.71 1.25 0 6.5
4 71 1.75 0 6.06 5.05 0 6.06 4.65 0 6.27 2.15 0 6.27
4 71 1.75 0 6.06 2.15 0 5.85 4.65 0 5.85 5.05 0 6.06
4 71 1.75 0 6.06 1.25 0 5.62 1.65 0 5.41 2.15 0 5.85
4 71 1.75 0 4.76 2.15 0 4.97 1.65 0 5.41 1.25 0 5.2
4 71 1.75 0 4.76 5.05 0 4.76 4.65 0 4.97 2.15 0 4.97
4 71 1.75 0 4.76 2.15 0 4.55 4.65 0 4.55 5.05 0 4.76
4 71 1.75 0 4.76 1.25 0 4.32 1.65 0 4.11 2.15 0 4.55
4 71 1.75 0 3.46 2.15 0 3.67 1.65 0 4.11 1.25 0 3.9
4 71 1.75 0 3.46 5.05 0 3.46 4.65 0 3.67 2.15 0 3.67
4 71 4.9114 0 10.4 4.65 0 10.17 5.05 0 9.96 5.55 0 10.4
4 71 5.15 0 9.31 5.55 0 9.52 5.05 0 9.96 4.65 0 9.75
4 71 5.15 0 9.31 8.45 0 9.31 8.05 0 9.52 5.55 0 9.52
4 71 5.15 0 9.31 5.55 0 9.1 8.05 0 9.1 8.45 0 9.31
4 71 5.15 0 9.31 4.65 0 8.87 5.05 0 8.66 5.55 0 9.1
4 71 5.15 0 8.01 5.55 0 8.22 5.05 0 8.66 4.65 0 8.45
4 71 5.15 0 8.01 8.45 0 8.01 8.05 0 8.22 5.55 0 8.22
4 71 5.15 0 8.01 5.55 0 7.8 8.05 0 7.8 8.45 0 8.01
4 71 5.15 0 8.01 4.65 0 7.57 5.05 0 7.36 5.55 0 7.8
4 71 5.15 0 6.71 5.55 0 6.92 5.05 0 7.36 4.65 0 7.15
4 71 5.15 0 6.71 8.45 0 6.71 8.05 0 6.92 5.55 0 6.92
4 71 5.15 0 6.71 5.55 0 6.5 8.05 0 6.5 8.45 0 6.71
4 71 5.15 0 6.71 4.65 0 6.27 5.05 0 6.06 5.55 0 6.5
4 71 5.15 0 5.41 5.55 0 5.62 5.05 0 6.06 4.65 0 5.85
4 71 5.15 0 5.41 8.45 0 5.41 8.05 0 5.62 5.55 0 5.62
4 71 5.15 0 5.41 5.55 0 5.2 8.05 0 5.2 8.45 0 5.41
4 71 5.15 0 5.41 4.65 0 4.97 5.05 0 4.76 5.55 0 5.2
4 71 5.15 0 4.11 5.55 0 4.32 5.05 0 4.76 4.65 0 4.55
4 71 5.15 0 4.11 8.45 0 4.11 8.05 0 4.32 5.55 0 4.32
4 71 5.15 0 4.11 5.55 0 3.9 8.05 0 3.9 8.45 0 4.11
4 71 5.15 0 4.11 4.65 0 3.67 5.05 0 3.46 5.55 0 3.9
4 71 8.55 0 9.96 8.95 0 10.17 8.6886 0 10.4 8.05 0 10.4
4 71 8.55 0 9.96 11.85 0 9.96 11.45 0 10.17 8.95 0 10.17
4 71 8.55 0 9.96 8.95 0 9.75 11.45 0 9.75 11.85 0 9.96
4 71 8.55 0 9.96 8.05 0 9.52 8.45 0 9.31 8.95 0 9.75
4 71 8.55 0 8.66 8.95 0 8.87 8.45 0 9.31 8.05 0 9.1
4 71 8.55 0 8.66 11.85 0 8.66 11.45 0 8.87 8.95 0 8.87
4 71 8.55 0 8.66 8.95 0 8.45 11.45 0 8.45 11.85 0 8.66
4 71 8.55 0 8.66 8.05 0 8.22 8.45 0 8.01 8.95 0 8.45
4 71 8.55 0 7.36 8.95 0 7.57 8.45 0 8.01 8.05 0 7.8
4 71 8.55 0 7.36 11.85 0 7.36 11.45 0 7.57 8.95 0 7.57
4 71 8.55 0 7.36 8.95 0 7.15 11.45 0 7.15 11.85 0 7.36
4 71 8.55 0 7.36 8.05 0 6.92 8.45 0 6.71 8.95 0 7.15
4 71 8.55 0 6.06 8.95 0 6.27 8.45 0 6.71 8.05 0 6.5
4 71 8.55 0 6.06 11.85 0 6.06 11.45 0 6.27 8.95 0 6.27
4 71 8.55 0 6.06 8.95 0 5.85 11.45 0 5.85 11.85 0 6.06
4 71 8.55 0 6.06 8.05 0 5.62 8.45 0 5.41 8.95 0 5.85
4 71 8.55 0 4.76 8.95 0 4.97 8.45 0 5.41 8.05 0 5.2
4 71 8.55 0 4.76 11.85 0 4.76 11.45 0 4.97 8.95 0 4.97
4 71 8.55 0 4.76 8.95 0 4.55 11.45 0 4.55 11.85 0 4.76
4 71 8.55 0 4.76 8.05 0 4.32 8.45 0 4.11 8.95 0 4.55
4 71 8.55 0 3.46 8.95 0 3.67 8.45 0 4.11 8.05 0 3.9
4 71 8.55 0 3.46 11.85 0 3.46 11.45 0 3.67 8.95 0 3.67
4 71 11.7114 0 10.4 11.45 0 10.17 11.85 0 9.96 12.35 0 10.4
4 71 11.95 0 9.31 12.35 0 9.52 11.85 0 9.96 11.45 0 9.75
4 71 11.95 0 9.31 15.25 0 9.31 14.85 0 9.52 12.35 0 9.52
4 71 11.95 0 9.31 12.35 0 9.1 14.85 0 9.1 15.25 0 9.31
4 71 11.95 0 9.31 11.45 0 8.87 11.85 0 8.66 12.35 0 9.1
4 71 11.95 0 8.01 12.35 0 8.22 11.85 0 8.66 11.45 0 8.45
4 71 11.95 0 8.01 15.25 0 8.01 14.85 0 8.22 12.35 0 8.22
4 71 11.95 0 8.01 12.35 0 7.8 14.85 0 7.8 15.25 0 8.01
4 71 11.95 0 8.01 11.45 0 7.57 11.85 0 7.36 12.35 0 7.8
4 71 11.95 0 6.71 12.35 0 6.92 11.85 0 7.36 11.45 0 7.15
4 71 11.95 0 6.71 15.25 0 6.71 14.85 0 6.92 12.35 0 6.92
4 71 11.95 0 6.71 12.35 0 6.5 14.85 0 6.5 15.25 0 6.71
4 71 11.95 0 6.71 11.45 0 6.27 11.85 0 6.06 12.35 0 6.5
4 71 11.95 0 5.41 12.35 0 5.62 11.85 0 6.06 11.45 0 5.85
4 71 11.95 0 5.41 15.25 0 5.41 14.85 0 5.62 12.35 0 5.62
4 71 11.95 0 5.41 12.35 0 5.2 14.85 0 5.2 15.25 0 5.41
4 71 11.95 0 5.41 11.45 0 4.97 11.85 0 4.76 12.35 0 5.2
4 71 11.95 0 4.11 12.35 0 4.32 11.85 0 4.76 11.45 0 4.55
4 71 11.95 0 4.11 15.25 0 4.11 14.85 0 4.32 12.35 0 4.32
4 71 11.95 0 4.11 12.35 0 3.9 14.85 0 3.9 15.25 0 4.11
4 71 11.95 0 4.11 11.45 0 3.67 11.85 0 3.46 12.35 0 3.9
4 71 15.35 0 9.96 15.75 0 10.17 15.4886 0 10.4 14.85 0 10.4
4 71 15.35 0 9.96 18.65 0 9.96 18.25 0 10.17 15.75 0 10.17
4 71 15.35 0 9.96 15.75 0 9.75 18.25 0 9.75 18.65 0 9.96
4 71 15.35 0 9.96 14.85 0 9.52 15.25 0 9.31 15.75 0 9.75
4 71 15.35 0 8.66 15.75 0 8.87 15.25 0 9.31 14.85 0 9.1
4 71 15.35 0 8.66 18.65 0 8.66 18.25 0 8.87 15.75 0 8.87
4 71 15.35 0 8.66 15.75 0 8.45 18.25 0 8.45 18.65 0 8.66
4 71 15.35 0 8.66 14.85 0 8.22 15.25 0 8.01 15.75 0 8.45
4 71 15.35 0 7.36 15.75 0 7.57 15.25 0 8.01 14.85 0 7.8
4 71 15.35 0 7.36 18.65 0 7.36 18.25 0 7.57 15.75 0 7.57
4 71 15.35 0 7.36 15.75 0 7.15 18.25 0 7.15 18.65 0 7.36
4 71 15.35 0 7.36 14.85 0 6.92 15.25 0 6.71 15.75 0 7.15
4 71 15.35 0 6.06 15.75 0 6.27 15.25 0 6.71 14.85 0 6.5
4 71 15.35 0 6.06 18.65 0 6.06 18.25 0 6.27 15.75 0 6.27
4 71 15.35 0 6.06 15.75 0 5.85 18.25 0 5.85 18.65 0 6.06
4 71 15.35 0 6.06 14.85 0 5.62 15.25 0 5.41 15.75 0 5.85
4 71 15.35 0 4.76 15.75 0 4.97 15.25 0 5.41 14.85 0 5.2
4 71 15.35 0 4.76 18.65 0 4.76 18.25 0 4.97 15.75 0 4.97
4 71 15.35 0 4.76 15.75 0 4.55 18.25 0 4.55 18.65 0 4.76
4 71 15.35 0 4.76 14.85 0 4.32 15.25 0 4.11 15.75 0 4.55
4 71 15.35 0 3.46 15.75 0 3.67 15.25 0 4.11 14.85 0 3.9
4 71 15.35 0 3.46 18.65 0 3.46 18.25 0 3.67 15.75 0 3.67
4 71 18.75 0 10.61 19.15 0 10.82 18.9078 0 11.0331 18.5006 0 10.8295
4 71 18.75 0 10.61 22.05 0 10.61 21.65 0 10.82 19.15 0 10.82
4 71 18.75 0 10.61 19.15 0 10.4 21.65 0 10.4 22.05 0 10.61
4 71 18.75 0 10.61 18.25 0 10.17 18.65 0 9.96 19.15 0 10.4
4 71 18.75 0 9.31 19.15 0 9.52 18.65 0 9.96 18.25 0 9.75
4 71 18.75 0 9.31 22.05 0 9.31 21.65 0 9.52 19.15 0 9.52
4 71 18.75 0 9.31 19.15 0 9.1 21.65 0 9.1 22.05 0 9.31
4 71 18.75 0 9.31 18.25 0 8.87 18.65 0 8.66 19.15 0 9.1
4 71 18.75 0 8.01 19.15 0 8.22 18.65 0 8.66 18.25 0 8.45
4 71 18.75 0 8.01 22.05 0 8.01 21.65 0 8.22 19.15 0 8.22
4 71 18.75 0 8.01 19.15 0 7.8 21.65 0 7.8 22.05 0 8.01
4 71 18.75 0 8.01 18.25 0 7.57 18.65 0 7.36 19.15 0 7.8
4 71 18.75 0 6.71 19.15 0 6.92 18.65 0 7.36 18.25 0 7.15
4 71 18.75 0 6.71 22.05 0 6.71 21.65 0 6.92 19.15 0 6.92
4 71 18.75 0 6.71 19.15 0 6.5 21.65 0 6.5 22.05 0 6.71
4 71 18.75 0 6.71 18.25 0 6.27 18.65 0 6.06 19.15 0 6.5
4 71 18.75 0 5.41 19.15 0 5.62 18.65 0 6.06 18.25 0 5.85
4 71 18.75 0 5.41 22.05 0 5.41 21.65 0 5.62 19.15 0 5.62
4 71 18.75 0 5.41 19.15 0 5.2 21.65 0 5.2 22.05 0 5.41
4 71 18.75 0 5.41 18.25 0 4.97 18.65 0 4.76 19.15 0 5.2
4 71 18.75 0 4.11 19.15 0 4.32 18.65 0 4.76 18.25 0 4.55
4 71 18.75 0 4.11 22.05 0 4.11 21.65 0 4.32 19.15 0 4.32
4 71 18.75 0 4.11 19.15 0 3.9 21.65 0 3.9 22.05 0 4.11
4 71 18.75 0 4.11 18.25 0 3.67 18.65 0 3.46 19.15 0 3.9
4 71 22.05 0 11.91 20.6416 0 11.9 20.2416 0 11.7 21.65 0 11.7
4 71 22.15 0 11.26 22.55 0 11.47 22.05 0 11.91 21.65 0 11.7
4 71 22.15 0 11.26 25.45 0 11.26 25.05 0 11.47 22.55 0 11.47
4 71 22.15 0 11.26 22.55 0 11.05 25.05 0 11.05 25.45 0 11.26
4 71 22.15 0 11.26 21.65 0 10.82 22.05 0 10.61 22.55 0 11.05
4 71 22.15 0 9.96 22.55 0 10.17 22.05 0 10.61 21.65 0 10.4
4 71 22.15 0 9.96 25.45 0 9.96 25.05 0 10.17 22.55 0 10.17
4 71 22.15 0 9.96 22.55 0 9.75 25.05 0 9.75 25.45 0 9.96
4 71 22.15 0 9.96 21.65 0 9.52 22.05 0 9.31 22.55 0 9.75
4 71 22.15 0 8.66 22.55 0 8.87 22.05 0 9.31 21.65 0 9.1
4 71 22.15 0 8.66 25.45 0 8.66 25.05 0 8.87 22.55 0 8.87
4 71 22.15 0 8.66 22.55 0 8.45 25.05 0 8.45 25.45 0 8.66
4 71 22.15 0 8.66 21.65 0 8.22 22.05 0 8.01 22.55 0 8.45
4 71 22.15 0 7.36 22.55 0 7.57 22.05 0 8.01 21.65 0 7.8
4 71 22.15 0 7.36 25.45 0 7.36 25.05 0 7.57 22.55 0 7.57
4 71 22.15 0 7.36 22.55 0 7.15 25.05 0 7.15 25.45 0 7.36
4 71 22.15 0 7.36 21.65 0 6.92 22.05 0 6.71 22.55 0 7.15
4 71 22.15 0 6.06 22.55 0 6.27 22.05 0 6.71 21.65 0 6.5
4 71 22.15 0 6.06 25.45 0 6.06 25.05 0 6.27 22.55 0 6.27
4 71 22.15 0 6.06 22.55 0 5.85 25.05 0 5.85 25.45 0 6.06
4 71 22.15 0 6.06 21.65 0 5.62 22.05 0 5.41 22.55 0 5.85
4 71 22.15 0 4.76 22.55 0 4.97 22.05 0 5.41 21.65 0 5.2
4 71 22.15 0 4.76 25.45 0 4.76 25.05 0 4.97 22.55 0 4.97
4 71 22.15 0 4.76 22.55 0 4.55 25.05 0 4.55 25.45 0 4.76
4 71 22.15 0 4.76 21.65 0 4.32 22.05 0 4.11 22.55 0 4.55
4 71 22.15 0 3.46 22.55 0 3.67 22.05 0 4.11 21.65 0 3.9
4 71 22.15 0 3.46 25.45 0 3.46 25.05 0 3.67 22.55 0 3.67
4 71 25.55 0 11.91 25.95 0 11.7 28.45 0 11.7 28.5841 0 11.9
4 71 25.55 0 11.91 25.05 0 11.47 25.45 0 11.26 25.95 0 11.7
4 71 25.55 0 10.61 25.95 0 10.82 25.45 0 11.26 25.05 0 11.05
4 71 25.55 0 10.61 28.85 0 10.61 28.45 0 10.82 25.95 0 10.82
4 71 25.55 0 10.61 25.95 0 10.4 28.45 0 10.4 28.85 0 10.61
4 71 25.55 0 10.61 25.05 0 10.17 25.45 0 9.96 25.95 0 10.4
4 71 25.55 0 9.31 25.95 0 9.52 25.45 0 9.96 25.05 0 9.75
4 71 25.55 0 9.31 28.85 0 9.31 28.45 0 9.52 25.95 0 9.52
4 71 25.55 0 9.31 25.95 0 9.1 28.45 0 9.1 28.85 0 9.31
4 71 25.55 0 9.31 25.05 0 8.87 25.45 0 8.66 25.95 0 9.1
4 71 25.55 0 8.01 25.95 0 8.22 25.45 0 8.66 25.05 0 8.45
4 71 25.55 0 8.01 28.85 0 8.01 28.45 0 8.22 25.95 0 8.22
4 71 25.55 0 8.01 25.95 0 7.8 28.45 0 7.8 28.85 0 8.01
4 71 25.55 0 8.01 25.05 0 7.57 25.45 0 7.36 25.95 0 7.8
4 71 25.55 0 6.71 25.95 0 6.92 25.45 0 7.36 25.05 0 7.15
4 71 25.55 0 6.71 28.85 0 6.71 28.45 0 6.92 25.95 0 6.92
4 71 25.55 0 6.71 25.95 0 6.5 28.45 0 6.5 28.85 0 6.71
4 71 25.55 0 6.71 25.05 0 6.27 25.45 0 6.06 25.95 0 6.5
4 71 25.55 0 5.41 25.95 0 5.62 25.45 0 6.06 25.05 0 5.85
4 71 25.55 0 5.41 28.85 0 5.41 28.45 0 5.62 25.95 0 5.62
4 71 25.55 0 5.41 25.95 0 5.2 28.45 0 5.2 28.85 0 5.41
4 71 25.55 0 5.41 25.05 0 4.97 25.45 0 4.76 25.95 0 5.2
4 71 25.55 0 4.11 25.95 0 4.32 25.45 0 4.76 25.05 0 4.55
4 71 25.55 0 4.11 28.85 0 4.11 28.45 0 4.32 25.95 0 4.32
4 71 25.55 0 4.11 25.95 0 3.9 28.45 0 3.9 28.85 0 4.11
4 71 25.55 0 4.11 25.05 0 3.67 25.45 0 3.46 25.95 0 3.9
3 71 28.95 0 11.26 28.5841 0 11.9 28.45 0 11.7
3 71 28.95 0 11.26 29.2364 0 10.95 28.5841 0 11.9
4 71 28.95 0 11.26 28.45 0 10.82 28.85 0 10.61 29.2364 0 10.95
4 71 28.95 0 9.96 29.35 0 10.17 28.85 0 10.61 28.45 0 10.4
4 71 28.95 0 9.96 30.0603 0 9.75 29.7719 0 10.17 29.35 0 10.17
3 71 28.95 0 9.96 29.35 0 9.75 30.0603 0 9.75
4 71 28.95 0 9.96 28.45 0 9.52 28.85 0 9.31 29.35 0 9.75
4 71 28.95 0 8.66 29.35 0 8.87 28.85 0 9.31 28.45 0 9.1
4 71 28.95 0 8.66 30.9528 0 8.45 30.6644 0 8.87 29.35 0 8.87
3 71 28.95 0 8.66 29.35 0 8.45 30.9528 0 8.45
4 71 28.95 0 8.66 28.45 0 8.22 28.85 0 8.01 29.35 0 8.45
4 71 28.95 0 7.36 29.35 0 7.57 28.85 0 8.01 28.45 0 7.8
4 71 28.95 0 7.36 31.8453 0 7.15 31.557 0 7.57 29.35 0 7.57
3 71 28.95 0 7.36 29.35 0 7.15 31.8453 0 7.15
4 71 28.95 0 7.36 28.45 0 6.92 28.85 0 6.71 29.35 0 7.15
4 71 28.95 0 6.06 29.35 0 6.27 28.85 0 6.71 28.45 0 6.5
4 71 28.95 0 6.06 32.25 0 6.06 31.85 0 6.27 29.35 0 6.27
4 71 28.95 0 6.06 29.35 0 5.85 31.85 0 5.85 32.25 0 6.06
4 71 28.95 0 6.06 28.45 0 5.62 28.85 0 5.41 29.35 0 5.85
4 71 28.95 0 4.76 29.35 0 4.97 28.85 0 5.41 28.45 0 5.2
4 71 28.95 0 4.76 32.25 0 4.76 31.85 0 4.97 29.35 0 4.97
4 71 28.95 0 4.76 29.35 0 4.55 31.85 0 4.55 32.25 0 4.76
4 71 28.95 0 4.76 28.45 0 4.32 28.85 0 4.11 29.35 0 4.55
4 71 28.95 0 3.46 29.35 0 3.67 28.85 0 4.11 28.45 0 3.9
4 71 28.95 0 3.46 32.25 0 3.46 31.85 0 3.67 29.35 0 3.67
4 71 32.2237 0 6.5989 31.85 0 6.27 32.25 0 6.06 32.4642 0 6.2485
4 71 32.35 0 5.41 32.75 0 5.62 32.25 0 6.06 31.85 0 5.85
4 71 32.35 0 5.41 32.9 0 5.2 32.8958 0 5.62 32.75 0 5.62
3 71 32.35 0 5.41 32.75 0 5.2 32.9 0 5.2
4 71 32.35 0 5.41 31.85 0 4.97 32.25 0 4.76 32.75 0 5.2
4 71 32.35 0 4.11 32.75 0 4.32 32.25 0 4.76 31.85 0 4.55
4 71 32.35 0 4.11 32.9 0 3.9 32.9 0 4.32 32.75 0 4.32
3 71 32.35 0 4.11 32.75 0 3.9 32.9 0 3.9
4 71 32.35 0 4.11 31.85 0 3.67 32.25 0 3.46 32.75 0 3.9
4 71 1.75 0 -3.9 2.15 0 -3.69 1.65 0 -3.25 1.25 0 -3.46
4 71 1.75 0 -3.9 5.05 0 -3.9 4.65 0 -3.69 2.15 0 -3.69
4 71 1.75 0 -3.9 2.15 0 -4.11 4.65 0 -4.11 5.05 0 -3.9
4 71 1.75 0 -3.9 1.25 0 -4.34 1.65 0 -4.55 2.15 0 -4.11
4 71 1.75 0 -5.2 2.15 0 -4.99 1.65 0 -4.55 1.25 0 -4.76
4 71 1.75 0 -5.2 5.05 0 -5.2 4.65 0 -4.99 2.15 0 -4.99
4 71 1.75 0 -5.2 2.15 0 -5.41 4.65 0 -5.41 5.05 0 -5.2
4 71 1.75 0 -5.2 1.25 0 -5.64 1.65 0 -5.85 2.15 0 -5.41
4 71 1.75 0 -6.5 2.15 0 -6.29 1.65 0 -5.85 1.25 0 -6.06
4 71 1.75 0 -6.5 5.05 0 -6.5 4.65 0 -6.29 2.15 0 -6.29
4 71 1.75 0 -6.5 2.15 0 -6.71 4.65 0 -6.71 5.05 0 -6.5
4 71 1.75 0 -6.5 1.25 0 -6.94 1.65 0 -7.15 2.15 0 -6.71
4 71 1.75 0 -7.8 2.15 0 -7.59 1.65 0 -7.15 1.25 0 -7.36
4 71 1.75 0 -7.8 5.05 0 -7.8 4.65 0 -7.59 2.15 0 -7.59
4 71 1.75 0 -7.8 2.15 0 -8.01 4.65 0 -8.01 5.05 0 -7.8
4 71 1.75 0 -7.8 1.25 0 -8.24 1.65 0 -8.45 2.15 0 -8.01
4 71 1.75 0 -9.1 2.15 0 -8.89 1.65 0 -8.45 1.25 0 -8.66
4 71 1.75 0 -9.1 5.05 0 -9.1 4.65 0 -8.89 2.15 0 -8.89
4 71 1.75 0 -9.1 2.15 0 -9.31 4.65 0 -9.31 5.05 0 -9.1
4 71 1.75 0 -9.1 1.25 0 -9.54 1.65 0 -9.75 2.15 0 -9.31
4 71 1.75 0 -10.4 2.15 0 -10.19 1.65 0 -9.75 1.25 0 -9.96
4 71 1.75 0 -10.4 5.05 0 -10.4 4.65 0 -10.19 2.15 0 -10.19
4 71 5.15 0 -3.25 5.55 0 -3.46 8.05 0 -3.46 8.45 0 -3.25
4 71 5.15 0 -3.25 4.65 0 -3.69 5.05 0 -3.9 5.55 0 -3.46
4 71 5.15 0 -4.55 5.55 0 -4.34 5.05 0 -3.9 4.65 0 -4.11
4 71 5.15 0 -4.55 8.45 0 -4.55 8.05 0 -4.34 5.55 0 -4.34
4 71 5.15 0 -4.55 5.55 0 -4.76 8.05 0 -4.76 8.45 0 -4.55
4 71 5.15 0 -4.55 4.65 0 -4.99 5.05 0 -5.2 5.55 0 -4.76
4 71 5.15 0 -5.85 5.55 0 -5.64 5.05 0 -5.2 4.65 0 -5.41
4 71 5.15 0 -5.85 8.45 0 -5.85 8.05 0 -5.64 5.55 0 -5.64
4 71 5.15 0 -5.85 5.55 0 -6.06 8.05 0 -6.06 8.45 0 -5.85
4 71 5.15 0 -5.85 4.65 0 -6.29 5.05 0 -6.5 5.55 0 -6.06
4 71 5.15 0 -7.15 5.55 0 -6.94 5.05 0 -6.5 4.65 0 -6.71
4 71 5.15 0 -7.15 8.45 0 -7.15 8.05 0 -6.94 5.55 0 -6.94
4 71 5.15 0 -7.15 5.55 0 -7.36 8.05 0 -7.36 8.45 0 -7.15
4 71 5.15 0 -7.15 4.65 0 -7.59 5.05 0 -7.8 5.55 0 -7.36
4 71 5.15 0 -8.45 5.55 0 -8.24 5.05 0 -7.8 4.65 0 -8.01
4 71 5.15 0 -8.45 8.45 0 -8.45 8.05 0 -8.24 5.55 0 -8.24
4 71 5.15 0 -8.45 5.55 0 -8.66 8.05 0 -8.66 8.45 0 -8.45
4 71 5.15 0 -8.45 4.65 0 -8.89 5.05 0 -9.1 5.55 0 -8.66
4 71 5.15 0 -9.75 5.55 0 -9.54 5.05 0 -9.1 4.65 0 -9.31
4 71 5.15 0 -9.75 8.45 0 -9.75 8.05 0 -9.54 5.55 0 -9.54
4 71 5.15 0 -9.75 5.55 0 -9.96 8.05 0 -9.96 8.45 0 -9.75
4 71 5.15 0 -9.75 4.65 0 -10.19 5.05 0 -10.4 5.55 0 -9.96
4 71 8.55 0 -3.9 8.95 0 -3.69 8.45 0 -3.25 8.05 0 -3.46
4 71 8.55 0 -3.9 11.85 0 -3.9 11.45 0 -3.69 8.95 0 -3.69
4 71 8.55 0 -3.9 8.95 0 -4.11 11.45 0 -4.11 11.85 0 -3.9
4 71 8.55 0 -3.9 8.05 0 -4.34 8.45 0 -4.55 8.95 0 -4.11
4 71 8.55 0 -5.2 8.95 0 -4.99 8.45 0 -4.55 8.05 0 -4.76
4 71 8.55 0 -5.2 11.85 0 -5.2 11.45 0 -4.99 8.95 0 -4.99
4 71 8.55 0 -5.2 8.95 0 -5.41 11.45 0 -5.41 11.85 0 -5.2
4 71 8.55 0 -5.2 8.05 0 -5.64 8.45 0 -5.85 8.95 0 -5.41
4 71 8.55 0 -6.5 8.95 0 -6.29 8.45 0 -5.85 8.05 0 -6.06
4 71 8.55 0 -6.5 11.85 0 -6.5 11.45 0 -6.29 8.95 0 -6.29
4 71 8.55 0 -6.5 8.95 0 -6.71 11.45 0 -6.71 11.85 0 -6.5
4 71 8.55 0 -6.5 8.05 0 -6.94 8.45 0 -7.15 8.95 0 -6.71
4 71 8.55 0 -7.8 8.95 0 -7.59 8.45 0 -7.15 8.05 0 -7.36
4 71 8.55 0 -7.8 11.85 0 -7.8 11.45 0 -7.59 8.95 0 -7.59
4 71 8.55 0 -7.8 8.95 0 -8.01 11.45 0 -8.01 11.85 0 -7.8
4 71 8.55 0 -7.8 8.05 0 -8.24 8.45 0 -8.45 8.95 0 -8.01
4 71 8.55 0 -9.1 8.95 0 -8.89 8.45 0 -8.45 8.05 0 -8.66
4 71 8.55 0 -9.1 11.85 0 -9.1 11.45 0 -8.89 8.95 0 -8.89
4 71 8.55 0 -9.1 8.95 0 -9.31 11.45 0 -9.31 11.85 0 -9.1
4 71 8.55 0 -9.1 8.05 0 -9.54 8.45 0 -9.75 8.95 0 -9.31
4 71 8.55 0 -10.4 8.95 0 -10.19 8.45 0 -9.75 8.05 0 -9.96
4 71 8.55 0 -10.4 11.85 0 -10.4 11.45 0 -10.19 8.95 0 -10.19
4 71 11.95 0 -3.25 12.35 0 -3.46 14.85 0 -3.46 15.25 0 -3.25
4 71 11.95 0 -3.25 11.45 0 -3.69 11.85 0 -3.9 12.35 0 -3.46
4 71 11.95 0 -4.55 12.35 0 -4.34 11.85 0 -3.9 11.45 0 -4.11
4 71 11.95 0 -4.55 15.25 0 -4.55 14.85 0 -4.34 12.35 0 -4.34
4 71 11.95 0 -4.55 12.35 0 -4.76 14.85 0 -4.76 15.25 0 -4.55
4 71 11.95 0 -4.55 11.45 0 -4.99 11.85 0 -5.2 12.35 0 -4.76
4 71 11.95 0 -5.85 12.35 0 -5.64 11.85 0 -5.2 11.45 0 -5.41
4 71 11.95 0 -5.85 15.25 0 -5.85 14.85 0 -5.64 12.35 0 -5.64
4 71 11.95 0 -5.85 12.35 0 -6.06 14.85 0 -6.06 15.25 0 -5.85
4 71 11.95 0 -5.85 11.45 0 -6.29 11.85 0 -6.5 12.35 0 -6.06
4 71 11.95 0 -7.15 12.35 0 -6.94 11.85 0 -6.5 11.45 0 -6.71
4 71 11.95 0 -7.15 15.25 0 -7.15 14.85 0 -6.94 12.35 0 -6.94
4 71 11.95 0 -7.15 12.35 0 -7.36 14.85 0 -7.36 15.25 0 -7.15
4 71 11.95 0 -7.15 11.45 0 -7.59 11.85 0 -7.8 12.35 0 -7.36
4 71 11.95 0 -8.45 12.35 0 -8.24 11.85 0 -7.8 11.45 0 -8.01
4 71 11.95 0 -8.45 15.25 0 -8.45 14.85 0 -8.24 12.35 0 -8.24
4 71 11.95 0 -8.45 12.35 0 -8.66 14.85 0 -8.66 15.25 0 -8.45
4 71 11.95 0 -8.45 11.45 0 -8.89 11.85 0 -9.1 12.35 0 -8.66
4 71 11.95 0 -9.75 12.35 0 -9.54 11.85 0 -9.1 11.45 0 -9.31
4 71 11.95 0 -9.75 15.25 0 -9.75 14.85 0 -9.54 12.35 0 -9.54
4 71 11.95 0 -9.75 12.35 0 -9.96 14.85 0 -9.96 15.25 0 -9.75
4 71 11.95 0 -9.75 11.45 0 -10.19 11.85 0 -10.4 12.35 0 -9.96
4 71 15.35 0 -3.9 15.75 0 -3.69 15.25 0 -3.25 14.85 0 -3.46
4 71 15.35 0 -3.9 18.65 0 -3.9 18.25 0 -3.69 15.75 0 -3.69
4 71 15.35 0 -3.9 15.75 0 -4.11 18.25 0 -4.11 18.65 0 -3.9
4 71 15.35 0 -3.9 14.85 0 -4.34 15.25 0 -4.55 15.75 0 -4.11
4 71 15.35 0 -5.2 15.75 0 -4.99 15.25 0 -4.55 14.85 0 -4.76
4 71 15.35 0 -5.2 18.65 0 -5.2 18.25 0 -4.99 15.75 0 -4.99
4 71 15.35 0 -5.2 15.75 0 -5.41 18.25 0 -5.41 18.65 0 -5.2
4 71 15.35 0 -5.2 14.85 0 -5.64 15.25 0 -5.85 15.75 0 -5.41
4 71 15.35 0 -6.5 15.75 0 -6.29 15.25 0 -5.85 14.85 0 -6.06
4 71 15.35 0 -6.5 18.65 0 -6.5 18.25 0 -6.29 15.75 0 -6.29
4 71 15.35 0 -6.5 15.75 0 -6.71 18.25 0 -6.71 18.65 0 -6.5
4 71 15.35 0 -6.5 14.85 0 -6.94 15.25 0 -7.15 15.75 0 -6.71
4 71 15.35 0 -7.8 15.75 0 -7.59 15.25 0 -7.15 14.85 0 -7.36
4 71 15.35 0 -7.8 18.65 0 -7.8 18.25 0 -7.59 15.75 0 -7.59
4 71 15.35 0 -7.8 15.75 0 -8.01 18.25 0 -8.01 18.65 0 -7.8
4 71 15.35 0 -7.8 14.85 0 -8.24 15.25 0 -8.45 15.75 0 -8.01
4 71 15.35 0 -9.1 15.75 0 -8.89 15.25 0 -8.45 14.85 0 -8.66
4 71 15.35 0 -9.1 18.65 0 -9.1 18.25 0 -8.89 15.75 0 -8.89
4 71 15.35 0 -9.1 15.75 0 -9.31 18.25 0 -9.31 18.65 0 -9.1
4 71 15.35 0 -9.1 14.85 0 -9.54 15.25 0 -9.75 15.75 0 -9.31
4 71 15.35 0 -10.4 15.75 0 -10.19 15.25 0 -9.75 14.85 0 -9.96
4 71 15.35 0 -10.4 17.6416 0 -10.4 18.25 0 -10.19 15.75 0 -10.19
4 71 18.75 0 -3.25 19.15 0 -3.46 21.65 0 -3.46 22.05 0 -3.25
4 71 18.75 0 -3.25 18.25 0 -3.69 18.65 0 -3.9 19.15 0 -3.46
4 71 18.75 0 -4.55 19.15 0 -4.34 18.65 0 -3.9 18.25 0 -4.11
4 71 18.75 0 -4.55 22.05 0 -4.55 21.65 0 -4.34 19.15 0 -4.34
4 71 18.75 0 -4.55 19.15 0 -4.76 21.65 0 -4.76 22.05 0 -4.55
4 71 18.75 0 -4.55 18.25 0 -4.99 18.65 0 -5.2 19.15 0 -4.76
4 71 18.75 0 -5.85 19.15 0 -5.64 18.65 0 -5.2 18.25 0 -5.41
4 71 18.75 0 -5.85 22.05 0 -5.85 21.65 0 -5.64 19.15 0 -5.64
4 71 18.75 0 -5.85 19.15 0 -6.06 21.65 0 -6.06 22.05 0 -5.85
4 71 18.75 0 -5.85 18.25 0 -6.29 18.65 0 -6.5 19.15 0 -6.06
4 71 18.75 0 -7.15 19.15 0 -6.94 18.65 0 -6.5 18.25 0 -6.71
4 71 18.75 0 -7.15 22.05 0 -7.15 21.65 0 -6.94 19.15 0 -6.94
4 71 18.75 0 -7.15 19.15 0 -7.36 21.65 0 -7.36 22.05 0 -7.15
4 71 18.75 0 -7.15 18.25 0 -7.59 18.65 0 -7.8 19.15 0 -7.36
4 71 18.75 0 -8.45 19.15 0 -8.24 18.65 0 -7.8 18.25 0 -8.01
4 71 18.75 0 -8.45 22.05 0 -8.45 21.65 0 -8.24 19.15 0 -8.24
4 71 18.75 0 -8.45 19.15 0 -8.66 21.65 0 -8.66 22.05 0 -8.45
4 71 18.75 0 -8.45 18.25 0 -8.89 18.65 0 -9.1 19.15 0 -8.66
4 71 18.75 0 -9.75 19.15 0 -9.54 18.65 0 -9.1 18.25 0 -9.31
4 71 18.75 0 -9.75 22.05 0 -9.75 21.65 0 -9.54 19.15 0 -9.54
4 71 18.75 0 -9.75 19.15 0 -9.96 21.65 0 -9.96 22.05 0 -9.75
4 71 18.75 0 -9.75 18.25 0 -10.19 18.65 0 -10.4 19.15 0 -9.96
4 71 19.15 0 -10.84 18.65 0 -10.4 18.25 0 -10.19 17.6416 0 -10.4
3 71 19.15 0 -10.84 17.6416 0 -10.4 19.3616 0 -11.26
3 71 19.15 0 -10.84 19.3616 0 -11.26 21.65 0 -11.26
4 71 19.15 0 -10.84 21.65 0 -11.26 22.05 0 -11.05 21.65 0 -10.84
4 71 22.15 0 -3.9 22.55 0 -3.69 22.05 0 -3.25 21.65 0 -3.46
4 71 22.15 0 -3.9 25.45 0 -3.9 25.05 0 -3.69 22.55 0 -3.69
4 71 22.15 0 -3.9 22.55 0 -4.11 25.05 0 -4.11 25.45 0 -3.9
4 71 22.15 0 -3.9 21.65 0 -4.34 22.05 0 -4.55 22.55 0 -4.11
4 71 22.15 0 -5.2 22.55 0 -4.99 22.05 0 -4.55 21.65 0 -4.76
4 71 22.15 0 -5.2 25.45 0 -5.2 25.05 0 -4.99 22.55 0 -4.99
4 71 22.15 0 -5.2 22.55 0 -5.41 25.05 0 -5.41 25.45 0 -5.2
4 71 22.15 0 -5.2 21.65 0 -5.64 22.05 0 -5.85 22.55 0 -5.41
4 71 22.15 0 -6.5 22.55 0 -6.29 22.05 0 -5.85 21.65 0 -6.06
4 71 22.15 0 -6.5 25.45 0 -6.5 25.05 0 -6.29 22.55 0 -6.29
4 71 22.15 0 -6.5 22.55 0 -6.71 25.05 0 -6.71 25.45 0 -6.5
4 71 22.15 0 -6.5 21.65 0 -6.94 22.05 0 -7.15 22.55 0 -6.71
4 71 22.15 0 -7.8 22.55 0 -7.59 22.05 0 -7.15 21.65 0 -7.36
4 71 22.15 0 -7.8 25.45 0 -7.8 25.05 0 -7.59 22.55 0 -7.59
4 71 22.15 0 -7.8 22.55 0 -8.01 25.05 0 -8.01 25.45 0 -7.8
4 71 22.15 0 -7.8 21.65 0 -8.24 22.05 0 -8.45 22.55 0 -8.01
4 71 22.15 0 -9.1 22.55 0 -8.89 22.05 0 -8.45 21.65 0 -8.66
4 71 22.15 0 -9.1 25.45 0 -9.1 25.05 0 -8.89 22.55 0 -8.89
4 71 22.15 0 -9.1 22.55 0 -9.31 25.05 0 -9.31 25.45 0 -9.1
4 71 22.15 0 -9.1 21.65 0 -9.54 22.05 0 -9.75 22.55 0 -9.31
4 71 22.15 0 -10.4 22.55 0 -10.19 22.05 0 -9.75 21.65 0 -9.96
4 71 22.15 0 -10.4 25.45 0 -10.4 25.05 0 -10.19 22.55 0 -10.19
4 71 22.15 0 -10.4 22.55 0 -10.61 25.05 0 -10.61 25.45 0 -10.4
4 71 22.15 0 -10.4 21.65 0 -10.84 22.05 0 -11.05 22.55 0 -10.61
4 71 22.15 0 -11.7 22.55 0 -11.49 22.05 0 -11.05 21.65 0 -11.26
4 71 22.15 0 -11.7 25.45 0 -11.7 25.05 0 -11.49 22.55 0 -11.49
4 71 22.15 0 -11.7 21.9227 0 -11.9 25.6773 0 -11.9 25.45 0 -11.7
4 71 25.55 0 -3.25 25.95 0 -3.46 28.45 0 -3.46 28.85 0 -3.25
4 71 25.55 0 -3.25 25.05 0 -3.69 25.45 0 -3.9 25.95 0 -3.46
4 71 25.55 0 -4.55 25.95 0 -4.34 25.45 0 -3.9 25.05 0 -4.11
4 71 25.55 0 -4.55 28.85 0 -4.55 28.45 0 -4.34 25.95 0 -4.34
4 71 25.55 0 -4.55 25.95 0 -4.76 28.45 0 -4.76 28.85 0 -4.55
4 71 25.55 0 -4.55 25.05 0 -4.99 25.45 0 -5.2 25.95 0 -4.76
4 71 25.55 0 -5.85 25.95 0 -5.64 25.45 0 -5.2 25.05 0 -5.41
4 71 25.55 0 -5.85 28.85 0 -5.85 28.45 0 -5.64 25.95 0 -5.64
4 71 25.55 0 -5.85 25.95 0 -6.06 28.45 0 -6.06 28.85 0 -5.85
4 71 25.55 0 -5.85 25.05 0 -6.29 25.45 0 -6.5 25.95 0 -6.06
4 71 25.55 0 -7.15 25.95 0 -6.94 25.45 0 -6.5 25.05 0 -6.71
4 71 25.55 0 -7.15 28.85 0 -7.15 28.45 0 -6.94 25.95 0 -6.94
4 71 25.55 0 -7.15 25.95 0 -7.36 28.45 0 -7.36 28.85 0 -7.15
4 71 25.55 0 -7.15 25.05 0 -7.59 25.45 0 -7.8 25.95 0 -7.36
4 71 25.55 0 -8.45 25.95 0 -8.24 25.45 0 -7.8 25.05 0 -8.01
4 71 25.55 0 -8.45 28.85 0 -8.45 28.45 0 -8.24 25.95 0 -8.24
4 71 25.55 0 -8.45 25.95 0 -8.66 28.45 0 -8.66 28.85 0 -8.45
4 71 25.55 0 -8.45 25.05 0 -8.89 25.45 0 -9.1 25.95 0 -8.66
4 71 25.55 0 -9.75 25.95 0 -9.54 25.45 0 -9.1 25.05 0 -9.31
4 71 25.55 0 -9.75 28.85 0 -9.75 28.45 0 -9.54 25.95 0 -9.54
4 71 25.55 0 -9.75 25.95 0 -9.96 28.45 0 -9.96 28.85 0 -9.75
4 71 25.55 0 -9.75 25.05 0 -10.19 25.45 0 -10.4 25.95 0 -9.96
4 71 25.55 0 -11.05 25.95 0 -10.84 25.45 0 -10.4 25.05 0 -10.61
4 71 25.55 0 -11.05 28.85 0 -11.05 28.45 0 -10.84 25.95 0 -10.84
4 71 25.55 0 -11.05 25.95 0 -11.26 28.45 0 -11.26 28.85 0 -11.05
4 71 25.55 0 -11.05 25.05 0 -11.49 25.45 0 -11.7 25.95 0 -11.26
4 71 28.95 0 -3.9 29.35 0 -3.69 28.85 0 -3.25 28.45 0 -3.46
4 71 28.95 0 -3.9 32.25 0 -3.9 31.85 0 -3.69 29.35 0 -3.69
4 71 28.95 0 -3.9 29.35 0 -4.11 31.85 0 -4.11 32.25 0 -3.9
4 71 28.95 0 -3.9 28.45 0 -4.34 28.85 0 -4.55 29.35 0 -4.11
4 71 28.95 0 -5.2 29.35 0 -4.99 28.85 0 -4.55 28.45 0 -4.76
4 71 28.95 0 -5.2 32.25 0 -5.2 31.85 0 -4.99 29.35 0 -4.99
4 71 28.95 0 -5.2 29.35 0 -5.41 31.85 0 -5.41 32.25 0 -5.2
4 71 28.95 0 -5.2 28.45 0 -5.64 28.85 0 -5.85 29.35 0 -5.41
4 71 28.95 0 -6.5 29.35 0 -6.29 28.85 0 -5.85 28.45 0 -6.06
4 71 28.95 0 -6.5 32.25 0 -6.5 31.85 0 -6.29 29.35 0 -6.29
4 71 28.95 0 -6.5 29.35 0 -6.71 31.85 0 -6.71 32.25 0 -6.5
4 71 28.95 0 -6.5 28.45 0 -6.94 28.85 0 -7.15 29.35 0 -6.71
4 71 28.95 0 -7.8 29.35 0 -7.59 28.85 0 -7.15 28.45 0 -7.36
4 71 28.95 0 -7.8 32.25 0 -7.8 31.85 0 -7.59 29.35 0 -7.59
4 71 28.95 0 -7.8 29.35 0 -8.01 31.85 0 -8.01 32.25 0 -7.8
4 71 28.95 0 -7.8 28.45 0 -8.24 28.85 0 -8.45 29.35 0 -8.01
4 71 28.95 0 -9.1 29.35 0 -8.89 28.85 0 -8.45 28.45 0 -8.66
4 71 28.95 0 -9.1 32.25 0 -9.1 31.85 0 -8.89 29.35 0 -8.89
4 71 28.95 0 -9.1 29.35 0 -9.31 31.85 0 -9.31 32.25 0 -9.1
4 71 28.95 0 -9.1 28.45 0 -9.54 28.85 0 -9.75 29.35 0 -9.31
4 71 28.95 0 -10.4 29.35 0 -10.19 28.85 0 -9.75 28.45 0 -9.96
3 71 28.95 0 -10.4 31.85 0 -10.19 29.35 0 -10.19
4 71 28.95 0 -10.4 29.35 0 -10.61 31.5838 0 -10.61 31.85 0 -10.19
4 71 28.95 0 -10.4 28.45 0 -10.84 28.85 0 -11.05 29.35 0 -10.61
4 71 28.85 0 -11.05 28.45 0 -11.26 28.95 0 -11.7 29.35 0 -11.49
3 71 29.35 0 -11.49 28.95 0 -11.7 30.433 0 -11.49
4 71 28.95 0 -11.7 28.7227 0 -11.9 29.8969 0 -11.9 30.433 0 -11.49
4 71 32.35 0 -3.25 32.75 0 -3.46 32.9 0 -3.46 32.9 0 -3.25
4 71 32.35 0 -3.25 31.85 0 -3.69 32.25 0 -3.9 32.75 0 -3.46
4 71 32.35 0 -4.55 32.75 0 -4.34 32.25 0 -3.9 31.85 0 -4.11
3 71 32.35 0 -4.55 32.9 0 -4.34 32.75 0 -4.34
4 71 32.35 0 -4.55 32.75 0 -4.76 32.9 0 -4.76 32.9 0 -4.34
4 71 32.35 0 -4.55 31.85 0 -4.99 32.25 0 -5.2 32.75 0 -4.76
4 71 32.35 0 -5.85 32.75 0 -5.64 32.25 0 -5.2 31.85 0 -5.41
3 71 32.35 0 -5.85 32.9 0 -5.64 32.75 0 -5.64
4 71 32.35 0 -5.85 32.75 0 -6.06 32.9 0 -6.06 32.9 0 -5.64
4 71 32.35 0 -5.85 31.85 0 -6.29 32.25 0 -6.5 32.75 0 -6.06
4 71 32.35 0 -7.15 32.75 0 -6.94 32.25 0 -6.5 31.85 0 -6.71
3 71 32.35 0 -7.15 32.9 0 -6.94 32.75 0 -6.94
4 71 32.35 0 -7.15 32.75 0 -7.36 32.9 0 -7.36 32.9 0 -6.94
4 71 32.35 0 -7.15 31.85 0 -7.59 32.25 0 -7.8 32.75 0 -7.36
4 71 32.35 0 -8.45 32.75 0 -8.24 32.25 0 -7.8 31.85 0 -8.01
3 71 32.35 0 -8.45 32.9 0 -8.24 32.75 0 -8.24
4 71 32.35 0 -8.45 32.75 0 -8.66 32.9 0 -8.66 32.9 0 -8.24
4 71 32.35 0 -8.45 31.85 0 -8.89 32.25 0 -9.1 32.75 0 -8.66
4 71 32.35 0 -9.75 32.75 0 -9.54 32.25 0 -9.1 31.85 0 -9.31
4 71 32.35 0 -9.75 32.9 0 -9.6035 32.9 0 -9.54 32.75 0 -9.54
4 71 32.35 0 -9.75 31.85 0 -10.19 31.5838 0 -10.61 32.9 0 -9.6035
