0 ~Sticker  1.8 x  4.0 with Ford Logos on Blue and White Background Right - Second Face
0 Name: s\6177969ys02.dat
0 Author: Massimo Maso [Sirio]
0 !LDRAW_ORG Subpart UPDATE 2024-05
0 !LICENSE Licensed under CC BY 4.0 : see CAreadme.txt

0 BFC CERTIFY CCW

0 !HISTORY 2024-06-30 [OrionP] Official Update 2024-05

0 // Background
0 // Blue faces
4 1 -18 -.25 -20.8931 -6.8165 -.25 -.0878 -6.8049 -.25 .0153 -18 -.25 .0153
3 1 -18 -.25 -20.8931 -6.8716 -.25 -.6547 -6.8165 -.25 -.0878
3 1 -6.8716 -.25 -.6547 -18 -.25 -20.8931 -6.918 -.25 -1.2223
3 1 -6.918 -.25 -1.2223 -18 -.25 -20.8931 -6.9559 -.25 -1.7906
3 1 -6.9559 -.25 -1.7906 -18 -.25 -20.8931 -6.9845 -.25 -2.3594
3 1 -6.9845 -.25 -2.3594 -18 -.25 -20.8931 -7.0042 -.25 -2.9287
3 1 -7.0042 -.25 -2.9287 -18 -.25 -20.8931 -7.0142 -.25 -3.4982
3 1 -7.0142 -.25 -3.4982 -18 -.25 -20.8931 -7.0142 -.25 -4.0677
3 1 -7.0142 -.25 -4.0677 -18 -.25 -20.8931 -7.0037 -.25 -4.6371
3 1 -7.0037 -.25 -4.6371 -18 -.25 -20.8931 -6.9823 -.25 -5.2063
3 1 -6.9823 -.25 -5.2063 -18 -.25 -20.8931 -6.9495 -.25 -5.7749
3 1 -6.9495 -.25 -5.7749 -18 -.25 -20.8931 -6.9042 -.25 -6.3427
3 1 -6.9042 -.25 -6.3427 -18 -.25 -20.8931 -6.8459 -.25 -6.9093
3 1 -6.8459 -.25 -6.9093 -18 -.25 -20.8931 -6.7734 -.25 -7.4742
3 1 -6.7734 -.25 -7.4742 -18 -.25 -20.8931 -6.6853 -.25 -8.037
3 1 -6.6853 -.25 -8.037 -18 -.25 -20.8931 -6.5806 -.25 -8.5967
3 1 -6.5806 -.25 -8.5967 -18 -.25 -20.8931 -6.457 -.25 -9.1527
3 1 -6.457 -.25 -9.1527 -18 -.25 -20.8931 -6.3125 -.25 -9.7037
3 1 -6.3125 -.25 -9.7037 -18 -.25 -20.8931 -6.1446 -.25 -10.2479
3 1 -6.1446 -.25 -10.2479 -18 -.25 -20.8931 -5.9491 -.25 -10.7828
3 1 -5.9491 -.25 -10.7828 -18 -.25 -20.8931 -5.7222 -.25 -11.3053
3 1 -5.7222 -.25 -11.3053 -18 -.25 -20.8931 -5.4579 -.25 -11.8099
3 1 -5.4579 -.25 -11.8099 -18 -.25 -20.8931 -5.149 -.25 -12.2883
3 1 -18 -.25 -20.8931 -4.7868 -.25 -12.7279 -5.149 -.25 -12.2883
3 1 -4.7868 -.25 -12.7279 -18 -.25 -20.8931 -4.3625 -.25 -13.1079
3 1 -4.3625 -.25 -13.1079 -18 -.25 -20.8931 -3.8722 -.25 -13.3978
4 1 -3.8722 -.25 -13.3978 -18 -.25 -20.8931 -8.8525 -.25 -20.6183 -3.3269 -.25 -13.5622
3 1 -8.8525 -.25 -20.6183 -18 -.25 -20.8931 -8.8976 -.25 -20.8931
4 1 -3.3269 -.25 -13.5622 -8.8525 -.25 -20.6183 -8.38 -.25 -20.8931 -4.528 -.25 -20.8931
0 // White faces
3 15 -3.1561 -.25 -18.3576 -2.3157 -.25 -19.5735 -2.1866 -.25 -18.786
4 15 -3.1561 -.25 -18.3576 -2.3281 -.25 -20.5413 -2.0519 -.25 -20.0788 -2.3157 -.25 -19.5735
4 15 -1.0113 -.25 -20.7786 -1.0032 -.25 -19.7885 -2.3157 -.25 -19.5735 -2.0519 -.25 -20.0788
4 15 -.2634 -.25 -20.6488 .404 -.25 -20.3656 1.0199 -.25 -19.4269 -.8926 -.25 -19.1135
4 15 -.2634 -.25 -20.6488 -.8926 -.25 -19.1135 -1.0032 -.25 -19.7885 -1.0113 -.25 -20.7786
4 15 -.4748 -.25 -16.5635 1.2855 -.25 -17.6629 1.3271 -.25 -17.5519 1.4377 -.25 -16.8769
4 15 1.154 -.25 -20.4885 1.5682 -.25 -19.4082 1.0199 -.25 -19.4269 .404 -.25 -20.3656
4 15 1.154 -.25 -20.4885 1.6877 -.25 -20.8567 2.0676 -.25 -19.1812 1.5682 -.25 -19.4082
4 15 -.4748 -.25 -16.5635 -.6345 -.25 -17.5385 .978 -.25 -17.8027 1.0965 -.25 -17.7987
4 15 -.4748 -.25 -16.5635 1.0965 -.25 -17.7987 1.2045 -.25 -17.7496 1.2855 -.25 -17.6629
4 15 -.4357 -.25 -20.8931 -.2634 -.25 -20.6488 -1.0113 -.25 -20.7786 -1.0797 -.25 -20.8931
4 15 2.6348 -.25 -18.2667 2.4422 -.25 -18.7803 1.7034 -.25 -20.8931 18 -.25 -20.8931
4 15 1.7034 -.25 -20.8931 2.4422 -.25 -18.7803 2.0676 -.25 -19.1812 1.6877 -.25 -20.8567
4 15 -4.528 -.25 -20.8931 -2.4898 -.25 -20.8931 -2.3281 -.25 -20.5413 -3.1561 -.25 -18.3576
4 15 18 -.25 -20.8931 18 -.25 .0153 4.6592 -.25 .0153 4.617 -.25 -.2308
3 15 18 -.25 -20.8931 4.617 -.25 -.2308 4.5128 -.25 -.7908
3 15 18 -.25 -20.8931 4.5128 -.25 -.7908 4.4005 -.25 -1.3491
3 15 18 -.25 -20.8931 4.4005 -.25 -1.3491 4.2801 -.25 -1.9059
3 15 18 -.25 -20.8931 4.2801 -.25 -1.9059 4.1514 -.25 -2.4607
3 15 18 -.25 -20.8931 4.1514 -.25 -2.4607 4.0143 -.25 -3.0135
3 15 18 -.25 -20.8931 4.0143 -.25 -3.0135 3.8688 -.25 -3.5641
3 15 18 -.25 -20.8931 3.8688 -.25 -3.5641 3.7145 -.25 -4.1123
3 15 18 -.25 -20.8931 3.7145 -.25 -4.1123 3.5514 -.25 -4.6582
3 15 18 -.25 -20.8931 3.5514 -.25 -4.6582 3.3792 -.25 -5.2011
3 15 18 -.25 -20.8931 3.3792 -.25 -5.2011 3.1974 -.25 -5.7408
3 15 18 -.25 -20.8931 3.1974 -.25 -5.7408 3.0058 -.25 -6.2771
3 15 18 -.25 -20.8931 3.0058 -.25 -6.2771 2.8039 -.25 -6.8097
3 15 18 -.25 -20.8931 2.8039 -.25 -6.8097 2.5913 -.25 -7.3381
3 15 18 -.25 -20.8931 2.5913 -.25 -7.3381 2.3672 -.25 -7.8618
3 15 18 -.25 -20.8931 2.3672 -.25 -7.8618 2.1311 -.25 -8.3801
3 15 18 -.25 -20.8931 2.1311 -.25 -8.3801 1.8821 -.25 -8.8923
3 15 18 -.25 -20.8931 1.8821 -.25 -8.8923 1.619 -.25 -9.3976
3 15 18 -.25 -20.8931 1.619 -.25 -9.3976 1.3412 -.25 -9.8946
3 15 18 -.25 -20.8931 1.3412 -.25 -9.8946 1.0466 -.25 -10.3821
3 15 18 -.25 -20.8931 1.0466 -.25 -10.3821 .7339 -.25 -10.8582
3 15 18 -.25 -20.8931 .7339 -.25 -10.8582 .401 -.25 -11.3204
3 15 18 -.25 -20.8931 .401 -.25 -11.3204 .0451 -.25 -11.765
3 15 18 -.25 -20.8931 .0451 -.25 -11.765 -.3367 -.25 -12.1877
3 15 18 -.25 -20.8931 -.3367 -.25 -12.1877 -.7482 -.25 -12.5815
3 15 18 -.25 -20.8931 -.7482 -.25 -12.5815 -1.1936 -.25 -12.9364
3 15 18 -.25 -20.8931 -1.1936 -.25 -12.9364 -1.6771 -.25 -13.2374
4 15 -1.6771 -.25 -13.2374 -2.2005 -.25 -13.4621 2.8252 -.25 -17.1042 18 -.25 -20.8931
3 15 18 -.25 -20.8931 2.8252 -.25 -17.1042 2.6348 -.25 -18.2667
4 15 -3.1561 -.25 -18.3576 -3.1845 -.25 -17.1207 -3.3269 -.25 -13.5622 -4.528 -.25 -20.8931
4 15 -3.3269 -.25 -13.5622 -3.1845 -.25 -17.1207 -1.947 -.25 -17.3235 -2.7577 -.25 -13.5804
4 15 -1.947 -.25 -17.3235 -1.7873 -.25 -16.3485 -2.2005 -.25 -13.4621 -2.7577 -.25 -13.5804
3 15 -2.2005 -.25 -13.4621 -1.7873 -.25 -16.3485 -.4748 -.25 -16.5635
3 15 -2.2005 -.25 -13.4621 -.4748 -.25 -16.5635 1.4377 -.25 -16.8769
3 15 -2.2005 -.25 -13.4621 1.4377 -.25 -16.8769 2.8252 -.25 -17.1042
0 // Logos
0 // Black text
4 0 1.3271 -.25 -17.5519 2.6348 -.25 -18.2667 2.8252 -.25 -17.1042 1.4377 -.25 -16.8769
4 0 1.3271 -.25 -17.5519 1.2855 -.25 -17.6629 2.4422 -.25 -18.7803 2.6348 -.25 -18.2667
4 0 1.2045 -.25 -17.7496 2.0676 -.25 -19.1812 2.4422 -.25 -18.7803 1.2855 -.25 -17.6629
4 0 1.2045 -.25 -17.7496 1.0965 -.25 -17.7987 1.5682 -.25 -19.4082 2.0676 -.25 -19.1812
4 0 .978 -.25 -17.8027 1.0199 -.25 -19.4269 1.5682 -.25 -19.4082 1.0965 -.25 -17.7987
4 0 .978 -.25 -17.8027 -.6345 -.25 -17.5385 -.8926 -.25 -19.1135 1.0199 -.25 -19.4269
4 0 -2.1866 -.25 -18.786 -.8926 -.25 -19.1135 -.6345 -.25 -17.5385 -1.947 -.25 -17.3235
4 0 -2.1866 -.25 -18.786 -1.947 -.25 -17.3235 -3.1845 -.25 -17.1207 -3.1561 -.25 -18.3576
4 0 -2.1866 -.25 -18.786 -2.3157 -.25 -19.5735 -1.0032 -.25 -19.7885 -.8926 -.25 -19.1135
4 0 -1.7873 -.25 -16.3485 -1.947 -.25 -17.3235 -.6345 -.25 -17.5385 -.4748 -.25 -16.5635
3 0 -.4357 -.25 -20.8931 1.7034 -.25 -20.8931 -.2634 -.25 -20.6488
3 0 -2.3281 -.25 -20.5413 -1.0113 -.25 -20.7786 -2.0519 -.25 -20.0788
4 0 -1.0797 -.25 -20.8931 -1.0113 -.25 -20.7786 -2.3281 -.25 -20.5413 -2.4898 -.25 -20.8931
4 0 1.154 -.25 -20.4885 .404 -.25 -20.3656 -.2634 -.25 -20.6488 1.7034 -.25 -20.8931
3 0 1.7034 -.25 -20.8931 1.6877 -.25 -20.8567 1.154 -.25 -20.4885
0 // Dark blue ring
4 272 -6.4189 -.25 -3.284 -6.4061 -.25 -2.7455 -7.0042 -.25 -2.9287 -7.0142 -.25 -3.4982
4 272 -6.4229 -.25 -3.8224 -6.4189 -.25 -3.284 -7.0142 -.25 -3.4982 -7.0142 -.25 -4.0677
4 272 -6.4175 -.25 -4.3609 -6.4229 -.25 -3.8224 -7.0142 -.25 -4.0677 -7.0037 -.25 -4.6371
4 272 -6.317 -.25 -1.1327 -6.2712 -.25 -.596 -6.8716 -.25 -.6547 -6.918 -.25 -1.2223
4 272 -6.8165 -.25 -.0878 -6.8716 -.25 -.6547 -6.2712 -.25 -.596 -6.2176 -.25 -.0602
4 272 -6.3549 -.25 -1.6697 -6.317 -.25 -1.1327 -6.918 -.25 -1.2223 -6.9559 -.25 -1.7906
4 272 -6.4061 -.25 -2.7455 -6.3847 -.25 -2.2074 -6.9845 -.25 -2.3594 -7.0042 -.25 -2.9287
4 272 -6.9559 -.25 -1.7906 -6.9845 -.25 -2.3594 -6.3847 -.25 -2.2074 -6.3549 -.25 -1.6697
4 272 -6.2929 -.25 -6.5109 -6.3408 -.25 -5.9744 -6.9042 -.25 -6.3427 -6.8459 -.25 -6.9093
4 272 -6.2327 -.25 -7.0459 -6.2929 -.25 -6.5109 -6.8459 -.25 -6.9093 -6.7734 -.25 -7.4742
4 272 -6.159 -.25 -7.5795 -6.2327 -.25 -7.0459 -6.7734 -.25 -7.4742 -6.6853 -.25 -8.037
4 272 -6.0707 -.25 -8.1106 -6.159 -.25 -7.5795 -6.6853 -.25 -8.037 -6.5806 -.25 -8.5967
4 272 -6.377 -.25 -5.4371 -6.4024 -.25 -4.8993 -6.9823 -.25 -5.2063 -6.9495 -.25 -5.7749
4 272 -7.0037 -.25 -4.6371 -6.9823 -.25 -5.2063 -6.4024 -.25 -4.8993 -6.4175 -.25 -4.3609
4 272 -6.3408 -.25 -5.9744 -6.377 -.25 -5.4371 -6.9495 -.25 -5.7749 -6.9042 -.25 -6.3427
4 272 -5.9491 -.25 -10.7828 -5.7222 -.25 -11.3053 -5.344 -.25 -10.6983 -5.5362 -.25 -10.1952
4 272 -5.1202 -.25 -11.1881 -5.344 -.25 -10.6983 -5.7222 -.25 -11.3053 -5.4579 -.25 -11.8099
4 272 -4.858 -.25 -11.6586 -5.1202 -.25 -11.1881 -5.4579 -.25 -11.8099 -5.149 -.25 -12.2883
4 272 -5.9664 -.25 -8.6389 -6.0707 -.25 -8.1106 -6.5806 -.25 -8.5967 -6.457 -.25 -9.1527
4 272 -5.7017 -.25 -9.6828 -5.8441 -.25 -9.1634 -6.3125 -.25 -9.7037 -6.1446 -.25 -10.2479
4 272 -6.457 -.25 -9.1527 -6.3125 -.25 -9.7037 -5.8441 -.25 -9.1634 -5.9664 -.25 -8.6389
4 272 -5.5362 -.25 -10.1952 -5.7017 -.25 -9.6828 -6.1446 -.25 -10.2479 -5.9491 -.25 -10.7828
4 272 -3.3269 -.25 -13.5622 -2.7577 -.25 -13.5804 -2.6926 -.25 -12.9748 -3.2311 -.25 -12.9775
4 272 -2.7577 -.25 -13.5804 -2.2005 -.25 -13.4621 -2.1767 -.25 -12.8204 -2.6926 -.25 -12.9748
4 272 -2.2005 -.25 -13.4621 -1.6771 -.25 -13.2374 -1.7022 -.25 -12.5656 -2.1767 -.25 -12.8204
4 272 -1.6771 -.25 -13.2374 -1.1936 -.25 -12.9364 -1.2684 -.25 -12.2467 -1.7022 -.25 -12.5656
4 272 -5.149 -.25 -12.2883 -4.7868 -.25 -12.7279 -4.5487 -.25 -12.0993 -4.858 -.25 -11.6586
4 272 -4.7868 -.25 -12.7279 -4.3625 -.25 -13.1079 -4.1803 -.25 -12.4922 -4.5487 -.25 -12.0993
4 272 -4.3625 -.25 -13.1079 -3.8722 -.25 -13.3978 -3.7407 -.25 -12.8031 -4.1803 -.25 -12.4922
4 272 -3.8722 -.25 -13.3978 -3.3269 -.25 -13.5622 -3.2311 -.25 -12.9775 -3.7407 -.25 -12.8031
4 272 .7339 -.25 -10.8582 1.0466 -.25 -10.3821 .7457 -.25 -9.7386 .4623 -.25 -10.1967
4 272 1.0131 -.25 -9.2712 .7457 -.25 -9.7386 1.0466 -.25 -10.3821 1.3412 -.25 -9.8946
4 272 1.3412 -.25 -9.8946 1.619 -.25 -9.3976 1.2663 -.25 -8.796 1.0131 -.25 -9.2712
4 272 1.619 -.25 -9.3976 1.8821 -.25 -8.8923 1.5063 -.25 -8.3139 1.2663 -.25 -8.796
4 272 1.7342 -.25 -7.8261 1.5063 -.25 -8.3139 1.8821 -.25 -8.8923 2.1311 -.25 -8.3801
4 272 -.5014 -.25 -11.4918 -.8698 -.25 -11.8845 -.7482 -.25 -12.5815 -.3367 -.25 -12.1877
4 272 -.8698 -.25 -11.8845 -1.2684 -.25 -12.2467 -1.1936 -.25 -12.9364 -.7482 -.25 -12.5815
4 272 .1616 -.25 -10.6434 -.1588 -.25 -11.0762 .0451 -.25 -11.765 .401 -.25 -11.3204
4 272 .4623 -.25 -10.1967 .1616 -.25 -10.6434 .401 -.25 -11.3204 .7339 -.25 -10.8582
4 272 -.3367 -.25 -12.1877 .0451 -.25 -11.765 -.1588 -.25 -11.0762 -.5014 -.25 -11.4918
4 272 2.8833 -.25 -4.8081 2.7153 -.25 -5.3196 3.1974 -.25 -5.7408 3.3792 -.25 -5.2011
4 272 3.043 -.25 -4.2937 2.8833 -.25 -4.8081 3.3792 -.25 -5.2011 3.5514 -.25 -4.6582
4 272 3.1945 -.25 -3.7769 3.043 -.25 -4.2937 3.5514 -.25 -4.6582 3.7145 -.25 -4.1123
4 272 3.3378 -.25 -3.2578 3.1945 -.25 -3.7769 3.7145 -.25 -4.1123 3.8688 -.25 -3.5641
4 272 2.1565 -.25 -6.8352 1.9508 -.25 -7.3329 2.3672 -.25 -7.8618 2.5913 -.25 -7.3381
4 272 2.1311 -.25 -8.3801 2.3672 -.25 -7.8618 1.9508 -.25 -7.3329 1.7342 -.25 -7.8261
4 272 2.5383 -.25 -5.8283 2.3522 -.25 -6.3337 2.8039 -.25 -6.8097 3.0058 -.25 -6.2771
4 272 2.5913 -.25 -7.3381 2.8039 -.25 -6.8097 2.3522 -.25 -6.3337 2.1565 -.25 -6.8352
4 272 2.7153 -.25 -5.3196 2.5383 -.25 -5.8283 3.0058 -.25 -6.2771 3.1974 -.25 -5.7408
4 272 3.8688 -.25 -3.5641 4.0143 -.25 -3.0135 3.4733 -.25 -2.7367 3.3378 -.25 -3.2578
4 272 3.6011 -.25 -2.2135 3.4733 -.25 -2.7367 4.0143 -.25 -3.0135 4.1514 -.25 -2.4607
4 272 4.1514 -.25 -2.4607 4.2801 -.25 -1.9059 3.7214 -.25 -1.6887 3.6011 -.25 -2.2135
4 272 4.2801 -.25 -1.9059 4.4005 -.25 -1.3491 3.8343 -.25 -1.162 3.7214 -.25 -1.6887
4 272 4.4005 -.25 -1.3491 4.5128 -.25 -.7908 3.9397 -.25 -.6339 3.8343 -.25 -1.162
4 272 4.5128 -.25 -.7908 4.617 -.25 -.2308 4.0378 -.25 -.1044 3.9397 -.25 -.6339
4 272 -6.8049 -.25 .0153 -6.8165 -.25 -.0878 -6.2176 -.25 -.0602 -6.209 -.25 .0153
4 272 4.0378 -.25 -.1044 4.617 -.25 -.2308 4.6592 -.25 .0153 4.0582 -.25 .0153
0 // Dark blue inner ring
3 272 -2.1431 -.25 -1.7256 -1.1276 -.25 -1.0761 -1.269 -.25 -.8163
3 272 -2.1431 -.25 -1.7256 -.8933 -.25 -1.3737 -1.1276 -.25 -1.0761
3 272 -1.4026 -.25 -.2716 -2.0208 -.25 -.165 -2.0869 -.25 -.1842
3 272 -1.4026 -.25 -.2716 -1.9467 -.25 -.1319 -2.0208 -.25 -.165
3 272 -.7114 -.25 -3.0181 -.156 -.25 -1.9802 -.4682 -.25 -1.7451
4 272 -.156 -.25 -1.9802 -.7114 -.25 -3.0181 .2442 -.25 -2.2722 .1444 -.25 -2.1988
3 272 .7551 -.25 -2.1585 .6207 -.25 -2.1688 .671 -.25 -2.2144
4 272 -4.4099 -.25 .0153 -4.6504 -.25 -.6007 -4.8508 -.25 -1.2776 -3.8669 -.25 -2.4744
3 272 3.1124 -.25 -2.5519 1.5502 -.25 -1.4658 1.4631 -.25 -1.6605
3 272 2.7036 -.25 -4.0506 .7295 -.25 -2.2992 .9216 -.25 -2.7285
3 272 2.7036 -.25 -4.0506 .9216 -.25 -2.7285 .9593 -.25 -2.8697
3 272 2.7036 -.25 -4.0506 .9593 -.25 -2.8697 .9539 -.25 -2.8979
3 272 -3.1361 -.25 -.7992 -2.9004 -.25 -.0888 -2.9879 -.25 -.0176
3 272 2.7036 -.25 -4.0506 .9539 -.25 -2.8979 .8752 -.25 -2.9518
3 272 -2.3699 -.25 -.8788 -2.3574 -.25 -.2183 -2.4816 -.25 -.2274
4 272 -6.0213 -.25 -3.141 -6.0277 -.25 -3.6588 -5.1836 -.25 -3.3756 -5.251 -.25 -2.7047
4 272 -5.9216 -.25 -6.2448 -5.8689 -.25 -6.7598 -4.4955 -.25 -4.7317 -4.7014 -.25 -4.5177
4 272 -5.0036 -.25 -.689 -5.8707 -.25 -.5569 -5.916 -.25 -1.0727 -5.1519 -.25 -1.3994
4 272 -5.251 -.25 -2.7047 -5.9841 -.25 -2.106 -6.0068 -.25 -2.6235 -6.0213 -.25 -3.141
4 272 -5.8689 -.25 -6.7598 -5.8042 -.25 -7.2737 -4.272 -.25 -4.8924 -4.4955 -.25 -4.7317
4 272 -3.8989 -.25 -2.5719 -3.9006 -.25 -2.5153 -4.8889 -.25 -1.472 -4.9627 -.25 -2.2326
4 272 -4.8508 -.25 -1.2776 -4.8889 -.25 -1.472 -3.9006 -.25 -2.5153 -3.8669 -.25 -2.4744
4 272 -5.1519 -.25 -1.3994 -5.916 -.25 -1.0727 -5.9539 -.25 -1.5892 -5.2191 -.25 -1.9041
4 272 -5.2191 -.25 -1.9041 -5.9539 -.25 -1.5892 -5.9841 -.25 -2.106 -5.251 -.25 -2.7047
4 272 -5.0528 -.25 -3.8725 -6.0254 -.25 -4.1767 -6.0142 -.25 -4.6944 -4.8893 -.25 -4.237
4 272 -3.6709 -.25 -2.7998 -3.7724 -.25 -2.6939 -4.8201 -.25 -3.3464 -4.665 -.25 -3.7057
4 272 -5.1836 -.25 -3.3756 -6.0277 -.25 -3.6588 -6.0254 -.25 -4.1767 -5.0528 -.25 -3.8725
4 272 -5.8042 -.25 -7.2737 -5.7262 -.25 -7.7857 -4.0294 -.25 -5.0055 -4.272 -.25 -4.8924
4 272 -3.8524 -.25 -2.633 -3.8989 -.25 -2.5719 -4.9627 -.25 -2.2326 -4.9281 -.25 -2.8731
4 272 -3.3863 -.25 -3.308 -4.3512 -.25 -4.1003 -4.2298 -.25 -4.192 -3.2988 -.25 -3.6165
4 272 -4.8893 -.25 -4.237 -6.0142 -.25 -4.6944 -5.9935 -.25 -5.2117 -4.7014 -.25 -4.5177
4 272 -4.7014 -.25 -4.5177 -5.9935 -.25 -5.2117 -5.9627 -.25 -5.7286 -5.9216 -.25 -6.2448
4 272 -4.0294 -.25 -5.0055 -5.7262 -.25 -7.7857 -5.6339 -.25 -8.295 -5.5254 -.25 -8.8015
4 272 -4.0294 -.25 -5.0055 -5.5254 -.25 -8.8015 -5.3989 -.25 -9.3035 -3.7996 -.25 -5.0657
4 272 -4.5104 -.25 -3.9354 -3.5333 -.25 -2.9986 -3.6709 -.25 -2.7998 -4.665 -.25 -3.7057
4 272 -3.7996 -.25 -5.0657 -5.3989 -.25 -9.3035 -5.2521 -.25 -9.8002 -5.0816 -.25 -10.289
4 272 -4.9281 -.25 -2.8731 -4.8201 -.25 -3.3464 -3.7724 -.25 -2.6939 -3.8524 -.25 -2.633
4 272 -3.6107 -.25 -.8035 -3.7668 -.25 -2.4703 -3.6464 -.25 -2.5193 -3.106 -.25 -1.4401
4 272 -4.0508 -.25 -4.2858 -3.2792 -.25 -3.8066 -3.2988 -.25 -3.6165 -4.2298 -.25 -4.192
4 272 -3.2792 -.25 -3.8066 -4.0508 -.25 -4.2858 -3.8732 -.25 -4.3383 -3.2798 -.25 -3.8673
4 272 -3.3241 -.25 -4.0741 -3.2798 -.25 -3.8673 -3.8732 -.25 -4.3383 -3.6969 -.25 -4.3499
4 272 -2.9377 -.25 -4.8496 -3.0887 -.25 -4.951 -3.1673 -.25 -12.5877 -2.65 -.25 -12.5636
4 272 -2.593 -.25 -.2189 -2.7794 -.25 -.1564 -2.579 -.25 -1.3456 -2.4176 -.25 -1.4843
4 272 -2.4816 -.25 -.2274 -2.593 -.25 -.2189 -2.4176 -.25 -1.4843 -2.3699 -.25 -.8788
4 272 -3.6498 -.25 -12.3998 -3.1673 -.25 -12.5877 -3.0887 -.25 -4.951 -3.258 -.25 -5.0251
4 272 -3.7996 -.25 -5.0657 -5.0816 -.25 -10.289 -4.8833 -.25 -10.7674 -4.6513 -.25 -11.2304
4 272 -3.106 -.25 -1.4401 -3.6464 -.25 -2.5193 -3.4051 -.25 -2.6698 -2.4765 -.25 -2.0832
4 272 -3.6556 -.25 -5.0818 -3.7996 -.25 -5.0657 -4.6513 -.25 -11.2304 -4.3775 -.25 -11.6697
4 272 -3.6556 -.25 -5.0818 -4.3775 -.25 -11.6697 -4.0492 -.25 -12.0703 -3.4507 -.25 -5.0712
4 272 -2.7794 -.25 -.1564 -2.9004 -.25 -.0888 -3.1361 -.25 -.7992 -2.579 -.25 -1.3456
4 272 -4.3512 -.25 -4.1003 -3.3863 -.25 -3.308 -3.5333 -.25 -2.9986 -4.5104 -.25 -3.9354
4 272 -3.3241 -.25 -4.0741 -3.6969 -.25 -4.3499 -3.5408 -.25 -4.3082 -3.4131 -.25 -4.2147
4 272 -2.0957 -.25 -.8143 -2.1431 -.25 -1.7256 -1.269 -.25 -.8163 -1.3609 -.25 -.5463
4 272 -2.6099 -.25 -4.0079 -2.618 -.25 -4.2562 -2.2373 -.25 -3.6237 -2.2637 -.25 -3.5997
4 272 -2.4526 -.25 -3.0859 -2.8784 -.25 -3.2271 -2.7318 -.25 -3.5 -2.3877 -.25 -3.361
4 272 -2.618 -.25 -4.2562 -2.6264 -.25 -4.3158 -2.1517 -.25 -3.6768 -2.2373 -.25 -3.6237
4 272 -2.4765 -.25 -2.0832 -3.4051 -.25 -2.6698 -3.1295 -.25 -2.9127 -2.4899 -.25 -2.5442
4 272 -2.4899 -.25 -2.5442 -3.1295 -.25 -2.9127 -2.8784 -.25 -3.2271 -2.4526 -.25 -3.0859
4 272 -2.0869 -.25 -.1842 -2.0957 -.25 -.8143 -1.3609 -.25 -.5463 -1.4026 -.25 -.2716
4 272 -2.3229 -.25 -3.5109 -2.6461 -.25 -3.7587 -2.6099 -.25 -4.0079 -2.2637 -.25 -3.5997
4 272 -2.1326 -.25 -3.4192 -2.1018 -.25 -3.4834 -2.0593 -.25 -3.5565 -1.4267 -.25 -3.1371
4 272 -2.1096 -.25 -3.6698 -2.1528 -.25 -5.5723 -.8429 -.25 -3.8482 -2.0537 -.25 -3.6132
4 272 -2.1431 -.25 -1.7256 -.7114 -.25 -3.0181 -.4682 -.25 -1.7451 -.8933 -.25 -1.3737
4 272 -2.3877 -.25 -3.361 -2.7318 -.25 -3.5 -2.6461 -.25 -3.7587 -2.3229 -.25 -3.5109
4 272 -1.077 -.25 -6.6011 -2.0317 -.25 -5.7186 -1.3495 -.25 -6.507 -1.1984 -.25 -6.5712
4 272 -1.077 -.25 -6.6011 -.9102 -.25 -6.6128 -.7369 -.25 -6.5938 -2.0317 -.25 -5.7186
4 272 -.4577 -.25 -6.4895 -2.0317 -.25 -5.7186 -.7369 -.25 -6.5938 -.562 -.25 -6.5408
4 272 -.4577 -.25 -6.4895 -.3436 -.25 -6.4097 -.2543 -.25 -6.3203 -2.0317 -.25 -5.7186
4 272 -.2543 -.25 -6.3203 -.1865 -.25 -6.2229 -.1486 -.25 -6.145 -2.0317 -.25 -5.7186
4 272 -.0809 -.25 -5.8518 -2.0317 -.25 -5.7186 -.1486 -.25 -6.145 -.1019 -.25 -5.977
4 272 -.0874 -.25 -5.3676 -.1917 -.25 -4.9842 -2.0675 -.25 -5.63 -2.0317 -.25 -5.7186
4 272 -1.5336 -.25 -6.3895 -1.3495 -.25 -6.507 -2.0317 -.25 -5.7186 -2.0065 -.25 -5.8031
4 272 -4.0492 -.25 -12.0703 -3.6498 -.25 -12.3998 -3.258 -.25 -5.0251 -3.4507 -.25 -5.0712
4 272 -1.4267 -.25 -3.1371 -2.2019 -.25 -2.3245 -2.2163 -.25 -2.9073 -2.1994 -.25 -3.1216
4 272 -1.4267 -.25 -3.1371 -2.1994 -.25 -3.1216 -2.1738 -.25 -3.2789 -2.1326 -.25 -3.4192
4 272 -2.0537 -.25 -3.6132 -.8429 -.25 -3.8482 -1.4267 -.25 -3.1371 -2.0593 -.25 -3.5565
4 272 -2.1528 -.25 -5.5723 -2.1003 -.25 -5.5908 -.4513 -.25 -4.4385 -.8429 -.25 -3.8482
4 272 -1.7651 -.25 -6.1748 -1.5336 -.25 -6.3895 -2.0065 -.25 -5.8031 -1.932 -.25 -5.9513
4 272 -.4513 -.25 -4.4385 -2.1003 -.25 -5.5908 -2.0675 -.25 -5.63 -.1917 -.25 -4.9842
4 272 -.0043 -.25 -10.1873 -.9383 -.25 -7.3109 -1.1443 -.25 -7.2608 -.3019 -.25 -10.6112
4 272 1.1005 -.25 -.6984 1.0408 -.25 -.5167 .4219 -.25 -1.5754 .6895 -.25 -1.5585
4 272 -1.7913 -.25 -6.8203 -1.3277 -.25 -11.7749 -.9601 -.25 -11.4102 -1.5799 -.25 -7.0202
4 272 -.6195 -.25 -11.0201 -1.3563 -.25 -7.1681 -1.5799 -.25 -7.0202 -.9601 -.25 -11.4102
4 272 -1.3563 -.25 -7.1681 -.6195 -.25 -11.0201 -.3019 -.25 -10.6112 -1.1443 -.25 -7.2608
4 272 .2758 -.25 -9.752 -.7927 -.25 -7.3263 -.9383 -.25 -7.3109 -.0043 -.25 -10.1873
4 272 -.7927 -.25 -7.3263 .2758 -.25 -9.752 .5403 -.25 -9.3066 -.4904 -.25 -7.3201
4 272 .4219 -.25 -1.5754 1.0408 -.25 -.5167 .9139 -.25 -.2799 .2238 -.25 -1.5346
4 272 .7903 -.25 -8.8534 -.2168 -.25 -7.2639 -.4904 -.25 -7.3201 .5403 -.25 -9.3066
4 272 .7551 -.25 -2.1585 .671 -.25 -2.2144 .7295 -.25 -2.2992 .9292 -.25 -2.1172
4 272 .3452 -.25 -2.3814 .2442 -.25 -2.2722 -.7114 -.25 -3.0181 .552 -.25 -2.7072
4 272 -.0637 -.25 -5.627 -.0874 -.25 -5.3676 -2.0317 -.25 -5.7186 -.0809 -.25 -5.8518
4 272 .2672 -.25 -7.0066 .0352 -.25 -7.1601 1.0276 -.25 -8.393 1.2529 -.25 -7.9267
4 272 .6912 -.25 -3 .0442 -.25 -3.7934 .4581 -.25 -4.3145 .7329 -.25 -3.0015
4 272 1.0276 -.25 -8.393 .0352 -.25 -7.1601 -.2168 -.25 -7.2639 .7903 -.25 -8.8534
4 272 .7329 -.25 -3.0015 .4581 -.25 -4.3145 .7051 -.25 -4.7397 .7974 -.25 -2.9858
4 272 1.2246 -.25 -1.9512 1.0903 -.25 -2.0447 2.7036 -.25 -4.0506 2.8472 -.25 -3.553
4 272 .4657 -.25 -6.8118 .2672 -.25 -7.0066 1.2529 -.25 -7.9267 1.4672 -.25 -7.4554
4 272 1.3557 -.25 -1.8184 1.2246 -.25 -1.9512 2.8472 -.25 -3.553 2.9835 -.25 -3.0536
4 272 .6262 -.25 -6.5832 .4657 -.25 -6.8118 1.4672 -.25 -7.4554 1.6709 -.25 -6.9793
4 272 1.4631 -.25 -1.6605 1.3557 -.25 -1.8184 2.9835 -.25 -3.0536 3.1124 -.25 -2.5519
4 272 .8226 -.25 -5.0622 .8774 -.25 -5.3975 2.393 -.25 -5.0385 2.5522 -.25 -4.5457
4 272 .8774 -.25 -5.3975 .8652 -.25 -5.8026 2.2256 -.25 -5.5285 2.393 -.25 -5.0385
4 272 .7539 -.25 -6.3094 .6262 -.25 -6.5832 1.6709 -.25 -6.9793 1.865 -.25 -6.4993
4 272 .8652 -.25 -5.8026 .8414 -.25 -5.9734 2.0497 -.25 -6.0156 2.2256 -.25 -5.5285
4 272 .8414 -.25 -5.9734 .7539 -.25 -6.3094 1.865 -.25 -6.4993 2.0497 -.25 -6.0156
4 272 -2.6264 -.25 -4.3158 -2.1528 -.25 -5.5723 -2.1096 -.25 -3.6698 -2.1517 -.25 -3.6768
4 272 .7051 -.25 -4.7397 .8226 -.25 -5.0622 2.5522 -.25 -4.5457 2.7036 -.25 -4.0506
4 272 2.7036 -.25 -4.0506 1.0903 -.25 -2.0447 .9292 -.25 -2.1172 .7295 -.25 -2.2992
4 272 2.7036 -.25 -4.0506 .8752 -.25 -2.9518 .7974 -.25 -2.9858 .7051 -.25 -4.7397
4 272 -2.65 -.25 -12.5636 -2.1663 -.25 -12.3788 -2.8234 -.25 -4.7384 -2.9377 -.25 -4.8496
4 272 -2.2326 -.25 -5.8807 -2.2547 -.25 -5.7016 -2.7337 -.25 -4.6135 -2.8234 -.25 -4.7384
4 272 -2.6673 -.25 -4.4726 -2.7337 -.25 -4.6135 -2.2547 -.25 -5.7016 -2.2175 -.25 -5.6029
4 272 -2.6264 -.25 -4.3158 -2.6673 -.25 -4.4726 -2.2175 -.25 -5.6029 -2.1528 -.25 -5.5723
4 272 -2.8234 -.25 -4.7384 -2.1663 -.25 -12.3788 -2.138 -.25 -6.239 -2.2326 -.25 -5.8807
4 272 -1.7274 -.25 -12.1039 -1.9864 -.25 -6.5551 -2.138 -.25 -6.239 -2.1663 -.25 -12.3788
4 272 -1.7274 -.25 -12.1039 -1.3277 -.25 -11.7749 -1.7913 -.25 -6.8203 -1.9864 -.25 -6.5551
4 272 .0442 -.25 -3.7934 .6912 -.25 -3 .6818 -.25 -2.9512 .5984 -.25 -2.7907
4 272 -.7114 -.25 -3.0181 .0442 -.25 -3.7934 .5984 -.25 -2.7907 .552 -.25 -2.7072
4 272 .8929 -.25 -1.4643 1.0318 -.25 -1.316 1.1199 -.25 -1.0461 1.126 -.25 -.8712
4 272 .6895 -.25 -1.5585 .8929 -.25 -1.4643 1.126 -.25 -.8712 1.1005 -.25 -.6984
4 272 -2.5171 -.25 .0153 -2.4959 -.25 .0114 -2.3392 -.25 .0139 -2.339 -.25 .0153
4 272 1.2406 -.25 .0153 1.4036 -.25 -.241 3.6515 -.25 -.0201 3.6575 -.25 .0153
4 272 3.6515 -.25 -.0201 1.4036 -.25 -.241 1.5437 -.25 -.5731 3.5575 -.25 -.5294
4 272 3.5575 -.25 -.5294 1.5437 -.25 -.5731 1.6084 -.25 -.8479 3.4567 -.25 -1.0372
4 272 3.4567 -.25 -1.0372 1.6084 -.25 -.8479 1.6221 -.25 -1.0826 3.3489 -.25 -1.5437
4 272 3.3489 -.25 -1.5437 1.6221 -.25 -1.0826 1.6069 -.25 -1.241 3.2341 -.25 -2.0486
4 272 3.2341 -.25 -2.0486 1.6069 -.25 -1.241 1.5502 -.25 -1.4658 3.1124 -.25 -2.5519
4 272 -1.9467 -.25 -.1319 -1.4026 -.25 -.2716 -1.3929 -.25 .0153 -1.8871 -.25 -.0918
4 272 -5.8707 -.25 -.5569 -5.0036 -.25 -.689 -4.7925 -.25 .0153 -5.8183 -.25 -.0417
3 272 -1.8378 -.25 -.0436 -1.8871 -.25 -.0918 -1.3929 -.25 .0153
3 272 -1.7994 -.25 .0105 -1.3929 -.25 .0153 -1.7972 -.25 .0153
3 272 -5.8183 -.25 -.0417 -4.7925 -.25 .0153 -5.8118 -.25 .0153
4 272 -3.6107 -.25 -.8035 -3.9915 -.25 -.2074 -3.82 -.25 -2.4592 -3.7668 -.25 -2.4703
4 272 -4.0973 -.25 .0153 -4.4099 -.25 .0153 -3.82 -.25 -2.4592 -3.9915 -.25 -.2074
4 272 -.9676 -.25 -.3858 -.8385 -.25 -.6649 -.6589 -.25 -.9282 -1.0557 -.25 .0153
4 272 .0439 -.25 -1.4656 -1.0557 -.25 .0153 -.5256 -.25 -1.0781 -.2226 -.25 -1.3148
3 272 -3.5896 -.25 -.2319 -3.016 -.25 .0153 -3.7414 -.25 .0153
3 272 .0439 -.25 -1.4656 .2238 -.25 -1.5346 .9139 -.25 -.2799
4 272 -1.0557 -.25 .0153 .0439 -.25 -1.4656 .9139 -.25 -.2799 .6783 -.25 .0153
4 272 -3.016 -.25 .0153 -3.5896 -.25 -.2319 -3.1361 -.25 -.7992 -2.9879 -.25 -.0176
3 272 -4.4099 -.25 .0153 -3.8669 -.25 -2.4744 -3.82 -.25 -2.4592
3 272 -.5256 -.25 -1.0781 -1.0557 -.25 .0153 -.6589 -.25 -.9282
3 272 -1.3929 -.25 .0153 -1.7994 -.25 .0105 -1.8378 -.25 -.0436
3 272 -.9676 -.25 -.3858 -1.0557 -.25 .0153 -1.0478 -.25 -.0849
0 // White ring
4 15 -6.2176 -.25 -.0602 -6.2712 -.25 -.596 -5.8707 -.25 -.5569 -5.8183 -.25 -.0417
4 15 -6.2712 -.25 -.596 -6.317 -.25 -1.1327 -5.916 -.25 -1.0727 -5.8707 -.25 -.5569
4 15 -6.317 -.25 -1.1327 -6.3549 -.25 -1.6697 -5.9539 -.25 -1.5892 -5.916 -.25 -1.0727
4 15 -6.0068 -.25 -2.6235 -5.9841 -.25 -2.106 -6.3847 -.25 -2.2074 -6.4061 -.25 -2.7455
4 15 -6.3549 -.25 -1.6697 -6.3847 -.25 -2.2074 -5.9841 -.25 -2.106 -5.9539 -.25 -1.5892
4 15 -6.4189 -.25 -3.284 -6.4229 -.25 -3.8224 -6.0277 -.25 -3.6588 -6.0213 -.25 -3.141
4 15 -5.9935 -.25 -5.2117 -6.0142 -.25 -4.6944 -6.4024 -.25 -4.8993 -6.377 -.25 -5.4371
4 15 -6.4175 -.25 -4.3609 -6.4024 -.25 -4.8993 -6.0142 -.25 -4.6944 -6.0254 -.25 -4.1767
4 15 -6.377 -.25 -5.4371 -6.3408 -.25 -5.9744 -5.9627 -.25 -5.7286 -5.9935 -.25 -5.2117
4 15 -6.4061 -.25 -2.7455 -6.4189 -.25 -3.284 -6.0213 -.25 -3.141 -6.0068 -.25 -2.6235
4 15 -6.0254 -.25 -4.1767 -6.0277 -.25 -3.6588 -6.4229 -.25 -3.8224 -6.4175 -.25 -4.3609
4 15 -6.0707 -.25 -8.1106 -5.9664 -.25 -8.6389 -5.6339 -.25 -8.295 -5.7262 -.25 -7.7857
4 15 -5.9664 -.25 -8.6389 -5.8441 -.25 -9.1634 -5.5254 -.25 -8.8015 -5.6339 -.25 -8.295
4 15 -5.8441 -.25 -9.1634 -5.7017 -.25 -9.6828 -5.3989 -.25 -9.3035 -5.5254 -.25 -8.8015
4 15 -6.3408 -.25 -5.9744 -6.2929 -.25 -6.5109 -5.9216 -.25 -6.2448 -5.9627 -.25 -5.7286
4 15 -6.2929 -.25 -6.5109 -6.2327 -.25 -7.0459 -5.8689 -.25 -6.7598 -5.9216 -.25 -6.2448
4 15 -6.2327 -.25 -7.0459 -6.159 -.25 -7.5795 -5.8042 -.25 -7.2737 -5.8689 -.25 -6.7598
4 15 -6.159 -.25 -7.5795 -6.0707 -.25 -8.1106 -5.7262 -.25 -7.7857 -5.8042 -.25 -7.2737
4 15 -4.5487 -.25 -12.0993 -4.1803 -.25 -12.4922 -4.0492 -.25 -12.0703 -4.3775 -.25 -11.6697
4 15 -3.6498 -.25 -12.3998 -4.0492 -.25 -12.0703 -4.1803 -.25 -12.4922 -3.7407 -.25 -12.8031
4 15 -3.7407 -.25 -12.8031 -3.2311 -.25 -12.9775 -3.1673 -.25 -12.5877 -3.6498 -.25 -12.3998
4 15 -3.2311 -.25 -12.9775 -2.6926 -.25 -12.9748 -2.65 -.25 -12.5636 -3.1673 -.25 -12.5877
4 15 -5.7017 -.25 -9.6828 -5.5362 -.25 -10.1952 -5.2521 -.25 -9.8002 -5.3989 -.25 -9.3035
4 15 -5.5362 -.25 -10.1952 -5.344 -.25 -10.6983 -5.0816 -.25 -10.289 -5.2521 -.25 -9.8002
4 15 -5.344 -.25 -10.6983 -5.1202 -.25 -11.1881 -4.8833 -.25 -10.7674 -5.0816 -.25 -10.289
4 15 -5.1202 -.25 -11.1881 -4.858 -.25 -11.6586 -4.6513 -.25 -11.2304 -4.8833 -.25 -10.7674
4 15 -4.3775 -.25 -11.6697 -4.6513 -.25 -11.2304 -4.858 -.25 -11.6586 -4.5487 -.25 -12.0993
4 15 -.8698 -.25 -11.8845 -.5014 -.25 -11.4918 -.6195 -.25 -11.0201 -.9601 -.25 -11.4102
4 15 -.5014 -.25 -11.4918 -.1588 -.25 -11.0762 -.3019 -.25 -10.6112 -.6195 -.25 -11.0201
4 15 -.1588 -.25 -11.0762 .1616 -.25 -10.6434 -.0043 -.25 -10.1873 -.3019 -.25 -10.6112
4 15 .1616 -.25 -10.6434 .4623 -.25 -10.1967 .2758 -.25 -9.752 -.0043 -.25 -10.1873
4 15 -2.6926 -.25 -12.9748 -2.1767 -.25 -12.8204 -2.1663 -.25 -12.3788 -2.65 -.25 -12.5636
4 15 -1.7274 -.25 -12.1039 -2.1663 -.25 -12.3788 -2.1767 -.25 -12.8204 -1.7022 -.25 -12.5656
4 15 -1.7022 -.25 -12.5656 -1.2684 -.25 -12.2467 -1.3277 -.25 -11.7749 -1.7274 -.25 -12.1039
4 15 -1.2684 -.25 -12.2467 -.8698 -.25 -11.8845 -.9601 -.25 -11.4102 -1.3277 -.25 -11.7749
4 15 1.7342 -.25 -7.8261 1.9508 -.25 -7.3329 1.6709 -.25 -6.9793 1.4672 -.25 -7.4554
4 15 1.9508 -.25 -7.3329 2.1565 -.25 -6.8352 1.865 -.25 -6.4993 1.6709 -.25 -6.9793
4 15 2.1565 -.25 -6.8352 2.3522 -.25 -6.3337 2.0497 -.25 -6.0156 1.865 -.25 -6.4993
4 15 2.3522 -.25 -6.3337 2.5383 -.25 -5.8283 2.2256 -.25 -5.5285 2.0497 -.25 -6.0156
4 15 .4623 -.25 -10.1967 .7457 -.25 -9.7386 .5403 -.25 -9.3066 .2758 -.25 -9.752
4 15 .7457 -.25 -9.7386 1.0131 -.25 -9.2712 .7903 -.25 -8.8534 .5403 -.25 -9.3066
4 15 1.0131 -.25 -9.2712 1.2663 -.25 -8.796 1.0276 -.25 -8.393 .7903 -.25 -8.8534
4 15 1.2663 -.25 -8.796 1.5063 -.25 -8.3139 1.2529 -.25 -7.9267 1.0276 -.25 -8.393
4 15 1.5063 -.25 -8.3139 1.7342 -.25 -7.8261 1.4672 -.25 -7.4554 1.2529 -.25 -7.9267
4 15 3.3378 -.25 -3.2578 3.4733 -.25 -2.7367 3.1124 -.25 -2.5519 2.9835 -.25 -3.0536
4 15 3.4733 -.25 -2.7367 3.6011 -.25 -2.2135 3.2341 -.25 -2.0486 3.1124 -.25 -2.5519
4 15 3.6011 -.25 -2.2135 3.7214 -.25 -1.6887 3.3489 -.25 -1.5437 3.2341 -.25 -2.0486
4 15 3.7214 -.25 -1.6887 3.8343 -.25 -1.162 3.4567 -.25 -1.0372 3.3489 -.25 -1.5437
4 15 3.8343 -.25 -1.162 3.9397 -.25 -.6339 3.5575 -.25 -.5294 3.4567 -.25 -1.0372
4 15 3.9397 -.25 -.6339 4.0378 -.25 -.1044 3.6515 -.25 -.0201 3.5575 -.25 -.5294
4 15 2.5383 -.25 -5.8283 2.7153 -.25 -5.3196 2.393 -.25 -5.0385 2.2256 -.25 -5.5285
4 15 2.7153 -.25 -5.3196 2.8833 -.25 -4.8081 2.5522 -.25 -4.5457 2.393 -.25 -5.0385
4 15 2.8833 -.25 -4.8081 3.043 -.25 -4.2937 2.7036 -.25 -4.0506 2.5522 -.25 -4.5457
4 15 3.043 -.25 -4.2937 3.1945 -.25 -3.7769 2.8472 -.25 -3.553 2.7036 -.25 -4.0506
4 15 3.1945 -.25 -3.7769 3.3378 -.25 -3.2578 2.9835 -.25 -3.0536 2.8472 -.25 -3.553
4 15 3.6515 -.25 -.0201 4.0378 -.25 -.1044 4.0582 -.25 .0153 3.6575 -.25 .0153
4 15 -5.8183 -.25 -.0417 -5.8118 -.25 .0153 -6.209 -.25 .0153 -6.2176 -.25 -.0602
0 // White text
3 15 .7974 -.25 -2.9858 .6912 -.25 -3 .7329 -.25 -3.0015
4 15 -2.3699 -.25 -.8788 -2.0869 -.25 -.1842 -2.3392 -.25 .0139 -2.3574 -.25 -.2183
3 15 -2.1003 -.25 -5.5908 -2.1528 -.25 -5.5723 -2.2175 -.25 -5.6029
4 15 -4.6504 -.25 -.6007 -5.0036 -.25 -.689 -5.1519 -.25 -1.3994 -4.8508 -.25 -1.2776
4 15 -4.8508 -.25 -1.2776 -5.1519 -.25 -1.3994 -5.2191 -.25 -1.9041 -4.8889 -.25 -1.472
4 15 -5.251 -.25 -2.7047 -4.9627 -.25 -2.2326 -4.8889 -.25 -1.472 -5.2191 -.25 -1.9041
4 15 -4.7014 -.25 -4.5177 -4.5104 -.25 -3.9354 -4.665 -.25 -3.7057 -4.8893 -.25 -4.237
4 15 -4.5104 -.25 -3.9354 -4.7014 -.25 -4.5177 -4.4955 -.25 -4.7317 -4.3512 -.25 -4.1003
4 15 -5.0528 -.25 -3.8725 -4.8201 -.25 -3.3464 -4.9281 -.25 -2.8731 -5.1836 -.25 -3.3756
4 15 -4.8893 -.25 -4.237 -4.665 -.25 -3.7057 -4.8201 -.25 -3.3464 -5.0528 -.25 -3.8725
4 15 -4.9627 -.25 -2.2326 -5.251 -.25 -2.7047 -5.1836 -.25 -3.3756 -4.9281 -.25 -2.8731
4 15 -3.9006 -.25 -2.5153 -3.8989 -.25 -2.5719 -3.8524 -.25 -2.633 -3.8669 -.25 -2.4744
4 15 -3.7724 -.25 -2.6939 -3.82 -.25 -2.4592 -3.8669 -.25 -2.4744 -3.8524 -.25 -2.633
4 15 -3.6709 -.25 -2.7998 -3.7668 -.25 -2.4703 -3.82 -.25 -2.4592 -3.7724 -.25 -2.6939
4 15 -4.0508 -.25 -4.2858 -4.0294 -.25 -5.0055 -3.7996 -.25 -5.0657 -3.8732 -.25 -4.3383
4 15 -4.0294 -.25 -5.0055 -4.0508 -.25 -4.2858 -4.2298 -.25 -4.192 -4.272 -.25 -4.8924
4 15 -3.5333 -.25 -2.9986 -3.6464 -.25 -2.5193 -3.7668 -.25 -2.4703 -3.6709 -.25 -2.7998
4 15 -3.5896 -.25 -.2319 -3.9915 -.25 -.2074 -3.6107 -.25 -.8035 -3.1361 -.25 -.7992
4 15 -4.272 -.25 -4.8924 -4.2298 -.25 -4.192 -4.3512 -.25 -4.1003 -4.4955 -.25 -4.7317
4 15 -3.1361 -.25 -.7992 -3.6107 -.25 -.8035 -3.106 -.25 -1.4401 -2.579 -.25 -1.3456
4 15 -3.258 -.25 -5.0251 -3.6969 -.25 -4.3499 -3.6556 -.25 -5.0818 -3.4507 -.25 -5.0712
4 15 -3.3863 -.25 -3.308 -3.4051 -.25 -2.6698 -3.6464 -.25 -2.5193 -3.5333 -.25 -2.9986
4 15 -2.9377 -.25 -4.8496 -3.6969 -.25 -4.3499 -3.258 -.25 -5.0251 -3.0887 -.25 -4.951
4 15 -3.8732 -.25 -4.3383 -3.7996 -.25 -5.0657 -3.6556 -.25 -5.0818 -3.6969 -.25 -4.3499
4 15 -3.2988 -.25 -3.6165 -3.1295 -.25 -2.9127 -3.4051 -.25 -2.6698 -3.3863 -.25 -3.308
4 15 -3.4131 -.25 -4.2147 -2.6099 -.25 -4.0079 -2.6461 -.25 -3.7587 -3.3241 -.25 -4.0741
4 15 -2.7318 -.25 -3.5 -3.2798 -.25 -3.8673 -3.3241 -.25 -4.0741 -2.6461 -.25 -3.7587
4 15 -2.4816 -.25 -.2274 -2.3574 -.25 -.2183 -2.3392 -.25 .0139 -2.4959 -.25 .0114
4 15 -2.579 -.25 -1.3456 -3.106 -.25 -1.4401 -2.4765 -.25 -2.0832 -2.4176 -.25 -1.4843
4 15 -2.7337 -.25 -4.6135 -3.6969 -.25 -4.3499 -2.9377 -.25 -4.8496 -2.8234 -.25 -4.7384
4 15 -2.6264 -.25 -4.3158 -3.6969 -.25 -4.3499 -2.7337 -.25 -4.6135 -2.6673 -.25 -4.4726
4 15 -3.2798 -.25 -3.8673 -2.7318 -.25 -3.5 -2.8784 -.25 -3.2271 -3.2792 -.25 -3.8066
4 15 -3.1295 -.25 -2.9127 -3.2988 -.25 -3.6165 -3.2792 -.25 -3.8066 -2.8784 -.25 -3.2271
4 15 -2.618 -.25 -4.2562 -3.5408 -.25 -4.3082 -3.6969 -.25 -4.3499 -2.6264 -.25 -4.3158
4 15 -2.6099 -.25 -4.0079 -3.4131 -.25 -4.2147 -3.5408 -.25 -4.3082 -2.618 -.25 -4.2562
4 15 -2.4899 -.25 -2.5442 -2.4526 -.25 -3.0859 -2.2163 -.25 -2.9073 -2.2019 -.25 -2.3245
4 15 -2.0957 -.25 -.8143 -2.0869 -.25 -.1842 -2.3699 -.25 -.8788 -2.1431 -.25 -1.7256
4 15 -2.4526 -.25 -3.0859 -2.3877 -.25 -3.361 -2.1994 -.25 -3.1216 -2.2163 -.25 -2.9073
4 15 -2.3699 -.25 -.8788 -2.4176 -.25 -1.4843 -2.2019 -.25 -2.3245 -2.1431 -.25 -1.7256
4 15 -2.2373 -.25 -3.6237 -2.1517 -.25 -3.6768 -2.0593 -.25 -3.5565 -2.1018 -.25 -3.4834
4 15 -2.2547 -.25 -5.7016 -2.2326 -.25 -5.8807 -2.0317 -.25 -5.7186 -2.0675 -.25 -5.63
4 15 -2.0675 -.25 -5.63 -2.1003 -.25 -5.5908 -2.2175 -.25 -5.6029 -2.2547 -.25 -5.7016
4 15 -2.2326 -.25 -5.8807 -2.138 -.25 -6.239 -2.0065 -.25 -5.8031 -2.0317 -.25 -5.7186
4 15 -1.932 -.25 -5.9513 -2.0065 -.25 -5.8031 -2.138 -.25 -6.239 -1.9864 -.25 -6.5551
4 15 -1.4267 -.25 -3.1371 -.8429 -.25 -3.8482 .0442 -.25 -3.7934 -.7114 -.25 -3.0181
4 15 -1.7651 -.25 -6.1748 -1.932 -.25 -5.9513 -1.9864 -.25 -6.5551 -1.7913 -.25 -6.8203
4 15 -2.3877 -.25 -3.361 -2.3229 -.25 -3.5109 -2.1738 -.25 -3.2789 -2.1994 -.25 -3.1216
4 15 -2.2019 -.25 -2.3245 -2.4176 -.25 -1.4843 -2.4765 -.25 -2.0832 -2.4899 -.25 -2.5442
4 15 -2.3229 -.25 -3.5109 -2.2637 -.25 -3.5997 -2.1326 -.25 -3.4192 -2.1738 -.25 -3.2789
4 15 -2.2637 -.25 -3.5997 -2.2373 -.25 -3.6237 -2.1018 -.25 -3.4834 -2.1326 -.25 -3.4192
4 15 -2.0537 -.25 -3.6132 -2.0593 -.25 -3.5565 -2.1517 -.25 -3.6768 -2.1096 -.25 -3.6698
4 15 -.7369 -.25 -6.5938 -.9102 -.25 -6.6128 -.7927 -.25 -7.3263 -.4904 -.25 -7.3201
4 15 -.562 -.25 -6.5408 -.7369 -.25 -6.5938 -.4904 -.25 -7.3201 -.2168 -.25 -7.2639
4 15 -.4577 -.25 -6.4895 -.562 -.25 -6.5408 -.2168 -.25 -7.2639 .0352 -.25 -7.1601
4 15 -.1917 -.25 -4.9842 -.0874 -.25 -5.3676 .8226 -.25 -5.0622 .7051 -.25 -4.7397
4 15 -.3436 -.25 -6.4097 -.4577 -.25 -6.4895 .0352 -.25 -7.1601 .2672 -.25 -7.0066
4 15 -.2543 -.25 -6.3203 -.3436 -.25 -6.4097 .2672 -.25 -7.0066 .4657 -.25 -6.8118
4 15 -.0874 -.25 -5.3676 -.0637 -.25 -5.627 .8774 -.25 -5.3975 .8226 -.25 -5.0622
4 15 -.1865 -.25 -6.2229 -.2543 -.25 -6.3203 .4657 -.25 -6.8118 .6262 -.25 -6.5832
4 15 -1.5336 -.25 -6.3895 -1.7651 -.25 -6.1748 -1.7913 -.25 -6.8203 -1.5799 -.25 -7.0202
4 15 -1.3495 -.25 -6.507 -1.5336 -.25 -6.3895 -1.5799 -.25 -7.0202 -1.3563 -.25 -7.1681
4 15 -.7114 -.25 -3.0181 -2.1431 -.25 -1.7256 -2.2019 -.25 -2.3245 -1.4267 -.25 -3.1371
4 15 -.8429 -.25 -3.8482 -.4513 -.25 -4.4385 .4581 -.25 -4.3145 .0442 -.25 -3.7934
4 15 -1.1984 -.25 -6.5712 -1.3495 -.25 -6.507 -1.3563 -.25 -7.1681 -1.1443 -.25 -7.2608
4 15 -1.077 -.25 -6.6011 -1.1984 -.25 -6.5712 -1.1443 -.25 -7.2608 -.9383 -.25 -7.3109
4 15 -.9102 -.25 -6.6128 -1.077 -.25 -6.6011 -.9383 -.25 -7.3109 -.7927 -.25 -7.3263
4 15 -.4513 -.25 -4.4385 -.1917 -.25 -4.9842 .7051 -.25 -4.7397 .4581 -.25 -4.3145
4 15 -.9676 -.25 -.3858 -1.4026 -.25 -.2716 -1.3609 -.25 -.5463 -.8385 -.25 -.6649
4 15 -.1486 -.25 -6.145 -.1865 -.25 -6.2229 .6262 -.25 -6.5832 .7539 -.25 -6.3094
4 15 -.0637 -.25 -5.627 -.0809 -.25 -5.8518 .8652 -.25 -5.8026 .8774 -.25 -5.3975
4 15 -.1019 -.25 -5.977 -.1486 -.25 -6.145 .7539 -.25 -6.3094 .8414 -.25 -5.9734
4 15 -.0809 -.25 -5.8518 -.1019 -.25 -5.977 .8414 -.25 -5.9734 .8652 -.25 -5.8026
4 15 .1444 -.25 -2.1988 .4219 -.25 -1.5754 .2238 -.25 -1.5346 -.156 -.25 -1.9802
4 15 .4219 -.25 -1.5754 .1444 -.25 -2.1988 .2442 -.25 -2.2722 .6207 -.25 -2.1688
4 15 .3452 -.25 -2.3814 .552 -.25 -2.7072 .7295 -.25 -2.2992 .671 -.25 -2.2144
4 15 .9292 -.25 -2.1172 .4219 -.25 -1.5754 .6207 -.25 -2.1688 .7551 -.25 -2.1585
4 15 .6207 -.25 -2.1688 .2442 -.25 -2.2722 .3452 -.25 -2.3814 .671 -.25 -2.2144
4 15 .552 -.25 -2.7072 .5984 -.25 -2.7907 .9216 -.25 -2.7285 .7295 -.25 -2.2992
4 15 -.8385 -.25 -.6649 -1.3609 -.25 -.5463 -1.269 -.25 -.8163 -.6589 -.25 -.9282
4 15 -.6589 -.25 -.9282 -1.269 -.25 -.8163 -1.1276 -.25 -1.0761 -.5256 -.25 -1.0781
4 15 -.5256 -.25 -1.0781 -1.1276 -.25 -1.0761 -.8933 -.25 -1.3737 -.2226 -.25 -1.3148
4 15 -.2226 -.25 -1.3148 -.8933 -.25 -1.3737 -.4682 -.25 -1.7451 .0439 -.25 -1.4656
4 15 .0439 -.25 -1.4656 -.4682 -.25 -1.7451 -.156 -.25 -1.9802 .2238 -.25 -1.5346
4 15 1.5437 -.25 -.5731 1.0408 -.25 -.5167 1.1005 -.25 -.6984 1.6084 -.25 -.8479
4 15 1.5502 -.25 -1.4658 1.0318 -.25 -1.316 .8929 -.25 -1.4643 1.4631 -.25 -1.6605
4 15 .6895 -.25 -1.5585 1.3557 -.25 -1.8184 1.4631 -.25 -1.6605 .8929 -.25 -1.4643
4 15 1.6084 -.25 -.8479 1.1005 -.25 -.6984 1.126 -.25 -.8712 1.6221 -.25 -1.0826
4 15 1.6221 -.25 -1.0826 1.126 -.25 -.8712 1.1199 -.25 -1.0461 1.6069 -.25 -1.241
4 15 1.3557 -.25 -1.8184 .6895 -.25 -1.5585 .4219 -.25 -1.5754 1.2246 -.25 -1.9512
4 15 .9292 -.25 -2.1172 1.0903 -.25 -2.0447 1.2246 -.25 -1.9512 .4219 -.25 -1.5754
4 15 .9593 -.25 -2.8697 .9216 -.25 -2.7285 .5984 -.25 -2.7907 .6818 -.25 -2.9512
4 15 .6818 -.25 -2.9512 .6912 -.25 -3 .7974 -.25 -2.9858 .8752 -.25 -2.9518
4 15 .8752 -.25 -2.9518 .9539 -.25 -2.8979 .9593 -.25 -2.8697 .6818 -.25 -2.9512
4 15 1.0318 -.25 -1.316 1.5502 -.25 -1.4658 1.6069 -.25 -1.241 1.1199 -.25 -1.0461
4 15 1.4036 -.25 -.241 .9139 -.25 -.2799 1.0408 -.25 -.5167 1.5437 -.25 -.5731
4 15 -2.0869 -.25 -.1842 -2.0208 -.25 -.165 -1.9467 -.25 -.1319 -2.339 -.25 .0153
4 15 -1.7994 -.25 .0105 -2.339 -.25 .0153 -1.9467 -.25 -.1319 -1.8871 -.25 -.0918
4 15 -3.5896 -.25 -.2319 -3.7414 -.25 .0153 -4.0973 -.25 .0153 -3.9915 -.25 -.2074
3 15 -1.8871 -.25 -.0918 -1.8378 -.25 -.0436 -1.7994 -.25 .0105
3 15 -2.339 -.25 .0153 -1.7994 -.25 .0105 -1.7972 -.25 .0153
4 15 -2.9004 -.25 -.0888 -2.7794 -.25 -.1564 -2.593 -.25 -.2189 -2.5171 -.25 .0153
4 15 -2.4816 -.25 -.2274 -2.4959 -.25 .0114 -2.5171 -.25 .0153 -2.593 -.25 -.2189
4 15 1.4036 -.25 -.241 1.2406 -.25 .0153 .6783 -.25 .0153 .9139 -.25 -.2799
4 15 -4.6504 -.25 -.6007 -4.4099 -.25 .0153 -4.7925 -.25 .0153 -5.0036 -.25 -.689
3 15 -2.0869 -.25 -.1842 -2.339 -.25 .0153 -2.3392 -.25 .0139
4 15 -2.9004 -.25 -.0888 -2.5171 -.25 .0153 -3.016 -.25 .0153 -2.9879 -.25 -.0176
4 15 -1.0478 -.25 -.0849 -1.0557 -.25 .0153 -1.3929 -.25 .0153 -1.4026 -.25 -.2716
3 15 -1.4026 -.25 -.2716 -.9676 -.25 -.3858 -1.0478 -.25 -.0849
3 15 -8.8976 -.25 -20.8931 -8.38 -.25 -20.8931 -8.8525 -.25 -20.6183
