0 ~Wheel Cover  7 Spoke for Wheel 14 x 18 - Single Spoke
0 Name: s\62359s01.dat
0 Author: Ulrich Röder [UR]
0 !LDRAW_ORG Subpart UPDATE 2023-04
0 !LICENSE Licensed under CC BY 4.0 : see CAreadme.txt

0 BFC CERTIFY CCW

0 !HISTORY 2023-08-25 [OrionP] Official Update 2023-04


0 // Main
4 16 6.028 -6.343 -17.188 6.84 -5.455 -17.188 6.84 -5.455 -13.75 6.028 -6.343 -13.75
4 16 7.351 -10.166 -20.573 6.966 -9.053 -20.127 7.239 -9.841 -16.25 7.972 -11.961 -16.25
3 16 7.239 -9.841 -16.25 6.966 -9.053 -20.127 6.028 -6.343 -17.188
3 16 7.239 -9.841 -16.25 6.028 -6.343 -17.188 6.229 -7.338 -13.75
3 16 6.028 -6.343 -17.188 6.028 -6.343 -13.75 6.229 -7.338 -13.75
4 16 9.228 -15.59 -20.145 7.351 -10.166 -20.573 7.972 -11.961 -16.25 9.228 -15.59 -17.081
3 16 12.421 -15.628 -19.952 8.665 -17.992 -20 9.228 -15.59 -20.145
4 16 14.378 -11.466 -20.116 11.363 -14.301 -20.097 11.363 -14.301 -17.033 14.355 -11.448 -17.166
3 16 4.956 -10.292 -20.127 2.431 -5.048 -13.75 6.028 -6.343 -17.188
3 16 4.956 -10.292 -20.127 6.028 -6.343 -17.188 6.966 -9.053 -20.127
3 16 6.028 -6.343 -17.188 2.431 -5.048 -13.75 4.398 -3.507 -13.75
3 16 6.028 -6.343 -17.188 4.398 -3.507 -13.75 6.84 -5.455 -17.188
3 16 11.363 -14.301 -17.033 15.522 -12.379 -17.5 14.355 -11.448 -17.166
4 16 17.102 -13.638 -17.5 13.57 -17.068 -17.452 13.57 -17.069 -19.014 17.103 -13.639 -19.062
4 16 12.345 -15.533 -17.452 8.62 -17.899 -17.5 9.491 -19.709 -17.5 13.57 -17.068 -17.452
4 16 17.103 -13.639 -19.062 13.57 -17.069 -19.014 12.421 -15.628 -19.952 15.637 -12.469 -20
3 16 8.62 -17.899 -17.5 11.363 -14.301 -17.033 9.228 -15.59 -17.081
4 16 15.522 -12.379 -17.5 12.345 -15.533 -17.452 13.57 -17.068 -17.452 17.102 -13.638 -17.5
3 16 4.176 -8.672 -13.75 7.239 -9.841 -16.25 6.229 -7.338 -13.75
3 16 5.301 -11.007 -16.25 7.239 -9.841 -16.25 4.176 -8.672 -13.75
4 16 7.972 -11.961 -16.25 7.239 -9.841 -16.25 5.301 -11.007 -16.25 6.237 -12.951 -16.25
4 16 11.363 -14.301 -20.097 14.378 -11.466 -20.116 15.637 -12.469 -20 12.421 -15.628 -19.952
3 16 15.522 -12.379 -17.5 11.363 -14.301 -17.033 12.345 -15.533 -17.452
4 16 8.62 -17.899 -17.5 9.228 -15.59 -17.081 6.237 -12.951 -16.25 6.435 -16.935 -17.081
3 16 9.228 -15.59 -17.081 7.972 -11.961 -16.25 6.237 -12.951 -16.25
4 16 5.444 -11.304 -20.573 7.351 -10.166 -20.573 9.228 -15.59 -20.145 8.665 -17.992 -20
4 16 4.956 -10.292 -20.127 6.966 -9.053 -20.127 7.351 -10.166 -20.573 5.444 -11.304 -20.573
4 16 9.228 -15.59 -17.081 11.363 -14.301 -17.033 11.363 -14.301 -20.097 9.228 -15.59 -20.145
4 16 13.57 -17.068 -17.452 9.491 -19.709 -17.5 9.491 -19.709 -19.062 13.57 -17.069 -19.014
4 16 13.57 -17.069 -19.014 9.491 -19.709 -19.062 8.665 -17.992 -20 12.421 -15.628 -19.952
3 16 11.363 -14.301 -20.097 12.421 -15.628 -19.952 9.228 -15.59 -20.145
3 16 12.345 -15.533 -17.452 11.363 -14.301 -17.033 8.62 -17.899 -17.5
4 16 1.201 -8.667 -17.188 1.201 -8.667 -13.75 0 -8.749 -13.75 0 -8.749 -17.188
4 16 3.181 -11.795 -16.25 2.735 -11.091 -20.127 3.365 -12.086 -20.573 4.381 -13.691 -16.25
3 16 3.181 -11.795 -16.25 1.201 -8.667 -17.188 2.735 -11.091 -20.127
3 16 3.181 -11.795 -16.25 1.854 -9.445 -13.75 1.201 -8.667 -17.188
3 16 1.201 -8.667 -17.188 1.854 -9.445 -13.75 1.201 -8.667 -13.75
4 16 4.381 -13.691 -16.25 3.365 -12.086 -20.573 6.435 -16.935 -20.145 6.435 -16.935 -17.081
3 16 8.665 -17.992 -20 4.474 -19.455 -19.952 6.435 -16.935 -20.145
4 16 4.096 -17.8 -17.033 4.096 -17.8 -20.097 0 -18.39 -20.116 0 -18.361 -17.166
3 16 4.956 -10.292 -20.127 1.201 -8.667 -17.188 2.431 -5.048 -13.75
3 16 4.956 -10.292 -20.127 2.735 -11.091 -20.127 1.201 -8.667 -17.188
3 16 1.201 -8.667 -17.188 0 -5.625 -13.75 2.431 -5.048 -13.75
3 16 1.201 -8.667 -17.188 0 -8.749 -17.188 0 -5.625 -13.75
3 16 4.096 -17.8 -17.033 0 -18.361 -17.166 0 -19.854 -17.5
4 16 4.884 -21.252 -19.014 4.884 -21.251 -17.452 0 -21.874 -17.5 0 -21.875 -19.062
4 16 9.491 -19.709 -17.5 8.62 -17.899 -17.5 4.447 -19.337 -17.452 4.884 -21.251 -17.452
4 16 4.474 -19.455 -19.952 4.884 -21.252 -19.014 0 -21.875 -19.062 0 -20 -20
3 16 8.62 -17.899 -17.5 6.435 -16.935 -17.081 4.096 -17.8 -17.033
4 16 4.884 -21.251 -17.452 4.447 -19.337 -17.452 0 -19.854 -17.5 0 -21.874 -17.5
3 16 1.854 -9.445 -13.75 3.181 -11.795 -16.25 4.176 -8.672 -13.75
3 16 4.176 -8.672 -13.75 3.181 -11.795 -16.25 5.301 -11.007 -16.25
4 16 5.301 -11.007 -16.25 3.181 -11.795 -16.25 4.381 -13.691 -16.25 6.237 -12.951 -16.25
4 16 0 -20 -20 0 -18.39 -20.116 4.096 -17.8 -20.097 4.474 -19.455 -19.952
3 16 4.447 -19.337 -17.452 4.096 -17.8 -17.033 0 -19.854 -17.5
3 16 4.381 -13.691 -16.25 6.435 -16.935 -17.081 6.237 -12.951 -16.25
4 16 6.435 -16.935 -20.145 3.365 -12.086 -20.573 5.444 -11.304 -20.573 8.665 -17.992 -20
4 16 3.365 -12.086 -20.573 2.735 -11.091 -20.127 4.956 -10.292 -20.127 5.444 -11.304 -20.573
4 16 6.435 -16.935 -17.081 6.435 -16.935 -20.145 4.096 -17.8 -20.097 4.096 -17.8 -17.033
4 16 9.491 -19.709 -19.062 9.491 -19.709 -17.5 4.884 -21.251 -17.452 4.884 -21.252 -19.014
4 16 8.665 -17.992 -20 9.491 -19.709 -19.062 4.884 -21.252 -19.014 4.474 -19.455 -19.952
3 16 4.096 -17.8 -20.097 6.435 -16.935 -20.145 4.474 -19.455 -19.952
3 16 4.447 -19.337 -17.452 8.62 -17.899 -17.5 4.096 -17.8 -17.033

0 // Lines/Condlines
5 24 6.435 -16.935 -20.145 4.474 -19.455 -19.952 4.096 -17.8 -20.097 8.665 -17.992 -20
5 24 1.201 -8.667 -17.188 3.181 -11.795 -16.25 2.735 -11.091 -20.127 1.854 -9.445 -13.75
5 24 6.435 -16.935 -17.081 6.237 -12.951 -16.25 4.381 -13.691 -16.25 8.62 -17.899 -17.5
2 24 11.363 -14.301 -20.097 9.228 -15.59 -20.145
5 24 4.884 -21.251 -17.452 4.447 -19.337 -17.452 0 -19.854 -17.5 9.491 -19.709 -17.5
2 24 4.884 -21.251 -17.452 0 -21.874 -17.5
5 24 15.522 -12.379 -17.5 11.363 -14.301 -17.033 14.355 -11.448 -17.166 12.345 -15.533 -17.452
5 24 4.956 -10.292 -20.127 5.444 -11.304 -20.573 7.351 -10.166 -20.573 3.365 -12.086 -20.573
2 24 6.435 -16.935 -20.145 6.435 -16.935 -17.081
5 24 17.102 -13.638 -17.5 15.522 -12.379 -17.5 19.66 -9.432 -17.452 13.57 -17.068 -17.452
2 24 6.028 -6.343 -17.188 6.84 -5.455 -17.188
5 24 4.398 -3.507 -13.75 6.84 -5.455 -17.188 7.525 -4.465 -17.188 6.028 -6.343 -17.188
5 24 8.62 -17.899 -17.5 11.363 -14.301 -17.033 12.345 -15.533 -17.452 9.228 -15.59 -17.081
5 24 5.444 -11.304 -20.573 8.665 -17.992 -20 6.435 -16.935 -20.145 9.228 -15.59 -20.145
5 24 12.421 -15.628 -19.952 8.665 -17.992 -20 9.228 -15.59 -20.145 13.57 -17.069 -19.014
5 24 4.096 -17.8 -17.033 4.096 -17.8 -20.097 0 -18.39 -20.116 6.435 -16.935 -17.081
5 24 2.431 -5.048 -13.75 1.201 -8.667 -17.188 4.956 -10.292 -20.127 0 -5.625 -13.75
5 24 9.228 -15.59 -17.081 8.62 -17.899 -17.5 11.363 -14.301 -17.033 6.237 -12.951 -16.25
5 24 4.447 -19.337 -17.452 4.096 -17.8 -17.033 0 -19.854 -17.5 8.62 -17.899 -17.5
5 24 15.637 -12.469 -20 17.103 -13.639 -19.062 12.421 -15.628 -19.952 18 -8.632 -19.952
5 24 8.62 -17.899 -17.5 6.435 -16.935 -17.081 4.096 -17.8 -17.033 6.237 -12.951 -16.25
5 24 8.665 -17.992 -20 9.228 -15.59 -20.145 5.444 -11.304 -20.573 12.421 -15.628 -19.952
2 24 1.201 -8.667 -17.188 2.735 -11.091 -20.127
2 24 0 -18.39 -20.116 4.096 -17.8 -20.097
5 24 6.229 -7.338 -13.75 6.028 -6.343 -17.188 6.028 -6.343 -13.75 7.239 -9.841 -16.25
5 24 7.351 -10.166 -20.573 5.444 -11.304 -20.573 9.228 -15.59 -20.145 4.956 -10.292 -20.127
2 24 9.491 -19.709 -19.062 13.57 -17.069 -19.014
2 24 9.228 -15.59 -20.145 7.351 -10.166 -20.573
2 24 13.57 -17.068 -17.452 17.102 -13.638 -17.5
5 24 8.62 -17.899 -17.5 4.096 -17.8 -17.033 6.435 -16.935 -17.081 4.447 -19.337 -17.452
5 24 1.201 -8.667 -17.188 1.854 -9.445 -13.75 1.201 -8.667 -13.75 3.181 -11.795 -16.25
5 24 11.363 -14.301 -20.097 12.421 -15.628 -19.952 9.228 -15.59 -20.145 15.637 -12.469 -20
5 24 6.028 -6.343 -17.188 2.431 -5.048 -13.75 4.956 -10.292 -20.127 4.398 -3.507 -13.75
5 24 17.103 -13.639 -19.062 17.102 -13.638 -17.5 13.57 -17.069 -19.014 19.661 -9.432 -19.014
2 24 2.735 -11.091 -20.127 3.365 -12.086 -20.573
5 24 15.637 -12.469 -20 12.421 -15.628 -19.952 17.103 -13.639 -19.062 11.363 -14.301 -20.097
2 24 9.228 -15.59 -17.081 11.363 -14.301 -17.033
5 24 12.345 -15.533 -17.452 8.62 -17.899 -17.5 11.363 -14.301 -17.033 9.491 -19.709 -17.5
5 24 5.444 -11.304 -20.573 3.365 -12.086 -20.573 6.435 -16.935 -20.145 4.956 -10.292 -20.127
5 24 14.378 -11.466 -20.116 15.637 -12.469 -20 16.471 -7.896 -20.097 11.363 -14.301 -20.097
5 24 6.028 -6.343 -17.188 4.956 -10.292 -20.127 2.431 -5.048 -13.75 6.966 -9.053 -20.127
2 24 6.966 -9.053 -20.127 7.351 -10.166 -20.573
5 24 6.966 -9.053 -20.127 4.956 -10.292 -20.127 6.028 -6.343 -17.188 7.351 -10.166 -20.573
2 24 9.228 -15.59 -20.145 9.228 -15.59 -17.081
2 24 4.096 -17.8 -17.033 0 -18.361 -17.166
5 24 14.355 -11.448 -17.166 14.378 -11.466 -20.116 11.363 -14.301 -17.033 16.471 -7.896 -17.033
5 24 1.201 -8.667 -17.188 1.201 -8.667 -13.75 1.854 -9.445 -13.75 0 -8.749 -13.75
5 24 8.665 -17.992 -20 4.474 -19.455 -19.952 6.435 -16.935 -20.145 4.884 -21.252 -19.014
5 24 0 -19.854 -17.5 4.447 -19.337 -17.452 4.884 -21.251 -17.452 4.096 -17.8 -17.033
5 24 7.239 -9.841 -16.25 6.028 -6.343 -17.188 6.229 -7.338 -13.75 6.966 -9.053 -20.127
2 24 9.228 -15.59 -17.081 7.972 -11.961 -16.25
5 24 13.57 -17.068 -17.452 12.345 -15.533 -17.452 9.491 -19.709 -17.5 15.522 -12.379 -17.5
2 24 1.201 -8.667 -17.188 0 -8.749 -17.188
5 24 6.028 -6.343 -17.188 6.028 -6.343 -13.75 6.229 -7.338 -13.75 6.84 -5.455 -13.75
5 24 4.474 -19.455 -19.952 4.884 -21.252 -19.014 8.665 -17.992 -20 0 -21.875 -19.062
2 24 4.096 -17.8 -20.097 6.435 -16.935 -20.145
5 24 2.431 -5.048 -13.75 4.956 -10.292 -20.127 1.201 -8.667 -17.188 6.028 -6.343 -17.188
2 24 3.181 -11.795 -16.25 1.854 -9.445 -13.75
2 24 3.365 -12.086 -20.573 6.435 -16.935 -20.145
5 24 12.421 -15.628 -19.952 9.228 -15.59 -20.145 8.665 -17.992 -20 11.363 -14.301 -20.097
5 24 12.345 -15.533 -17.452 15.522 -12.379 -17.5 11.363 -14.301 -17.033 13.57 -17.068 -17.452
2 24 4.884 -21.252 -19.014 0 -21.875 -19.062
5 24 15.522 -12.379 -17.5 14.355 -11.448 -17.166 16.471 -7.896 -17.033 11.363 -14.301 -17.033
5 24 2.735 -11.091 -20.127 4.956 -10.292 -20.127 3.365 -12.086 -20.573 1.201 -8.667 -17.188
5 24 6.84 -5.455 -17.188 6.84 -5.455 -13.75 6.028 -6.343 -17.188 7.525 -4.465 -17.188
5 24 13.57 -17.069 -19.014 13.57 -17.068 -17.452 17.102 -13.638 -17.5 9.491 -19.709 -19.062
5 24 4.381 -13.691 -16.25 6.237 -12.951 -16.25 6.435 -16.935 -17.081 5.301 -11.007 -16.25
2 24 11.363 -14.301 -17.033 14.355 -11.448 -17.166
5 24 5.301 -11.007 -16.25 4.176 -8.672 -13.75 3.181 -11.795 -16.25 7.239 -9.841 -16.25
5 24 0 -5.625 -13.75 1.201 -8.667 -17.188 0 -8.749 -17.188 2.431 -5.048 -13.75
5 24 3.181 -11.795 -16.25 5.301 -11.007 -16.25 4.176 -8.672 -13.75 4.381 -13.691 -16.25
2 24 6.028 -6.343 -17.188 6.966 -9.053 -20.127
5 24 6.435 -16.935 -20.145 8.665 -17.992 -20 4.474 -19.455 -19.952 5.444 -11.304 -20.573
2 24 4.096 -17.8 -17.033 6.435 -16.935 -17.081
2 24 14.378 -11.466 -20.116 11.363 -14.301 -20.097
5 24 8.62 -17.899 -17.5 9.491 -19.709 -17.5 12.345 -15.533 -17.452 4.447 -19.337 -17.452
5 24 1.201 -8.667 -17.188 4.956 -10.292 -20.127 2.431 -5.048 -13.75 2.735 -11.091 -20.127
2 24 7.239 -9.841 -16.25 6.229 -7.338 -13.75
5 24 6.237 -12.951 -16.25 7.972 -11.961 -16.25 5.301 -11.007 -16.25 9.228 -15.59 -17.081
5 24 12.345 -15.533 -17.452 11.363 -14.301 -17.033 8.62 -17.899 -17.5 15.522 -12.379 -17.5
5 24 4.884 -21.252 -19.014 4.884 -21.251 -17.452 0 -21.874 -17.5 9.491 -19.709 -19.062
2 24 17.103 -13.639 -19.062 13.57 -17.069 -19.014
5 24 4.447 -19.337 -17.452 8.62 -17.899 -17.5 9.491 -19.709 -17.5 4.096 -17.8 -17.033
5 24 4.398 -3.507 -13.75 6.028 -6.343 -17.188 2.431 -5.048 -13.75 6.84 -5.455 -17.188
5 24 9.491 -19.709 -17.5 9.491 -19.709 -19.062 13.57 -17.068 -17.452 4.884 -21.251 -17.452
5 24 6.237 -12.951 -16.25 9.228 -15.59 -17.081 7.972 -11.961 -16.25 8.62 -17.899 -17.5
2 24 7.239 -9.841 -16.25 7.972 -11.961 -16.25
5 24 5.301 -11.007 -16.25 7.239 -9.841 -16.25 7.972 -11.961 -16.25 4.176 -8.672 -13.75
5 24 4.176 -8.672 -13.75 7.239 -9.841 -16.25 5.301 -11.007 -16.25 6.229 -7.338 -13.75
5 24 12.421 -15.628 -19.952 13.57 -17.069 -19.014 8.665 -17.992 -20 17.103 -13.639 -19.062
2 24 9.491 -19.709 -17.5 13.57 -17.068 -17.452
2 24 4.381 -13.691 -16.25 6.435 -16.935 -17.081
2 24 4.381 -13.691 -16.25 3.181 -11.795 -16.25
2 24 9.491 -19.709 -17.5 4.884 -21.251 -17.452
5 24 0 -19.854 -17.5 4.096 -17.8 -17.033 0 -18.361 -17.166 4.447 -19.337 -17.452
5 24 9.491 -19.709 -19.062 8.665 -17.992 -20 4.884 -21.252 -19.014 13.57 -17.069 -19.014
5 24 0 -20 -20 4.474 -19.455 -19.952 0 -21.875 -19.062 4.096 -17.8 -20.097
2 24 9.491 -19.709 -19.062 4.884 -21.252 -19.014
5 24 3.181 -11.795 -16.25 4.176 -8.672 -13.75 1.854 -9.445 -13.75 5.301 -11.007 -16.25
5 24 4.096 -17.8 -20.097 4.474 -19.455 -19.952 6.435 -16.935 -20.145 0 -20 -20
5 24 11.363 -14.301 -17.033 11.363 -14.301 -20.097 14.378 -11.466 -20.116 9.228 -15.59 -17.081
2 24 0 -5.625 -13.75 2.431 -5.048 -13.75
2 24 6.84 -5.455 -13.75 6.028 -6.343 -13.75
2 24 4.176 -8.672 -13.75 1.854 -9.445 -13.75
2 24 6.229 -7.338 -13.75 4.176 -8.672 -13.75
2 24 1.854 -9.445 -13.75 1.201 -8.667 -13.75
2 24 6.028 -6.343 -13.75 6.229 -7.338 -13.75
2 24 2.431 -5.048 -13.75 4.398 -3.507 -13.75
2 24 1.201 -8.667 -13.75 0 -8.749 -13.75