0 ~Technic Transmission Changeover Catch Half
0 Name: s\6641s01.dat
0 Author: Philippe Hurbain [Philo]
0 !LDRAW_ORG Subpart UPDATE 2024-02
0 !LICENSE Licensed under CC BY 4.0 : see CAreadme.txt

0 BFC CERTIFY CCW

0 !HISTORY 2020-11-03 [Philo] Subparted from Marc Klein original design
0 !HISTORY 2022-03-06 [PTadmin] Official Update 2022-02
0 !HISTORY 2024-03-23 [OrionP] Updated ring primitives
0 !HISTORY 2024-03-24 [OrionP] Official Update 2024-02

1 16 10 0 -20 0 -20 0 -9 0 0 0 0 -9 3-16cylo.dat
1 16 10 0 -20 0 -1 0 -3 0 0 0 0 -3 3-16ring2.dat
1 16 10 0 -42 0 -20 0 -2 0 -3.46 3.46 0 -2 1-4cylo.dat
5 24 -10 -9 -20 10 -9 -20 -10 -9 -16.2722 -10 -8.3151 -23.4443
2 24 10 -9 6 -10 -9 6
2 24 10 -3.46 -44 10 -2.5 -46
2 24 10 -9 6 10 -9 -20
2 24 -10 -2.5 -46 -10 -3.46 -44
2 24 -10 -9 -20 -10 -9 6
4 16 10 -9 -20 10 -9 6 -10 -9 6 -10 -9 -20
2 24 10 -2.5 -46 -10 -2.5 -46
4 16 10 -3.46 -44 -10 -3.46 -44 -10 -2.5 -46 10 -2.5 -46
5 24 10 -3.46 -44 -10 -3.46 -44 -10 -2.5 -46 10 -3.961 -42.52
1 16 0 -2 -33.5715 0 0 10 0 1 0 -4.9685 0 0 rect.dat
1 16 0 -2.72215 -28.45905 0 0 -10 -0.72215 0 0 0.14395 1 0 rect2p.dat
1 16 10 0 -42 0 -1 0 -2 0 -3.46 3.46 0 -2 1-4chrd.dat
1 16 -10 0 -42 0 1 0 -2 0 -3.46 3.46 0 -2 1-4chrd.dat
1 16 0 0 6 6 0 0 0 0 -6 0 -1 0 2-4ndis.dat
1 16 0 0 6 6 0 0 0 0 -6 0 -1 0 2-4ering.dat
4 16 6 0 6 6 -6 6 10 -9 6 10 9 6
3 16 -6 -6 6 -6 0 6 -10 -9 6
4 16 -10 -9 6 10 -9 6 6 -6 6 -6 -6 6
2 24 10 9 6 10 -9 6
4 16 10 -2 -28.603 10 -2 -38.54 10 2 -38.54 10 2 -28.603
4 16 10 -2.2962 -25.5434 10 -3.4443 -28.3151 10 -2 -28.603 10 0 -26
1 16 -10 0 -20 0 1 0 -3 0 0 0 0 -3 3-16ring2.dat
4 16 -10 -2 -28.603 -10 -3.4443 -28.3151 -10 -2.2962 -25.5434 -10 0 -26
3 16 10 0 -26 10 -2 -28.603 10 2 -28.603
2 24 10 -2.5 -46 10 2.5 -46
3 16 10 -2.5 -46 -10 -2.5 -46 10 2.5 -46
4 16 -6 0 6 -5.602 -2 6 -5.802 -1 3 -6 0 3
4 16 -5.602 -2 -11 -5.802 -1 -11 -5.802 -1 3 -5.602 -2 6
2 24 -5.602 -2 6 -6 0 6
2 24 -5.602 -2 -11 -5.602 -2 6
2 24 -5.802 -1 3 -6 0 3
4 16 -5.243 -3.4443 -11.6849 -6 0 -11 -10 0 -11 -10 -3.4443 -11.6849
4 16 -5.057 -6 -13.394 -5.243 -3.4443 -11.6849 -10 -3.4443 -11.6849 -10 -6 -13.394
5 24 -5.243 -3.4443 -11.6849 -10 -3.4443 -11.6849 -6 0 -11 -5.057 -6 -13.394
2 24 -10 0 -11 -10 -3.4443 -11.6849
2 24 -10 -3.4443 -11.6849 -10 -6 -13.394
4 16 -5.057 -6 3 -7.124 -3.444 3 -7.124 -3.444 -11.69 -5.057 -6 -13.394
2 24 -5.057 -6 3 -7.124 -3.444 3
2 24 -7.124 -3.444 -11.69 -5.057 -6 -13.394
2 24 -7.937 -1 -11.2 -7.124 -3.444 -11.69
3 16 -5.057 -6 3 -10 -6 3 -7.124 -3.444 3
2 24 -7.124 -3.444 3 -7.937 -1 3
3 16 -7.124 -3.444 3 -10 -6 3 -7.937 -1 3
1 16 -7.5285 -6 -5.197 0 0 2.4715 0 -1 0 8.197 0 0 rect.dat
1 16 -6.8695 -1 -4.1 0 0 1.0675 0 -1 0 7.1 0 0 rect.dat
4 16 -7.124 -3.444 -11.69 -7.124 -3.444 3 -7.937 -1 3 -7.937 -1 -11.2
2 24 -5.802 -1 -11 -5.802 -1 3
2 24 -5.602 -2 -11 -6 0 -11
2 24 -6 0 -11 -5.802 -1 -11.2
3 16 -6 0 -11 -5.802 -1 -11.2 -5.802 -1 -11
2 24 5.802 -1 3 6 0 3
4 16 10 0 -11 6 0 -11 5.243 -3.4443 -11.6849 10 -3.4443 -11.6849
4 16 10 -3.4443 -11.6849 5.243 -3.4443 -11.6849 5.057 -6 -13.394 10 -6 -13.394
5 24 5.243 -3.4443 -11.6849 10 -3.4443 -11.6849 6 0 -11 5.057 -6 -13.394
2 24 10 0 -11 10 -3.4443 -11.6849
2 24 10 -3.4443 -11.6849 10 -6 -13.394
4 16 7.124 -3.444 -11.69 7.124 -3.444 3 5.057 -6 3 5.057 -6 -13.394
2 24 5.057 -6 3 7.124 -3.444 3
2 24 7.124 -3.444 -11.69 5.057 -6 -13.394
2 24 7.937 -1 -11.2 7.124 -3.444 -11.69
3 16 10 -6 3 5.057 -6 3 7.124 -3.444 3
2 24 7.124 -3.444 3 7.937 -1 3
3 16 10 -6 3 7.124 -3.444 3 7.937 -1 3
1 16 7.5285 -6 -5.197 2.4715 0 0 0 -1 0 0 0 -8.197 rect.dat
1 16 6.8695 -1 -4.1 1.0675 0 0 0 -1 0 0 0 -7.1 rect.dat
4 16 7.937 -1 3 7.124 -3.444 3 7.124 -3.444 -11.69 7.937 -1 -11.2
2 24 5.802 -1 -11 5.802 -1 3
2 24 5.602 -2 -11 6 0 -11
2 24 6 0 -11 5.802 -1 -11.2
3 16 5.802 -1 -11.2 6 0 -11 5.802 -1 -11
4 16 5.802 -1 3 5.602 -2 6 6 0 6 6 0 3
4 16 5.802 -1 3 5.802 -1 -11 5.602 -2 -11 5.602 -2 6
2 24 5.602 -2 6 6 0 6
2 24 5.602 -2 -11 5.602 -2 6
5 24 10 0 -11 6 0 -11 10 -3.4443 -11.6849 10 3.4443 -11.6849
1 16 -10 0 -20 0 1 0 -6 0 0 0 0 6 1-4ndis.dat
4 16 -10 -6 -13.394 -10 -3.4443 -11.6849 -10 0 -11 -10 -6 -14
4 16 -10 -6 -20 -10 -9 -20 -10 -9 6 -10 -6 3
3 16 -10 0 -11 -10 0 -14 -10 -6 -14
1 16 10 0 -20 0 -1 0 -6 0 0 0 0 6 1-4ndis.dat
4 16 10 0 -11 10 -3.4443 -11.6849 10 -6 -13.394 10 -6 -14
4 16 10 -9 6 10 -9 -20 10 -6 -20 10 -6 3
3 16 10 0 -14 10 0 -11 10 -6 -14
3 16 5.802 -1 3 6 0 3 7.937 -1 3
4 16 -7.937 -1 3 -7.937 1 3 -6 0 3 -5.802 -1 3
4 16 10 -6 3 7.937 -1 3 7.937 1 3 10 6 3
4 16 10 6 3 10 9 6 10 -9 6 10 -6 3
2 24 10 -6 3 10 6 3
5 24 -7.124 -3.444 3 -7.124 -3.444 -11.69 -5.057 -6 -13.394 -7.937 -1 -11.2
5 24 7.124 -3.444 -11.69 7.124 -3.444 3 7.937 -1 3 5.057 -6 3
5 24 6 0 6 6 0 3 5.602 2 6 5.602 -2 6
5 24 10 -3.4443 -28.3151 -10 -3.4443 -28.3151 -10 -2 -28.603 10 -6.3639 -26.3639
