0 ~Plate 16 x 16 x  0.667 with Cutouts and Recessed Studs - Quarter
0 Name: s\69958s02.dat
0 Author: Gerald Lasser [GeraldLasser]
0 !LDRAW_ORG Subpart UPDATE 2022-06
0 !LICENSE Licensed under CC BY 4.0 : see CAreadme.txt

0 BFC CERTIFY CCW

0 !HISTORY 2022-12-20 [PTadmin] Official Update 2022-06


1 16 0 12 -80 1 0 0 0 -1 0 0 0 1 stud4h.dat
1 16 0 8 -80 6 0 0 0 1 0 0 0 6 4-4ndis.dat
1 16 0 12 -80 8 0 0 0 -1 0 0 0 8 4-4ndis.dat
1 16 0 12 -60 1 0 0 0 -1 0 0 0 1 stud4h.dat
1 16 0 8 -60 6 0 0 0 1 0 0 0 6 4-4ndis.dat
1 16 0 12 -60 8 0 0 0 -1 0 0 0 8 4-4ndis.dat
3 16 0 8 -54 6 8 -54 20 8 -40
4 16 20 8 -40 -20 8 -40 -6 8 -54 0 8 -54
3 16 -6 8 -54 -20 8 -40 -6 8 -60
3 16 -6 8 -60 -20 8 -40 -6 8 -66
4 16 0 8 -66 -6 8 -66 -6 8 -74 0 8 -74
3 16 -6 8 -66 -20 8 -40 -6 8 -74
3 16 -6 8 -74 -20 8 -40 -6 8 -80
4 16 -20 8 -40 -20 8 -120 -6 8 -86 -6 8 -80
3 16 -6 8 -94 -6 8 -86 -20 8 -120
3 16 -6 8 -94 -20 8 -120 -6 8 -100
3 16 -6 8 -100 -20 8 -120 -6 8 -106
4 16 0 8 -86 -6 8 -86 -6 8 -94 0 8 -94

1 16 0 12 -40 -7.391 0 3.062 0 -8 0 3.062 0 7.391 3-8cyli.dat
1 16 0 4 -40 -7.391 0 3.062 0 -1 0 3.062 0 7.391 3-8edge.dat
1 16 0 12 -40 7.391 0 3.062 0 -1 0 3.062 0 -7.391 5-8edge.dat
0 BFC INVERTNEXT
1 16 0 12 -40 -5.543 0 2.296 0 -8 0 2.296 0 5.543 3-8cyli.dat
1 16 0 4 -40 -5.543 0 2.296 0 -1 0 2.296 0 5.543 3-8edge.dat
1 16 0 12 -40 5.543 0 2.296 0 -1 0 2.296 0 -5.543 5-8edge.dat
1 16 0 12 -40 1 0 0 0 -1 0 0 0 1 stud4a.dat

2 24 -6.76 12 -36 -7.39 12 -36.94
2 24 6.76 12 -36 7.39 12 -36.94
2 24 -4.4 12 -36 -5.54 12 -37.7
2 24 4.4 12 -36 5.54 12 -37.7

1 16 0 4 -20 1 0 0 0 -3 0 0 0 1 stud4.dat

1 16 70 16 -70 50 0 0 0 1 0 0 0 50 recte4.dat
4 16 16 16 -124 16 16 -16 20 16 -20 20 16 -120
4 16 120 16 -20 20 16 -20 16 16 -16 124 16 -16

1 16 70 16 -70 54 0 0 0 1 0 0 0 54 recte4.dat

2 24 16 15 -16 18.12132 15 -16
1 16 17.0607 9.5 -17.0607 1.06066 -2.81803 0 0 0 5.5 1.06066 2.81803 0 box4-2p.dat
2 24 16 15 -18.12132 16 15 -16

1 16 11.38 8 -36 -4.62 0 0 0 0 4 0 -1 0 rect.dat
1 16 -11.38 8 -36 -4.62 0 0 0 0 4 0 -1 0 rect.dat
1 16 0 8 -36 4.4 0 0 0 0 4 0 -1 0 rect.dat

3 16 -8 12 -88 -16 12 -121.87864 -8 12 -80
3 16 -8 12 -80 -16 12 -121.87864 -8 12 -72
3 16 -8 12 -72 -16 12 -121.87864 -8 12 -68
3 16 -8 12 -68 -16 12 -121.87864 -8 12 -60
3 16 -8 12 -60 -16 12 -121.87864 -8 12 -52
3 16 -8 12 -52 -16 12 -121.87864 -16 12 -36
3 16 -16 16 -16 -16 15 -16 -16 15 -18.12132
3 16 16 15 -16 16 16 -16 16 15 -18.12132
4 16 -16 16 -16 -16 15 -18.12132 -16 15 -121.87864 -16 16 -124
4 16 -16 12 -36 -16 12 -121.87864 -16 15 -121.87864 -16 15 -18.12132
2 24 -16 12 -36 -16 12 -121.87864
4 16 16 15 -18.12132 16 16 -16 16 16 -124 16 15 -121.87864
4 16 16 15 -121.87864 16 12 -121.87864 16 12 -36 16 15 -18.12132
2 24 16 12 -36 16 12 -121.87864
4 16 0 12 -52 -8 12 -52 -16 12 -36 16 12 -36
4 16 16 12 -36 16 12 -38.12136 8 12 -52 0 12 -52
4 16 -8 12 -72 -8 12 -68 0 12 -68 0 12 -72
4 16 8 12 -72 0 12 -72 0 12 -68 8 12 -68
3 16 8 12 -72 8 12 -68 16 12 -38.12136
3 16 16 12 -38.12136 8 12 -68 8 12 -60
3 16 16 12 -38.12136 8 12 -60 8 12 -52
4 16 16 15 -18.12132 16 12 -36 16 4 -36 16 4 -18.12136
4 16 -16 4 -36 -16 12 -36 -16 15 -18.12132 -16 4 -18.12136
4 16 16 4 -36 -16 4 -36 -16 4 -16 16 4 -16
2 24 16 4 -36 16 4 -18.12136
2 24 -16 4 -36 -16 4 -18.12136

0 // Cavity
2 24 20 16 -20 20 4 -20
2 24 120 12 -20 120 16 -20
2 24 120 4 -120 120 16 -120
2 24 20 12 -120 20 16 -120
4 16 20 16 -20 20 12 -36 20 12 -120 20 16 -120
4 16 120 12 -20 36 12 -20 20 16 -20 120 16 -20
4 16 120 12 -24 120 12 -20 120 16 -20 120 16 -120
4 16 120 12 -24 120 16 -120 120 4 -120 120 4 -24
4 16 24 4 -120 120 4 -120 120 16 -120 24 12 -120
4 16 20 16 -120 20 12 -120 24 12 -120 120 16 -120
1 16 22 8 -78 0 0 2 0 4 0 42 0 0 box3-3.dat
1 16 78 8 -22 -42 0 0 0 4 0 0 0 -2 box3-3.dat
4 16 36 4 -20 20 4 -20 20 16 -20 36 12 -20
4 16 20 16 -20 20 4 -20 20 4 -36 20 12 -36
3 16 120 4 -24 120 4 -120 24 4 -120
4 16 24 4 -120 24 4 -36 36 4 -24 120 4 -24
4 16 20 4 -36 36 4 -20 36 4 -24 24 4 -36
3 16 20 4 -36 20 4 -20 36 4 -20
2 24 24 4 -120 120 4 -120
2 24 120 4 -120 120 4 -24
2 24 36 4 -20 20 4 -20
2 24 20 4 -20 20 4 -36
