0 ~Minifig Shield Round Bowed Frame and Centre Pattern Half
0 Name: s\75902p09s01.dat
0 Author: Philippe Hurbain [Philo]
0 !LDRAW_ORG Subpart UPDATE 2024-04
0 !LICENSE Licensed under CC BY 4.0 : see CAreadme.txt

0 BFC CERTIFY CCW

0 !HISTORY 2024-05-28 [OrionP] Official Update 2024-04

4 0 -4.8772 0 -8.8749 -4.8355 -0.6366 -8.8748 -5.4956 -0.7235 -8.8305 -5.543 0 -8.8305
4 0 -3.8694 -2.9691 -8.8749 -3.4487 -3.4487 -8.8749 -3.9195 -3.9195 -8.8305 -4.3976 -3.3744 -8.8305
4 0 -4.2238 -2.4386 -8.8748 -3.8694 -2.9691 -8.8749 -4.3976 -3.3744 -8.8305 -4.8004 -2.7715 -8.8305
4 0 -4.506 -1.8664 -8.8749 -4.2238 -2.4386 -8.8748 -4.8004 -2.7715 -8.8305 -5.1211 -2.1212 -8.8305
4 0 -4.7111 -1.2623 -8.8748 -4.506 -1.8664 -8.8749 -5.1211 -2.1212 -8.8305 -5.3541 -1.4346 -8.8305
4 0 -4.8355 -0.6366 -8.8748 -4.7111 -1.2623 -8.8748 -5.3541 -1.4346 -8.8305 -5.4956 -0.7235 -8.8305
4 16 -5.543 0 -8.8305 -5.4956 -0.7235 -8.8305 -6.7591 -0.8899 -8.7455 -6.8174 0 -8.7455
4 16 -4.3976 -3.3744 -8.8305 -3.9195 -3.9195 -8.8305 -4.8206 -4.8206 -8.7455 -5.4086 -4.1502 -8.7455
4 16 -4.8004 -2.7715 -8.8305 -4.3976 -3.3744 -8.8305 -5.4086 -4.1502 -8.7455 -5.904 -3.4087 -8.7455
4 16 -5.1211 -2.1212 -8.8305 -4.8004 -2.7715 -8.8305 -5.904 -3.4087 -8.7455 -6.2985 -2.6089 -8.7455
4 16 -5.3541 -1.4346 -8.8305 -5.1211 -2.1212 -8.8305 -6.2985 -2.6089 -8.7455 -6.5851 -1.7645 -8.7455
4 16 -5.4956 -0.7235 -8.8305 -5.3541 -1.4346 -8.8305 -6.5851 -1.7645 -8.7455 -6.7591 -0.8899 -8.7455
4 0 -6.8174 0 -8.7455 -6.7591 -0.8899 -8.7455 -7.3764 -0.9711 -8.704 -7.44 0 -8.704
4 0 -5.4086 -4.1502 -8.7455 -4.8206 -4.8206 -8.7455 -5.2609 -5.2609 -8.704 -5.9026 -4.5292 -8.704
4 0 -5.904 -3.4087 -8.7455 -5.4086 -4.1502 -8.7455 -5.9026 -4.5292 -8.704 -6.4432 -3.72 -8.704
4 0 -6.2985 -2.6089 -8.7455 -5.904 -3.4087 -8.7455 -6.4432 -3.72 -8.704 -6.8737 -2.8472 -8.704
4 0 -6.5851 -1.7645 -8.7455 -6.2985 -2.6089 -8.7455 -6.8737 -2.8472 -8.704 -7.1865 -1.9256 -8.704
4 0 -6.7591 -0.8899 -8.7455 -6.5851 -1.7645 -8.7455 -7.1865 -1.9256 -8.704 -7.3764 -0.9711 -8.704
4 0 -16.7729 -12.8703 -6.7719 -14.9495 -14.9495 -6.7716 -15.3959 -15.3959 -6.6453 -17.2738 -13.2546 -6.6457
4 0 -18.3093 -10.5709 -6.7716 -16.7729 -12.8703 -6.7719 -17.2738 -13.2546 -6.6457 -18.8561 -10.8865 -6.6453
4 0 -19.5325 -8.0906 -6.7718 -18.3093 -10.5709 -6.7716 -18.8561 -10.8865 -6.6453 -20.1157 -8.3322 -6.6455
4 0 -20.1157 -8.3322 -6.6455 -21.0312 -5.6353 -6.6453 -20.4214 -5.4719 -6.7715 -19.6178 -7.8393 -6.7717
4 0 -20.9609 -2.7596 -6.7714 -20.4214 -5.4719 -6.7715 -21.0312 -5.6353 -6.6453 -21.5868 -2.842 -6.6452
4 16 -17.2738 -13.2546 -6.6457 -15.3959 -15.3959 -6.6453 -16.9704 -16.9704 -6.2 -19.0416 -14.6112 -6.2
4 16 -18.8561 -10.8865 -6.6453 -17.2738 -13.2546 -6.6457 -19.0416 -14.6112 -6.2 -20.784 -12 -6.2
4 16 -20.1157 -8.3322 -6.6455 -18.8561 -10.8865 -6.6453 -20.784 -12 -6.2 -22.1736 -9.1848 -6.2
4 16 -21.0312 -5.6353 -6.6453 -20.1157 -8.3322 -6.6455 -22.1736 -9.1848 -6.2 -23.1816 -6.2112 -6.2
4 16 -21.5868 -2.842 -6.6452 -21.0312 -5.6353 -6.6453 -23.1816 -6.2112 -6.2 -23.7936 -3.132 -6.2
4 0 -21.6374 0 -6.6725 -21.5965 -0.2057 -6.678 -22.2142 -0.4615 -6.5511 -22.306 0 -6.5388
4 0 -20.6035 -0.2057 -6.8766 -20.5626 0 -6.8875 -19.894 0 -7.0212 -19.9858 -0.4615 -6.9968
4 0 -20.72 -0.38 -6.851 -20.6035 -0.2057 -6.8766 -19.9858 -0.4615 -6.9968 -20.2472 -0.8528 -6.9393
4 0 -20.8944 -0.4965 -6.8146 -20.72 -0.38 -6.851 -20.2472 -0.8528 -6.9393 -20.6385 -1.1142 -6.8576
4 0 -21.1 -0.5374 -6.7729 -20.8944 -0.4965 -6.8146 -20.6385 -1.1142 -6.8576 -21.1 -1.206 -6.7641
4 0 -21.3057 -0.4965 -6.7323 -21.1 -0.5374 -6.7729 -21.1 -1.206 -6.7641 -21.5615 -1.1142 -6.673
4 0 -21.48 -0.38 -6.699 -21.3057 -0.4965 -6.7323 -21.5615 -1.1142 -6.673 -21.9528 -0.8528 -6.5982
4 0 -21.5965 -0.2057 -6.678 -21.48 -0.38 -6.699 -21.9528 -0.8528 -6.5982 -22.2142 -0.4615 -6.5511
4 0 -20.9609 -2.7596 -6.7714 -21.5868 -2.842 -6.6452 -21.7 -2.2 -6.631 -20.9 -1.94 -6.7944
4 0 -20.1 -2.38 -6.9486 -20.9609 -2.7596 -6.7714 -20.9 -1.94 -6.7944 -20.2 -1.6 -6.9389
4 0 -19.4 -1.9 -7.095 -20.1 -2.38 -6.9486 -20.2 -1.6 -6.9389 -19.5 -1 -7.0868
4 0 -18.7 -1.1 -7.2455 -19.4 -1.9 -7.095 -19.5 -1 -7.0868 -19 -0.4 -7.1947
4 0 -18.2 -0.4 -7.3547 -18.7 -1.1 -7.2455 -19 -0.4 -7.1947 -18 0 -7.4
3 0 -19 -0.4 -7.1947 -18.74 0 -7.252 -18 0 -7.4
4 16 -21.7 -2.2 -6.631 -21.5868 -2.842 -6.6452 -23.7936 -3.132 -6.2 -24 0 -6.2
4 16 -21.7 -2.2 -6.631 -24 0 -6.2 -21.9528 -0.8528 -6.5982 -21.5615 -1.1142 -6.673
4 16 -20.9 -1.94 -6.7944 -21.7 -2.2 -6.631 -21.5615 -1.1142 -6.673 -21.1 -1.206 -6.7641
4 16 -20.9 -1.94 -6.7944 -21.1 -1.206 -6.7641 -20.6385 -1.1142 -6.8576 -20.2 -1.6 -6.9389
4 16 -20.2 -1.6 -6.9389 -20.6385 -1.1142 -6.8576 -20.2472 -0.8528 -6.9393 -19.5 -1 -7.0868
4 16 -19.5 -1 -7.0868 -20.2472 -0.8528 -6.9393 -19.9858 -0.4615 -6.9968 -19 -0.4 -7.1947
4 16 -19 -0.4 -7.1947 -19.9858 -0.4615 -6.9968 -19.894 0 -7.0212 -18.74 0 -7.252
3 16 -21.9528 -0.8528 -6.5982 -24 0 -6.2 -22.2142 -0.4615 -6.5511
3 16 -22.2142 -0.4615 -6.5511 -24 0 -6.2 -22.306 0 -6.5388
4 0 -5.4956 0.7235 -8.8305 -4.8355 0.6366 -8.8748 -4.8772 0 -8.8749 -5.543 0 -8.8305
4 0 -3.9195 3.9195 -8.8305 -3.4487 3.4487 -8.8749 -3.8694 2.9691 -8.8749 -4.3976 3.3744 -8.8305
4 0 -4.3976 3.3744 -8.8305 -3.8694 2.9691 -8.8749 -4.2238 2.4386 -8.8748 -4.8004 2.7715 -8.8305
4 0 -4.8004 2.7715 -8.8305 -4.2238 2.4386 -8.8748 -4.506 1.8664 -8.8749 -5.1211 2.1212 -8.8305
4 0 -5.1211 2.1212 -8.8305 -4.506 1.8664 -8.8749 -4.7111 1.2623 -8.8748 -5.3541 1.4346 -8.8305
4 0 -5.3541 1.4346 -8.8305 -4.7111 1.2623 -8.8748 -4.8355 0.6366 -8.8748 -5.4956 0.7235 -8.8305
4 16 -6.7591 0.8899 -8.7455 -5.4956 0.7235 -8.8305 -5.543 0 -8.8305 -6.8174 0 -8.7455
4 16 -4.8206 4.8206 -8.7455 -3.9195 3.9195 -8.8305 -4.3976 3.3744 -8.8305 -5.4086 4.1502 -8.7455
4 16 -5.4086 4.1502 -8.7455 -4.3976 3.3744 -8.8305 -4.8004 2.7715 -8.8305 -5.904 3.4087 -8.7455
4 16 -5.904 3.4087 -8.7455 -4.8004 2.7715 -8.8305 -5.1211 2.1212 -8.8305 -6.2985 2.6089 -8.7455
4 16 -6.2985 2.6089 -8.7455 -5.1211 2.1212 -8.8305 -5.3541 1.4346 -8.8305 -6.5851 1.7645 -8.7455
4 16 -6.5851 1.7645 -8.7455 -5.3541 1.4346 -8.8305 -5.4956 0.7235 -8.8305 -6.7591 0.8899 -8.7455
4 0 -7.3764 0.9711 -8.704 -6.7591 0.8899 -8.7455 -6.8174 0 -8.7455 -7.44 0 -8.704
4 0 -5.2609 5.2609 -8.704 -4.8206 4.8206 -8.7455 -5.4086 4.1502 -8.7455 -5.9026 4.5292 -8.704
4 0 -5.9026 4.5292 -8.704 -5.4086 4.1502 -8.7455 -5.904 3.4087 -8.7455 -6.4432 3.72 -8.704
4 0 -6.4432 3.72 -8.704 -5.904 3.4087 -8.7455 -6.2985 2.6089 -8.7455 -6.8737 2.8472 -8.704
4 0 -6.8737 2.8472 -8.704 -6.2985 2.6089 -8.7455 -6.5851 1.7645 -8.7455 -7.1865 1.9256 -8.704
4 0 -7.1865 1.9256 -8.704 -6.5851 1.7645 -8.7455 -6.7591 0.8899 -8.7455 -7.3764 0.9711 -8.704
4 0 -15.3959 15.3959 -6.6453 -14.9495 14.9495 -6.7716 -16.7729 12.8703 -6.7719 -17.2738 13.2546 -6.6457
4 0 -17.2738 13.2546 -6.6457 -16.7729 12.8703 -6.7719 -18.3093 10.5709 -6.7716 -18.8561 10.8865 -6.6453
4 0 -18.8561 10.8865 -6.6453 -18.3093 10.5709 -6.7716 -19.5325 8.0906 -6.7718 -20.1157 8.3322 -6.6455
4 0 -20.1157 8.3322 -6.6455 -19.5325 8.0906 -6.7718 -20.4214 5.4719 -6.7715 -21.0312 5.6353 -6.6453
4 0 -21.0312 5.6353 -6.6453 -20.4214 5.4719 -6.7715 -20.9609 2.7596 -6.7714 -21.5868 2.842 -6.6452
4 16 -16.9704 16.9704 -6.2 -15.3959 15.3959 -6.6453 -17.2738 13.2546 -6.6457 -19.0416 14.6112 -6.2
4 16 -19.0416 14.6112 -6.2 -17.2738 13.2546 -6.6457 -18.8561 10.8865 -6.6453 -20.784 12 -6.2
4 16 -20.784 12 -6.2 -18.8561 10.8865 -6.6453 -20.1157 8.3322 -6.6455 -22.1736 9.1848 -6.2
4 16 -22.1736 9.1848 -6.2 -20.1157 8.3322 -6.6455 -21.0312 5.6353 -6.6453 -23.1816 6.2112 -6.2
4 16 -23.1816 6.2112 -6.2 -21.0312 5.6353 -6.6453 -21.5868 2.842 -6.6452 -23.7936 3.132 -6.2
4 0 -22.2142 0.4615 -6.5511 -21.5965 0.2057 -6.678 -21.6374 0 -6.6725 -22.306 0 -6.5388
4 0 -19.894 0 -7.0212 -20.5626 0 -6.8875 -20.6035 0.2057 -6.8766 -19.9858 0.4615 -6.9968
4 0 -19.9858 0.4615 -6.9968 -20.6035 0.2057 -6.8766 -20.72 0.38 -6.851 -20.2472 0.8528 -6.9393
4 0 -20.2472 0.8528 -6.9393 -20.72 0.38 -6.851 -20.8944 0.4965 -6.8146 -20.6385 1.1142 -6.8576
4 0 -20.6385 1.1142 -6.8576 -20.8944 0.4965 -6.8146 -21.1 0.5374 -6.7729 -21.1 1.206 -6.7641
4 0 -21.1 1.206 -6.7641 -21.1 0.5374 -6.7729 -21.3057 0.4965 -6.7323 -21.5615 1.1142 -6.673
4 0 -21.5615 1.1142 -6.673 -21.3057 0.4965 -6.7323 -21.48 0.38 -6.699 -21.9528 0.8528 -6.5982
4 0 -21.9528 0.8528 -6.5982 -21.48 0.38 -6.699 -21.5965 0.2057 -6.678 -22.2142 0.4615 -6.5511
4 0 -21.7 2.2 -6.631 -21.5868 2.842 -6.6452 -20.9609 2.7596 -6.7714 -20.9 1.94 -6.7944
4 0 -20.9 1.94 -6.7944 -20.9609 2.7596 -6.7714 -20.1 2.38 -6.9486 -20.2 1.6 -6.9389
4 0 -20.2 1.6 -6.9389 -20.1 2.38 -6.9486 -19.4 1.9 -7.095 -19.5 1 -7.0868
4 0 -19.5 1 -7.0868 -19.4 1.9 -7.095 -18.7 1.1 -7.2455 -19 0.4 -7.1947
4 0 -19 0.4 -7.1947 -18.7 1.1 -7.2455 -18.2 0.4 -7.3547 -18 0 -7.4
3 0 -18 0 -7.4 -18.74 0 -7.252 -19 0.4 -7.1947
4 16 -23.7936 3.132 -6.2 -21.5868 2.842 -6.6452 -21.7 2.2 -6.631 -24 0 -6.2
4 16 -21.9528 0.8528 -6.5982 -24 0 -6.2 -21.7 2.2 -6.631 -21.5615 1.1142 -6.673
4 16 -21.5615 1.1142 -6.673 -21.7 2.2 -6.631 -20.9 1.94 -6.7944 -21.1 1.206 -6.7641
4 16 -20.6385 1.1142 -6.8576 -21.1 1.206 -6.7641 -20.9 1.94 -6.7944 -20.2 1.6 -6.9389
4 16 -20.2472 0.8528 -6.9393 -20.6385 1.1142 -6.8576 -20.2 1.6 -6.9389 -19.5 1 -7.0868
4 16 -19.9858 0.4615 -6.9968 -20.2472 0.8528 -6.9393 -19.5 1 -7.0868 -19 0.4 -7.1947
4 16 -19.894 0 -7.0212 -19.9858 0.4615 -6.9968 -19 0.4 -7.1947 -18.74 0 -7.252
3 16 -24 0 -6.2 -21.9528 0.8528 -6.5982 -22.2142 0.4615 -6.5511
3 16 -22.306 0 -6.5388 -24 0 -6.2 -22.2142 0.4615 -6.5511
4 0 0 4.8772 -8.8749 -0.6366 4.8355 -8.8748 -0.7235 5.4956 -8.8305 0 5.543 -8.8305
4 0 -2.9691 3.8694 -8.8749 -3.4487 3.4487 -8.8749 -3.9195 3.9195 -8.8305 -3.3744 4.3976 -8.8305
4 0 -2.4386 4.2238 -8.8748 -2.9691 3.8694 -8.8749 -3.3744 4.3976 -8.8305 -2.7715 4.8004 -8.8305
4 0 -1.8664 4.506 -8.8749 -2.4386 4.2238 -8.8748 -2.7715 4.8004 -8.8305 -2.1212 5.1211 -8.8305
4 0 -1.2623 4.7111 -8.8748 -1.8664 4.506 -8.8749 -2.1212 5.1211 -8.8305 -1.4346 5.3541 -8.8305
4 0 -0.6366 4.8355 -8.8748 -1.2623 4.7111 -8.8748 -1.4346 5.3541 -8.8305 -0.7235 5.4956 -8.8305
4 16 0 5.543 -8.8305 -0.7235 5.4956 -8.8305 -0.8899 6.7591 -8.7455 0 6.8174 -8.7455
4 16 -3.3744 4.3976 -8.8305 -3.9195 3.9195 -8.8305 -4.8206 4.8206 -8.7455 -4.1502 5.4086 -8.7455
4 16 -2.7715 4.8004 -8.8305 -3.3744 4.3976 -8.8305 -4.1502 5.4086 -8.7455 -3.4087 5.904 -8.7455
4 16 -2.1212 5.1211 -8.8305 -2.7715 4.8004 -8.8305 -3.4087 5.904 -8.7455 -2.6089 6.2985 -8.7455
4 16 -1.4346 5.3541 -8.8305 -2.1212 5.1211 -8.8305 -2.6089 6.2985 -8.7455 -1.7645 6.5851 -8.7455
4 16 -0.7235 5.4956 -8.8305 -1.4346 5.3541 -8.8305 -1.7645 6.5851 -8.7455 -0.8899 6.7591 -8.7455
4 0 0 6.8174 -8.7455 -0.8899 6.7591 -8.7455 -0.9711 7.3764 -8.704 0 7.44 -8.704
4 0 -4.1502 5.4086 -8.7455 -4.8206 4.8206 -8.7455 -5.2609 5.2609 -8.704 -4.5292 5.9026 -8.704
4 0 -3.4087 5.904 -8.7455 -4.1502 5.4086 -8.7455 -4.5292 5.9026 -8.704 -4.358 6.017 -8.704
4 0 -2.6089 6.2985 -8.7455 -3.4087 5.904 -8.7455 -3.72 6.4432 -8.704 -3.24 6.68 -8.704
4 0 -1.7645 6.5851 -8.7455 -2.6089 6.2985 -8.7455 -2.8472 6.8737 -8.704 -1.9256 7.1865 -8.704
4 0 -0.8899 6.7591 -8.7455 -1.7645 6.5851 -8.7455 -1.9256 7.1865 -8.704 -0.9711 7.3764 -8.704
4 0 -12.8703 16.7729 -6.7719 -14.9495 14.9495 -6.7716 -15.3959 15.3959 -6.6453 -13.2546 17.2738 -6.6457
4 0 -10.5709 18.3093 -6.7716 -12.8703 16.7729 -6.7719 -13.2546 17.2738 -6.6457 -10.8865 18.8561 -6.6453
4 0 -8.0906 19.5325 -6.7718 -10.5709 18.3093 -6.7716 -10.8865 18.8561 -6.6453 -8.3322 20.1157 -6.6455
4 0 -5.4719 20.4214 -6.7715 -8.0906 19.5325 -6.7718 -8.3322 20.1157 -6.6455 -5.6353 21.0312 -6.6453
4 0 -2.7596 20.9609 -6.7714 -5.4719 20.4214 -6.7715 -5.6353 21.0312 -6.6453 -2.842 21.5868 -6.6452
4 16 -13.2546 17.2738 -6.6457 -15.3959 15.3959 -6.6453 -16.9704 16.9704 -6.2 -14.6112 19.0416 -6.2
4 16 -10.8865 18.8561 -6.6453 -13.2546 17.2738 -6.6457 -14.6112 19.0416 -6.2 -12 20.784 -6.2
4 16 -8.3322 20.1157 -6.6455 -10.8865 18.8561 -6.6453 -12 20.784 -6.2 -9.1848 22.1736 -6.2
4 16 -5.6353 21.0312 -6.6453 -8.3322 20.1157 -6.6455 -9.1848 22.1736 -6.2 -6.2112 23.1816 -6.2
4 16 -2.842 21.5868 -6.6452 -5.6353 21.0312 -6.6453 -6.2112 23.1816 -6.2 -3.132 23.7936 -6.2
4 0 0 21.6374 -6.6725 -0.2057 21.5965 -6.678 -0.4615 22.2142 -6.5511 0 22.306 -6.5388
4 0 -0.2057 20.6035 -6.8766 0 20.5626 -6.8875 0 19.894 -7.0212 -0.4615 19.9858 -6.9968
4 0 -0.38 20.72 -6.851 -0.2057 20.6035 -6.8766 -0.4615 19.9858 -6.9968 -0.8528 20.2472 -6.9393
4 0 -0.4965 20.8944 -6.8146 -0.38 20.72 -6.851 -0.8528 20.2472 -6.9393 -1.1142 20.6385 -6.8576
4 0 -0.5374 21.1 -6.7729 -0.4965 20.8944 -6.8146 -1.1142 20.6385 -6.8576 -1.206 21.1 -6.7641
4 0 -0.4965 21.3057 -6.7323 -0.5374 21.1 -6.7729 -1.206 21.1 -6.7641 -1.1142 21.5615 -6.673
4 0 -0.38 21.48 -6.699 -0.4965 21.3057 -6.7323 -1.1142 21.5615 -6.673 -0.8528 21.9528 -6.5982
4 0 -0.2057 21.5965 -6.678 -0.38 21.48 -6.699 -0.8528 21.9528 -6.5982 -0.4615 22.2142 -6.5511
4 0 -2.7596 20.9609 -6.7714 -2.842 21.5868 -6.6452 -2.2 21.7 -6.631 -1.94 20.9 -6.7944
4 0 -2.16 19.76 -7.0195 -2.7596 20.9609 -6.7714 -1.94 20.9 -6.7944 -1.6 20.2 -6.9389
4 0 -1.9 19.4 -7.095 -2.16 19.76 -7.0195 -1.6 20.2 -6.9389 -1 19.5 -7.0868
4 0 -1.1 18.7 -7.2455 -1.9 19.4 -7.095 -1 19.5 -7.0868 -0.4 19 -7.1947
4 0 -0.4 18.2 -7.3547 -1.1 18.7 -7.2455 -0.4 19 -7.1947 0 18 -7.4
3 0 0 18 -7.4 -0.4 19 -7.1947 0 18.74 -7.252
4 16 -2.2 21.7 -6.631 -2.842 21.5868 -6.6452 -3.132 23.7936 -6.2 0 24 -6.2
4 16 -2.2 21.7 -6.631 0 24 -6.2 -0.8528 21.9528 -6.5982 -1.1142 21.5615 -6.673
4 16 -1.94 20.9 -6.7944 -2.2 21.7 -6.631 -1.1142 21.5615 -6.673 -1.206 21.1 -6.7641
4 16 -1.94 20.9 -6.7944 -1.206 21.1 -6.7641 -1.1142 20.6385 -6.8576 -1.6 20.2 -6.9389
4 16 -1.6 20.2 -6.9389 -1.1142 20.6385 -6.8576 -0.8528 20.2472 -6.9393 -1 19.5 -7.0868
4 16 -1 19.5 -7.0868 -0.8528 20.2472 -6.9393 -0.4615 19.9858 -6.9968 -0.4 19 -7.1947
4 16 -0.4 19 -7.1947 -0.4615 19.9858 -6.9968 0 19.894 -7.0212 0 18.74 -7.252
3 16 -0.8528 21.9528 -6.5982 0 24 -6.2 -0.4615 22.2142 -6.5511
3 16 -0.4615 22.2142 -6.5511 0 24 -6.2 0 22.306 -6.5388
4 0 -0.7235 -5.4956 -8.8305 -0.6366 -4.8355 -8.8748 0 -4.8772 -8.8749 0 -5.543 -8.8305
4 0 -3.9195 -3.9195 -8.8305 -3.4487 -3.4487 -8.8749 -2.9691 -3.8694 -8.8749 -3.3744 -4.3976 -8.8305
4 0 -3.3744 -4.3976 -8.8305 -2.9691 -3.8694 -8.8749 -2.4386 -4.2238 -8.8748 -2.7715 -4.8004 -8.8305
4 0 -2.7715 -4.8004 -8.8305 -2.4386 -4.2238 -8.8748 -1.8664 -4.506 -8.8749 -2.1212 -5.1211 -8.8305
4 0 -2.1212 -5.1211 -8.8305 -1.8664 -4.506 -8.8749 -1.2623 -4.7111 -8.8748 -1.4346 -5.3541 -8.8305
4 0 -1.4346 -5.3541 -8.8305 -1.2623 -4.7111 -8.8748 -0.6366 -4.8355 -8.8748 -0.7235 -5.4956 -8.8305
4 16 -0.8899 -6.7591 -8.7455 -0.7235 -5.4956 -8.8305 0 -5.543 -8.8305 0 -6.8174 -8.7455
4 16 -4.8206 -4.8206 -8.7455 -3.9195 -3.9195 -8.8305 -3.3744 -4.3976 -8.8305 -4.1502 -5.4086 -8.7455
4 16 -4.1502 -5.4086 -8.7455 -3.3744 -4.3976 -8.8305 -2.7715 -4.8004 -8.8305 -3.4087 -5.904 -8.7455
4 16 -3.4087 -5.904 -8.7455 -2.7715 -4.8004 -8.8305 -2.1212 -5.1211 -8.8305 -2.6089 -6.2985 -8.7455
4 16 -2.6089 -6.2985 -8.7455 -2.1212 -5.1211 -8.8305 -1.4346 -5.3541 -8.8305 -1.7645 -6.5851 -8.7455
4 16 -1.7645 -6.5851 -8.7455 -1.4346 -5.3541 -8.8305 -0.7235 -5.4956 -8.8305 -0.8899 -6.7591 -8.7455
4 0 -0.9711 -7.3764 -8.704 -0.8899 -6.7591 -8.7455 0 -6.8174 -8.7455 0 -7.44 -8.704
4 0 -5.2609 -5.2609 -8.704 -4.8206 -4.8206 -8.7455 -4.1502 -5.4086 -8.7455 -4.8237 -5.6443 -8.704
4 0 -4.5292 -5.9026 -8.704 -4.1502 -5.4086 -8.7455 -3.4087 -5.904 -8.7455 -3.72 -6.4432 -8.704
4 0 -3.72 -6.4432 -8.704 -3.4087 -5.904 -8.7455 -2.6089 -6.2985 -8.7455 -2.8472 -6.8737 -8.704
4 0 -2.8472 -6.8737 -8.704 -2.6089 -6.2985 -8.7455 -1.7645 -6.5851 -8.7455 -1.9256 -7.1865 -8.704
4 0 -1.9256 -7.1865 -8.704 -1.7645 -6.5851 -8.7455 -0.8899 -6.7591 -8.7455 -0.9711 -7.3764 -8.704
4 0 -15.3959 -15.3959 -6.6453 -14.9495 -14.9495 -6.7716 -12.8703 -16.7729 -6.7719 -13.2546 -17.2738 -6.6457
3 0 -10.8865 -18.8561 -6.6453 -13.2546 -17.2738 -6.6457 -10.5709 -18.3093 -6.7716
3 0 -8.3322 -20.1157 -6.6455 -10.8865 -18.8561 -6.6453 -8.0906 -19.5325 -6.7718
4 0 -8.3322 -20.1157 -6.6455 -8.0906 -19.5325 -6.7718 -5.4719 -20.4214 -6.7715 -5.6353 -21.0312 -6.6453
4 0 -5.6353 -21.0312 -6.6453 -5.4719 -20.4214 -6.7715 -2.7596 -20.9609 -6.7714 -2.842 -21.5868 -6.6452
4 16 -16.9704 -16.9704 -6.2 -15.3959 -15.3959 -6.6453 -13.2546 -17.2738 -6.6457 -14.6112 -19.0416 -6.2
4 16 -14.6112 -19.0416 -6.2 -13.2546 -17.2738 -6.6457 -10.8865 -18.8561 -6.6453 -12 -20.784 -6.2
4 16 -12 -20.784 -6.2 -10.8865 -18.8561 -6.6453 -8.3322 -20.1157 -6.6455 -9.1848 -22.1736 -6.2
4 16 -9.1848 -22.1736 -6.2 -8.3322 -20.1157 -6.6455 -5.6353 -21.0312 -6.6453 -6.2112 -23.1816 -6.2
4 16 -6.2112 -23.1816 -6.2 -5.6353 -21.0312 -6.6453 -2.842 -21.5868 -6.6452 -3.132 -23.7936 -6.2
4 0 -0.4615 -22.2142 -6.5511 -0.2057 -21.5965 -6.678 0 -21.6374 -6.6725 0 -22.306 -6.5388
4 0 0 -19.894 -7.0212 0 -20.5626 -6.8875 -0.2057 -20.6035 -6.8766 -0.4615 -19.9858 -6.9968
4 0 -0.4615 -19.9858 -6.9968 -0.2057 -20.6035 -6.8766 -0.38 -20.72 -6.851 -0.8528 -20.2472 -6.9393
4 0 -0.8528 -20.2472 -6.9393 -0.38 -20.72 -6.851 -0.4965 -20.8944 -6.8146 -1.1142 -20.6385 -6.8576
4 0 -1.1142 -20.6385 -6.8576 -0.4965 -20.8944 -6.8146 -0.5374 -21.1 -6.7729 -1.206 -21.1 -6.7641
4 0 -1.206 -21.1 -6.7641 -0.5374 -21.1 -6.7729 -0.4965 -21.3057 -6.7323 -1.1142 -21.5615 -6.673
4 0 -1.1142 -21.5615 -6.673 -0.4965 -21.3057 -6.7323 -0.38 -21.48 -6.699 -0.8528 -21.9528 -6.5982
4 0 -0.8528 -21.9528 -6.5982 -0.38 -21.48 -6.699 -0.2057 -21.5965 -6.678 -0.4615 -22.2142 -6.5511
4 0 -2.2 -21.7 -6.631 -2.842 -21.5868 -6.6452 -2.7596 -20.9609 -6.7714 -1.94 -20.9 -6.7944
4 0 -1.94 -20.9 -6.7944 -2.7596 -20.9609 -6.7714 -2.38 -20.1 -6.9486 -1.6 -20.2 -6.9389
4 0 -1.6 -20.2 -6.9389 -2.38 -20.1 -6.9486 -1.9 -19.4 -7.095 -1 -19.5 -7.0868
4 0 -1 -19.5 -7.0868 -1.9 -19.4 -7.095 -1.1 -18.7 -7.2455 -0.4 -19 -7.1947
4 0 -0.4 -19 -7.1947 -1.1 -18.7 -7.2455 -0.4 -18.2 -7.3547 0 -18 -7.4
3 0 -0.4 -19 -7.1947 0 -18 -7.4 0 -18.74 -7.252
4 16 -3.132 -23.7936 -6.2 -2.842 -21.5868 -6.6452 -2.2 -21.7 -6.631 0 -24 -6.2
4 16 -0.8528 -21.9528 -6.5982 0 -24 -6.2 -2.2 -21.7 -6.631 -1.1142 -21.5615 -6.673
4 16 -1.1142 -21.5615 -6.673 -2.2 -21.7 -6.631 -1.94 -20.9 -6.7944 -1.206 -21.1 -6.7641
4 16 -1.1142 -20.6385 -6.8576 -1.206 -21.1 -6.7641 -1.94 -20.9 -6.7944 -1.6 -20.2 -6.9389
4 16 -0.8528 -20.2472 -6.9393 -1.1142 -20.6385 -6.8576 -1.6 -20.2 -6.9389 -1 -19.5 -7.0868
4 16 -0.4615 -19.9858 -6.9968 -0.8528 -20.2472 -6.9393 -1 -19.5 -7.0868 -0.4 -19 -7.1947
4 16 0 -19.894 -7.0212 -0.4615 -19.9858 -6.9968 -0.4 -19 -7.1947 0 -18.74 -7.252
3 16 0 -24 -6.2 -0.8528 -21.9528 -6.5982 -0.4615 -22.2142 -6.5511
3 16 0 -24 -6.2 -0.4615 -22.2142 -6.5511 0 -22.306 -6.5388
4 0 -20.02 -6.04 -6.8112 -19.312 -7.9994 -6.8195 -19.6178 -7.8393 -6.7717 -20.4214 -5.4719 -6.7715
3 0 -19.312 -7.9994 -6.8195 -20.02 -6.04 -6.8112 -19.22 -6.6 -6.927
3 0 -19.312 -7.9994 -6.8195 -19.22 -6.6 -6.927 -18.46 -6.98 -7.0468
3 0 -19.312 -7.9994 -6.8195 -18.46 -6.98 -7.0468 -17.6 -7.28 -7.1907
4 0 -18.1 -8.52 -6.9911 -19.312 -7.9994 -6.8195 -17.6 -7.28 -7.1907 -16.24 -7.68 -7.3999
4 0 -16.52 -8.94 -7.2378 -18.1 -8.52 -6.9911 -16.24 -7.68 -7.3999 -15.743 -9.0895 -7.3642
3 0 -15.743 -9.0895 -7.3642 -16.24 -7.68 -7.3999 -15.588 -9 -7.4
3 0 -15.588 -9 -7.4 -16.24 -7.68 -7.3999 -15.14 -7.88 -7.5199
3 0 -15.588 -9 -7.4 -15.14 -7.88 -7.5199 -13.8353 -7.9881 -7.6699
4 0 -15.4839 -9.156 -7.4 -15.588 -9 -7.4 -13.8353 -7.9881 -7.6699 -14.26 -9.28 -7.5268
4 0 -12.92 -9.32 -7.6728 -14.26 -9.28 -7.5268 -13.8353 -7.9881 -7.6699 -12.44 -8.02 -7.8226
4 0 -12.1422 -9.3171 -7.7595 -12.92 -9.32 -7.6728 -12.44 -8.02 -7.8226 -11.44 -7.98 -7.9367
3 0 -12.1422 -9.3171 -7.7595 -11.44 -7.98 -7.9367 -10.2316 -7.851 -8.0806
4 0 -10.48 -9.22 -7.9349 -12.1422 -9.3171 -7.7595 -10.2316 -7.851 -8.0806 -8.97 -8.97 -8.1086
3 0 -8.97 -8.97 -8.1086 -10.2316 -7.851 -8.0806 -8.72 -7.52 -8.2615
3 0 -8.97 -8.97 -8.1086 -8.72 -7.52 -8.2615 -6.96 -6.96 -8.4876
4 0 -7.36 -8.54 -8.2937 -8.97 -8.97 -8.1086 -6.96 -6.96 -8.4876 -6.1926 -8.0703 -8.4438
4 0 -6.1926 -8.0703 -8.4438 -6.96 -6.96 -8.4876 -6.1077 -6.5888 -8.6 -5.4792 -7.1406 -8.6
3 0 -6.1926 -8.0703 -8.4438 -5.4792 -7.1406 -8.6 -4.9909 -7.4664 -8.6
4 0 -4.3 -7 -8.6515 -4.9909 -7.4664 -8.6 -5.4792 -7.1406 -8.6 -4.5292 -5.9026 -8.704
3 0 -4.3 -7 -8.6515 -4.5292 -5.9026 -8.704 -3.72 -6.4432 -8.704
4 0 -5.4792 -7.1406 -8.6 -6.1077 -6.5888 -8.6 -5.32 -6.1 -8.6593 -4.5292 -5.9026 -8.704
4 0 -4.5292 -5.9026 -8.704 -5.32 -6.1 -8.6593 -4.8237 -5.6443 -8.704 -4.1502 -5.4086 -8.7455
3 0 -15.4839 -9.156 -7.4 -15.743 -9.0895 -7.3642 -15.588 -9 -7.4
3 0 -20.1157 -8.3322 -6.6455 -19.6178 -7.8393 -6.7717 -19.5325 -8.0906 -6.7718
3 0 -2.5353 19.2606 -7.1145 -2.7596 20.9609 -6.7714 -2.16 19.76 -7.0195
4 0 -3.72 19.78 -6.9661 -2.7596 20.9609 -6.7714 -2.5353 19.2606 -7.1145 -3.06 18.32 -7.2789
4 0 -4.36 18.66 -7.1612 -3.72 19.78 -6.9661 -3.06 18.32 -7.2789 -3.3801 17.6403 -7.4
4 0 -4.7737 17.8163 -7.3109 -4.36 18.66 -7.1612 -3.3801 17.6403 -7.4 -4.6584 17.3862 -7.4
3 0 -3.74 16.64 -7.5217 -4.6584 17.3862 -7.4 -3.3801 17.6403 -7.4
3 0 -4.1058 15.3238 -7.6847 -4.6584 17.3862 -7.4 -3.74 16.64 -7.5217
4 0 -4.9852 17.2754 -7.4 -4.6584 17.3862 -7.4 -4.1058 15.3238 -7.6847 -5.4 15.76 -7.574
4 0 -5.731 13.8355 -7.8033 -5.4 15.76 -7.574 -4.1058 15.3238 -7.6847 -4.38 13.68 -7.881
3 0 -4.5 12.26 -8.0555 -5.731 13.8355 -7.8033 -4.38 13.68 -7.881
3 0 -4.4645 10.7781 -8.2446 -5.731 13.8355 -7.8033 -4.5 12.26 -8.0555
4 0 -5.84 12 -8.0168 -5.731 13.8355 -7.8033 -4.4645 10.7781 -8.2446 -5.707 9.8844 -8.2782
4 0 -5.707 9.8844 -8.2782 -4.4645 10.7781 -8.2446 -4.26 9.26 -8.4385 -4.5 7.794 -8.6
3 0 -4.5 7.794 -8.6 -4.26 9.26 -8.4385 -3.8721 8.104 -8.6
4 0 -3.72 6.4432 -8.704 -4.5 7.794 -8.6 -3.8721 8.104 -8.6 -3.24 6.68 -8.704
4 0 -4.5 7.794 -8.6 -3.72 6.4432 -8.704 -4.358 6.017 -8.704 -5.0556 7.4233 -8.6
4 0 -4.5 7.794 -8.6 -5.0556 7.4233 -8.6 -5.44 8.46 -8.4563 -5.707 9.8844 -8.2782
3 0 -4.9852 17.2754 -7.4 -4.7737 17.8163 -7.3109 -4.6584 17.3862 -7.4
3 0 -3.4087 5.904 -8.7455 -4.358 6.017 -8.704 -3.72 6.4432 -8.704
3 0 -2.6089 6.2985 -8.7455 -3.24 6.68 -8.704 -2.8472 6.8737 -8.704

5 24 -2.349 17.8452 -7.4 -3.132 23.7936 -6.2 0 18 -7.4 -4.6584 17.3862 -7.4
5 24 -4.6584 17.3862 -7.4 -6.2112 23.1816 -6.2 -2.349 17.8452 -7.4 -6.8886 16.6302 -7.4
5 24 -6.8886 16.6302 -7.4 -9.1848 22.1736 -6.2 -4.6584 17.3862 -7.4 -9 15.588 -7.4
5 24 -9 15.588 -7.4 -12 20.784 -6.2 -6.8886 16.6302 -7.4 -10.9584 14.2812 -7.4
5 24 -10.9584 14.2812 -7.4 -14.6112 19.0416 -6.2 -9 15.588 -7.4 -12.7278 12.7278 -7.4
5 24 -12.7278 12.7278 -7.4 -16.9704 16.9704 -6.2 -10.9584 14.2812 -7.4 -14.2812 10.9584 -7.4
5 24 -14.2812 10.9584 -7.4 -19.0416 14.6112 -6.2 -12.7278 12.7278 -7.4 -15.588 9 -7.4
5 24 -15.588 9 -7.4 -20.784 12 -6.2 -14.2812 10.9584 -7.4 -16.6302 6.8886 -7.4
5 24 -16.6302 6.8886 -7.4 -22.1736 9.1848 -6.2 -15.588 9 -7.4 -17.3862 4.6584 -7.4
5 24 -17.3862 4.6584 -7.4 -23.1816 6.2112 -6.2 -16.6302 6.8886 -7.4 -17.8452 2.349 -7.4
5 24 -17.8452 2.349 -7.4 -23.7936 3.132 -6.2 -17.3862 4.6584 -7.4 -18 0 -7.4
5 24 -18 0 -7.4 -24 0 -6.2 -17.8452 2.349 -7.4 -17.8452 -2.349 -7.4
5 24 -17.8452 -2.349 -7.4 -23.7936 -3.132 -6.2 -18 0 -7.4 -17.3862 -4.6584 -7.4
5 24 -17.3862 -4.6584 -7.4 -23.1816 -6.2112 -6.2 -17.8452 -2.349 -7.4 -16.6302 -6.8886 -7.4
5 24 -16.6302 -6.8886 -7.4 -22.1736 -9.1848 -6.2 -17.3862 -4.6584 -7.4 -15.588 -9 -7.4
5 24 -15.588 -9 -7.4 -20.784 -12 -6.2 -16.6302 -6.8886 -7.4 -14.2812 -10.9584 -7.4
5 24 -14.2812 -10.9584 -7.4 -19.0416 -14.6112 -6.2 -15.588 -9 -7.4 -12.7278 -12.7278 -7.4
5 24 -12.7278 -12.7278 -7.4 -16.9704 -16.9704 -6.2 -14.2812 -10.9584 -7.4 -10.9584 -14.2812 -7.4
5 24 -10.9584 -14.2812 -7.4 -14.6112 -19.0416 -6.2 -12.7278 -12.7278 -7.4 -9 -15.588 -7.4
5 24 -9 -15.588 -7.4 -12 -20.784 -6.2 -10.9584 -14.2812 -7.4 -6.8886 -16.6302 -7.4
5 24 -6.8886 -16.6302 -7.4 -9.1848 -22.1736 -6.2 -9 -15.588 -7.4 -4.6584 -17.3862 -7.4
5 24 -4.6584 -17.3862 -7.4 -6.2112 -23.1816 -6.2 -6.8886 -16.6302 -7.4 -2.349 -17.8452 -7.4
5 24 -2.349 -17.8452 -7.4 -3.132 -23.7936 -6.2 -4.6584 -17.3862 -7.4 0 -18 -7.4

5 24 -1.1745 8.9226 -8.6 -2.349 17.8452 -7.4 0 9 -8.6 -2.3292 8.6931 -8.6
5 24 -2.3292 8.6931 -8.6 -4.6584 17.3862 -7.4 -1.1745 8.9226 -8.6 -3.4443 8.3151 -8.6
5 24 -3.4443 8.3151 -8.6 -6.8886 16.6302 -7.4 -2.3292 8.6931 -8.6 -4.5 7.794 -8.6
5 24 -4.5 7.794 -8.6 -9 15.588 -7.4 -3.4443 8.3151 -8.6 -5.4792 7.1406 -8.6
5 24 -5.4792 7.1406 -8.6 -10.9584 14.2812 -7.4 -4.5 7.794 -8.6 -6.3639 6.3639 -8.6
5 24 -6.3639 6.3639 -8.6 -12.7278 12.7278 -7.4 -5.4792 7.1406 -8.6 -7.1406 5.4792 -8.6
5 24 -7.1406 5.4792 -8.6 -14.2812 10.9584 -7.4 -6.3639 6.3639 -8.6 -7.794 4.5 -8.6
5 24 -7.794 4.5 -8.6 -15.588 9 -7.4 -7.1406 5.4792 -8.6 -8.3151 3.4443 -8.6
5 24 -8.3151 3.4443 -8.6 -16.6302 6.8886 -7.4 -7.794 4.5 -8.6 -8.6931 2.3292 -8.6
5 24 -8.6931 2.3292 -8.6 -17.3862 4.6584 -7.4 -8.3151 3.4443 -8.6 -8.9226 1.1745 -8.6
5 24 -8.9226 1.1745 -8.6 -17.8452 2.349 -7.4 -8.6931 2.3292 -8.6 -9 0 -8.6
5 24 -9 0 -8.6 -18 0 -7.4 -8.9226 1.1745 -8.6 -8.9226 -1.1745 -8.6
5 24 -8.9226 -1.1745 -8.6 -17.8452 -2.349 -7.4 -9 0 -8.6 -8.6931 -2.3292 -8.6
5 24 -8.6931 -2.3292 -8.6 -17.3862 -4.6584 -7.4 -8.9226 -1.1745 -8.6 -8.3151 -3.4443 -8.6
5 24 -8.3151 -3.4443 -8.6 -16.6302 -6.8886 -7.4 -8.6931 -2.3292 -8.6 -7.794 -4.5 -8.6
5 24 -7.794 -4.5 -8.6 -15.588 -9 -7.4 -8.3151 -3.4443 -8.6 -7.1406 -5.4792 -8.6
5 24 -7.1406 -5.4792 -8.6 -14.2812 -10.9584 -7.4 -7.794 -4.5 -8.6 -6.3639 -6.3639 -8.6
5 24 -6.3639 -6.3639 -8.6 -12.7278 -12.7278 -7.4 -7.1406 -5.4792 -8.6 -5.4792 -7.1406 -8.6
5 24 -5.4792 -7.1406 -8.6 -10.9584 -14.2812 -7.4 -6.3639 -6.3639 -8.6 -4.5 -7.794 -8.6
5 24 -4.5 -7.794 -8.6 -9 -15.588 -7.4 -5.4792 -7.1406 -8.6 -3.4443 -8.3151 -8.6
5 24 -3.4443 -8.3151 -8.6 -6.8886 -16.6302 -7.4 -4.5 -7.794 -8.6 -2.3292 -8.6931 -8.6
5 24 -2.3292 -8.6931 -8.6 -4.6584 -17.3862 -7.4 -3.4443 -8.3151 -8.6 -1.1745 -8.9226 -8.6
5 24 -1.1745 -8.9226 -8.6 -2.349 -17.8452 -7.4 -2.3292 -8.6931 -8.6 0 -9 -8.6

5 24 0 0 -9.2 -1.1745 8.9226 -8.6 0 9 -8.6 -2.3292 8.6931 -8.6
5 24 0 0 -9.2 -2.3292 8.6931 -8.6 -1.1745 8.9226 -8.6 -3.4443 8.3151 -8.6
5 24 0 0 -9.2 -3.4443 8.3151 -8.6 -2.3292 8.6931 -8.6 -4.5 7.794 -8.6
5 24 0 0 -9.2 -4.5 7.794 -8.6 -3.4443 8.3151 -8.6 -5.4792 7.1406 -8.6
5 24 0 0 -9.2 -5.4792 7.1406 -8.6 -4.5 7.794 -8.6 -6.3639 6.3639 -8.6
5 24 0 0 -9.2 -6.3639 6.3639 -8.6 -5.4792 7.1406 -8.6 -7.1406 5.4792 -8.6
5 24 0 0 -9.2 -7.1406 5.4792 -8.6 -6.3639 6.3639 -8.6 -7.794 4.5 -8.6
5 24 0 0 -9.2 -7.794 4.5 -8.6 -7.1406 5.4792 -8.6 -8.3151 3.4443 -8.6
5 24 0 0 -9.2 -8.3151 3.4443 -8.6 -7.794 4.5 -8.6 -8.6931 2.3292 -8.6
5 24 0 0 -9.2 -8.6931 2.3292 -8.6 -8.3151 3.4443 -8.6 -8.9226 1.1745 -8.6
5 24 0 0 -9.2 -8.9226 1.1745 -8.6 -8.6931 2.3292 -8.6 -9 0 -8.6
5 24 0 0 -9.2 -9 0 -8.6 -8.9226 1.1745 -8.6 -8.9226 -1.1745 -8.6
5 24 0 0 -9.2 -8.9226 -1.1745 -8.6 -9 0 -8.6 -8.6931 -2.3292 -8.6
5 24 0 0 -9.2 -8.6931 -2.3292 -8.6 -8.9226 -1.1745 -8.6 -8.3151 -3.4443 -8.6
5 24 0 0 -9.2 -8.3151 -3.4443 -8.6 -8.6931 -2.3292 -8.6 -7.794 -4.5 -8.6
5 24 0 0 -9.2 -7.794 -4.5 -8.6 -8.3151 -3.4443 -8.6 -7.1406 -5.4792 -8.6
5 24 0 0 -9.2 -7.1406 -5.4792 -8.6 -7.794 -4.5 -8.6 -6.3639 -6.3639 -8.6
5 24 0 0 -9.2 -6.3639 -6.3639 -8.6 -7.1406 -5.4792 -8.6 -5.4792 -7.1406 -8.6
5 24 0 0 -9.2 -5.4792 -7.1406 -8.6 -6.3639 -6.3639 -8.6 -4.5 -7.794 -8.6
5 24 0 0 -9.2 -4.5 -7.794 -8.6 -5.4792 -7.1406 -8.6 -3.4443 -8.3151 -8.6
5 24 0 0 -9.2 -3.4443 -8.3151 -8.6 -4.5 -7.794 -8.6 -2.3292 -8.6931 -8.6
5 24 0 0 -9.2 -2.3292 -8.6931 -8.6 -3.4443 -8.3151 -8.6 -1.1745 -8.9226 -8.6
5 24 0 0 -9.2 -1.1745 -8.9226 -8.6 -2.3292 -8.6931 -8.6 0 -9 -8.6

5 24 0 18 -7.4 -2.349 17.8452 -7.4 -3.132 23.7936 -6.2 -1.1745 8.9226 -8.6
5 24 -2.349 17.8452 -7.4 -4.6584 17.3862 -7.4 -6.2112 23.1816 -6.2 -2.3292 8.6931 -8.6
5 24 -4.6584 17.3862 -7.4 -6.8886 16.6302 -7.4 -9.1848 22.1736 -6.2 -3.4443 8.3151 -8.6
5 24 -6.8886 16.6302 -7.4 -9 15.588 -7.4 -12 20.784 -6.2 -4.5 7.794 -8.6
5 24 -9 15.588 -7.4 -10.9584 14.2812 -7.4 -14.6112 19.0416 -6.2 -5.4792 7.1406 -8.6
5 24 -10.9584 14.2812 -7.4 -12.7278 12.7278 -7.4 -16.9704 16.9704 -6.2 -6.3639 6.3639 -8.6
5 24 -12.7278 12.7278 -7.4 -14.2812 10.9584 -7.4 -19.0416 14.6112 -6.2 -7.1406 5.4792 -8.6
5 24 -14.2812 10.9584 -7.4 -15.588 9 -7.4 -20.784 12 -6.2 -7.794 4.5 -8.6
5 24 -15.588 9 -7.4 -16.6302 6.8886 -7.4 -22.1736 9.1848 -6.2 -8.3151 3.4443 -8.6
5 24 -16.6302 6.8886 -7.4 -17.3862 4.6584 -7.4 -23.1816 6.2112 -6.2 -8.6931 2.3292 -8.6
5 24 -17.3862 4.6584 -7.4 -17.8452 2.349 -7.4 -23.7936 3.132 -6.2 -8.9226 1.1745 -8.6
5 24 -17.8452 2.349 -7.4 -18 0 -7.4 -24 0 -6.2 -9 0 -8.6
5 24 -18 0 -7.4 -17.8452 -2.349 -7.4 -23.7936 -3.132 -6.2 -8.9226 -1.1745 -8.6
5 24 -17.8452 -2.349 -7.4 -17.3862 -4.6584 -7.4 -23.1816 -6.2112 -6.2 -8.6931 -2.3292 -8.6
5 24 -17.3862 -4.6584 -7.4 -16.6302 -6.8886 -7.4 -22.1736 -9.1848 -6.2 -8.3151 -3.4443 -8.6
5 24 -16.6302 -6.8886 -7.4 -15.588 -9 -7.4 -20.784 -12 -6.2 -7.794 -4.5 -8.6
5 24 -15.588 -9 -7.4 -14.2812 -10.9584 -7.4 -19.0416 -14.6112 -6.2 -7.1406 -5.4792 -8.6
5 24 -14.2812 -10.9584 -7.4 -12.7278 -12.7278 -7.4 -16.9704 -16.9704 -6.2 -6.3639 -6.3639 -8.6
5 24 -12.7278 -12.7278 -7.4 -10.9584 -14.2812 -7.4 -14.6112 -19.0416 -6.2 -5.4792 -7.1406 -8.6
5 24 -10.9584 -14.2812 -7.4 -9 -15.588 -7.4 -12 -20.784 -6.2 -4.5 -7.794 -8.6
5 24 -9 -15.588 -7.4 -6.8886 -16.6302 -7.4 -9.1848 -22.1736 -6.2 -3.4443 -8.3151 -8.6
5 24 -6.8886 -16.6302 -7.4 -4.6584 -17.3862 -7.4 -6.2112 -23.1816 -6.2 -2.3292 -8.6931 -8.6
5 24 -4.6584 -17.3862 -7.4 -2.349 -17.8452 -7.4 -3.132 -23.7936 -6.2 -1.1745 -8.9226 -8.6
5 24 -2.349 -17.8452 -7.4 0 -18 -7.4 0 -24 -6.2 0 -9 -8.6
5 24 0 9 -8.6 -1.1745 8.9226 -8.6 -2.349 17.8452 -7.4 0 0 -9.2
5 24 -1.1745 8.9226 -8.6 -2.3292 8.6931 -8.6 -4.6584 17.3862 -7.4 0 0 -9.2
5 24 -2.3292 8.6931 -8.6 -3.4443 8.3151 -8.6 -6.8886 16.6302 -7.4 0 0 -9.2
5 24 -3.4443 8.3151 -8.6 -4.5 7.794 -8.6 -9 15.588 -7.4 0 0 -9.2
5 24 -4.5 7.794 -8.6 -5.4792 7.1406 -8.6 -10.9584 14.2812 -7.4 0 0 -9.2
5 24 -5.4792 7.1406 -8.6 -6.3639 6.3639 -8.6 -12.7278 12.7278 -7.4 0 0 -9.2
5 24 -6.3639 6.3639 -8.6 -7.1406 5.4792 -8.6 -14.2812 10.9584 -7.4 0 0 -9.2
5 24 -7.1406 5.4792 -8.6 -7.794 4.5 -8.6 -15.588 9 -7.4 0 0 -9.2
5 24 -7.794 4.5 -8.6 -8.3151 3.4443 -8.6 -16.6302 6.8886 -7.4 0 0 -9.2
5 24 -8.3151 3.4443 -8.6 -8.6931 2.3292 -8.6 -17.3862 4.6584 -7.4 0 0 -9.2
5 24 -8.6931 2.3292 -8.6 -8.9226 1.1745 -8.6 -17.8452 2.349 -7.4 0 0 -9.2
5 24 -8.9226 1.1745 -8.6 -9 0 -8.6 -18 0 -7.4 0 0 -9.2
5 24 -9 0 -8.6 -8.9226 -1.1745 -8.6 -17.8452 -2.349 -7.4 0 0 -9.2
5 24 -8.9226 -1.1745 -8.6 -8.6931 -2.3292 -8.6 -17.3862 -4.6584 -7.4 0 0 -9.2
5 24 -8.6931 -2.3292 -8.6 -8.3151 -3.4443 -8.6 -16.6302 -6.8886 -7.4 0 0 -9.2
5 24 -8.3151 -3.4443 -8.6 -7.794 -4.5 -8.6 -15.588 -9 -7.4 0 0 -9.2
5 24 -7.794 -4.5 -8.6 -7.1406 -5.4792 -8.6 -14.2812 -10.9584 -7.4 0 0 -9.2
5 24 -7.1406 -5.4792 -8.6 -6.3639 -6.3639 -8.6 -12.7278 -12.7278 -7.4 0 0 -9.2
5 24 -6.3639 -6.3639 -8.6 -5.4792 -7.1406 -8.6 -10.9584 -14.2812 -7.4 0 0 -9.2
5 24 -5.4792 -7.1406 -8.6 -4.5 -7.794 -8.6 -9 -15.588 -7.4 0 0 -9.2
5 24 -4.5 -7.794 -8.6 -3.4443 -8.3151 -8.6 -6.8886 -16.6302 -7.4 0 0 -9.2
5 24 -3.4443 -8.3151 -8.6 -2.3292 -8.6931 -8.6 -4.6584 -17.3862 -7.4 0 0 -9.2
5 24 -2.3292 -8.6931 -8.6 -1.1745 -8.9226 -8.6 -2.349 -17.8452 -7.4 0 0 -9.2
5 24 -1.1745 -8.9226 -8.6 0 -9 -8.6 0 -18 -7.4 0 0 -9.2
5 24 0 18 -7.4 0 24 -6.2 2.349 17.8452 -7.4 -2.349 17.8452 -7.4
5 24 0 9 -8.6 0 18 -7.4 1.1745 8.9226 -8.6 -1.1745 8.9226 -8.6
5 24 0 0 -9.2 0 9 -8.6 1.1745 8.9226 -8.6 -1.1745 8.9226 -8.6
