0 ~Brick  5 x  5 Corner Round with Slope 45 Chamfer - Half
0 Name: s\76795s01.dat
0 Author: Gerald Lasser [GeraldLasser]
0 !LDRAW_ORG Subpart UPDATE 2024-02
0 !LICENSE Licensed under CC BY 4.0 : see CAreadme.txt

0 BFC CERTIFY CCW

0 !HISTORY 2022-12-20 [PTadmin] Official Update 2022-06
0 !HISTORY 2024-03-23 [OrionP] Updated ring primitives
0 !HISTORY 2024-03-24 [OrionP] Official Update 2024-02

0 // Bottom Skirt
0 BFC INVERTNEXT
1 16 0 20 0 -60 0 0 0 4 0 0 0 60 48\1-16cyli.dat
1 16 0 24 0 -60 0 0 0 1 0 0 0 60 48\1-16edge.dat
1 16 0 24 0 -60 0 0 0 -1 0 0 0 60 48\1-16tang.dat
4 16 -63.7364 24 4 -63.4496 24 8.352 -60 24 11.934 -60 24 0
4 16 -60 24 11.934 -63.4496 24 8.352 -61.8176 24 16.5632 -55.434 24 22.962
4 16 -55.434 24 22.962 -61.8176 24 16.5632 -59.1296 24 24.4928 -57.833 24 27.1196
3 16 -55.434 24 22.962 -57.833 24 27.1196 -54.3989 24 25.0591
2 24 -61.8176 24 16.5632 -59.1296 24 24.4928
2 24 -63.4496 24 8.352 -61.8176 24 16.5632
2 24 -59.1296 24 24.4928 -57.833 24 27.1196
2 24 -63.4496 24 8.352 -63.7364 24 4

4 16 -54.3989 20 25.0591 -55.434 20 22.962 -55.434 24 22.962 -54.3989 24 25.0591
1 16 -56.11595 22 26.08935 0 -1 1.71705 -2 0 0 0 0 -1.03025 rect.dat
2 24 -55.434 24 22.962 -54.3989 24 25.0591

4 16 -54.3989 20 25.0591 -57.833 20 27.1196 -55.424 20 32 -51.96 20 30
4 16 -55.424 20 32 -51.2143 20 38.3088 -47.7876 20 36.2528 -51.96 20 30
2 24 -55.424 20 32 -51.2143 20 38.3088
2 24 -57.833 20 27.1196 -55.424 20 32
2 24 -47.7876 20 36.2528 -51.96 20 30
2 24 -51.96 20 30 -54.3989 20 25.0591

4 16 -47.604 24 36.528 -42.426 24 42.426 -42.426 20 42.426 -47.604 20 36.528
4 16 -47.7876 20 36.2528 -47.7876 24 36.2528 -47.604 24 36.528 -47.604 20 36.528
4 16 -47.7876 24 36.2528 -51.2143 24 38.3088 -50.7776 24 38.9632 -47.604 24 36.528
4 16 -47.604 24 36.528 -50.7776 24 38.9632 -45.2544 24 45.2544 -42.426 24 42.426
1 16 -49.50095 22 37.2808 -1.71335 1 0 0 0 2 1.028 0 0 rect.dat
2 24 -47.7876 24 36.2528 -47.604 24 36.528
2 24 -47.604 24 36.528 -42.426 24 42.426
2 24 -45.2544 24 45.2544 -50.7776 24 38.9632
2 24 -50.7776 24 38.9632 -51.2143 24 38.3088
5 24 -47.604 24 36.528 -47.604 20 36.528 -47.7876 20 36.2528 -42.426 20 42.426

4 16 -100 24 0 -96 24 4 -63.7364 24 4 -60 24 0
1 16 -80 22 0 -20 0 0 0 0 2 0 1 0 rect3.dat
2 24 -96 24 4 -63.7364 24 4

1 16 0 24 0 -100 0 0 0 -1 0 0 0 100 48\1-24chrd.dat
4 16 -95.5434 24 12.2962 -96.59 24 25.88 -92.8732 24 24.1061 -95.0838 24 12.9839
4 16 -96 24 10 -100 24 0 -96.59 24 25.88 -95.5434 24 12.2962
3 16 -96 24 10 -96 24 4 -100 24 0
1 16 0 20 0 -100 0 0 0 4 0 0 0 100 48\1-24cylo.dat
1 16 -95.3136 22 12.64005 0 -1 .2298 2 0 0 0 0 .34385 rect3.dat
1 16 -93.9785 22 18.545 1.1053 -1 0 0 0 -2 5.5611 0 0 rect2p.dat
1 16 -94.7316 22 24.99305 0 -1 1.8584 -2 0 0 0 0 -.88695 rect.dat
1 16 -95.7717 22 11.1481 -.2283 -1 0 0 0 2 -1.1481 0 0 rect2p.dat
1 16 -96 22 7 0 -1 0 -2 0 0 0 0 -3 rect3.dat
2 24 -95.0838 20 12.9839 -96 20 4
5 24 -96 20 10 -96 24 10 -95.5434 20 12.2962 -96 20 4
5 24 -95.5434 24 12.2962 -95.5434 20 12.2962 -96 20 10 -95.0838 20 12.9839

4 16 -92.5794 20 37.7114 -88.7927 20 36.4492 -92.7264 20 24.8448 -96.59 20 25.88
3 16 -92.8732 20 24.1061 -96.59 20 25.88 -92.7264 20 24.8448
2 24 -92.8732 20 24.1061 -92.7264 20 24.8448
2 24 -92.7264 20 24.8448 -88.7927 20 36.4492
2 24 -92.5794 20 37.7114 -96.59 20 25.88

4 16 -88.7927 24 36.4492 -92.5794 24 37.7114 -92.39 24 38.27 -88.6944 24 36.7392
4 16 -87.7372 24 38.6784 -88.6944 24 36.7392 -92.39 24 38.27 -90.2121 24 42.6821
3 16 -90.2121 24 42.6821 -87.7398 24 41.3086 -87.7372 24 38.6784
1 16 -92.4847 22 37.9907 .0947 1 0 0 0 2 .2793 0 0 rect2p.dat
1 16 -91.30105 22 40.47605 1.08895 1 0 0 0 2 2.20605 0 0 rect2p.dat
1 16 -88.97595 22 41.99535 0 -1 -1.23615 2 0 0 0 0 .68675 rect.dat
1 16 -90.68605 22 37.0803 1.89335 1 0 0 0 -2 -.6311 0 0 rect.dat
1 16 -88.74355 22 36.5942 -.04915 -1 0 0 0 2 -.145 0 0 rect2p.dat
1 16 -88.2158 22 37.7088 0 -1 .4786 2 0 0 0 0 .9696 rect3.dat
5 24 -88.6944 24 36.7392 -88.6944 20 36.7392 -88.7927 24 36.4492 -87.7372 24 38.6784
5 24 -92.39 24 38.27 -92.39 20 38.27 -92.5794 24 37.7114 -90.2121 24 42.6821

3 16 -87.391 20 43.0614 -87.7398 20 41.3086 -90.2121 20 42.6821
4 16 -86.6 20 50 -83.8997 20 54.0467 -80.3989 20 52.1018 -83.136 20 48
4 16 -83.136 20 48 -83.6212 20 47.017 -85.657 20 45.657 -86.6 20 50
4 16 -86.6 20 50 -85.657 20 45.657 -87.391 20 43.0614 -90.2121 20 42.6821
2 24 -83.136 20 48 -83.6212 20 47.017
2 24 -80.3989 20 52.1018 -83.136 20 48
2 24 -86.6 20 50 -90.2121 20 42.6821
2 24 -86.6 20 50 -83.8997 20 54.0467

4 16 -76.1664 24 58.4448 -80.3989 24 52.1018 -83.8997 24 54.0467 -79.34 24 60.88
4 16 -72.179 24 62.9867 -76.1664 24 58.4448 -79.34 24 60.88 -75.0074 24 65.8151
1 16 -74.1727 22 60.71575 0 -1 1.9937 2 0 0 0 0 2.27095 rect3.dat
1 16 -77.1737 22 63.34755 0 1 2.1663 -2 0 0 0 0 2.46755 rect3.dat
1 16 -81.61985 22 57.46335 0 1 -2.27985 2 0 0 0 0 -3.41665 rect3.dat
1 16 -82.1493 22 53.07425 0 1 1.7504 2 0 0 0 0 -.97245 rect3.dat
1 16 -73.5932 22 64.4009 1.4142 -1 0 0 0 2 -1.4142 0 0 rect2p.dat
1 16 -78.28265 22 55.2733 2.11625 -1 0 0 0 -2 3.1715 0 0 rect2p.dat
5 24 -76.1664 24 58.4448 -76.1664 20 58.4448 -72.179 24 62.9867 -80.3989 24 52.1018
5 24 -79.34 24 60.88 -79.34 20 60.88 -83.8997 24 54.0467 -75.0074 24 65.8151

4 16 -75.0074 20 65.8151 -70.71 20 70.71 -67.8816 20 67.8816 -72.179 20 62.9867
2 24 -67.8816 20 67.8816 -72.179 20 62.9867
2 24 -75.0074 20 65.8151 -70.71 20 70.71

0 // Stud4 #1
1 16 -60 4 40 1 0 0 0 -5 0 0 0 1 stud4.dat
2 24 -67.3912 4.3727 43.0616 -67.5839 4 42.0923
2 24 -65.6568 4.3704 45.6568 -67.3912 4.3727 43.0616
2 24 -65.6568 4.3704 45.6568 -64.8422 4 46.2012

0 // Stud4 #2
1 16 -80 24 40 0 0 -8 0 -1 0 -8 0 0 3-16edge.dat
1 16 -80 24 40 0 0 8 0 -1 0 -8 0 0 11-16edge.dat
1 16 -80 24 40 0 0 -2 0 -1 0 -2 0 0 3-16ring3.dat
1 16 -80 24 40 0 0 2 0 -1 0 -2 0 0 2-4ring3.dat
1 16 -80 24 40 0 0 -2 0 -1 0 2 0 0 3-16ring3.dat
1 16 -80 24 40 0 0 -6 0 1 0 -6 0 0 4-4edge.dat
1 16 -80 24 40 -5.54328 0 -2.2961 0 -1 0 2.2961 0 -5.54328 1-8tang.dat
4 16 -86.0003 24 38.8064 -85.5432 24 37.7039 -87.3909 24 36.9385 -87.7372 24 38.6784
4 16 -86.0002 24 40 -86.0003 24 38.8064 -87.7372 24 38.6784 -87.7398 24 41.3086
3 16 -85.5433 24 42.2961 -86 24 41.1935 -87.391 24 43.0614
4 16 -86 24 41.1935 -86.0002 24 40 -87.7398 24 41.3086 -87.391 24 43.0614
0 BFC INVERTNEXT
1 16 -80 24 40 0 0 -6 0 -4.6 0 -6 0 0 4-4cyli.dat
0 BFC INVERTNEXT
1 16 -80 19.4 40 -5.54328 0 2.2961 0 -6.3 0 2.2961 0 5.54328 2-4cyls.dat
0 BFC INVERTNEXT
1 16 -80 19.4 40 -5.54328 0 -2.2961 0 -6.3 0 2.2961 0 -5.54328 2-4cyls.dat
1 16 -80 24 40 0 0 -8 0 -4 0 -8 0 0 3-16cyli.dat
1 16 -80 24 40 0 0 8 0 -4 0 -8 0 0 11-16cyli.dat
4 16 -87.3909 20 36.9385 -87.7372 20 38.6784 -87.7372 24 38.6784 -87.3909 24 36.9385
2 24 -87.7372 24 38.6784 -87.3909 24 36.9385
1 16 -87.5654 22 42.185 -.1744 1 0 0 0 -2 -.8764 0 0 rect2p.dat
5 24 -87.3912 24 36.9384 -87.3912 20 36.9384 -87.7372 24 38.6784 -85.6568 24 34.3432
5 24 -87.3912 24 43.0616 -87.3912 20 43.0616 -87.7398 24 41.3086 -85.6568 24 45.6568
2 24 -87.3912 20 43.0616 -85.657 20 45.657
2 24 -85.657 20 45.657 -83.6212 20 47.017
1 16 -80 20 40 -7.39104 0 3.06147 0 -7.2 0 3.06147 0 7.39104 2-4cyls.dat
1 16 -80 20 40 -7.39104 0 -3.06147 0 -7.2 0 3.06147 0 -7.39104 2-4cyls.dat
2 24 -84.2428 15.6323 35.7573 -85.5432 17.6331 37.7039
2 24 -82.2961 18.1839 45.5432 -80.0001 16.3519 46.0001
2 24 -77.7039 14.1961 45.5433 -79.4999 15.8658 45.9006
2 24 -79.4999 15.8658 45.9006 -80.0001 16.3519 46.0001
2 24 -79.9999 10.3737 31.9998 -78.1443 8.7566 32.3691
2 24 -79.9999 10.3737 31.9998 -83.0614 13.4276 32.609
2 24 -85.657 16.4025 34.343 -83.0614 13.4276 32.609
2 24 -86.7081 17.8832 35.9164 -85.657 16.4025 34.343
2 24 -74.343 11.4998 45.657 -76.9386 14.5799 47.391
2 24 -72.6091 8.6552 43.0615 -74.343 11.4998 45.657
2 24 -72.3529 7.7399 41.7742 -72.6091 8.6552 43.0615
2 24 -76.9386 14.5799 47.391 -80.0001 17.4263 48.0002
2 24 -75.7572 11.886 44.2427 -77.7039 14.1961 45.5433
2 24 -75.7572 11.886 44.2427 -75.2102 10.9887 43.4239
2 24 -71.9998 6.6527 40.0001 -72.3529 7.7399 41.7742
2 24 -74.343 6.2553 34.343 -76.9385 7.7945 32.6091
2 24 -78.1443 8.7566 32.3691 -76.9385 7.7945 32.6091
2 24 -87.3909 18.9338 36.9385 -86.7081 17.8832 35.9164
2 24 -75.2102 10.9887 43.4239 -74.4568 9.8294 42.2961
2 24 -74.4568 9.8294 42.2961 -73.9999 8.4223 40.0001
2 24 -74.4567 7.8238 37.7039 -73.9999 8.4223 40.0001
2 24 -74.4567 7.8238 37.7039 -75.7573 8.1243 35.7572
2 24 -75.7573 8.1243 35.7572 -77.7039 9.2787 34.4568
2 24 -79.9999 11.1107 33.9999 -77.7039 9.2787 34.4568
2 24 -79.9999 11.1107 33.9999 -82.2961 13.3419 34.4567
2 24 -82.2961 13.3419 34.4567 -84.2428 15.6323 35.7573
2 24 -85.5432 17.6331 37.7039 -86.0001 19.0402 39.9999
2 24 -85.5433 19.6388 42.2961 -86.0001 19.0402 39.9999
2 24 -84.2427 19.3383 44.2428 -85.5433 19.6388 42.2961
2 24 -82.2961 18.1839 45.5432 -84.2427 19.3383 44.2428
2 24 -82.3324 19.0863 47.536 -80.0001 17.4263 48.0002
2 24 -71.9998 6.6527 40.0001 -72.609 5.8546 36.9386
2 24 -74.343 6.2553 34.343 -72.609 5.8546 36.9386
2 24 -87.3909 18.9338 36.9385 -87.7372 20 38.6784
2 24 -83.0615 19.668 47.3909 -83.6212 20 47.017
2 24 -82.3324 19.0863 47.536 -83.0615 19.668 47.3909

0 // Stud4 #3
1 16 -80 13 20 0 0 1 0 -2.75 0 -1 0 0 stud4a.dat
0 BFC INVERTNEXT
1 16 -80 11 20 -5.54328 0 2.2961 0 -5 0 2.2961 0 5.54328 1-4cyls.dat
0 BFC INVERTNEXT
1 16 -80 11 20 -6 0 0 0 -6 0 0 0 -6 1-4cyls.dat
0 BFC INVERTNEXT
1 16 -80 13 20 0 0 6 0 -2 0 -6 0 0 4-4cyli.dat
0 BFC INVERTNEXT
1 16 -80 11 20 0 0 6 0 -7 0 -6 0 0 7-16cyli.dat
1 16 -80 13 20 -5.65686 0 -5.65686 0 -9.5 0 -5.65686 0 5.65686 1-4cyls2.dat
1 16 -80 13 20 -3.06147 0 -7.39104 0 -9.5 0 7.39104 0 -3.06147 1-4cyls2.dat
1 16 -80 13 20 3.06147 0 7.39104 0 -9 0 -7.39104 0 3.06147 5-16cyli.dat
2 24 -75.1474 4 26.1943 -74.3432 4 25.6568
2 24 -74.3432 4 25.6568 -72.6088 4 23.0616
2 24 -72.6088 4 23.0616 -72 4 20
2 24 -72 4 20 -72.6088 4 16.9384
2 24 -74.3432 4 14.3432 -72.6088 4 16.9384
2 24 -76.9384 4 12.6088 -74.3432 4 14.3432
2 24 -78.6961 4 12.2593 -76.9384 4 12.6088
2 24 -75.7574 4 24.2426 -74.4566 4 22.2962
2 24 -74.4566 4 22.2962 -74 4 20
2 24 -74 4 20 -74.4566 4 17.7038
2 24 -74.4566 4 17.7038 -75.7574 4 15.7574
2 24 -75.7574 4 15.7574 -77.7038 4 14.4566
2 24 -78.2822 4 14.3416 -77.7038 4 14.4566
2 24 -85.1897 12.3173 22.8254 -85.4233 12.4762 22.4759
2 24 -85.4233 12.4762 22.4759 -85.5434 12.5578 22.2962
2 24 -84.2426 11.8811 24.2426 -85.1897 12.3173 22.8254
2 24 -85.5434 12.5578 22.2962 -86 12.558 20
2 24 -86 12.558 20 -85.5434 11.6744 17.7038
2 24 -84.2426 10.041 15.7574 -85.5434 11.6744 17.7038
2 24 -84.2426 10.041 15.7574 -82.2962 7.907 14.4566
2 24 -80 5.5968 14 -82.2962 7.907 14.4566
2 24 -80 5.5968 14 -78.2822 4 14.3416
2 24 -75.7995 4 24.2707 -77.7038 6.1827 25.5434
2 24 -80 8.4731 26 -77.7038 6.1827 25.5434
2 24 -82.2962 10.4743 25.5434 -80 8.4731 26
2 24 -82.2962 10.4743 25.5434 -84.2426 11.8811 24.2426
2 24 -75.7995 4 24.2707 -75.7574 4 24.2426
2 24 -87.1907 14.3571 23.3616 -87.3912 14.4934 23.0616
2 24 -87.4208 14.4934 22.913 -87.3912 14.4934 23.0616
2 24 -80 5.2121 12 -78.6961 4 12.2593
2 24 -75.1474 4 26.1943 -76.9384 6.0528 27.3912
2 24 -80 9.1067 28 -76.9384 6.0528 27.3912
2 24 -83.0616 11.7749 27.3912 -80 9.1067 28
2 24 -85.6568 13.6507 25.6568 -83.0616 11.7749 27.3912
2 24 -87.1907 14.3571 23.3616 -85.6568 13.6507 25.6568
2 24 -88 14.4937 20 -87.4208 14.4934 22.913
2 24 -88 14.4937 20 -87.3912 13.3155 16.9384
2 24 -85.6568 11.1377 14.3432 -87.3912 13.3155 16.9384
2 24 -83.0616 8.2923 12.6088 -85.6568 11.1377 14.3432
2 24 -83.0616 8.2923 12.6088 -80 5.2121 12

0 // Stud4 - Centre
0 BFC INVERTNEXT
1 16 -60 14 60 -4.24264 0 -4.24264 0 -5.5 0 4.24264 0 -4.24264 2-4cyls.dat
1 16 -60 16 60 -5.65685 0 -5.65685 0 -7.2 0 5.65685 0 -5.65685 3-8cyls.dat
2 24 -65.5434 11.6408 57.7039 -65.9999 13.474 60
2 24 -64.2426 9.4091 55.7574 -65.5434 11.6408 57.7039
2 24 -58.1713 4 54.3636 -60 5.1193 54.0001
2 24 -57.7039 4 54.4566 -58.1713 4 54.3636
2 24 -62.2961 7.119 54.4566 -64.2426 9.4091 55.7574
2 24 -60 5.1193 54.0001 -62.2961 7.119 54.4566
2 24 -63.0615 6.4836 52.6088 -65.6569 9.5371 54.3432
2 24 -60.2097 4 52.0418 -63.0615 6.4836 52.6088
2 24 -67.3912 12.5127 56.9385 -67.9999 14.957 60
2 24 -67.3912 12.5127 56.9385 -65.6569 9.5371 54.3432
2 24 -60.2097 4 52.0418 -60 4 52.0001
2 24 -65.6568 16.902 65.6568 -67.3912 16.4987 63.0616
2 24 -67.9999 14.957 60 -67.3912 16.4987 63.0616
2 24 -64.2426 14.9328 64.2426 -65.5434 14.6303 62.2962
2 24 -65.9999 13.474 60 -65.5434 14.6303 62.2962
2 24 -55.7574 4 55.7574 -57.7039 4 54.4566
2 24 -60 4 52 -56.9384 4 52.6088
2 24 -56.9384 4 52.6088 -54.3432 4 54.3432

0 // Other Stud Holders
1 16 -64 13.75 10 0 1 0 0 0 -9.75 -1.5 0 0 rect.dat
1 16 -63.41195 13.75 11.5 0 0 .58805 -9.75 0 0 0 -1 0 rect3.dat
1 16 -63.7101 13.75 8.5 0 0 .2899 9.75 0 0 0 1 0 rect3.dat
4 16 -64 23.5 8.5 -64 23.5 11.5 -62.8239 23.5 11.5 -63.4202 23.5 8.5
2 24 -63.4202 23.5 8.5 -62.8239 23.5 11.5

1 16 -65.7574 13.75 25.7574 0 1 -1.0607 9.75 0 0 0 0 -1.0607 rect3.dat
1 16 -62.3235 13.75 24.4449 0 -1 -2.3732 9.75 0 0 0 0 2.3732 rect.dat
1 16 -63.92125 13.75 21.79985 0 1 2.89685 9.75 0 0 0 0 -2.89685 rect3.dat
4 16 -61.0244 23.5 18.903 -66.8181 23.5 24.6967 -64.6967 23.5 26.8181 -59.9503 23.5 22.0717
2 24 -61.0244 23.5 18.903 -59.9503 23.5 22.0717

0 // Back Wall
4 16 -63.4496 24 8.352 -63.7364 24 4 -63.7364 4 4 -63.4496 4 8.352
4 16 -59.1296 4 24.4928 -59.1296 24 24.4928 -61.8176 24 16.5632 -61.8176 4 16.5632
4 16 -61.8176 4 16.5632 -61.8176 24 16.5632 -63.4496 24 8.352 -63.4496 4 8.352
4 16 -57.833 20 27.1196 -57.833 24 27.1196 -59.1296 24 24.4928 -59.1296 4 24.4928
4 16 -57.833 20 27.1196 -59.1296 4 24.4928 -55.424 4 32 -55.424 20 32
4 16 -55.424 20 32 -55.424 4 32 -50.7776 4 38.9632 -51.2143 20 38.3088
4 16 -51.2143 24 38.3088 -51.2143 20 38.3088 -50.7776 4 38.9632 -50.7776 24 38.9632
4 16 -45.2544 4 45.2544 -45.2544 24 45.2544 -50.7776 24 38.9632 -50.7776 4 38.9632
2 24 -63.7364 24 4 -63.7364 4 4
2 24 -63.7364 4 4 -63.4496 4 8.352
2 24 -63.4496 4 8.352 -61.8176 4 16.5632
2 24 -61.8176 4 16.5632 -59.1296 4 24.4928
2 24 -59.1296 4 24.4928 -55.424 4 32
2 24 -55.424 4 32 -50.7776 4 38.9632
2 24 -50.7776 4 38.9632 -45.2544 4 45.2544
5 24 -45.2544 24 45.2544 -45.2544 4 45.2544 -50.7776 24 38.9632 -38.9632 24 50.7776
5 24 -55.424 20 32 -55.424 4 32 -59.1296 24 24.4928 -50.7776 24 38.9632
5 24 -50.7776 24 38.9632 -50.7776 4 38.9632 -55.424 24 32 -45.2544 24 45.2544
5 24 -59.1296 24 24.4928 -59.1296 4 24.4928 -61.8176 4 16.5632 -55.424 4 32
5 24 -61.8176 24 16.5632 -61.8176 4 16.5632 -59.1296 4 24.4928 -63.4496 4 8.352
5 24 -63.4496 24 8.352 -63.4496 4 8.352 -63.7364 24 4 -61.8176 24 16.5632

4 16 -63.7364 4 4 -63.7364 24 4 -96 24 4 -96 20 4
3 16 -79.4892 4 4 -63.7364 4 4 -96 20 4

0 // Top
4 16 -79.4892 4 4 -79.0642 4 10.4074 -63.4496 4 8.352 -63.7364 4 4
4 16 -63.4496 4 8.352 -79.0642 4 10.4074 -77.0305 4 20.6393 -61.8176 4 16.5632
4 16 -59.1296 4 24.4928 -61.8176 4 16.5632 -77.0305 4 20.6393 -73.681 4 30.5203
4 16 -59.1296 4 24.4928 -73.681 4 30.5203 -69.0635 4 39.875 -55.424 4 32
4 16 -55.424 4 32 -69.0635 4 39.875 -63.2737 4 48.5518 -50.7776 4 38.9632
4 16 -50.7776 4 38.9632 -63.2737 4 48.5518 -56.3912 4 56.3912 -45.2544 4 45.2544
2 24 -79.4892 4 4 -63.7364 4 4
2 24 -79.0642 4 10.4074 -77.0305 4 20.6393
2 24 -77.0305 4 20.6393 -73.681 4 30.5203
2 24 -73.681 4 30.5203 -69.0635 4 39.875
2 24 -69.0635 4 39.875 -63.2737 4 48.5518
2 24 -63.2737 4 48.5518 -56.3912 4 56.3912
2 24 -79.0642 4 10.4074 -79.4892 4 4

0 // Slanted Surface
3 16 -95.0838 20 12.9839 -79.0642 4 10.4074 -79.4892 4 4
3 16 -79.4892 4 4 -96 20 4 -95.0838 20 12.9839
4 16 -79.0642 4 10.4074 -95.0838 20 12.9839 -92.8732 20 24.1061 -77.0305 4 20.6393
3 16 -92.8732 20 24.1061 -92.7264 20 24.8448 -77.0305 4 20.6393
4 16 -77.0305 4 20.6393 -92.7264 20 24.8448 -88.6944 20 36.7392 -73.681 4 30.5203
4 16 -69.0635 4 39.875 -73.681 4 30.5203 -88.6944 20 36.7392 -83.136 20 48
4 16 -83.136 20 48 -80.3989 20 52.1018 -63.2737 4 48.5518 -69.0635 4 39.875
3 16 -80.3989 20 52.1018 -76.1664 20 58.4448 -63.2737 4 48.5518
4 16 -67.8816 20 67.8816 -56.3912 4 56.3912 -63.2737 4 48.5518 -72.179 20 62.9867
3 16 -76.1664 20 58.4448 -72.179 20 62.9867 -63.2737 4 48.5518
2 24 -96 20 4 -79.4892 4 4
5 24 -76.1664 20 58.4448 -63.2737 4 48.5518 -72.179 20 62.9867 -80.3989 20 52.1018
5 24 -92.7264 20 24.8448 -77.0305 4 20.6393 -88.6944 20 36.7392 -92.8732 20 24.1061
5 24 -95.0838 20 12.9839 -79.0642 4 10.4074 -92.8732 20 24.1061 -79.4892 4 4
5 24 -79.4892 4 4 -95.0838 20 12.9839 -96 20 4 -79.0642 4 10.4074
5 24 -88.6944 20 36.7392 -73.681 4 30.5203 -77.0305 4 20.6393 -83.136 20 48
5 24 -83.136 20 48 -69.0635 4 39.875 -80.3989 20 52.1018 -73.681 4 30.5203

4 16 -96 20 10 -95.5434 20 12.2962 -95.0838 20 12.9839 -96 20 4

0 // Outside
4 16 -60 0 0 -80 0 0 -100 20 0 -60 20 0
2 24 -60 20 0 -60 0 0
2 24 -60 0 0 -80 0 0
2 24 -80 0 0 -100 20 0

5 24 -42.426 24 42.426 -42.426 20 42.426 -47.604 24 36.528 -36.528 24 47.604
5 24 -67.8816 20 67.8816 -56.3912 4 56.3912 -63.2737 4 48.5518 -48.5518 4 63.2737
