0 ~Tyre 44/ 15 x 75 1/6 Half
0 Name: s\80279s01.dat
0 Author: Jens Brühl [jb70]
0 !LDRAW_ORG Subpart UPDATE 2024-01
0 !LICENSE Licensed under CC BY 4.0 : see CAreadme.txt

0 BFC CERTIFY CCW

0 !HISTORY 2024-01-29 [OrionP] Official Update 2024-01

1 16 0 0 0 1 0 0 0 1 0 0 0 1 s\80279s02.dat
1 16 0 0 0 .93969 -.34202 0 .34202 .93969 0 0 0 1 s\80279s02.dat
1 16 0 0 0 .76604 -.64279 0 .64279 .76604 0 0 0 1 s\80279s02.dat

3 16 93.53095 -53.99932 55 85.68842 -49.47369 55 91.08664 -58.02783 55
4 16 91.08664 -58.02783 55 85.68842 -49.47369 55 78.50484 -60.23916 55 88.46884 -61.94574 55
4 16 82.73282 -69.42036 55 85.68231 -65.74571 55 88.46884 -61.94574 55 78.50484 -60.23916 55
4 16 79.62609 -72.96322 55 82.73282 -69.42036 55 78.50484 -60.23916 55 69.96569 -69.96569 55
4 16 72.96384 -79.6253 55 76.36773 -76.36701 55 79.62609 -72.96322 55 69.96569 -69.96569 55
4 16 69.42112 -82.73245 55 72.96384 -79.6253 55 69.96569 -69.96569 55 60.23916 -78.50484 55
4 16 65.74637 -85.682 55 69.42112 -82.73245 55 60.23916 -78.50484 55 61.94643 -88.46826 55
4 16 58.02828 -91.086 55 61.94643 -88.46826 55 60.23916 -78.50484 55 49.47369 -85.68842 55
4 16 53.99985 -93.53025 55 58.02828 -91.086 55 49.47369 -85.68842 55 49.86876 -95.79686 55
4 16 45.64272 -97.88093 55 49.86876 -95.79686 55 49.47369 -85.68842 55 37.86716 -91.41748 55
4 16 41.32971 -99.77851 55 45.64272 -97.88093 55 37.86716 -91.41748 55 36.93816 -101.48652 55
4 16 36.93816 -101.48652 55 37.86716 -91.41748 55 25.60758 -95.57326 55 32.47642 -103.00161 55
4 16 23.37548 -105.43997 55 27.95267 -104.32022 55 32.47642 -103.00161 55 25.60758 -95.57326 55
4 16 23.37548 -105.43997 55 25.60758 -95.57326 55 12.91263 -98.09642 55 18.754 -106.35924 55
4 16 14.0968 -107.076 55 18.754 -106.35924 55 12.91263 -98.09642 55 9.41282 -107.58903 55
4 16 4.71089 -107.89721 55 9.41282 -107.58903 55 12.91263 -98.09642 55 0 -98.9474 55
3 16 0 -108 55 4.71089 -107.89721 55 0 -98.9474 55

3 16 95.26 -55 10 93.53113 -53.99947 10 91.08669 -58.02784 10
4 16 95.26 -55 10 91.08669 -58.02784 10 88.46886 -61.94576 10 87.274 -66.968 10
3 16 88.46886 -61.94576 10 85.68262 -65.74576 10 87.274 -66.968 10
3 16 87.274 -66.968 10 85.68262 -65.74576 10 82.73297 -69.42055 10
4 16 87.274 -66.968 10 82.73297 -69.42055 10 79.62615 -72.96324 10 77.781 -77.781 10
3 16 79.62615 -72.96324 10 76.36775 -76.36703 10 77.781 -77.781 10
3 16 77.781 -77.781 10 76.36775 -76.36703 10 72.96398 -79.62547 10
4 16 77.781 -77.781 10 72.96398 -79.62547 10 69.42124 -82.73265 10 66.968 -87.274 10
3 16 69.42124 -82.73265 10 65.74642 -85.68202 10 66.968 -87.274 10
3 16 66.968 -87.274 10 65.74642 -85.68202 10 61.94645 -88.46829 10
4 16 66.968 -87.274 10 61.94645 -88.46829 10 58.02855 -91.08616 10 55 -95.26 10
3 16 58.02855 -91.08616 10 53.99993 -93.53047 10 55 -95.26 10
3 16 55 -95.26 10 53.99993 -93.53047 10 49.8688 -95.7969 10
4 16 55 -95.26 10 49.8688 -95.7969 10 45.64273 -97.88096 10 42.097 -101.629 10
3 16 45.64273 -97.88096 10 41.32978 -99.77871 10 42.097 -101.629 10
3 16 42.097 -101.629 10 41.32978 -99.77871 10 36.93816 -101.48652 10
4 16 42.097 -101.629 10 36.93816 -101.48652 10 32.47646 -103.00165 10 28.468 -106.249 10
3 16 27.95267 -104.32022 10 28.468 -106.249 10 32.47646 -103.00165 10
3 16 28.468 -106.249 10 27.95267 -104.32022 10 23.37568 -105.44021 10
4 16 28.468 -106.249 10 23.37568 -105.44021 10 18.754 -106.35924 10 14.355 -109.054 10
3 16 14.09683 -107.07605 10 14.355 -109.054 10 18.754 -106.35924 10
3 16 14.355 -109.054 10 14.09683 -107.07605 10 9.41282 -107.58903 10
4 16 14.355 -109.054 10 9.41282 -107.58903 10 4.71089 -107.89721 10 0 -110 10
3 16 0 -110 10 4.71089 -107.89721 10 0 -108 10
