0 ~Glass for Plane Front  6 x 10 x  4 - without Front Surface
0 Name: s\87612s01.dat
0 Author: Magnus Forsberg [MagFors]
0 !LDRAW_ORG Subpart UPDATE 2023-06
0 !LICENSE Licensed under CC BY 4.0 : see CAreadme.txt

0 BFC CERTIFY CCW

0 !HISTORY 2023-11-19 [OrionP] Official Update 2023-06


1 16 0 0 0 1 0 0 0 1 0 0 0 1 s\87612s02.dat
1 16 0 0 0 -1 0 0 0 1 0 0 0 1 s\87612s02.dat
1 16 0 53.5 -96.138 8.25 0 0 0 7.5 0 0 0 2.341 box5-4a.dat
3 16 8.25 53.5 -93.797 -8.25 53.5 -93.797 0 48.258 -93.797
3 16 8.25 53.5 -98.479 0 48.25 -98.641 -8.25 53.5 -98.479
5 24 0 48.258 -93.797 0 35.676 -83.478 9.306 48.499 -93.797 -9.307 48.499 -93.797
5 24 0 35.676 -83.478 0 22.482 -72.285 17.566 35.596 -82.618 -17.567 35.596 -82.618
5 24 0 22.482 -77.634 0 24.25 -79.075 17.111 22.482 -76.611 -17.112 22.482 -76.611
5 24 0 24.25 -82.624 0 48.25 -101.874 16.927 24.25 -82.074 -16.927 24.25 -82.074
5 24 8.25 53.5 -98.479 -8.25 53.5 -98.479 -8.25 61 -98.479 0 48.25 -98.641
