0 ~Animal Owl with Angular Feathers with Yellow Eyes and Tan Chest Feathers Pattern - Half Face and Belly
0 Name: s\92084p01s01.dat
0 Author: Takeshi Takahashi [RainbowDolphin]
0 !LDRAW_ORG Subpart UPDATE 2022-03
0 !LICENSE Licensed under CC BY 4.0 : see CAreadme.txt

0 BFC CERTIFY CCW

0 !HISTORY 2022-05-07 [PTadmin] Official Update 2022-03


3 0 5.833 -54.74 -14.378 5.644 -55.6611 -14.0527 5.2 -54.9 -14.5749
3 0 5.2 -54.9 -14.5749 4.5984 -53.9642 -15.2406 5.833 -54.74 -14.378
4 16 5.2 -54.9 -14.5749 5.644 -55.6611 -14.0527 5.496 -56.382 -13.798 4.014 -53.597 -15.649
3 16 5.2 -54.9 -14.5749 4.014 -53.597 -15.649 4.5984 -53.9642 -15.2406
3 0 3.5004 -52.8146 -15.9272 2.9 -52.3 -16.1804 2.1 -51.4 -16.5563
3 0 3.5004 -52.8146 -15.9272 2.1 -51.4 -16.5563 2.2169 -50.8596 -16.6225
3 0 2.2169 -50.8596 -16.6225 2.1 -51.4 -16.5563 1.8 -50.8 -16.7446
4 16 2.9 -52.3 -16.1804 3.5004 -52.8146 -15.9272 4.014 -53.597 -15.649 0 -54.345 -16.587
3 16 0 -54.345 -16.587 2.1 -51.4 -16.5563 2.9 -52.3 -16.1804
3 16 0 -54.345 -16.587 1.8 -50.8 -16.7446 2.1 -51.4 -16.5563
3 16 0 -54.345 -16.587 1.627 -49.961 -16.942 1.8 -50.8 -16.7446
3 16 2.2169 -50.8596 -16.6225 1.8 -50.8 -16.7446 1.627 -49.961 -16.942
4 0 5.833 -54.74 -14.378 6.6 -54.9 -13.3929 7.7 -55.7 -11.7011 7.776 -56.794 -11.076
3 0 6.6 -54.9 -13.3929 5.833 -54.74 -14.378 6.7528 -54.4416 -13.4366
4 16 6.6 -54.9 -13.3929 6.7528 -54.4416 -13.4366 8.296 -53.941 -11.857 7.7 -55.7 -11.7011
3 16 7.776 -56.794 -11.076 7.7 -55.7 -11.7011 8.296 -53.941 -11.857
3 0 7.776 -56.794 -11.076 5.993 -56.4718 -13.2047 5.9 -56.1 -13.5205
3 0 5.9 -56.1 -13.5205 5.833 -54.74 -14.378 7.776 -56.794 -11.076
3 0 5.833 -54.74 -14.378 5.9 -56.1 -13.5205 5.644 -55.6611 -14.0527
4 16 5.9 -56.1 -13.5205 5.993 -56.4718 -13.2047 5.496 -56.382 -13.798 5.644 -55.6611 -14.0527
3 16 5.997 -58.345 -10.461 4.281 -57.986 -12.618 5.6906 -57.1444 -12.5019
3 16 4.281 -57.986 -12.618 5.496 -56.382 -13.798 5.6906 -57.1444 -12.5019
3 0 6.9737 -57.4934 -10.7987 7.8 -57.3 -9.1993 7.4 -57.6 -9.2354
3 0 6.9737 -57.4934 -10.7987 7.776 -56.794 -11.076 7.8 -57.3 -9.1993
3 16 5.997 -58.345 -10.461 7.4 -57.6 -9.2354 8.165 -57.598 -7.121
3 16 5.997 -58.345 -10.461 6.9737 -57.4934 -10.7987 7.4 -57.6 -9.2354
3 16 8.165 -57.598 -7.121 7.8 -57.3 -9.1993 7.776 -56.794 -11.076
3 16 7.4 -57.6 -9.2354 7.8 -57.3 -9.1993 8.165 -57.598 -7.121
3 19 .8 -39.6 -13.3644 .1547 -38.874 -13.4635 .0296 -35.863 -13.5755
3 19 3.941 -35.464 -13.13 .9858 -39.6232 -13.3418 .8 -39.6 -13.3644
3 19 3.941 -35.464 -13.13 .4 -35.4 -13.5471 .4098 -35.1836 -13.5529
3 16 .23 -40.687 -13.396 .1547 -38.874 -13.4635 .8 -39.6 -13.3644
3 16 .23 -40.687 -13.396 .8 -39.6 -13.3644 .9858 -39.6232 -13.3418
3 16 .4 -35.4 -13.5471 0 -35.151 -13.602 .4098 -35.1836 -13.5529
4 19 0 -38.7 -13.4712 0 -35.8999 -13.5744 .0296 -35.863 -13.5755 .1547 -38.874 -13.4635
4 16 .23 -40.687 -13.396 0 -40.688 -13.398 0 -38.7 -13.4712 .1547 -38.874 -13.4635
3 19 1.6 -39.7 -13.2425 .9858 -39.6232 -13.3418 3.941 -35.464 -13.13
4 19 2.2 -40.3 -13.1145 1.6 -39.7 -13.2425 3.941 -35.464 -13.13 3.139 -40.6415 -12.9495
4 16 .6628 -40.8022 -13.3224 .9858 -39.6232 -13.3418 1.6 -39.7 -13.2425 .9033 -40.8663 -13.2815
3 16 .6628 -40.8022 -13.3224 .23 -40.687 -13.396 .9858 -39.6232 -13.3418
4 16 .9033 -40.8663 -13.2815 1.6 -39.7 -13.2425 2.2 -40.3 -13.1145 1.2297 -40.9532 -13.226
4 16 3.017 -41.429 -12.922 1.2297 -40.9532 -13.226 2.2 -40.3 -13.1145 3.139 -40.6415 -12.9495
3 19 0 -29.514 -13.044 .5 -33.2 -13.3451 0 -32.6 -13.3495
3 19 3.941 -35.464 -13.13 .5 -33.2 -13.3451 0 -29.514 -13.044
3 19 3.941 -35.464 -13.13 .4098 -35.1836 -13.5529 .5 -33.2 -13.3451
4 16 0 -35.151 -13.602 0 -32.6 -13.3495 .5 -33.2 -13.3451 .4098 -35.1836 -13.5529
4 19 0 -29.514 -13.044 2.2 -26.2 -12.0796 2.3 -27.6 -12.3629 2.3871 -29.4281 -12.738
3 19 2.6825 -29.4175 -12.7001 3.1 -29 -12.5617 4.197 -29.363 -12.506
3 19 4.197 -29.363 -12.506 3.1 -29 -12.5617 3.5 -28.1 -12.3236
3 19 4.197 -29.363 -12.506 3.5 -28.1 -12.3236 4.011 -23.317 -11.253
3 19 4.011 -23.317 -11.253 3.5 -28.1 -12.3236 3.2 -27 -12.1278
3 19 4.011 -23.317 -11.253 3.2 -27 -12.1278 2.7 -26.3 -12.0404
4 19 4.011 -23.317 -11.253 2.7 -26.3 -12.0404 2.2 -26.2 -12.0796 .5 -23.3 -11.6416
4 16 2.3 -27.6 -12.3629 2.2 -26.2 -12.0796 2.7 -26.3 -12.0404 3.2 -27 -12.1278
4 16 2.3 -27.6 -12.3629 3.2 -27 -12.1278 3.5 -28.1 -12.3236 3.1 -29 -12.5617
4 16 2.3871 -29.4281 -12.738 2.3 -27.6 -12.3629 3.1 -29 -12.5617 2.6825 -29.4175 -12.7001
4 19 0 -17.319 -9.989 2.026 -17.3309 -9.7665 2 -17.5 -9.8191 0 -20.5 -10.9239
4 19 .3 -20.9 -11.008 0 -20.5 -10.9239 2 -17.5 -9.8191 2.2 -18.8 -10.1789
3 19 .6109 -21.755 -11.2246 .3 -20.9 -11.008 2.2 -18.8 -10.1789
3 19 .6109 -21.755 -11.2246 2.2 -18.8 -10.1789 2.4006 -19.1009 -10.245
3 19 2.9978 -18.2152 -9.9181 3.1 -17.5 -9.6965 3.588 -17.34 -9.595
3 19 3.1 -17.5 -9.6965 3.0728 -17.337 -9.6516 3.588 -17.34 -9.595
4 16 3.0728 -17.337 -9.6516 3.1 -17.5 -9.6965 2 -17.5 -9.8191 2.026 -17.3309 -9.7665
4 16 2.2 -18.8 -10.1789 2 -17.5 -9.8191 3.1 -17.5 -9.6965 2.9978 -18.2152 -9.9181
3 16 2.4006 -19.1009 -10.245 2.2 -18.8 -10.1789 2.9978 -18.2152 -9.9181
4 16 0 -22.661 -11.559 0 -20.5 -10.9239 .3 -20.9 -11.008 .6109 -21.755 -11.2246
4 19 2.3326 -12.0558 -8.0957 3.588 -17.34 -9.595 2.9 -16.3 -9.3491 2.2 -12.1 -8.1242
4 19 2.2 -12.1 -8.1242 2.9 -16.3 -9.3491 2.5 -15.8 -9.2387 1.9787 -12.3845 -8.2372
4 19 0 -17.319 -9.989 1.9787 -12.3845 -8.2372 2.5 -15.8 -9.2387 2.2 -16.2 -9.3963
3 19 0 -17.319 -9.989 2.2 -16.2 -9.3963 2.026 -17.3309 -9.7665
3 19 3.588 -17.34 -9.595 3.0728 -17.337 -9.6516 2.9 -16.3 -9.3491
3 16 2.2 -12.1 -8.1242 2.25 -11.708 -7.997 2.3326 -12.0558 -8.0957
3 16 1.9787 -12.3845 -8.2372 2.25 -11.708 -7.997 2.2 -12.1 -8.1242
4 16 2.2 -16.2 -9.3963 2.5 -15.8 -9.2387 2.9 -16.3 -9.3491 2.026 -17.3309 -9.7665
3 16 3.0728 -17.337 -9.6516 2.026 -17.3309 -9.7665 2.9 -16.3 -9.3491
3 19 0 -17.319 -9.989 1.5 -13 -8.4728 1.9787 -12.3845 -8.2372
3 19 1.5 -13 -8.4728 0 -17.319 -9.989 .7 -13.3 -8.6296
3 19 0 -17.319 -9.989 0 -13.7 -8.8115 .7 -13.3 -8.6296
4 16 2.25 -11.708 -7.997 1.9787 -12.3845 -8.2372 1.5 -13 -8.4728 0 -11.796 -8.192
3 16 .7 -13.3 -8.6296 0 -11.796 -8.192 1.5 -13 -8.4728
3 16 0 -13.7 -8.8115 0 -11.796 -8.192 .7 -13.3 -8.6296
3 19 8.5809 -17.0023 -6.0082 6.785 -16.746 -8.051 8.3 -16.3 -6.0661
3 19 8.3 -16.3 -6.0661 6.785 -16.746 -8.051 8.3 -15.2 -5.6316
4 19 7.7 -13.7 -5.7553 8.3 -15.2 -5.6316 6.785 -16.746 -8.051 7.1213 -12.6148 -6.0176
4 16 9.069 -17.072 -5.453 8.5809 -17.0023 -6.0082 8.3 -16.3 -6.0661 8.3 -15.2 -5.6316
4 16 7.25 -11.033 -5.239 9.069 -17.072 -5.453 8.3 -15.2 -5.6316 7.7 -13.7 -5.7553
3 16 7.7 -13.7 -5.7553 7.1213 -12.6148 -6.0176 7.25 -11.033 -5.239
4 19 6.9 -12.2 -6.0421 7.1213 -12.6148 -6.0176 6.785 -16.746 -8.051 6.1 -11.7 -6.5497
3 19 6.785 -16.746 -8.051 5.8308 -11.6551 -6.7723 6.1 -11.7 -6.5497
3 16 7.1213 -12.6148 -6.0176 6.9 -12.2 -6.0421 7.25 -11.033 -5.239
4 16 7.25 -11.033 -5.239 6.9 -12.2 -6.0421 6.1 -11.7 -6.5497 5.75 -11.224 -6.664
3 16 6.1 -11.7 -6.5497 5.8308 -11.6551 -6.7723 5.75 -11.224 -6.664
4 19 9.3 -21.9 -7.1685 9.3993 -22.7438 -7.3985 7.656 -23.007 -9.572 9 -21 -7.1531
4 19 8.6659 -18.7654 -6.6282 9 -19.3 -6.4527 9 -21 -7.1531 7.656 -23.007 -9.572
3 16 9.3993 -22.7438 -7.3985 9.3 -21.9 -7.1685 10.14 -22.632 -6.475
4 16 10.14 -22.632 -6.475 9.3 -21.9 -7.1685 9 -21 -7.1531 9 -19.3 -6.4527
3 16 10.14 -22.632 -6.475 9 -19.3 -6.4527 9.069 -17.072 -5.453
3 16 9 -19.3 -6.4527 8.6659 -18.7654 -6.6282 9.069 -17.072 -5.453
4 19 9.5 -23.6 -7.5795 9.4086 -24.3311 -7.9459 7.656 -23.007 -9.572 9.3993 -22.7438 -7.3985
4 16 10.511 -25.164 -6.923 9.4086 -24.3311 -7.9459 9.5 -23.6 -7.5795 10.14 -22.632 -6.475
3 16 9.5 -23.6 -7.5795 9.3993 -22.7438 -7.3985 10.14 -22.632 -6.475
3 19 10.1893 -28.3876 -8.0993 7.656 -23.007 -9.572 10 -25.8 -7.6559
3 19 7.656 -23.007 -9.572 9.4 -24.4 -7.9729 10 -25.8 -7.6559
3 19 9.4 -24.4 -7.9729 7.656 -23.007 -9.572 9.4086 -24.3311 -7.9459
4 16 10.511 -25.164 -6.923 10.852 -29.795 -7.714 10.7 -29.5 -7.8094 10 -25.8 -7.6559
3 16 10.7 -29.5 -7.8094 10.1893 -28.3876 -8.0993 10 -25.8 -7.6559
4 16 10.511 -25.164 -6.923 10 -25.8 -7.6559 9.4 -24.4 -7.9729 9.4086 -24.3311 -7.9459
3 19 8.2738 -36.0638 -10.7604 8.2 -35.4 -10.8211 9.5 -35.3 -9.4146
4 19 9.6978 -36.3746 -9.2317 8.2738 -36.0638 -10.7604 9.5 -35.3 -9.4146 9.972 -35.9829 -8.9244
3 19 9.972 -35.9829 -8.9244 9.5 -35.3 -9.4146 9.7906 -35.3581 -9.1025
4 19 9.5 -35.3 -9.4146 8.2 -35.4 -10.8211 8 -34.3 -11.0057 9.6946 -35.0276 -9.1967
3 19 9.6946 -35.0276 -9.1967 8 -34.3 -11.0057 8.061 -29.402 -10.8
3 19 8.061 -29.402 -10.8 8 -34.3 -11.0057 7.6593 -34.3 -11.3735
3 16 10.112 -36.465 -8.787 9.6978 -36.3746 -9.2317 9.972 -35.9829 -8.9244
3 16 9.7906 -35.3581 -9.1025 9.5 -35.3 -9.4146 9.6946 -35.0276 -9.1967
4 16 7.528 -35.901 -11.561 7.6593 -34.3 -11.3735 8 -34.3 -11.0057 8.2 -35.4 -10.8211
3 16 8.2738 -36.0638 -10.7604 7.528 -35.901 -11.561 8.2 -35.4 -10.8211
4 19 5.157 -40.4738 -12.0285 3.941 -35.464 -13.13 4.3 -36.3 -12.8801 5.6 -40.4 -11.8497
4 19 6 -39.8 -11.7507 5.6 -40.4 -11.8497 4.3 -36.3 -12.8801 4.6 -36 -12.7884
4 19 6 -39.8 -11.7507 4.6 -36 -12.7884 7.1 -36.8 -11.6368 6.2447 -39.9468 -11.63
3 19 6.2447 -39.9468 -11.63 7.1 -36.8 -11.6368 7.1934 -36.9557 -11.579
3 19 7.0261 -35.8399 -11.7805 7.1 -36.8 -11.6368 4.6 -36 -12.7884
3 19 4.6 -36 -12.7884 4.6835 -35.5545 -12.8052 7.0261 -35.8399 -11.7805
3 16 5.556 -42.118 -11.667 5.157 -40.4738 -12.0285 5.6 -40.4 -11.8497
4 16 5.556 -42.118 -11.667 5.6 -40.4 -11.8497 6 -39.8 -11.7507 6.2447 -39.9468 -11.63
4 16 3.941 -35.464 -13.13 4.6835 -35.5545 -12.8052 4.6 -36 -12.7884 4.3 -36.3 -12.8801
4 16 7.528 -35.901 -11.561 7.1934 -36.9557 -11.579 7.1 -36.8 -11.6368 7.0261 -35.8399 -11.7805
4 19 3.3 -40.7 -12.8683 3.139 -40.6415 -12.9495 3.941 -35.464 -13.13 3.8 -39.6 -12.7533
3 19 3.3 -40.7 -12.8683 3.8 -39.6 -12.7533 3.8 -40.4 -12.6677
4 19 4.3 -40.3 -12.4458 3.8 -39.6 -12.7533 3.941 -35.464 -13.13 5 -40.5 -12.0987
3 19 5 -40.5 -12.0987 3.941 -35.464 -13.13 5.157 -40.4738 -12.0285
4 16 3.017 -41.429 -12.922 3.139 -40.6415 -12.9495 3.3 -40.7 -12.8683 5.556 -42.118 -11.667
4 16 5.556 -42.118 -11.667 3.3 -40.7 -12.8683 3.8 -40.4 -12.6677 4.3 -40.3 -12.4458
3 16 3.8 -40.4 -12.6677 3.8 -39.6 -12.7533 4.3 -40.3 -12.4458
3 16 5.556 -42.118 -11.667 4.3 -40.3 -12.4458 5 -40.5 -12.0987
3 16 5.556 -42.118 -11.667 5 -40.5 -12.0987 5.157 -40.4738 -12.0285
3 19 7.0261 -35.8399 -11.7805 4.6835 -35.5545 -12.8052 7 -35.5 -11.7638
3 19 4.6835 -35.5545 -12.8052 4.9 -34.4 -12.6119 7 -35.5 -11.7638
3 19 7.1456 -35.1505 -11.6695 7 -35.5 -11.7638 4.9 -34.4 -12.6119
3 19 7.1456 -35.1505 -11.6695 4.9 -34.4 -12.6119 4.9 -33.4 -12.5284
3 19 4.9 -33.4 -12.5284 4.197 -29.363 -12.506 7.1456 -35.1505 -11.6695
3 19 4.197 -29.363 -12.506 4.9 -33.4 -12.5284 4.2 -32.8 -12.7916
3 19 4.0408 -33.0866 -12.8869 4.197 -29.363 -12.506 4.2 -32.8 -12.7916
4 16 4.0408 -33.0866 -12.8869 4.2 -32.8 -12.7916 4.9 -33.4 -12.5284 4.0184 -33.6204 -12.9414
4 16 4.0184 -33.6204 -12.9414 4.9 -33.4 -12.5284 4.9 -34.4 -12.6119 4.0075 -33.8794 -12.9679
4 16 3.941 -35.464 -13.13 4.0075 -33.8794 -12.9679 4.9 -34.4 -12.6119 4.6835 -35.5545 -12.8052
4 16 7 -35.5 -11.7638 7.1456 -35.1505 -11.6695 7.528 -35.901 -11.561 7.0261 -35.8399 -11.7805
3 19 8.061 -29.402 -10.8 7.6961 -29.3983 -10.9611 7.735 -28.9122 -10.8365
3 19 4.197 -29.363 -12.506 7.2 -28.4 -10.9607 7.0898 -29.3922 -11.2288
3 19 7.3456 -28.3272 -10.88 7.2 -28.4 -10.9607 4.011 -23.317 -11.253
3 19 7.2 -28.4 -10.9607 4.197 -29.363 -12.506 4.011 -23.317 -11.253
4 16 7.0898 -29.3922 -11.2288 7.2 -28.4 -10.9607 7.3456 -28.3272 -10.88 7.735 -28.9122 -10.8365
3 16 7.735 -28.9122 -10.8365 7.6961 -29.3983 -10.9611 7.0898 -29.3922 -11.2288
3 19 4.011 -23.317 -11.253 3.588 -17.34 -9.595 6.785 -16.746 -8.051
4 19 3.4 -11.7 -7.7238 3.9509 -11.6265 -7.5692 3.588 -17.34 -9.595 2.3326 -12.0558 -8.0957
4 16 3.968 -11.358 -7.474 3.9509 -11.6265 -7.5692 3.4 -11.7 -7.7238 2.25 -11.708 -7.997
3 16 2.3326 -12.0558 -8.0957 2.25 -11.708 -7.997 3.4 -11.7 -7.7238
3 19 4.9 -11.5 -7.1207 5.8308 -11.6551 -6.7723 6.785 -16.746 -8.051
3 19 6.785 -16.746 -8.051 4.0981 -11.6069 -7.5007 4.9 -11.5 -7.1207
3 16 5.8308 -11.6551 -6.7723 4.9 -11.5 -7.1207 5.75 -11.224 -6.664
4 16 3.968 -11.358 -7.474 5.75 -11.224 -6.664 4.9 -11.5 -7.1207 4.0981 -11.6069 -7.5007
3 19 7.4411 -39.8493 -10.6072 7.4994 -37.2006 -11.2471 7.6 -38.9 -10.6964
3 19 7.4411 -39.8493 -10.6072 7.6 -38.9 -10.6964 8 -39.5 -10.1316
3 19 8 -39.5 -10.1316 7.6 -38.9 -10.6964 8.2 -39.2 -10.0076
3 19 7.4994 -37.2006 -11.2471 7.8 -36.9 -11.021 7.6 -38.9 -10.6964
4 19 8.1 -38.6 -10.2676 7.6 -38.9 -10.6964 7.8 -36.9 -11.021 8.3 -36.3 -10.6714
4 19 9.3 -37.7 -9.286 8.1 -38.6 -10.2676 8.3 -36.3 -10.6714 9.4 -36.8 -9.4219
3 19 8.2738 -36.0638 -10.7604 9.4 -36.8 -9.4219 8.3 -36.3 -10.6714
3 19 9.4 -36.8 -9.4219 8.2738 -36.0638 -10.7604 9.6978 -36.3746 -9.2317
3 16 7.393 -42.036 -10.079 7.4411 -39.8493 -10.6072 8 -39.5 -10.1316
4 16 7.393 -42.036 -10.079 8 -39.5 -10.1316 8.2 -39.2 -10.0076 9.3 -37.7 -9.286
3 16 8.2 -39.2 -10.0076 8.1 -38.6 -10.2676 9.3 -37.7 -9.286
3 16 8.2 -39.2 -10.0076 7.6 -38.9 -10.6964 8.1 -38.6 -10.2676
3 16 7.393 -42.036 -10.079 9.3 -37.7 -9.286 10.112 -36.465 -8.787
4 16 10.112 -36.465 -8.787 9.3 -37.7 -9.286 9.4 -36.8 -9.4219 9.6978 -36.3746 -9.2317
4 16 7.528 -35.901 -11.561 8.2738 -36.0638 -10.7604 8.3 -36.3 -10.6714 7.8 -36.9 -11.021
3 16 7.4994 -37.2006 -11.2471 7.528 -35.901 -11.561 7.8 -36.9 -11.021
3 19 6.5 -40.1 -11.3664 6.2447 -39.9468 -11.63 7.1934 -36.9557 -11.579
3 19 7.1934 -36.9557 -11.579 7.2 -40 -10.7792 6.5 -40.1 -11.3664
3 19 7.1934 -36.9557 -11.579 7.4 -37.3 -11.3082 7.2 -40 -10.7792
4 19 7.4411 -39.8493 -10.6072 7.2 -40 -10.7792 7.4 -37.3 -11.3082 7.4994 -37.2006 -11.2471
4 16 5.556 -42.118 -11.667 6.2447 -39.9468 -11.63 6.5 -40.1 -11.3664 7.393 -42.036 -10.079
3 16 7.393 -42.036 -10.079 6.5 -40.1 -11.3664 7.2 -40 -10.7792
3 16 7.393 -42.036 -10.079 7.2 -40 -10.7792 7.4411 -39.8493 -10.6072
4 16 7.528 -35.901 -11.561 7.4994 -37.2006 -11.2471 7.4 -37.3 -11.3082 7.1934 -36.9557 -11.579
4 0 8.7985 -48.5044 -9.7347 9.8 -47.1 -9.243 9.6 -50.1 -9.8975 9.3818 -51.0455 -10.1355
3 0 8.7985 -48.5044 -9.7347 9 -47.9 -9.57 9.8 -47.1 -9.243
4 0 9.6854 -46.9089 -9.2274 9.8 -47.1 -9.243 9 -47.9 -9.57 9.0849 -46.8815 -9.3443
4 19 9 -47.9 -9.57 8.7985 -48.5044 -9.7347 8.419 -46.851 -9.474 9.0849 -46.8815 -9.3443
3 16 9.8 -47.1 -9.243 9.6854 -46.9089 -9.2274 9.949 -46.921 -9.176
4 16 9.6 -50.1 -9.8975 9.8 -47.1 -9.243 9.949 -46.921 -9.176 9.566 -51.848 -10.262
3 16 9.566 -51.848 -10.262 9.3818 -51.0455 -10.1355 9.6 -50.1 -9.8975
4 0 9.3 -51.4 -10.239 9.1371 -51.8072 -10.3779 8.064 -51.705 -10.668 8.6 -51.3 -10.4207
3 0 9.3818 -51.0455 -10.1355 9.3 -51.4 -10.239 8.6 -51.3 -10.4207
3 0 9.3818 -51.0455 -10.1355 8.6 -51.3 -10.4207 8.3 -50.6 -10.3509
3 0 9.3818 -51.0455 -10.1355 8.3 -50.6 -10.3509 8.8 -49.7 -10.0029
3 0 9.3818 -51.0455 -10.1355 8.8 -49.7 -10.0029 8.7985 -48.5044 -9.7347
3 0 8.7985 -48.5044 -9.7347 8.8 -49.7 -10.0029 8.7 -48.8 -9.8299
3 19 8.064 -51.705 -10.668 8.3 -50.6 -10.3509 8.6 -51.3 -10.4207
3 19 8.064 -51.705 -10.668 8.419 -46.851 -9.474 8.3 -50.6 -10.3509
3 19 8.419 -46.851 -9.474 8.8 -49.7 -10.0029 8.3 -50.6 -10.3509
3 19 8.419 -46.851 -9.474 8.7 -48.8 -9.8299 8.8 -49.7 -10.0029
3 19 8.7 -48.8 -9.8299 8.419 -46.851 -9.474 8.7985 -48.5044 -9.7347
3 16 9.566 -51.848 -10.262 9.3 -51.4 -10.239 9.3818 -51.0455 -10.1355
3 16 9.566 -51.848 -10.262 9.1371 -51.8072 -10.3779 9.3 -51.4 -10.239
3 0 8.3 -52.6 -11.0975 8.6 -52.9 -11.1699 8.2196 -53.2044 -11.4653
3 0 8.3 -52.6 -11.0975 8.2196 -53.2044 -11.4653 8.064 -51.705 -10.668
3 0 8.064 -51.705 -10.668 9.1 -51.9 -10.4425 8.3 -52.6 -11.0975
3 0 9.1 -51.9 -10.4425 8.064 -51.705 -10.668 9.1371 -51.8072 -10.3779
3 16 9.1 -51.9 -10.4425 9.1371 -51.8072 -10.3779 9.566 -51.848 -10.262
4 16 9.1 -51.9 -10.4425 9.566 -51.848 -10.262 8.6 -52.9 -11.1699 8.3 -52.6 -11.0975
3 16 8.296 -53.941 -11.857 8.6 -52.9 -11.1699 9.566 -51.848 -10.262
3 16 8.296 -53.941 -11.857 8.2196 -53.2044 -11.4653 8.6 -52.9 -11.1699
3 14 5.4166 -51.7717 -12.6116 5.349 -51.29 -12.325 5.6629 -51.5724 -12.2752
4 0 5.833 -54.74 -14.378 5.7095 -53.8593 -13.8539 6.5 -53.5 -12.9721 6.9 -54 -13.0076
3 0 5.833 -54.74 -14.378 6.9 -54 -13.0076 6.7528 -54.4416 -13.4366
3 0 7.7866 -53.4828 -11.9379 6.9 -54 -13.0076 6.5 -53.5 -12.9721
3 0 6.5 -53.5 -12.9721 7.1838 -52.9405 -12.0336 7.7866 -53.4828 -11.9379
3 19 7.1838 -52.9405 -12.0336 6.5 -53.5 -12.9721 6.3 -53 -12.7777
4 19 7.1838 -52.9405 -12.0336 6.3 -53 -12.7777 6.4 -52.4 -12.2744 6.4641 -52.2931 -12.1479
3 16 5.4166 -51.7717 -12.6116 6.4 -52.4 -12.2744 6.3 -53 -12.7777
4 16 5.7095 -53.8593 -13.8539 5.4166 -51.7717 -12.6116 6.3 -53 -12.7777 6.5 -53.5 -12.9721
3 16 6.4 -52.4 -12.2744 5.4166 -51.7717 -12.6116 5.6629 -51.5724 -12.2752
3 16 6.4 -52.4 -12.2744 5.6629 -51.5724 -12.2752 6.4641 -52.2931 -12.1479
4 16 6.9 -54 -13.0076 7.7866 -53.4828 -11.9379 8.296 -53.941 -11.857 6.7528 -54.4416 -13.4366
4 14 5.8435 -51.4264 -12.0599 5.6629 -51.5724 -12.2752 5.349 -51.29 -12.325 5.8744 -51.3703 -12.0043
4 0 7.1838 -52.9405 -12.0336 7.6 -52.6 -11.5353 8.1 -53.3 -11.6072 7.7866 -53.4828 -11.9379
3 0 8.2196 -53.2044 -11.4653 8.1 -53.3 -11.6072 7.6 -52.6 -11.5353
3 0 8.2196 -53.2044 -11.4653 7.6 -52.6 -11.5353 8.064 -51.705 -10.668
3 19 7.1838 -52.9405 -12.0336 6.4641 -52.2931 -12.1479 7.6 -52.6 -11.5353
3 19 6.4641 -52.2931 -12.1479 6.7 -51.9 -11.7445 7.6 -52.6 -11.5353
4 19 8.064 -51.705 -10.668 7.6 -52.6 -11.5353 6.7 -51.9 -11.7445 6.8679 -51.5222 -11.398
3 16 5.6629 -51.5724 -12.2752 5.8435 -51.4264 -12.0599 6.7 -51.9 -11.7445
3 16 6.4641 -52.2931 -12.1479 5.6629 -51.5724 -12.2752 6.7 -51.9 -11.7445
3 16 6.8679 -51.5222 -11.398 6.7 -51.9 -11.7445 5.8435 -51.4264 -12.0599
3 16 6.8679 -51.5222 -11.398 5.8435 -51.4264 -12.0599 5.8744 -51.3703 -12.0043
3 16 8.296 -53.941 -11.857 8.1 -53.3 -11.6072 8.2196 -53.2044 -11.4653
3 16 8.296 -53.941 -11.857 7.7866 -53.4828 -11.9379 8.1 -53.3 -11.6072
4 14 5.2271 -51.9249 -12.951 4.9418 -51.9936 -13.3388 5.349 -51.29 -12.325 5.4166 -51.7717 -12.6116
3 0 5.833 -54.74 -14.378 5.4 -54 -14.3249 5.7095 -53.8593 -13.8539
4 0 4.5984 -53.9642 -15.2406 4.3 -53.5 -15.2388 5.4 -54 -14.3249 5.833 -54.74 -14.378
4 0 4.8 -52.7 -14.0426 5.4 -54 -14.3249 4.3 -53.5 -15.2388 4.604 -52.5775 -14.18
3 0 4.3 -53.5 -15.2388 4.1463 -53.3683 -15.3195 4.604 -52.5775 -14.18
4 16 4.3 -53.5 -15.2388 4.5984 -53.9642 -15.2406 4.014 -53.597 -15.649 4.1463 -53.3683 -15.3195
4 16 4.9418 -51.9936 -13.3388 5.2271 -51.9249 -12.951 4.8 -52.7 -14.0426 4.604 -52.5775 -14.18
3 16 5.4166 -51.7717 -12.6116 4.8 -52.7 -14.0426 5.2271 -51.9249 -12.951
4 16 5.7095 -53.8593 -13.8539 5.4 -54 -14.3249 4.8 -52.7 -14.0426 5.4166 -51.7717 -12.6116
4 0 4.9592 -51.2858 -12.7966 4.5 -51.4 -13.44 4.0408 -51.2858 -13.9152 3.6515 -50.9607 -14.1501
4 0 5.0548 -51.206 -12.6215 4.9592 -51.2858 -12.7966 3.6515 -50.9607 -14.1501 3.5535 -50.7774 -14.1345
3 0 4.5 -51 -13.1695 5.0548 -51.206 -12.6215 4.2704 -50.9543 -13.4055
4 14 4.5 -51.4 -13.44 4.5 -52.1 -13.9552 3.7729 -51.9249 -14.7119 4.0408 -51.2858 -13.9152
4 14 3.6515 -50.9607 -14.1501 4.0408 -51.2858 -13.9152 3.7729 -51.9249 -14.7119 3.16 -50.665 -14.531
3 14 3.7729 -51.9249 -14.7119 3.4512 -51.6647 -14.9122 3.16 -50.665 -14.531
3 14 3.6515 -50.9607 -14.1501 3.16 -50.665 -14.531 3.5535 -50.7774 -14.1345
3 14 5.349 -51.29 -12.325 4.9592 -51.2858 -12.7966 5.0548 -51.206 -12.6215
4 14 4.5 -51.4 -13.44 4.9592 -51.2858 -12.7966 5.349 -51.29 -12.325 4.5 -52.1 -13.9552
3 14 4.5 -52.1 -13.9552 5.349 -51.29 -12.325 4.9418 -51.9936 -13.3388
3 0 4.1463 -53.3683 -15.3195 4 -52.2 -14.6378 4.604 -52.5775 -14.18
4 0 4.1463 -53.3683 -15.3195 3.8812 -53.141 -15.4751 3.5313 -51.9396 -15.017 4 -52.2 -14.6378
3 16 4.014 -53.597 -15.649 3.8812 -53.141 -15.4751 4.1463 -53.3683 -15.3195
4 16 3.5313 -51.9396 -15.017 3.4512 -51.6647 -14.9122 3.7729 -51.9249 -14.7119 4 -52.2 -14.6378
4 16 4 -52.2 -14.6378 3.7729 -51.9249 -14.7119 4.5 -52.1 -13.9552 4.604 -52.5775 -14.18
3 16 4.604 -52.5775 -14.18 4.5 -52.1 -13.9552 4.9418 -51.9936 -13.3388
4 14 3.16 -50.665 -14.531 3.4512 -51.6647 -14.9122 3.1565 -51.4264 -15.2758 2.7446 -50.6802 -15.3838
3 14 2.7446 -50.6802 -15.3838 2.708 -50.4574 -15.2418 3.16 -50.665 -14.531
3 0 3.5004 -52.8146 -15.9272 3.5313 -51.9396 -15.017 3.8812 -53.141 -15.4751
3 0 3.5313 -51.9396 -15.017 3.5004 -52.8146 -15.9272 3.1 -51.7 -15.655
3 0 3.5004 -52.8146 -15.9272 2.2169 -50.8596 -16.6225 3.1 -51.7 -15.655
3 0 2.2169 -50.8596 -16.6225 2.5 -50.9 -16.0904 3.1 -51.7 -15.655
3 16 4.014 -53.597 -15.649 3.5004 -52.8146 -15.9272 3.8812 -53.141 -15.4751
4 16 2.5 -50.9 -16.0904 2.2169 -50.8596 -16.6225 1.627 -49.961 -16.942 2.7446 -50.6802 -15.3838
4 16 2.5 -50.9 -16.0904 2.7446 -50.6802 -15.3838 3.1565 -51.4264 -15.2758 3.1 -51.7 -15.655
4 16 3.5313 -51.9396 -15.017 3.1 -51.7 -15.655 3.1565 -51.4264 -15.2758 3.4512 -51.6647 -14.9122
3 16 2.7446 -50.6802 -15.3838 1.627 -49.961 -16.942 2.708 -50.4574 -15.2418
3 14 3.16 -50.665 -14.531 2.708 -50.4574 -15.2418 2.61 -49.739 -15.2954
3 16 1.49 -47.853 -16.852 2.61 -49.739 -15.2954 1.627 -49.961 -16.942
3 16 2.708 -50.4574 -15.2418 1.627 -49.961 -16.942 2.61 -49.739 -15.2954
3 14 3.16 -50.665 -14.531 2.61 -49.739 -15.2954 2.7065 -49.1518 -14.9088
4 16 1.49 -47.853 -16.852 2.201 -47.465 -15.33 2.7065 -49.1518 -14.9088 2.61 -49.739 -15.2954
4 14 3.16 -50.665 -14.531 2.7065 -49.1518 -14.9088 2.7446 -48.9198 -14.8087 3.1565 -48.1737 -14.0617
3 14 3.16 -50.665 -14.531 3.1565 -48.1737 -14.0617 3.4598 -47.9284 -13.5696
4 16 2.201 -47.465 -15.33 3.532 -47.269 -13.338 3.1565 -48.1737 -14.0617 2.7446 -48.9198 -14.8087
3 16 2.7065 -49.1518 -14.9088 2.201 -47.465 -15.33 2.7446 -48.9198 -14.8087
3 16 3.1565 -48.1737 -14.0617 3.532 -47.269 -13.338 3.4598 -47.9284 -13.5696
4 0 9.6854 -46.9089 -9.2274 9.0849 -46.8815 -9.3443 9.1 -46.7 -9.3555 9.5 -46.6 -9.2867
4 0 9.5 -46.6 -9.2867 9.1 -46.7 -9.3555 8.5534 -46.3039 -9.4907 9.5 -45.9 -9.341
3 0 9 -45.5 -9.4676 9.5 -45.9 -9.341 8.5534 -46.3039 -9.4907
3 0 8.5534 -46.3039 -9.4907 8.9352 -44.7496 -9.5382 9 -45.5 -9.4676
3 0 8.9352 -44.7496 -9.5382 9 -44.8 -9.5219 9 -45.5 -9.4676
4 19 9.1 -46.7 -9.3555 9.0849 -46.8815 -9.3443 8.419 -46.851 -9.474 8.5534 -46.3039 -9.4907
3 16 9 -44.8 -9.5219 8.9352 -44.7496 -9.5382 9.022 -44.396 -9.549
4 16 9 -44.8 -9.5219 9.022 -44.396 -9.549 9.5 -45.9 -9.341 9 -45.5 -9.4676
3 16 9.949 -46.921 -9.176 9.5 -45.9 -9.341 9.022 -44.396 -9.549
4 16 9.5 -46.6 -9.2867 9.5 -45.9 -9.341 9.949 -46.921 -9.176 9.6854 -46.9089 -9.2274
4 0 8.192 -45.0535 -9.9224 7.7 -44.5 -10.2728 8.1 -44.1 -10.1042 8.7538 -44.6085 -9.6697
4 0 7.3 -43.7 -10.6055 8.1 -44.1 -10.1042 7.7 -44.5 -10.2728 7 -43.9 -10.7457
3 19 7.2453 -45.8033 -10.3482 7.7 -44.5 -10.2728 8.192 -45.0535 -9.9224
3 19 7.2453 -45.8033 -10.3482 6.6 -45.4 -10.7637 7.7 -44.5 -10.2728
4 19 7 -43.9 -10.7457 7.7 -44.5 -10.2728 6.6 -45.4 -10.7637 6.5 -44.6 -10.929
3 19 6.5143 -43.6572 -11.05 7 -43.9 -10.7457 6.5 -44.6 -10.929
3 19 6.5 -44.6 -10.929 6.3132 -44.517 -11.0446 6.5143 -43.6572 -11.05
3 16 5.732 -47.002 -11.029 6.6 -45.4 -10.7637 7.2453 -45.8033 -10.3482
4 16 6.5 -44.6 -10.929 6.6 -45.4 -10.7637 5.732 -47.002 -11.029 6.3132 -44.517 -11.0446
4 16 7 -43.9 -10.7457 6.5143 -43.6572 -11.05 6.737 -42.705 -11.056 7.3 -43.7 -10.6055
4 16 8.1 -44.1 -10.1042 7.3 -43.7 -10.6055 6.737 -42.705 -11.056 9.022 -44.396 -9.549
3 16 8.7538 -44.6085 -9.6697 8.1 -44.1 -10.1042 9.022 -44.396 -9.549
3 0 8.5534 -46.3039 -9.4907 8.5 -45.4 -9.6804 8.9352 -44.7496 -9.5382
3 0 8.9352 -44.7496 -9.5382 8.5 -45.4 -9.6804 8.7538 -44.6085 -9.6697
3 0 8.5 -45.4 -9.6804 8.192 -45.0535 -9.9224 8.7538 -44.6085 -9.6697
4 19 8.5534 -46.3039 -9.4907 8.419 -46.851 -9.474 7.4 -45.9 -10.2403 8.5 -45.4 -9.6804
3 19 8.419 -46.851 -9.474 7 -46.4 -10.3881 7.4 -45.9 -10.2403
4 19 7.1992 -46.9196 -10.1799 7 -46.8 -10.3181 7 -46.4 -10.3881 8.419 -46.851 -9.474
4 19 8.192 -45.0535 -9.9224 8.5 -45.4 -9.6804 7.4 -45.9 -10.2403 7.2453 -45.8033 -10.3482
3 16 5.732 -47.002 -11.029 7 -46.8 -10.3181 7.1992 -46.9196 -10.1799
3 16 5.732 -47.002 -11.029 7 -46.4 -10.3881 7 -46.8 -10.3181
4 16 7.4 -45.9 -10.2403 7 -46.4 -10.3881 5.732 -47.002 -11.029 7.2453 -45.8033 -10.3482
3 16 8.9352 -44.7496 -9.5382 8.7538 -44.6085 -9.6697 9.022 -44.396 -9.549
3 19 8.064 -51.705 -10.668 7.2455 -50.0543 -10.7947 7.3 -49.7 -10.6913
3 19 8.064 -51.705 -10.668 7.3 -49.7 -10.6913 8.419 -46.851 -9.474
3 19 8.419 -46.851 -9.474 7.3 -49.7 -10.6913 7.3 -48.8 -10.5073
3 19 8.419 -46.851 -9.474 7.3 -48.8 -10.5073 7.5 -47.9 -10.2098
3 19 7.3 -48.8 -10.5073 7 -48.4 -10.5957 7.5 -47.9 -10.2098
3 19 8.419 -46.851 -9.474 7.5 -47.9 -10.2098 7.5 -47.1 -10.0462
3 19 7.5 -47.1 -10.0462 7.1992 -46.9196 -10.1799 8.419 -46.851 -9.474
4 16 5.732 -47.002 -11.029 7 -48.4 -10.5957 7.3 -49.7 -10.6913 7.2455 -50.0543 -10.7947
3 16 7.3 -49.7 -10.6913 7 -48.4 -10.5957 7.3 -48.8 -10.5073
3 16 7 -48.4 -10.5957 5.732 -47.002 -11.029 7.1992 -46.9196 -10.1799
3 16 7.1992 -46.9196 -10.1799 7.5 -47.9 -10.2098 7 -48.4 -10.5957
3 16 7.1992 -46.9196 -10.1799 7.5 -47.1 -10.0462 7.5 -47.9 -10.2098
3 0 5.3844 -50.8935 -12.2052 5.5365 -49.191 -11.6906 5.6087 -50.474 -11.9574
3 0 5.5365 -49.191 -11.6906 5.6087 -49.326 -11.6768 5.6087 -50.474 -11.9574
3 0 5.6087 -50.474 -11.9574 5.6087 -49.326 -11.6768 5.7 -49.9 -11.758
3 14 5.6419 -48.0106 -11.3338 5.8435 -48.1737 -11.2431 5.6087 -49.326 -11.6768
3 14 5.6087 -49.326 -11.6768 5.5365 -49.191 -11.6906 5.6419 -48.0106 -11.3338
4 14 5.6087 -49.326 -11.6768 5.8435 -48.1737 -11.2431 6.2554 -48.9198 -11.1587 6.4 -49.8 -11.2802
4 14 5.7 -49.9 -11.758 5.6087 -49.326 -11.6768 6.4 -49.8 -11.2802 6.2554 -50.6802 -11.5889
3 14 6.2554 -50.6802 -11.5889 5.6087 -50.474 -11.9574 5.7 -49.9 -11.758
4 14 5.6087 -50.474 -11.9574 6.2554 -50.6802 -11.5889 5.349 -51.29 -12.325 5.3844 -50.8935 -12.2052
3 14 5.8744 -51.3703 -12.0043 5.349 -51.29 -12.325 6.2554 -50.6802 -11.5889
3 19 8.064 -51.705 -10.668 6.8679 -51.5222 -11.398 7.1 -51 -11.1201
3 19 7.1 -51 -11.1201 7.2455 -50.0543 -10.7947 8.064 -51.705 -10.668
3 16 6.8679 -51.5222 -11.398 5.8744 -51.3703 -12.0043 6.2554 -50.6802 -11.5889
3 16 6.8679 -51.5222 -11.398 6.2554 -50.6802 -11.5889 7.1 -51 -11.1201
3 16 7.1 -51 -11.1201 6.2554 -50.6802 -11.5889 6.4 -49.8 -11.2802
4 16 7.1 -51 -11.1201 6.4 -49.8 -11.2802 6.2554 -48.9198 -11.1587 7.2455 -50.0543 -10.7947
3 16 7.2455 -50.0543 -10.7947 6.2554 -48.9198 -11.1587 5.732 -47.002 -11.029
3 16 5.732 -47.002 -11.029 6.2554 -48.9198 -11.1587 5.8435 -48.1737 -11.2431
3 16 5.8435 -48.1737 -11.2431 5.6419 -48.0106 -11.3338 5.732 -47.002 -11.029
3 19 5.732 -44.2587 -11.5772 5.6 -44.2 -11.7306 5.732 -44.101 -11.6087
4 16 5.6 -44.2 -11.7306 5.732 -44.2587 -11.5772 5.732 -47.002 -11.029 3.532 -47.269 -13.338
3 16 3.532 -47.269 -13.338 5.732 -42.638 -11.901 5.6 -44.2 -11.7306
3 16 5.6 -44.2 -11.7306 5.732 -42.638 -11.901 5.732 -44.101 -11.6087
4 19 6.3132 -44.517 -11.0446 5.732 -44.2587 -11.5772 5.732 -44.101 -11.6087 6.4 -43.6 -11.156
3 19 6.3132 -44.517 -11.0446 6.4 -43.6 -11.156 6.5143 -43.6572 -11.05
3 16 5.732 -47.002 -11.029 5.732 -44.2587 -11.5772 6.3132 -44.517 -11.0446
4 16 6.4 -43.6 -11.156 5.732 -44.101 -11.6087 5.732 -42.638 -11.901 6.737 -42.705 -11.056
3 16 6.5143 -43.6572 -11.05 6.4 -43.6 -11.156 6.737 -42.705 -11.056
4 15 4.9243 -49.9757 -12.4829 5.0543 -50.1704 -12.3907 5.1 -50.4 -12.3924 5.0515 -50.6317 -12.4908
3 15 4.7048 -49.8643 -12.6842 4.9243 -49.9757 -12.4829 5.0515 -50.6317 -12.4908
4 0 4.7048 -49.8643 -12.6842 4.5 -48.4 -12.5852 4.9592 -48.5142 -12.139 4.9243 -49.9757 -12.4829
4 0 4.9243 -49.9757 -12.4829 4.9592 -48.5142 -12.139 5.3485 -48.8393 -11.8089 5.0543 -50.1704 -12.3907
4 0 5.1 -50.4 -12.3924 5.0543 -50.1704 -12.3907 5.3485 -48.8393 -11.8089 5.3485 -50.9607 -12.2561
4 0 5.3844 -50.8935 -12.2052 5.3485 -50.9607 -12.2561 5.3485 -48.8393 -11.8089 5.5365 -49.191 -11.6906
3 0 5.2408 -51.0506 -12.3853 5.0515 -50.6317 -12.4908 5.3485 -50.9607 -12.2561
3 0 5.3485 -50.9607 -12.2561 5.0515 -50.6317 -12.4908 5.1 -50.4 -12.3924
3 14 3.7309 -47.7091 -13.2271 3.7729 -47.6751 -13.1769 4.5 -48.4 -12.5852
3 14 4.0892 -48.5021 -13.0273 3.7309 -47.7091 -13.2271 4.5 -48.4 -12.5852
4 14 4.5 -48.4 -12.5852 3.7729 -47.6751 -13.1769 4.5 -47.5 -12.3955 5.2271 -47.6751 -11.6879
3 14 4.9592 -48.5142 -12.139 4.5 -48.4 -12.5852 5.2271 -47.6751 -11.6879
4 14 5.3485 -48.8393 -11.8089 4.9592 -48.5142 -12.139 5.2271 -47.6751 -11.6879 5.6419 -48.0106 -11.3338
3 14 5.5365 -49.191 -11.6906 5.3485 -48.8393 -11.8089 5.6419 -48.0106 -11.3338
3 14 5.349 -51.29 -12.325 5.3485 -50.9607 -12.2561 5.3844 -50.8935 -12.2052
3 14 5.349 -51.29 -12.325 5.2408 -51.0506 -12.3853 5.3485 -50.9607 -12.2561
3 16 5.6419 -48.0106 -11.3338 5.2271 -47.6751 -11.6879 5.732 -47.002 -11.029
3 16 5.2271 -47.6751 -11.6879 4.5 -47.5 -12.3955 5.732 -47.002 -11.029
4 16 3.532 -47.269 -13.338 5.732 -47.002 -11.029 4.5 -47.5 -12.3955 3.7729 -47.6751 -13.1769
3 16 3.7309 -47.7091 -13.2271 3.532 -47.269 -13.338 3.7729 -47.6751 -13.1769
4 15 4.7048 -49.8643 -12.6842 5.0515 -50.6317 -12.4908 4.9243 -50.8243 -12.6726 4.5 -49.8 -12.8892
4 15 4.5 -49.8 -12.8892 4.9243 -50.8243 -12.6726 4.7296 -50.9543 -12.9121 4.2704 -49.8457 -13.1465
4 15 4.2704 -49.8457 -13.1465 4.7296 -50.9543 -12.9121 4.5 -51 -13.1695 4.0757 -49.9757 -13.3861
4 15 4.0757 -49.9757 -13.3861 4.5 -51 -13.1695 4.0757 -50.8243 -13.5843 3.9457 -50.1704 -13.5713
4 15 3.9457 -50.1704 -13.5713 4.0757 -50.8243 -13.5843 3.9457 -50.6296 -13.6786 3.9 -50.4 -13.674
3 15 4.5 -51 -13.1695 4.2704 -50.9543 -13.4055 4.0757 -50.8243 -13.5843
3 0 5.0548 -51.206 -12.6215 3.5535 -50.7774 -14.1345 4.2704 -50.9543 -13.4055
3 0 3.5535 -50.7774 -14.1345 4.0757 -50.8243 -13.5843 4.2704 -50.9543 -13.4055
3 0 3.5535 -50.7774 -14.1345 3.9457 -50.6296 -13.6786 4.0757 -50.8243 -13.5843
3 0 3.5535 -50.7774 -14.1345 3.3913 -50.474 -14.2378 3.9457 -50.6296 -13.6786
4 0 3.9 -50.4 -13.674 3.9457 -50.6296 -13.6786 3.3913 -50.474 -14.2378 3.3 -49.9 -14.2019
4 0 3.9457 -50.1704 -13.5713 3.9 -50.4 -13.674 3.3 -49.9 -14.2019 3.3913 -49.326 -13.9696
4 0 4.0757 -49.9757 -13.3861 3.9457 -50.1704 -13.5713 3.3913 -49.326 -13.9696 3.6515 -48.8393 -13.5765
4 0 4.2704 -49.8457 -13.1465 4.0757 -49.9757 -13.3861 3.6515 -48.8393 -13.5765 4.0408 -48.5142 -13.0822
4 0 4.5 -49.8 -12.8892 4.2704 -49.8457 -13.1465 4.0408 -48.5142 -13.0822 4.0892 -48.5021 -13.0273
3 0 4.7048 -49.8643 -12.6842 4.5 -49.8 -12.8892 4.0892 -48.5021 -13.0273
3 0 5.0548 -51.206 -12.6215 4.5 -51 -13.1695 4.7296 -50.9543 -12.9121
3 0 5.0548 -51.206 -12.6215 4.7296 -50.9543 -12.9121 4.9243 -50.8243 -12.6726
3 0 5.0548 -51.206 -12.6215 4.9243 -50.8243 -12.6726 5.2408 -51.0506 -12.3853
3 0 5.2408 -51.0506 -12.3853 4.9243 -50.8243 -12.6726 5.0515 -50.6317 -12.4908
3 14 3.16 -50.665 -14.531 3.3 -49.9 -14.2019 3.3913 -50.474 -14.2378
3 14 3.5535 -50.7774 -14.1345 3.16 -50.665 -14.531 3.3913 -50.474 -14.2378
4 14 3.4598 -47.9284 -13.5696 3.3913 -49.326 -13.9696 3.3 -49.9 -14.2019 3.16 -50.665 -14.531
3 14 3.4598 -47.9284 -13.5696 3.6515 -48.8393 -13.5765 3.3913 -49.326 -13.9696
3 14 3.6515 -48.8393 -13.5765 3.4598 -47.9284 -13.5696 3.7309 -47.7091 -13.2271
3 14 3.7309 -47.7091 -13.2271 4.0408 -48.5142 -13.0822 3.6515 -48.8393 -13.5765
3 14 4.0408 -48.5142 -13.0822 3.7309 -47.7091 -13.2271 4.0892 -48.5021 -13.0273
3 14 5.349 -51.29 -12.325 5.0548 -51.206 -12.6215 5.2408 -51.0506 -12.3853
3 16 3.4598 -47.9284 -13.5696 3.532 -47.269 -13.338 3.7309 -47.7091 -13.2271
4 0 7.776 -56.794 -11.076 6.9737 -57.4934 -10.7987 6.6 -57.4 -11.2827 6.1 -56.9 -12.4789
3 0 6.1 -56.9 -12.4789 5.993 -56.4718 -13.2047 7.776 -56.794 -11.076
3 16 5.997 -58.345 -10.461 6.6 -57.4 -11.2827 6.9737 -57.4934 -10.7987
4 16 6.1 -56.9 -12.4789 6.6 -57.4 -11.2827 5.997 -58.345 -10.461 5.6906 -57.1444 -12.5019
4 16 6.1 -56.9 -12.4789 5.6906 -57.1444 -12.5019 5.496 -56.382 -13.798 5.993 -56.4718 -13.2047
3 16 .597 -41.379 -13.294 .23 -40.687 -13.396 .6628 -40.8022 -13.3224
3 16 .597 -41.379 -13.294 .6628 -40.8022 -13.3224 .9033 -40.8663 -13.2815
3 16 .597 -41.379 -13.294 .9033 -40.8663 -13.2815 1.2297 -40.9532 -13.226
3 16 3.017 -41.429 -12.922 .597 -41.379 -13.294 1.2297 -40.9532 -13.226
3 19 0 -29.514 -13.044 2.3871 -29.4281 -12.738 2.4 -29.7 -12.7628
3 19 0 -29.514 -13.044 2.4 -29.7 -12.7628 3.7 -33.7 -12.9889
3 19 3.7 -33.7 -12.9889 3.941 -35.464 -13.13 0 -29.514 -13.044
4 19 4.197 -29.363 -12.506 4.0408 -33.0866 -12.8869 3.7 -33.7 -12.9889 2.4 -29.7 -12.7628
3 19 2.4 -29.7 -12.7628 2.6825 -29.4175 -12.7001 4.197 -29.363 -12.506
3 16 2.4 -29.7 -12.7628 2.3871 -29.4281 -12.738 2.6825 -29.4175 -12.7001
3 16 3.7 -33.7 -12.9889 4.0408 -33.0866 -12.8869 4.0184 -33.6204 -12.9414
3 16 4.0075 -33.8794 -12.9679 3.7 -33.7 -12.9889 4.0184 -33.6204 -12.9414
3 16 3.941 -35.464 -13.13 3.7 -33.7 -12.9889 4.0075 -33.8794 -12.9679
3 19 4.011 -23.317 -11.253 .5 -23.3 -11.6416 .5836 -22.7565 -11.5145
4 19 0 -24.4 -11.9358 .5 -23.3 -11.6416 2.2 -26.2 -12.0796 0 -29.514 -13.044
4 16 0 -22.661 -11.559 .5836 -22.7565 -11.5145 .5 -23.3 -11.6416 0 -24.4 -11.9358
4 19 2.4006 -19.1009 -10.245 2.6 -19.4 -10.306 .7 -22 -11.2837 .6109 -21.755 -11.2246
3 19 4.011 -23.317 -11.253 .7 -22 -11.2837 2.6 -19.4 -10.306
3 19 4.011 -23.317 -11.253 2.6 -19.4 -10.306 2.9 -18.9 -10.126
4 19 3.588 -17.34 -9.595 4.011 -23.317 -11.253 2.9 -18.9 -10.126 2.9978 -18.2152 -9.9181
3 19 4.011 -23.317 -11.253 .5836 -22.7565 -11.5145 .7 -22 -11.2837
3 16 2.9978 -18.2152 -9.9181 2.9 -18.9 -10.126 2.6 -19.4 -10.306
3 16 2.6 -19.4 -10.306 2.4006 -19.1009 -10.245 2.9978 -18.2152 -9.9181
4 16 0 -22.661 -11.559 .6109 -21.755 -11.2246 .7 -22 -11.2837 .5836 -22.7565 -11.5145
3 19 7.4 -19.8 -8.5655 7.656 -23.007 -9.572 7.1904 -19.6603 -8.759
4 19 8.6659 -18.7654 -6.6282 7.656 -23.007 -9.572 7.4 -19.8 -8.5655 7.7 -19.2 -7.9612
3 19 8.6659 -18.7654 -6.6282 7.7 -19.2 -7.9612 8.5 -18.5 -6.718
4 19 8.5 -18.5 -6.718 7.7 -19.2 -7.9612 7.4 -18.2 -7.9106 8.7 -17.3 -5.9876
4 19 8.7 -17.3 -5.9876 7.4 -18.2 -7.9106 7.1 -17.3 -7.901 8.5809 -17.0023 -6.0082
3 19 7.1 -17.3 -7.901 6.785 -16.746 -8.051 8.5809 -17.0023 -6.0082
4 16 9.069 -17.072 -5.453 8.6659 -18.7654 -6.6282 8.5 -18.5 -6.718 8.7 -17.3 -5.9876
3 16 8.7 -17.3 -5.9876 8.5809 -17.0023 -6.0082 9.069 -17.072 -5.453
3 16 6.785 -16.746 -8.051 7.1 -17.3 -7.901 7.4 -18.2 -7.9106
3 16 7.4 -18.2 -7.9106 7.1904 -19.6603 -8.759 6.785 -16.746 -8.051
3 16 7.1904 -19.6603 -8.759 7.4 -18.2 -7.9106 7.7 -19.2 -7.9612
3 16 7.1904 -19.6603 -8.759 7.7 -19.2 -7.9612 7.4 -19.8 -8.5655
3 19 10.7 -29.7736 -7.8821 10.4602 -29.7398 -8.1473 10.7 -29.5 -7.8094
4 19 10.1893 -28.3876 -8.0993 10.2865 -29.7154 -8.3393 8.061 -29.402 -10.8 7.656 -23.007 -9.572
3 16 10.852 -29.795 -7.714 10.7 -29.7736 -7.8821 10.7 -29.5 -7.8094
4 16 10.2865 -29.7154 -8.3393 10.1893 -28.3876 -8.0993 10.7 -29.5 -7.8094 10.4602 -29.7398 -8.1473
3 19 9.972 -35.9829 -8.9244 9.7906 -35.3581 -9.1025 10.1 -35.8 -8.7753
3 19 9.7906 -35.3581 -9.1025 10 -35.4 -8.8714 10.1 -35.8 -8.7753
3 19 9.6946 -35.0276 -9.1967 8.061 -29.402 -10.8 9.7 -33.8 -9.1445
3 19 9.7 -33.8 -9.1445 10 -34.6 -8.8413 9.6946 -35.0276 -9.1967
3 19 10 -34.6 -8.8413 9.7 -33.8 -9.1445 10 -34.1 -8.8225
3 19 9.7 -33.8 -9.1445 8.061 -29.402 -10.8 10.3 -33.2 -8.4553
3 19 10.3 -33.2 -8.4553 8.061 -29.402 -10.8 10.4 -31.9 -8.2953
4 19 10.5 -30.9 -8.1466 10.4 -31.9 -8.2953 8.061 -29.402 -10.8 10.3 -29.9 -8.3312
4 19 10.7 -30.3 -7.9019 10.5 -30.9 -8.1466 10.3 -29.9 -8.3312 10.7 -29.7736 -7.8821
3 19 10.3 -29.9 -8.3312 10.4602 -29.7398 -8.1473 10.7 -29.7736 -7.8821
3 19 10.3 -29.9 -8.3312 8.061 -29.402 -10.8 10.2865 -29.7154 -8.3393
3 16 10.112 -36.465 -8.787 9.972 -35.9829 -8.9244 10.1 -35.8 -8.7753
4 16 10.112 -36.465 -8.787 10.1 -35.8 -8.7753 10.3 -33.2 -8.4553 10.852 -29.795 -7.714
4 16 10 -34.6 -8.8413 10.3 -33.2 -8.4553 10.1 -35.8 -8.7753 10 -35.4 -8.8714
4 16 9.6946 -35.0276 -9.1967 10 -34.6 -8.8413 10 -35.4 -8.8714 9.7906 -35.3581 -9.1025
3 16 10 -34.6 -8.8413 10 -34.1 -8.8225 10.3 -33.2 -8.4553
3 16 10 -34.1 -8.8225 9.7 -33.8 -9.1445 10.3 -33.2 -8.4553
4 16 10.7 -30.3 -7.9019 10.852 -29.795 -7.714 10.3 -33.2 -8.4553 10.4 -31.9 -8.2953
3 16 10.4 -31.9 -8.2953 10.5 -30.9 -8.1466 10.7 -30.3 -7.9019
3 16 10.7 -30.3 -7.9019 10.7 -29.7736 -7.8821 10.852 -29.795 -7.714
3 16 10.3 -29.9 -8.3312 10.2865 -29.7154 -8.3393 10.4602 -29.7398 -8.1473
4 19 4.197 -29.363 -12.506 7.1 -30.9 -11.3461 7.5 -34.3 -11.444 7.1456 -35.1505 -11.6695
4 19 7.5 -34.3 -11.444 7.1 -30.9 -11.3461 7.6 -30.6 -11.1007 7.6593 -34.3 -11.3735
4 19 8.061 -29.402 -10.8 7.6593 -34.3 -11.3735 7.6 -30.6 -11.1007 7.6961 -29.3983 -10.9611
3 19 4.197 -29.363 -12.506 7 -30.2 -11.3338 7.1 -30.9 -11.3461
3 19 7 -30.2 -11.3338 4.197 -29.363 -12.506 7.0898 -29.3922 -11.2288
4 16 7.6961 -29.3983 -10.9611 7.6 -30.6 -11.1007 7 -30.2 -11.3338 7.0898 -29.3922 -11.2288
3 16 7.1 -30.9 -11.3461 7 -30.2 -11.3338 7.6 -30.6 -11.1007
4 16 7.528 -35.901 -11.561 7.1456 -35.1505 -11.6695 7.5 -34.3 -11.444 7.6593 -34.3 -11.3735
3 19 7.8 -28.1 -10.629 7.656 -23.007 -9.572 8.061 -29.402 -10.8
3 19 8.061 -29.402 -10.8 7.735 -28.9122 -10.8365 7.8 -28.1 -10.629
3 19 7.656 -23.007 -9.572 7.8 -28.1 -10.629 6.4 -24.8 -10.5223
4 19 7.3456 -28.3272 -10.88 4.011 -23.317 -11.253 6 -25.1 -10.7653 7.8 -28.1 -10.629
3 19 7.8 -28.1 -10.629 6 -25.1 -10.7653 6.4 -24.8 -10.5223
3 19 6.4 -24.8 -10.5223 6.4 -23.4 -10.2142 7.656 -23.007 -9.572
3 19 6.4 -23.4 -10.2142 6.3623 -23.117 -10.1686 7.656 -23.007 -9.572
3 19 4.011 -23.317 -11.253 5.6 -24.6 -10.8322 6 -25.1 -10.7653
3 19 5.6 -24.6 -10.8322 4.011 -23.317 -11.253 5.5529 -23.1859 -10.5419
3 16 6.3623 -23.117 -10.1686 6.4 -23.4 -10.2142 5.6 -24.6 -10.8322
3 16 5.6 -24.6 -10.8322 5.5529 -23.1859 -10.5419 6.3623 -23.117 -10.1686
4 16 5.6 -24.6 -10.8322 6.4 -23.4 -10.2142 6.4 -24.8 -10.5223 6 -25.1 -10.7653
3 16 7.735 -28.9122 -10.8365 7.3456 -28.3272 -10.88 7.8 -28.1 -10.629
3 19 4.011 -23.317 -11.253 5.5 -21.6 -10.0836 5.5529 -23.1859 -10.5419
3 19 4.011 -23.317 -11.253 5.8 -21.1 -9.8013 5.5 -21.6 -10.0836
3 19 4.011 -23.317 -11.253 6.8 -19.4 -8.85 5.8 -21.1 -9.8013
3 19 6.6 -18.1 -8.5425 6.8 -19.4 -8.85 4.011 -23.317 -11.253
3 19 4.011 -23.317 -11.253 6.785 -16.746 -8.051 6.6 -18.1 -8.5425
4 19 7.656 -23.007 -9.572 6.3623 -23.117 -10.1686 6.2 -21.9 -9.8699 7.1904 -19.6603 -8.759
3 19 7.1904 -19.6603 -8.759 6.2 -21.9 -9.8699 5.8 -21.1 -9.8013
3 19 7.1904 -19.6603 -8.759 5.8 -21.1 -9.8013 6.8 -19.4 -8.85
3 16 7.1904 -19.6603 -8.759 6.6 -18.1 -8.5425 6.785 -16.746 -8.051
3 16 7.1904 -19.6603 -8.759 6.8 -19.4 -8.85 6.6 -18.1 -8.5425
4 16 5.5 -21.6 -10.0836 5.8 -21.1 -9.8013 6.2 -21.9 -9.8699 6.3623 -23.117 -10.1686
3 16 5.5529 -23.1859 -10.5419 5.5 -21.6 -10.0836 6.3623 -23.117 -10.1686
3 19 6.785 -16.746 -8.051 3.588 -17.34 -9.595 3.9509 -11.6265 -7.5692
3 19 6.785 -16.746 -8.051 3.9509 -11.6265 -7.5692 4.0981 -11.6069 -7.5007
3 16 3.9509 -11.6265 -7.5692 3.968 -11.358 -7.474 4.0981 -11.6069 -7.5007
3 16 0 -56.258 -15.582 0 -54.345 -16.587 4.014 -53.597 -15.649
3 16 4.014 -53.597 -15.649 5.496 -56.382 -13.798 0 -56.258 -15.582
3 16 4.281 -57.986 -12.618 0 -58.997 -9.356 0 -57.822 -13.873
3 16 4.281 -57.986 -12.618 0 -56.258 -15.582 5.496 -56.382 -13.798
3 16 0 -56.258 -15.582 4.281 -57.986 -12.618 0 -57.822 -13.873
3 16 3.394 -58.899 -9.077 0 -58.997 -9.356 4.281 -57.986 -12.618
3 16 5.997 -58.345 -10.461 3.394 -58.899 -9.077 4.281 -57.986 -12.618
3 16 3.394 -58.899 -9.077 5.997 -58.345 -10.461 6.519 -58.702 -7.537
3 16 8.165 -57.598 -7.121 6.519 -58.702 -7.537 5.997 -58.345 -10.461
3 16 9.351 -55.768 -5.882 8.165 -57.598 -7.121 9.487 -55.664 -8.446
3 16 9.487 -55.664 -8.446 10.793 -51.525 -4.554 9.351 -55.768 -5.882
3 16 9.487 -55.664 -8.446 8.165 -57.598 -7.121 7.776 -56.794 -11.076
3 16 9.487 -55.664 -8.446 10.593 -51.998 -8.208 10.793 -51.525 -4.554
3 16 7.776 -56.794 -11.076 8.296 -53.941 -11.857 9.487 -55.664 -8.446
3 16 10.593 -51.998 -8.208 9.487 -55.664 -8.446 8.296 -53.941 -11.857
3 16 1.627 -49.961 -16.942 0 -54.345 -16.587 0 -50.103 -17.43
3 16 1.627 -49.961 -16.942 0 -50.103 -17.43 0 -47.931 -17.34
3 16 1.627 -49.961 -16.942 0 -47.931 -17.34 1.025 -47.918 -17.02
3 16 1.49 -47.853 -16.852 1.627 -49.961 -16.942 1.025 -47.918 -17.02
3 16 1.025 -47.918 -17.02 0 -47.931 -17.34 0 -47.852 -17.049
3 16 1.49 -47.853 -16.852 1.025 -47.918 -17.02 2.017 -47.465 -15.354
3 16 2.201 -47.465 -15.33 1.49 -47.853 -16.852 2.017 -47.465 -15.354
3 16 10.609 -45.994 -7.934 10.593 -51.998 -8.208 9.566 -51.848 -10.262
3 16 10.593 -51.998 -8.208 8.296 -53.941 -11.857 9.566 -51.848 -10.262
3 16 10.593 -51.998 -8.208 10.609 -45.994 -7.934 11.348 -45.879 -3.178
3 16 10.593 -51.998 -8.208 11.348 -45.879 -3.178 10.793 -51.525 -4.554
3 16 10.609 -45.994 -7.934 9.566 -51.848 -10.262 9.949 -46.921 -9.176
3 0 4.5 -48.4 -12.5852 4.7048 -49.8643 -12.6842 4.0892 -48.5021 -13.0273
4 16 2.201 -47.465 -15.33 2.017 -47.465 -15.354 1.862 -44.649 -14.335 4.205 -43.03 -13.431
3 16 2.201 -47.465 -15.33 4.205 -43.03 -13.431 3.532 -47.269 -13.338
3 16 3.532 -47.269 -13.338 4.205 -43.03 -13.431 4.797 -42.801 -12.805
3 16 4.797 -42.801 -12.805 5.732 -42.638 -11.901 3.532 -47.269 -13.338
3 16 4.205 -43.03 -13.431 1.357 -43.06 -13.815 .597 -41.379 -13.294
3 16 .597 -41.379 -13.294 3.017 -41.429 -12.922 4.205 -43.03 -13.431
4 16 4.797 -42.801 -12.805 4.205 -43.03 -13.431 3.017 -41.429 -12.922 5.556 -42.118 -11.667
3 16 4.797 -42.801 -12.805 5.556 -42.118 -11.667 5.732 -42.638 -11.901
3 16 5.732 -42.638 -11.901 5.556 -42.118 -11.667 6.737 -42.705 -11.056
3 16 5.556 -42.118 -11.667 7.393 -42.036 -10.079 6.737 -42.705 -11.056
3 16 6.737 -42.705 -11.056 7.393 -42.036 -10.079 9.022 -44.396 -9.549
3 16 9.949 -46.921 -9.176 9.022 -44.396 -9.549 9.616 -40.907 -7.775
3 16 9.022 -44.396 -9.549 7.393 -42.036 -10.079 9.616 -40.907 -7.775
3 16 1.357 -43.06 -13.815 4.205 -43.03 -13.431 1.862 -44.649 -14.335
3 16 10.609 -45.994 -7.934 9.949 -46.921 -9.176 9.616 -40.907 -7.775
3 16 10.609 -45.994 -7.934 10.33 -40.324 -6.807 10.838 -41.782 -4.772
3 16 11.348 -45.879 -3.178 10.609 -45.994 -7.934 10.838 -41.782 -4.772
3 16 10.609 -45.994 -7.934 9.616 -40.907 -7.775 10.33 -40.324 -6.807
4 19 .8 -39.6 -13.3644 .0296 -35.863 -13.5755 .4 -35.4 -13.5471 3.941 -35.464 -13.13
3 16 .0296 -35.863 -13.5755 0 -35.8999 -13.5744 0 -35.151 -13.602
3 16 .0296 -35.863 -13.5755 0 -35.151 -13.602 .4 -35.4 -13.5471
3 16 10.112 -36.465 -8.787 11.003 -36.535 -6.891 9.616 -40.907 -7.775
3 16 10.33 -40.324 -6.807 9.616 -40.907 -7.775 11.003 -36.535 -6.891
3 16 7.393 -42.036 -10.079 10.112 -36.465 -8.787 9.616 -40.907 -7.775
3 16 12.115 -31.473 -3.798 11.003 -36.535 -6.891 10.852 -29.795 -7.714
3 16 11.003 -36.535 -6.891 10.112 -36.465 -8.787 10.852 -29.795 -7.714
4 16 10.511 -25.164 -6.923 11.826 -26.029 -2.599 12.115 -31.473 -3.798 10.852 -29.795 -7.714
4 16 10.14 -22.632 -6.475 11.023 -20.823 -1.848 11.826 -26.029 -2.599 10.511 -25.164 -6.923
3 16 11.023 -20.823 -1.848 10.14 -22.632 -6.475 9.978 -15.716 -1.407
3 16 9.069 -17.072 -5.453 9.978 -15.716 -1.407 10.14 -22.632 -6.475
3 16 9.069 -17.072 -5.453 7.25 -11.033 -5.239 9.978 -15.716 -1.407
