0 ~Figure Friends Female Left Arm Upper with Reddish Brown Leaf Tattoo Pattern
0 Name: s\92244p13s02.dat
0 Author: Philippe Hurbain [Philo]
0 !LDRAW_ORG Subpart UPDATE 2023-02
0 !LICENSE Licensed under CC BY 4.0 : see CAreadme.txt

0 BFC CERTIFY CCW

0 !HISTORY 2023-04-17 [OrionP] Official Update 2023-02


1 16 0 0 0 0 1 0 0 0 4 -4 0 0 4-4edge.dat
3 16 0.304 1.918 4.202 0 2.828 2.828 0 1.531 3.696
3 16 0.304 1.918 4.202 0 1.531 3.696 0 0 4
4 16 0.304 1.918 4.202 0 0 4 0.528 0.326 4.276 1.001 1.068 4.536
3 16 1.001 1.068 4.536 0.647 2.421 4.609 0.304 1.918 4.202
3 16 0.304 1.918 4.202 0.647 2.421 4.609 0.244 3.684 3.668
3 16 0.81 3.393 4.875 0.244 3.684 3.668 0.647 2.421 4.609
3 16 0.81 3.393 4.875 0.647 2.421 4.609 1.326 2.273 5.019
3 16 2.075 4.209 5.899 0.81 3.393 4.875 1.326 2.273 5.019
3 16 2.075 4.209 5.899 1.326 2.273 5.019 3.289 3.119 5.621
3 16 3.954 5.814 6.675 2.075 4.209 5.899 3.289 3.119 5.621
3 16 3.799 7.36 -0.078 3.066 5.982 -0.865 2.558 7.679 0.263
3 16 1.588 6.813 5.938 0.914 4.712 4.956 2.75 6.39 6.617
3 16 2.75 6.39 6.617 0.914 4.712 4.956 2.075 4.209 5.899
3 16 1.588 6.813 5.938 0.593 5.55 4.124 0.914 4.712 4.956
4 16 0.914 4.712 4.956 0.593 5.55 4.124 0.411 4.61 3.803 0.81 3.393 4.875
4 16 0.224 5.468 2.787 0.411 4.61 3.803 0.593 5.55 4.124 0.432 6.274 3.237
3 16 0.224 5.468 2.787 0.111 4.769 2.309 0.411 4.61 3.803
3 16 0.411 4.61 3.803 0.111 4.769 2.309 0.244 3.684 3.668
3 16 0.244 3.684 3.668 0.111 4.769 2.309 0 3.696 1.531
3 16 0 2.828 2.828 0.244 3.684 3.668 0 3.696 1.531
4 16 0 3.696 1.531 0.111 4.769 2.309 0.055 4.61 0.377 0 4 0
3 16 0.224 5.181 0.796 0.055 4.61 0.377 0.111 4.769 2.309
4 16 0.055 4.61 0.377 0.224 5.181 0.796 0.215 4.317 -1.238 0 3.696 -1.531
3 16 0.215 4.317 -1.238 0.224 5.181 0.796 0.482 4.984 -0.704
3 16 0.474 3.845 -2.034 0.215 4.317 -1.238 0.482 4.984 -0.704
3 16 0.474 3.845 -2.034 0.482 4.984 -0.704 0.853 4.152 -1.907
3 16 0.542 2.263 -3.26 0.474 3.845 -2.034 0.853 4.152 -1.907
3 16 0.542 2.263 -3.26 0.853 4.152 -1.907 1.303 2.994 -2.777
3 16 0.528 0.326 4.276 0 -1.531 3.696 1.35 -0.553 3.987
3 16 2.439 1.222 4.866 1.001 1.068 4.536 1.35 -0.553 3.987
3 16 1.326 2.273 5.019 1.001 1.068 4.536 2.439 1.222 4.866
3 16 0 -4 0 0 -3.696 -1.531 0.675 -3.861 -1.951
3 16 0.675 -3.861 -1.951 0 -3.696 -1.531 0 -2.828 -2.828
3 16 0.504 -2.629 -3.176 0 -2.828 -2.828 0 -1.531 -3.696
3 16 0 -2.828 -2.828 0.504 -2.629 -3.176 0.675 -3.861 -1.951
3 16 0.542 2.263 -3.26 0 1.531 -3.696 0 2.828 -2.828
3 16 3.066 5.982 -0.865 2.118 4.088 -2.128 1.883 6.592 -0.205
3 16 1.883 6.592 -0.205 2.118 4.088 -2.128 1.393 5.112 -1.293
4 16 1.883 6.592 -0.205 1.393 5.112 -1.293 0.961 6.781 0.428 1.459 7.92 1.212
3 16 0.961 6.781 0.428 1.393 5.112 -1.293 0.788 5.545 -0.455
3 16 0.961 6.781 0.428 0.788 5.545 -0.455 0.413 6.398 1.463
3 16 0.839 7.903 2.058 0.961 6.781 0.428 0.413 6.398 1.463
3 16 0.788 5.545 -0.455 0.482 4.984 -0.704 0.413 6.398 1.463
3 16 1.393 5.112 -1.293 0.853 4.152 -1.907 0.788 5.545 -0.455
3 16 2.118 4.088 -2.128 1.303 2.994 -2.777 1.393 5.112 -1.293
3 16 1.393 5.112 -1.293 1.303 2.994 -2.777 0.853 4.152 -1.907
3 16 0.474 3.845 -2.034 0.542 2.263 -3.26 0 2.828 -2.828
3 16 0.788 5.545 -0.455 0.853 4.152 -1.907 0.482 4.984 -0.704
3 16 0.474 3.845 -2.034 0 2.828 -2.828 0.215 4.317 -1.238
3 16 0.215 4.317 -1.238 0 2.828 -2.828 0 3.696 -1.531
3 16 0.413 6.398 1.463 0.482 4.984 -0.704 0.224 5.181 0.796
4 16 0.224 5.468 2.787 0.413 6.398 1.463 0.224 5.181 0.796 0.111 4.769 2.309
3 16 0.432 6.274 3.237 0.413 6.398 1.463 0.224 5.468 2.787
3 16 0.744 7.674 3.493 0.413 6.398 1.463 0.432 6.274 3.237
3 16 0 3.696 -1.531 0 4 0 0.055 4.61 0.377
4 16 0.432 6.274 3.237 0.593 5.55 4.124 1.109 7.337 4.794 0.744 7.674 3.493
3 16 1.109 7.337 4.794 0.593 5.55 4.124 1.588 6.813 5.938
3 16 0.839 7.903 2.058 0.413 6.398 1.463 0.744 7.674 3.493
3 16 1.459 7.92 1.212 0.961 6.781 0.428 0.839 7.903 2.058
3 16 2.558 7.679 0.263 1.883 6.592 -0.205 1.459 7.92 1.212
3 16 2.558 7.679 0.263 3.066 5.982 -0.865 1.883 6.592 -0.205
3 16 2.75 6.39 6.617 2.075 4.209 5.899 3.954 5.814 6.675
3 16 3.289 3.119 5.621 1.326 2.273 5.019 2.439 1.222 4.866
3 16 0.914 4.712 4.956 0.81 3.393 4.875 2.075 4.209 5.899
3 16 0.411 4.61 3.803 0.244 3.684 3.668 0.81 3.393 4.875
3 16 1.326 2.273 5.019 0.647 2.421 4.609 1.001 1.068 4.536
3 16 0.528 0.326 4.276 1.35 -0.553 3.987 1.001 1.068 4.536
3 16 0.528 0.326 4.276 0 0 4 0 -1.531 3.696
3 16 0.304 1.918 4.202 0.244 3.684 3.668 0 2.828 2.828
5 24 0.304 1.918 4.202 0 2.828 2.828 0 1.531 3.696 0.244 3.684 3.668
5 24 0 1.531 3.696 0.304 1.918 4.202 0 2.828 2.828 0 0 4
5 24 0 0 4 0.304 1.918 4.202 0 1.531 3.696 0.528 0.326 4.276
5 24 0 0 4 0.528 0.326 4.276 0.304 1.918 4.202 0 -1.531 3.696
5 24 0.528 0.326 4.276 1.001 1.068 4.536 0.304 1.918 4.202 1.35 -0.553 3.987
5 24 1.001 1.068 4.536 0.304 1.918 4.202 0.528 0.326 4.276 0.647 2.421 4.609
5 24 1.001 1.068 4.536 0.647 2.421 4.609 0.304 1.918 4.202 1.326 2.273 5.019
5 24 0.647 2.421 4.609 0.304 1.918 4.202 1.001 1.068 4.536 0.244 3.684 3.668
5 24 0.647 2.421 4.609 0.244 3.684 3.668 0.304 1.918 4.202 0.81 3.393 4.875
5 24 0.244 3.684 3.668 0.304 1.918 4.202 0.647 2.421 4.609 0 2.828 2.828
5 24 0.81 3.393 4.875 0.244 3.684 3.668 0.647 2.421 4.609 0.411 4.61 3.803
5 24 0.647 2.421 4.609 0.81 3.393 4.875 0.244 3.684 3.668 1.326 2.273 5.019
5 24 0.647 2.421 4.609 1.326 2.273 5.019 0.81 3.393 4.875 1.001 1.068 4.536
5 24 1.326 2.273 5.019 0.81 3.393 4.875 0.647 2.421 4.609 2.075 4.209 5.899
5 24 2.075 4.209 5.899 0.81 3.393 4.875 1.326 2.273 5.019 0.914 4.712 4.956
5 24 1.326 2.273 5.019 2.075 4.209 5.899 0.81 3.393 4.875 3.289 3.119 5.621
5 24 1.326 2.273 5.019 3.289 3.119 5.621 2.075 4.209 5.899 2.439 1.222 4.866
5 24 3.289 3.119 5.621 2.075 4.209 5.899 1.326 2.273 5.019 3.954 5.814 6.675
5 24 3.954 5.814 6.675 2.075 4.209 5.899 3.289 3.119 5.621 2.75 6.39 6.617
5 24 3.289 3.119 5.621 3.954 5.814 6.675 2.075 4.209 5.899 5.108 5.484 6.083
5 24 3.289 3.119 5.621 5.108 5.484 6.083 3.954 5.814 6.675 4.483 2.893 4.796
5 24 6.016 6.339 0.597 5.197 4.627 -0.283 4.95 6.908 0.075 5.838 3.945 0.717
5 24 5.197 4.627 -0.283 4.95 6.908 0.075 6.016 6.339 0.597 4.279 5.099 -0.869
5 24 5.197 4.627 -0.283 4.279 5.099 -0.869 4.95 6.908 0.075 3.824 1.812 -2.048
5 24 4.279 5.099 -0.869 4.95 6.908 0.075 5.197 4.627 -0.283 3.799 7.36 -0.078
5 24 4.279 5.099 -0.869 3.066 5.982 -0.865 3.799 7.36 -0.078 3.12 3.289 -2.191
5 24 3.066 5.982 -0.865 3.799 7.36 -0.078 4.279 5.099 -0.869 2.558 7.679 0.263
5 24 3.066 5.982 -0.865 2.558 7.679 0.263 3.799 7.36 -0.078 1.883 6.592 -0.205
5 24 1.588 6.813 5.938 0.914 4.712 4.956 2.75 6.39 6.617 0.593 5.55 4.124
5 24 0.914 4.712 4.956 2.75 6.39 6.617 1.588 6.813 5.938 2.075 4.209 5.899
5 24 0.914 4.712 4.956 2.075 4.209 5.899 2.75 6.39 6.617 0.81 3.393 4.875
5 24 2.075 4.209 5.899 2.75 6.39 6.617 0.914 4.712 4.956 3.954 5.814 6.675
5 24 1.588 6.813 5.938 0.593 5.55 4.124 0.914 4.712 4.956 1.109 7.337 4.794
5 24 0.593 5.55 4.124 0.914 4.712 4.956 1.588 6.813 5.938 0.411 4.61 3.803
5 24 0.593 5.55 4.124 0.411 4.61 3.803 0.914 4.712 4.956 0.224 5.468 2.787
5 24 0.411 4.61 3.803 0.81 3.393 4.875 0.914 4.712 4.956 0.244 3.684 3.668
5 24 0.81 3.393 4.875 0.914 4.712 4.956 0.411 4.61 3.803 2.075 4.209 5.899
5 24 0.224 5.468 2.787 0.411 4.61 3.803 0.593 5.55 4.124 0.111 4.769 2.309
5 24 0.224 5.468 2.787 0.111 4.769 2.309 0.411 4.61 3.803 0.224 5.181 0.796
5 24 0.111 4.769 2.309 0.411 4.61 3.803 0.224 5.468 2.787 0.244 3.684 3.668
5 24 0.111 4.769 2.309 0.244 3.684 3.668 0.411 4.61 3.803 0 3.696 1.531
5 24 0.244 3.684 3.668 0.411 4.61 3.803 0.111 4.769 2.309 0.81 3.393 4.875
5 24 0.111 4.769 2.309 0 3.696 1.531 0.244 3.684 3.668 0.055 4.61 0.377
5 24 0 3.696 1.531 0.244 3.684 3.668 0.111 4.769 2.309 0 2.828 2.828
5 24 0 2.828 2.828 0.244 3.684 3.668 0 3.696 1.531 0.304 1.918 4.202
5 24 0.111 4.769 2.309 0.055 4.61 0.377 0 3.696 1.531 0.224 5.181 0.796
5 24 0.224 5.181 0.796 0.055 4.61 0.377 0.111 4.769 2.309 0.215 4.317 -1.238
5 24 0.111 4.769 2.309 0.224 5.181 0.796 0.055 4.61 0.377 0.224 5.468 2.787
5 24 0.224 5.181 0.796 0.215 4.317 -1.238 0.055 4.61 0.377 0.482 4.984 -0.704
5 24 0.224 5.181 0.796 0.482 4.984 -0.704 0.215 4.317 -1.238 0.413 6.398 1.463
5 24 0.482 4.984 -0.704 0.215 4.317 -1.238 0.224 5.181 0.796 0.474 3.845 -2.034
5 24 0.474 3.845 -2.034 0.215 4.317 -1.238 0.482 4.984 -0.704 0 2.828 -2.828
5 24 0.482 4.984 -0.704 0.474 3.845 -2.034 0.215 4.317 -1.238 0.853 4.152 -1.907
5 24 0.482 4.984 -0.704 0.853 4.152 -1.907 0.474 3.845 -2.034 0.788 5.545 -0.455
5 24 0.853 4.152 -1.907 0.474 3.845 -2.034 0.482 4.984 -0.704 0.542 2.263 -3.26
5 24 0.542 2.263 -3.26 0.474 3.845 -2.034 0.853 4.152 -1.907 0 2.828 -2.828
5 24 0.853 4.152 -1.907 0.542 2.263 -3.26 0.474 3.845 -2.034 1.303 2.994 -2.777
5 24 0.853 4.152 -1.907 1.303 2.994 -2.777 0.542 2.263 -3.26 1.393 5.112 -1.293
5 24 1.303 2.994 -2.777 0.542 2.263 -3.26 0.853 4.152 -1.907 1.551 1.562 -3.318
5 24 0.904 0.872 -3.656 0.542 2.263 -3.26 1.551 1.562 -3.318 0 1.531 -3.696
5 24 0.542 2.263 -3.26 1.551 1.562 -3.318 1.303 2.994 -2.777 0.904 0.872 -3.656
5 24 1.303 2.994 -2.777 1.551 1.562 -3.318 2.118 4.088 -2.128 0.542 2.263 -3.26
5 24 1.551 1.562 -3.318 0.904 0.872 -3.656 1.976 0.063 -3.349 0.542 2.263 -3.26
5 24 1.551 1.562 -3.318 1.976 0.063 -3.349 0.904 0.872 -3.656 3.12 3.289 -2.191
5 24 1.976 0.063 -3.349 0.904 0.872 -3.656 1.551 1.562 -3.318 1.037 -0.674 -3.569
5 24 1.037 -0.674 -3.569 0.904 0.872 -3.656 1.976 0.063 -3.349 0.473 0.386 -3.855
5 24 1.976 0.063 -3.349 1.037 -0.674 -3.569 0.904 0.872 -3.656 1.21 -2.307 -3.288
5 24 1.21 -2.307 -3.288 1.037 -0.674 -3.569 1.976 0.063 -3.349 0 -1.531 -3.696
5 24 1.976 0.063 -3.349 1.21 -2.307 -3.288 1.037 -0.674 -3.569 2.318 -1.682 -3.021
5 24 1.976 0.063 -3.349 2.318 -1.682 -3.021 1.21 -2.307 -3.288 3.824 1.812 -2.048
5 24 2.318 -1.682 -3.021 1.21 -2.307 -3.288 1.976 0.063 -3.349 1.545 -3.566 -1.943
5 24 1.545 -3.566 -1.943 1.21 -2.307 -3.288 2.318 -1.682 -3.021 0.675 -3.861 -1.951
5 24 2.318 -1.682 -3.021 1.545 -3.566 -1.943 1.21 -2.307 -3.288 2.725 -2.771 -1.357
5 24 2.318 -1.682 -3.021 2.725 -2.771 -1.357 1.545 -3.566 -1.943 4.152 0.348 -1.492
5 24 2.725 -2.771 -1.357 1.545 -3.566 -1.943 2.318 -1.682 -3.021 1.273 -3.673 -0.117
5 24 1.273 -3.673 -0.117 1.545 -3.566 -1.943 2.725 -2.771 -1.357 0.676 -3.919 -0.246
5 24 2.725 -2.771 -1.357 1.273 -3.673 -0.117 1.545 -3.566 -1.943 2.363 -2.984 0.328
5 24 2.725 -2.771 -1.357 2.363 -2.984 0.328 1.273 -3.673 -0.117 4.543 0.045 -0.006
5 24 2.363 -2.984 0.328 1.273 -3.673 -0.117 2.725 -2.771 -1.357 1.095 -3.454 1.6
5 24 1.095 -3.454 1.6 1.273 -3.673 -0.117 2.363 -2.984 0.328 0 -3.696 1.531
5 24 2.363 -2.984 0.328 1.095 -3.454 1.6 1.273 -3.673 -0.117 2.116 -2.44 2.03
5 24 2.363 -2.984 0.328 2.116 -2.44 2.03 1.095 -3.454 1.6 4.236 -0.44 1.207
5 24 2.116 -2.44 2.03 1.095 -3.454 1.6 2.363 -2.984 0.328 0.939 -2.351 2.929
5 24 0.939 -2.351 2.929 1.095 -3.454 1.6 2.116 -2.44 2.03 0 -2.828 2.828
5 24 2.116 -2.44 2.03 0.939 -2.351 2.929 1.095 -3.454 1.6 1.713 -1.622 3.107
5 24 2.116 -2.44 2.03 1.713 -1.622 3.107 0.939 -2.351 2.929 3.641 -0.519 2.729
5 24 1.713 -1.622 3.107 0.939 -2.351 2.929 2.116 -2.44 2.03 0 -1.531 3.696
5 24 0 -1.531 3.696 0.939 -2.351 2.929 1.713 -1.622 3.107 0 -2.828 2.828
5 24 1.713 -1.622 3.107 0 -1.531 3.696 0.939 -2.351 2.929 1.35 -0.553 3.987
5 24 1.713 -1.622 3.107 1.35 -0.553 3.987 0 -1.531 3.696 3.229 -0.008 3.641
5 24 1.35 -0.553 3.987 0 -1.531 3.696 1.713 -1.622 3.107 0.528 0.326 4.276
5 24 0.528 0.326 4.276 0 -1.531 3.696 1.35 -0.553 3.987 0 0 4
5 24 1.35 -0.553 3.987 0.528 0.326 4.276 0 -1.531 3.696 1.001 1.068 4.536
5 24 3.229 -0.008 3.641 1.35 -0.553 3.987 1.713 -1.622 3.107 2.439 1.222 4.866
5 24 1.713 -1.622 3.107 3.229 -0.008 3.641 1.35 -0.553 3.987 3.641 -0.519 2.729
5 24 1.713 -1.622 3.107 3.641 -0.519 2.729 3.229 -0.008 3.641 2.116 -2.44 2.03
5 24 3.641 -0.519 2.729 3.229 -0.008 3.641 1.713 -1.622 3.107 5 2.376 3.821
5 24 5 2.376 3.821 3.229 -0.008 3.641 3.641 -0.519 2.729 4.483 2.893 4.796
5 24 3.641 -0.519 2.729 5 2.376 3.821 3.229 -0.008 3.641 5.733 3.022 2.491
5 24 3.641 -0.519 2.729 5.733 3.022 2.491 5 2.376 3.821 4.236 -0.44 1.207
5 24 6.776 5.471 3.771 5 2.376 3.821 5.733 3.022 2.491 6.072 5.381 5.098
5 24 5.733 3.022 2.491 6.776 5.471 3.771 5 2.376 3.821 6.909 5.599 2.551
5 24 6.909 5.599 2.551 5.822 3.106 1.665 6.718 5.926 1.625 5.733 3.022 2.491
5 24 5.822 3.106 1.665 6.718 5.926 1.625 6.909 5.599 2.551 5.838 3.945 0.717
5 24 5.822 3.106 1.665 5.838 3.945 0.717 6.718 5.926 1.625 4.543 0.045 -0.006
5 24 5.838 3.945 0.717 6.718 5.926 1.625 5.822 3.106 1.665 6.016 6.339 0.597
5 24 5.822 3.106 1.665 4.543 0.045 -0.006 5.838 3.945 0.717 4.236 -0.44 1.207
5 24 4.543 0.045 -0.006 5.838 3.945 0.717 5.822 3.106 1.665 4.152 0.348 -1.492
5 24 4.543 0.045 -0.006 4.152 0.348 -1.492 5.838 3.945 0.717 2.725 -2.771 -1.357
5 24 4.152 0.348 -1.492 5.838 3.945 0.717 4.543 0.045 -0.006 5.197 4.627 -0.283
5 24 4.152 0.348 -1.492 5.197 4.627 -0.283 5.838 3.945 0.717 3.824 1.812 -2.048
5 24 5.197 4.627 -0.283 5.838 3.945 0.717 4.152 0.348 -1.492 6.016 6.339 0.597
5 24 4.152 0.348 -1.492 3.824 1.812 -2.048 5.197 4.627 -0.283 2.318 -1.682 -3.021
5 24 3.824 1.812 -2.048 5.197 4.627 -0.283 4.152 0.348 -1.492 4.279 5.099 -0.869
5 24 4.152 0.348 -1.492 2.318 -1.682 -3.021 3.824 1.812 -2.048 2.725 -2.771 -1.357
5 24 2.318 -1.682 -3.021 3.824 1.812 -2.048 4.152 0.348 -1.492 1.976 0.063 -3.349
5 24 4.543 0.045 -0.006 2.725 -2.771 -1.357 4.152 0.348 -1.492 2.363 -2.984 0.328
5 24 2.725 -2.771 -1.357 4.152 0.348 -1.492 4.543 0.045 -0.006 2.318 -1.682 -3.021
5 24 4.236 -0.44 1.207 4.543 0.045 -0.006 5.822 3.106 1.665 2.363 -2.984 0.328
5 24 4.236 -0.44 1.207 2.363 -2.984 0.328 4.543 0.045 -0.006 2.116 -2.44 2.03
5 24 2.363 -2.984 0.328 4.543 0.045 -0.006 4.236 -0.44 1.207 2.725 -2.771 -1.357
5 24 5.822 3.106 1.665 5.733 3.022 2.491 4.236 -0.44 1.207 6.909 5.599 2.551
5 24 5.733 3.022 2.491 4.236 -0.44 1.207 5.822 3.106 1.665 3.641 -0.519 2.729
5 24 6.072 5.381 5.098 5 2.376 3.821 6.776 5.471 3.771 4.483 2.893 4.796
5 24 6.072 5.381 5.098 4.483 2.893 4.796 5 2.376 3.821 5.108 5.484 6.083
5 24 4.483 2.893 4.796 5 2.376 3.821 6.072 5.381 5.098 3.229 -0.008 3.641
5 24 5.108 5.484 6.083 4.483 2.893 4.796 6.072 5.381 5.098 3.289 3.119 5.621
5 24 3.641 -0.519 2.729 4.236 -0.44 1.207 5.733 3.022 2.491 2.116 -2.44 2.03
5 24 3.641 -0.519 2.729 2.116 -2.44 2.03 4.236 -0.44 1.207 1.713 -1.622 3.107
5 24 2.116 -2.44 2.03 4.236 -0.44 1.207 3.641 -0.519 2.729 2.363 -2.984 0.328
5 24 4.483 2.893 4.796 3.229 -0.008 3.641 5 2.376 3.821 2.439 1.222 4.866
5 24 2.439 1.222 4.866 3.229 -0.008 3.641 4.483 2.893 4.796 1.35 -0.553 3.987
5 24 4.483 2.893 4.796 3.289 3.119 5.621 2.439 1.222 4.866 5.108 5.484 6.083
5 24 3.289 3.119 5.621 2.439 1.222 4.866 4.483 2.893 4.796 1.326 2.273 5.019
5 24 2.439 1.222 4.866 1.35 -0.553 3.987 3.229 -0.008 3.641 1.001 1.068 4.536
5 24 2.439 1.222 4.866 1.001 1.068 4.536 1.35 -0.553 3.987 1.326 2.273 5.019
5 24 1.001 1.068 4.536 1.35 -0.553 3.987 2.439 1.222 4.866 0.528 0.326 4.276
5 24 1.326 2.273 5.019 1.001 1.068 4.536 2.439 1.222 4.866 0.647 2.421 4.609
5 24 2.439 1.222 4.866 1.326 2.273 5.019 1.001 1.068 4.536 3.289 3.119 5.621
5 24 0 -2.828 2.828 0.939 -2.351 2.929 0 -1.531 3.696 1.095 -3.454 1.6
5 24 0 -2.828 2.828 1.095 -3.454 1.6 0.939 -2.351 2.929 0 -3.696 1.531
5 24 0 -3.696 1.531 1.095 -3.454 1.6 0 -2.828 2.828 1.273 -3.673 -0.117
5 24 0 -3.696 1.531 1.273 -3.673 -0.117 1.095 -3.454 1.6 0.676 -3.919 -0.246
5 24 0 -3.696 1.531 0.676 -3.919 -0.246 1.273 -3.673 -0.117 0 -4 0
5 24 0.676 -3.919 -0.246 1.273 -3.673 -0.117 0 -3.696 1.531 1.545 -3.566 -1.943
5 24 0 -4 0 0.676 -3.919 -0.246 0 -3.696 1.531 0.675 -3.861 -1.951
5 24 0 -4 0 0.675 -3.861 -1.951 0.676 -3.919 -0.246 0 -3.696 -1.531
5 24 0.675 -3.861 -1.951 0.676 -3.919 -0.246 0 -4 0 1.545 -3.566 -1.943
5 24 0.675 -3.861 -1.951 1.545 -3.566 -1.943 0.676 -3.919 -0.246 1.21 -2.307 -3.288
5 24 1.545 -3.566 -1.943 0.676 -3.919 -0.246 0.675 -3.861 -1.951 1.273 -3.673 -0.117
5 24 0 -3.696 -1.531 0.675 -3.861 -1.951 0 -4 0 0 -2.828 -2.828
5 24 0.675 -3.861 -1.951 0 -2.828 -2.828 0 -3.696 -1.531 0.504 -2.629 -3.176
5 24 0.504 -2.629 -3.176 0.675 -3.861 -1.951 1.21 -2.307 -3.288 0 -2.828 -2.828
5 24 0.504 -2.629 -3.176 1.21 -2.307 -3.288 0.675 -3.861 -1.951 0 -1.531 -3.696
5 24 1.21 -2.307 -3.288 0.675 -3.861 -1.951 0.504 -2.629 -3.176 1.545 -3.566 -1.943
5 24 0.504 -2.629 -3.176 0 -1.531 -3.696 1.21 -2.307 -3.288 0 -2.828 -2.828
5 24 0 -1.531 -3.696 1.21 -2.307 -3.288 0.504 -2.629 -3.176 1.037 -0.674 -3.569
5 24 0.504 -2.629 -3.176 0 -2.828 -2.828 0 -1.531 -3.696 0.675 -3.861 -1.951
5 24 1.976 0.063 -3.349 3.824 1.812 -2.048 2.318 -1.682 -3.021 3.12 3.289 -2.191
5 24 3.12 3.289 -2.191 3.824 1.812 -2.048 1.976 0.063 -3.349 4.279 5.099 -0.869
5 24 4.279 5.099 -0.869 3.824 1.812 -2.048 3.12 3.289 -2.191 5.197 4.627 -0.283
5 24 3.12 3.289 -2.191 4.279 5.099 -0.869 3.824 1.812 -2.048 3.066 5.982 -0.865
5 24 0 -1.531 -3.696 0.473 0.386 -3.855 1.037 -0.674 -3.569 0 0 -4
5 24 0.473 0.386 -3.855 1.037 -0.674 -3.569 0 -1.531 -3.696 0.904 0.872 -3.656
5 24 0 0 -4 0.473 0.386 -3.855 0 -1.531 -3.696 0 1.531 -3.696
5 24 0 1.531 -3.696 0.473 0.386 -3.855 0 0 -4 0.904 0.872 -3.656
5 24 0 1.531 -3.696 0.904 0.872 -3.656 0.542 2.263 -3.26 0.473 0.386 -3.855
5 24 0 1.531 -3.696 0.542 2.263 -3.26 0 2.828 -2.828 0.904 0.872 -3.656
5 24 0 2.828 -2.828 0.542 2.263 -3.26 0 1.531 -3.696 0.474 3.845 -2.034
5 24 0.473 0.386 -3.855 0.904 0.872 -3.656 1.037 -0.674 -3.569 0 1.531 -3.696
5 24 1.551 1.562 -3.318 3.12 3.289 -2.191 1.976 0.063 -3.349 2.118 4.088 -2.128
5 24 1.551 1.562 -3.318 2.118 4.088 -2.128 3.12 3.289 -2.191 1.303 2.994 -2.777
5 24 2.118 4.088 -2.128 3.12 3.289 -2.191 1.551 1.562 -3.318 3.066 5.982 -0.865
5 24 3.066 5.982 -0.865 3.12 3.289 -2.191 2.118 4.088 -2.128 4.279 5.099 -0.869
5 24 2.118 4.088 -2.128 3.066 5.982 -0.865 3.12 3.289 -2.191 1.883 6.592 -0.205
5 24 2.118 4.088 -2.128 1.883 6.592 -0.205 3.066 5.982 -0.865 1.393 5.112 -1.293
5 24 1.883 6.592 -0.205 3.066 5.982 -0.865 2.118 4.088 -2.128 2.558 7.679 0.263
5 24 2.118 4.088 -2.128 1.393 5.112 -1.293 1.883 6.592 -0.205 1.303 2.994 -2.777
5 24 1.393 5.112 -1.293 1.883 6.592 -0.205 2.118 4.088 -2.128 0.961 6.781 0.428
5 24 1.393 5.112 -1.293 0.961 6.781 0.428 1.883 6.592 -0.205 0.788 5.545 -0.455
5 24 1.459 7.92 1.212 1.883 6.592 -0.205 0.961 6.781 0.428 2.558 7.679 0.263
5 24 0.961 6.781 0.428 1.459 7.92 1.212 1.883 6.592 -0.205 0.839 7.903 2.058
5 24 1.393 5.112 -1.293 0.788 5.545 -0.455 0.961 6.781 0.428 0.853 4.152 -1.907
5 24 0.788 5.545 -0.455 0.961 6.781 0.428 1.393 5.112 -1.293 0.413 6.398 1.463
5 24 0.788 5.545 -0.455 0.413 6.398 1.463 0.961 6.781 0.428 0.482 4.984 -0.704
5 24 0.413 6.398 1.463 0.961 6.781 0.428 0.788 5.545 -0.455 0.839 7.903 2.058
5 24 0.839 7.903 2.058 0.961 6.781 0.428 0.413 6.398 1.463 1.459 7.92 1.212
5 24 0.413 6.398 1.463 0.839 7.903 2.058 0.961 6.781 0.428 0.744 7.674 3.493
5 24 0.788 5.545 -0.455 0.482 4.984 -0.704 0.413 6.398 1.463 0.853 4.152 -1.907
5 24 0.482 4.984 -0.704 0.413 6.398 1.463 0.788 5.545 -0.455 0.224 5.181 0.796
5 24 1.393 5.112 -1.293 0.853 4.152 -1.907 0.788 5.545 -0.455 1.303 2.994 -2.777
5 24 0.853 4.152 -1.907 0.788 5.545 -0.455 1.393 5.112 -1.293 0.482 4.984 -0.704
5 24 2.118 4.088 -2.128 1.303 2.994 -2.777 1.393 5.112 -1.293 1.551 1.562 -3.318
5 24 1.303 2.994 -2.777 1.393 5.112 -1.293 2.118 4.088 -2.128 0.853 4.152 -1.907
5 24 0 2.828 -2.828 0.474 3.845 -2.034 0.542 2.263 -3.26 0.215 4.317 -1.238
5 24 0 2.828 -2.828 0.215 4.317 -1.238 0.474 3.845 -2.034 0 3.696 -1.531
5 24 0 3.696 -1.531 0.215 4.317 -1.238 0 2.828 -2.828 0.055 4.61 0.377
5 24 0.224 5.181 0.796 0.413 6.398 1.463 0.482 4.984 -0.704 0.224 5.468 2.787
5 24 0.224 5.468 2.787 0.413 6.398 1.463 0.224 5.181 0.796 0.432 6.274 3.237
5 24 0.432 6.274 3.237 0.413 6.398 1.463 0.224 5.468 2.787 0.744 7.674 3.493
5 24 0.224 5.468 2.787 0.432 6.274 3.237 0.413 6.398 1.463 0.593 5.55 4.124
5 24 0.744 7.674 3.493 0.413 6.398 1.463 0.432 6.274 3.237 0.839 7.903 2.058
5 24 0.432 6.274 3.237 0.744 7.674 3.493 0.413 6.398 1.463 1.109 7.337 4.794
5 24 0 3.696 -1.531 0.055 4.61 0.377 0.215 4.317 -1.238 0 4 0
5 24 0 4 0 0.055 4.61 0.377 0 3.696 -1.531 0 3.696 1.531
5 24 0.593 5.55 4.124 0.432 6.274 3.237 0.224 5.468 2.787 1.109 7.337 4.794
5 24 0.593 5.55 4.124 1.109 7.337 4.794 0.432 6.274 3.237 1.588 6.813 5.938
5 24 2.558 7.679 0.263 1.883 6.592 -0.205 1.459 7.92 1.212 3.066 5.982 -0.865
4 70 4.543 0.045 -0.006 3.439 -1.489 0.163 3.371 -1.66 -0.26 3.337 -1.824 -0.902
4 70 4.543 0.045 -0.006 3.337 -1.824 -0.902 3.174 -1.79 -1.399 4.152 0.348 -1.492
4 70 3.76 -0.086 -1.819 4.152 0.348 -1.492 3.174 -1.79 -1.399 3.046 -1.74 -1.67
3 70 3.046 -1.74 -1.67 3.24 -1.14 -1.84 3.76 -0.086 -1.819
3 70 3.76 -0.086 -1.819 4.073 0.7 -1.626 4.152 0.348 -1.492
3 70 4.152 0.348 -1.492 4.073 0.7 -1.626 4.337 1.107 -1.278
4 70 4.847 3.195 -0.688 4.337 1.107 -1.278 3.949 1.255 -1.837 4.392 2.977 -1.317
3 70 3.949 1.255 -1.837 3.824 1.812 -2.048 4.392 2.977 -1.317
3 70 3.824 1.812 -2.048 3.957 2.775 -1.703 4.392 2.977 -1.317
3 70 3.824 1.812 -2.048 3.582 2.319 -2.097 3.957 2.775 -1.703
4 70 2.893 1.62 -2.59 3.582 2.319 -2.097 3.824 1.812 -2.048 3.438 1.447 -2.319
3 70 3.635 1.373 -2.17 3.438 1.447 -2.319 3.824 1.812 -2.048
3 70 3.949 1.255 -1.837 3.635 1.373 -2.17 3.824 1.812 -2.048
4 70 4.337 1.107 -1.278 4.847 3.195 -0.688 5.185 3.34 -0.2 5.496 3.215 0.269
3 70 4.152 0.348 -1.492 4.337 1.107 -1.278 5.496 3.215 0.269
4 70 4.543 0.045 -0.006 4.152 0.348 -1.492 5.496 3.215 0.269 5.274 2.32 0.34
3 16 5.158 1.897 0.337 5.274 2.32 0.34 5.426 2.704 0.487
4 16 5.105 1.58 0.5 5.158 1.897 0.337 5.426 2.704 0.487 5.117 1.418 0.744
4 16 5.35 1.976 1.048 5.117 1.418 0.744 5.426 2.704 0.487 5.399 2.16 1.03
4 16 5.117 1.418 0.744 5.35 1.976 1.048 5.23 1.74 1.22 5.049 1.33 1.14
4 16 5.044 1.35 1.34 5.049 1.33 1.14 5.23 1.74 1.22 5.081 1.45 1.45
3 16 5.081 1.45 1.45 5.23 1.74 1.22 5.162 1.63 1.47
4 70 4.543 0.045 -0.006 4.236 -0.44 1.207 3.915 -0.87 0.95 3.672 -1.19 0.62
3 70 3.439 -1.489 0.163 4.543 0.045 -0.006 3.672 -1.19 0.62
4 70 5.049 1.33 1.14 4.236 -0.44 1.207 4.543 0.045 -0.006 5.117 1.418 0.744
3 70 4.543 0.045 -0.006 5.105 1.58 0.5 5.117 1.418 0.744
3 70 4.543 0.045 -0.006 5.158 1.897 0.337 5.105 1.58 0.5
3 70 4.543 0.045 -0.006 5.274 2.32 0.34 5.158 1.897 0.337
4 70 5.426 2.704 0.487 5.274 2.32 0.34 5.496 3.215 0.269 5.547 3.067 0.554
4 70 5.426 2.704 0.487 5.547 3.067 0.554 5.559 2.94 0.76 5.48 2.74 0.67
3 70 4.236 -0.44 1.207 5.049 1.33 1.14 5.044 1.35 1.34
3 70 4.236 -0.44 1.207 5.044 1.35 1.34 5.081 1.45 1.45
3 70 4.236 -0.44 1.207 5.081 1.45 1.45 5.303 2.027 2.122
4 70 5.303 2.027 2.122 5.081 1.45 1.45 5.162 1.63 1.47 5.421 2.25 1.85
4 70 5.525 2.396 1.277 5.162 1.63 1.47 5.23 1.74 1.22 5.35 1.976 1.048
4 70 5.525 2.396 1.277 5.35 1.976 1.048 5.399 2.16 1.03 5.472 2.35 1.11
4 70 4.236 -0.44 1.207 5.303 2.027 2.122 4.946 1.6 2.44 4.42 0.8 2.64
4 70 4.236 -0.44 1.207 4.42 0.8 2.64 4.078 0.221 2.679 3.727 -0.508 2.51
4 70 3.771 -0.81 1.57 4.236 -0.44 1.207 3.727 -0.508 2.51 3.165 -1.22 2.24
3 70 4.727 3.662 -0.888 5.197 4.627 -0.283 4.973 3.711 -0.542
3 70 4.308 3.54 -1.24 5.197 4.627 -0.283 4.727 3.662 -0.888
4 70 5.706 3.663 0.544 4.973 3.711 -0.542 5.197 4.627 -0.283 5.838 3.945 0.717
3 70 5.73 3.621 0.657 5.706 3.663 0.544 5.838 3.945 0.717
3 70 5.822 3.106 1.665 5.73 3.621 0.657 5.838 3.945 0.717
4 70 5.822 3.106 1.665 5.838 3.945 0.717 6.391 5.191 1.288 6.478 5.17 1.636
3 70 5.838 3.945 0.717 5.905 5.12 0.63 6.391 5.191 1.288
4 70 5.507 4.89 0.11 5.905 5.12 0.63 5.838 3.945 0.717 5.197 4.627 -0.283
3 70 5.822 3.106 1.665 6.478 5.17 1.636 6.711 5.144 2.389
4 70 5.822 3.106 1.665 6.711 5.144 2.389 6.554 4.951 3.499 5.733 3.022 2.491
4 70 5.733 3.022 2.491 6.554 4.951 3.499 6.224 4.51 3.787 5 2.376 3.821
4 70 5.359 2.389 2.534 5.733 3.022 2.491 5 2.376 3.821 4.86 1.73 2.98
3 70 4.356 1.005 3.304 4.86 1.73 2.98 5 2.376 3.821
4 70 4.356 1.005 3.304 5 2.376 3.821 3.538 0.408 3.672 3.441 0.14 3.54
3 70 5.359 2.389 2.534 5.556 2.613 2.339 5.733 3.022 2.491
3 70 5.556 2.613 2.339 5.822 3.106 1.665 5.733 3.022 2.491
3 70 5 2.376 3.821 6.224 4.51 3.787 5.406 3.514 4.305
3 70 5 2.376 3.821 5.406 3.514 4.305 4.666 2.71 4.45
4 70 5 2.376 3.821 4.666 2.71 4.45 4.32 2.19 4.37 3.538 0.408 3.672
4 16 5.399 2.16 1.03 5.426 2.704 0.487 5.48 2.74 0.67 5.472 2.35 1.11
4 16 5.472 2.35 1.11 5.48 2.74 0.67 5.559 2.94 0.76 5.525 2.396 1.277
4 16 5.822 3.106 1.665 5.525 2.396 1.277 5.559 2.94 0.76 5.73 3.621 0.657
3 16 5.559 2.94 0.76 5.547 3.067 0.554 5.73 3.621 0.657
4 16 5.73 3.621 0.657 5.547 3.067 0.554 5.496 3.215 0.269 5.706 3.663 0.544
4 16 5.706 3.663 0.544 5.496 3.215 0.269 5.185 3.34 -0.2 4.973 3.711 -0.542
3 16 4.847 3.195 -0.688 4.973 3.711 -0.542 5.185 3.34 -0.2
4 16 4.727 3.662 -0.888 4.973 3.711 -0.542 4.847 3.195 -0.688 4.392 2.977 -1.317
4 16 4.308 3.54 -1.24 4.727 3.662 -0.888 4.392 2.977 -1.317 3.957 2.775 -1.703
3 16 3.957 2.775 -1.703 4.279 5.099 -0.869 4.308 3.54 -1.24
3 16 4.308 3.54 -1.24 4.279 5.099 -0.869 5.197 4.627 -0.283
3 16 5.197 4.627 -0.283 4.279 5.099 -0.869 4.95 6.908 0.075
3 16 5.197 4.627 -0.283 4.95 6.908 0.075 6.016 6.339 0.597
3 16 5.197 4.627 -0.283 6.016 6.339 0.597 5.507 4.89 0.11
3 16 5.507 4.89 0.11 6.016 6.339 0.597 5.905 5.12 0.63
4 16 6.391 5.191 1.288 5.905 5.12 0.63 6.016 6.339 0.597 6.718 5.926 1.625
3 16 6.478 5.17 1.636 6.391 5.191 1.288 6.718 5.926 1.625
4 16 6.478 5.17 1.636 6.718 5.926 1.625 6.909 5.599 2.551 6.711 5.144 2.389
4 16 6.711 5.144 2.389 6.909 5.599 2.551 6.776 5.471 3.771 6.554 4.951 3.499
3 16 6.224 4.51 3.787 6.554 4.951 3.499 6.776 5.471 3.771
4 16 6.224 4.51 3.787 6.776 5.471 3.771 6.072 5.381 5.098 5.406 3.514 4.305
4 16 5.406 3.514 4.305 6.072 5.381 5.098 4.483 2.893 4.796 4.666 2.71 4.45
3 16 4.32 2.19 4.37 4.666 2.71 4.45 4.483 2.893 4.796
4 16 3.538 0.408 3.672 4.32 2.19 4.37 4.483 2.893 4.796 3.229 -0.008 3.641
3 16 3.229 -0.008 3.641 3.441 0.14 3.54 3.538 0.408 3.672
3 16 3.641 -0.519 2.729 3.441 0.14 3.54 3.229 -0.008 3.641
3 16 3.641 -0.519 2.729 4.356 1.005 3.304 3.441 0.14 3.54
3 16 3.641 -0.519 2.729 4.078 0.221 2.679 4.356 1.005 3.304
4 16 4.356 1.005 3.304 4.078 0.221 2.679 4.42 0.8 2.64 4.86 1.73 2.98
3 16 4.42 0.8 2.64 5.359 2.389 2.534 4.86 1.73 2.98
4 16 5.359 2.389 2.534 4.42 0.8 2.64 4.946 1.6 2.44 5.556 2.613 2.339
3 16 4.946 1.6 2.44 5.303 2.027 2.122 5.556 2.613 2.339
4 16 5.556 2.613 2.339 5.303 2.027 2.122 5.421 2.25 1.85 5.822 3.106 1.665
3 16 5.421 2.25 1.85 5.485 2.353 1.568 5.822 3.106 1.665
3 16 5.485 2.353 1.568 5.525 2.396 1.277 5.822 3.106 1.665
3 70 5.162 1.63 1.47 5.525 2.396 1.277 5.485 2.353 1.568
3 70 5.162 1.63 1.47 5.485 2.353 1.568 5.421 2.25 1.85
3 16 4.483 2.893 4.796 6.072 5.381 5.098 5.108 5.484 6.083
3 16 4.483 2.893 4.796 5.108 5.484 6.083 3.289 3.119 5.621
3 16 3.289 3.119 5.621 5.108 5.484 6.083 3.954 5.814 6.675
4 16 4.483 2.893 4.796 3.289 3.119 5.621 2.439 1.222 4.866 3.229 -0.008 3.641
3 16 1.35 -0.553 3.987 3.229 -0.008 3.641 2.439 1.222 4.866
3 16 1.713 -1.622 3.107 3.229 -0.008 3.641 1.35 -0.553 3.987
3 16 1.713 -1.622 3.107 1.35 -0.553 3.987 0 -1.531 3.696
3 16 1.713 -1.622 3.107 3.641 -0.519 2.729 3.229 -0.008 3.641
3 16 2.116 -2.44 2.03 3.641 -0.519 2.729 1.713 -1.622 3.107
4 16 3.641 -0.519 2.729 2.116 -2.44 2.03 3.165 -1.22 2.24 3.727 -0.508 2.51
3 16 3.641 -0.519 2.729 3.727 -0.508 2.51 4.078 0.221 2.679
3 16 2.116 -2.44 2.03 3.771 -0.81 1.57 3.165 -1.22 2.24
3 16 2.116 -2.44 2.03 4.236 -0.44 1.207 3.771 -0.81 1.57
3 16 2.363 -2.984 0.328 4.236 -0.44 1.207 2.116 -2.44 2.03
3 16 1.095 -3.454 1.6 2.363 -2.984 0.328 2.116 -2.44 2.03
3 16 1.095 -3.454 1.6 2.116 -2.44 2.03 0.939 -2.351 2.929
3 16 2.116 -2.44 2.03 1.713 -1.622 3.107 0.939 -2.351 2.929
3 16 0.939 -2.351 2.929 1.713 -1.622 3.107 0 -1.531 3.696
3 16 0 -2.828 2.828 0.939 -2.351 2.929 0 -1.531 3.696
3 16 1.095 -3.454 1.6 0.939 -2.351 2.929 0 -2.828 2.828
3 16 0 -3.696 1.531 1.095 -3.454 1.6 0 -2.828 2.828
3 16 0 -3.696 1.531 1.273 -3.673 -0.117 1.095 -3.454 1.6
3 16 1.273 -3.673 -0.117 2.363 -2.984 0.328 1.095 -3.454 1.6
3 16 1.273 -3.673 -0.117 2.725 -2.771 -1.357 2.363 -2.984 0.328
3 16 1.273 -3.673 -0.117 1.545 -3.566 -1.943 2.725 -2.771 -1.357
3 16 0.676 -3.919 -0.246 1.545 -3.566 -1.943 1.273 -3.673 -0.117
3 16 0.676 -3.919 -0.246 1.273 -3.673 -0.117 0 -3.696 1.531
3 16 0 -4 0 0.676 -3.919 -0.246 0 -3.696 1.531
3 16 0 -4 0 0.675 -3.861 -1.951 0.676 -3.919 -0.246
3 16 0.676 -3.919 -0.246 0.675 -3.861 -1.951 1.545 -3.566 -1.943
3 16 0.675 -3.861 -1.951 1.21 -2.307 -3.288 1.545 -3.566 -1.943
3 16 0.675 -3.861 -1.951 0.504 -2.629 -3.176 1.21 -2.307 -3.288
3 16 0.504 -2.629 -3.176 0 -1.531 -3.696 1.21 -2.307 -3.288
4 16 1.037 -0.674 -3.569 1.21 -2.307 -3.288 0 -1.531 -3.696 0.473 0.386 -3.855
3 16 1.21 -2.307 -3.288 1.037 -0.674 -3.569 1.976 0.063 -3.349
3 16 1.21 -2.307 -3.288 1.976 0.063 -3.349 2.318 -1.682 -3.021
3 16 1.545 -3.566 -1.943 1.21 -2.307 -3.288 2.318 -1.682 -3.021
3 16 1.545 -3.566 -1.943 2.318 -1.682 -3.021 2.725 -2.771 -1.357
4 16 2.725 -2.771 -1.357 2.318 -1.682 -3.021 3.046 -1.74 -1.67 3.174 -1.79 -1.399
3 16 2.725 -2.771 -1.357 3.174 -1.79 -1.399 3.337 -1.824 -0.902
4 16 2.725 -2.771 -1.357 3.337 -1.824 -0.902 3.371 -1.66 -0.26 2.363 -2.984 0.328
3 16 2.363 -2.984 0.328 3.371 -1.66 -0.26 3.439 -1.489 0.163
3 16 2.363 -2.984 0.328 3.439 -1.489 0.163 3.672 -1.19 0.62
3 16 2.363 -2.984 0.328 3.672 -1.19 0.62 3.915 -0.87 0.95
3 16 2.363 -2.984 0.328 3.915 -0.87 0.95 4.236 -0.44 1.207
3 16 3.046 -1.74 -1.67 2.318 -1.682 -3.021 3.24 -1.14 -1.84
3 16 2.318 -1.682 -3.021 3.76 -0.086 -1.819 3.24 -1.14 -1.84
4 16 3.76 -0.086 -1.819 2.318 -1.682 -3.021 3.635 1.373 -2.17 4.073 0.7 -1.626
3 16 4.073 0.7 -1.626 3.635 1.373 -2.17 3.949 1.255 -1.837
3 16 4.073 0.7 -1.626 3.949 1.255 -1.837 4.337 1.107 -1.278
4 16 3.635 1.373 -2.17 2.318 -1.682 -3.021 1.976 0.063 -3.349 3.438 1.447 -2.319
3 16 1.976 0.063 -3.349 2.893 1.62 -2.59 3.438 1.447 -2.319
4 16 3.12 3.289 -2.191 2.893 1.62 -2.59 1.976 0.063 -3.349 1.551 1.562 -3.318
3 16 2.893 1.62 -2.59 3.12 3.289 -2.191 3.582 2.319 -2.097
4 16 3.957 2.775 -1.703 3.582 2.319 -2.097 3.12 3.289 -2.191 4.279 5.099 -0.869
3 16 3.12 3.289 -2.191 3.066 5.982 -0.865 4.279 5.099 -0.869
4 16 4.279 5.099 -0.869 3.066 5.982 -0.865 3.799 7.36 -0.078 4.95 6.908 0.075
3 16 3.12 3.289 -2.191 2.118 4.088 -2.128 3.066 5.982 -0.865
3 16 1.551 1.562 -3.318 2.118 4.088 -2.128 3.12 3.289 -2.191
3 16 1.551 1.562 -3.318 1.303 2.994 -2.777 2.118 4.088 -2.128
3 16 1.976 0.063 -3.349 0.904 0.872 -3.656 1.551 1.562 -3.318
3 16 1.037 -0.674 -3.569 0.904 0.872 -3.656 1.976 0.063 -3.349
3 16 1.037 -0.674 -3.569 0.473 0.386 -3.855 0.904 0.872 -3.656
3 16 0 -1.531 -3.696 0 0 -4 0.473 0.386 -3.855
3 16 0 0 -4 0 1.531 -3.696 0.473 0.386 -3.855
3 16 0.473 0.386 -3.855 0 1.531 -3.696 0.542 2.263 -3.26
3 16 0.473 0.386 -3.855 0.542 2.263 -3.26 0.904 0.872 -3.656
3 16 0.904 0.872 -3.656 0.542 2.263 -3.26 1.303 2.994 -2.777
3 16 0.904 0.872 -3.656 1.303 2.994 -2.777 1.551 1.562 -3.318
