0 ~Wheel Rim  6.4 x 11 Body
0 Name: s\93593s01.dat
0 Author: Philippe Hurbain [Philo]
0 !LDRAW_ORG Subpart UPDATE 2022-01
0 !LICENSE Licensed under CC BY 4.0 : see CAreadme.txt

0 BFC CERTIFY CCW

0 !HISTORY 2012-08-09 [PTadmin] Official Update 2012-02
0 !HISTORY 2021-01-18 [Philo] Rotated cross hole 45°, improved code.
0 !HISTORY 2022-01-14 [PTadmin] Official Update 2022-01


0 // To be used with 9359x wheels (Cars2 sets)

1 16 0 0 8 9.899 0 9.899 -9.899 0 9.899 0 -1 0 3-4edge.dat
1 16 0 0 8 -5.358 0 12.934 -12.934 0 -5.358 0 -1 0 1-8edge.dat
1 16 0 0 8 8.485 0 8.485 -8.485 0 8.485 0 -1 0 3-4edge.dat
1 16 0 0 8 -4.592 0 11.087 -11.087 0 -4.592 0 -1 0 1-8edge.dat
1 16 0 0 3 -14 0 0 0 0 -14 0 -1 0 4-4edge.dat
1 16 0 0 -3 9.89949 0 -9.89949 9.89949 0 9.89949 0 -1 0 1-4edge.dat
1 16 0 0 -5 -9.89949 0 -9.89949 9.89949 0 -9.89949 0 -1 0 1-4edge.dat
1 16 0 0 -3 -9.89949 0 9.89949 -9.89949 0 -9.89949 0 -1 0 1-4edge.dat
1 16 0 0 -5 9.89949 0 9.89949 -9.89949 0 9.89949 0 -1 0 1-4edge.dat
1 16 0 0 -2 -12 0 0 0 0 -12 0 -1 0 4-4edge.dat
1 16 0 0 3 -2 0 0 0 0 -2 0 -1 0 4-4con6.dat
1 16 0 0 -3 1.41421 0 -1.41421 -1.41421 0 -1.41421 0 1 0 1-4con6.dat
1 16 0 0 -3 1.41421 0 -1.41421 1.41421 0 1.41421 0 1 0 1-4con6.dat
1 16 0 0 2 -12 0 0 0 0 -12 0 -1 0 4-4edge.dat
1 16 0 0 -8 -14 0 0 0 0 -14 0 -1 0 4-4edge.dat
1 16 0 0 8 1.414 0 1.414 -1.414 0 1.414 0 -1 0 2-4ring6.dat
1 16 0 0 8 -1.414 0 -1.414 1.414 0 -1.414 0 -1 0 1-4ring6.dat
1 16 0 0 8 -0.765 0 1.848 -1.848 0 -0.765 0 -1 0 1-8ring6.dat
1 16 0 0 -2 12 0 0 0 0 -12 0 4 0 4-4cyli.dat
1 16 0 0 -8 14 0 0 0 0 -14 0 3 0 4-4cyli.dat
1 16 0 0 -5 9.89949 0 -9.89949 -9.89949 0 -9.89949 0 2 0 1-4cyli.dat
1 16 0 0 -5 -9.89949 0 9.89949 9.89949 0 9.89949 0 2 0 1-4cyli.dat
1 16 0 0 3 14 0 0 0 0 -14 0 2 0 4-4cyli.dat
1 16 0 0 5 -9.899 0 -9.899 -9.899 0 9.899 0 3 0 3-4cyli.dat
1 16 0 0 5 5.358 0 -12.934 -12.934 0 -5.358 0 3 0 1-8cyli.dat
1 16 0 0 5 -9.899 0 9.899 -9.899 0 -9.899 0 -1 0 1-16edge.dat
1 16 0 0 5 5.358 0 12.934 -12.934 0 5.358 0 -1 0 1-16edge.dat
0 BFC INVERTNEXT
1 16 0 0 5 -8.485 0 -8.485 -8.485 0 8.485 0 3 0 3-4cyli.dat
0 BFC INVERTNEXT
1 16 0 0 5 4.592 0 -11.087 -11.087 0 -4.592 0 3 0 1-8cyli.dat
1 16 0 0 5 -12 0 0 0 0 -12 0 -1 0 4-4edge.dat
1 16 -4.97 -12.01 6.5 -0.383 0 0 -0.924 -1 0 0 0 1.5 rect.dat
1 16 9.19 -9.19 6.5 0.707 0 0 -0.707 1 0 0 0 1.5 rect.dat
1 16 4.97 -12.01 6.5 0.383 0 0 -0.924 -1 0 0 0 1.5 rect.dat
1 16 -9.19 -9.19 6.5 -0.707 0 0 -0.707 1 0 0 0 1.5 rect.dat
0 BFC INVERTNEXT
1 16 0 0 -3 4 0 0 0 0 -4 0 1 0 4-4cyli.dat
1 16 0 0 -3 4 0 0 0 0 -4 0 1 0 4-4edge.dat
1 16 0 0 -2 -6 0 0 0 0 -6 0 -1 0 4-4edge.dat
1 16 0 0 3 8 0 0 0 0 -8 0 1 0 4-4edge.dat
1 16 0 0 3 -1 0 0 0 0 -1 0 -1 0 4-4ring7.dat
0 BFC INVERTNEXT
1 16 0 0 5 -4 0 0 0 0 -4 0 -2 0 4-4con2.dat
1 16 0 0 -2 -4 0 0 0 0 -4 0 -0.5 0 4-4con2.dat
1 16 0 0 -2.5 -4 0 0 0 0 -4 0 -0.5 0 4-4con1.dat
1 16 2 -2 3 5 0 0 0 0 -5 0 5 0 1-4cylo.dat
1 16 2 -2 8 5 0 0 0 0 -5 0 -1 0 1-4chrd.dat
1 16 0 -7 5.5 2 0 0 0 1 0 0 0 2.5 rect2p.dat
1 16 2 2 3 0 0 5 5 0 0 0 5 0 1-4cylo.dat
1 16 2 2 8 0 0 5 5 0 0 0 -1 0 1-4chrd.dat
1 16 7 0 5.5 0 -1 0 2 0 0 0 0 2.5 rect2p.dat
1 16 -2 -2 3 0 0 -5 -5 0 0 0 5 0 1-4cylo.dat
1 16 -2 -2 8 0 0 -5 -5 0 0 0 -1 0 1-4chrd.dat
1 16 -7 0 5.5 0 1 0 -2 0 0 0 0 2.5 rect2p.dat
1 16 -2 2 3 -5 0 0 0 0 5 0 5 0 1-4cylo.dat
1 16 -2 2 8 -5 0 0 0 0 5 0 -1 0 1-4chrd.dat
1 16 0 7 5.5 -2 0 0 0 -1 0 0 0 2.5 rect2p.dat
2 24 -9.899 -9.899 -3 -9.899 -9.899 -5
2 24 8.485 -8.485 -5 9.899 -9.899 -5
2 24 9.899 -9.899 -3 8.485 -8.485 -2
4 16 8.485 -8.485 -2 9.899 -9.899 -3 9.899 -9.899 -5 8.485 -8.485 -5
2 24 -8.485 -8.485 -5 -9.899 -9.899 -5
2 24 -9.899 -9.899 -3 -8.485 -8.485 -2
4 16 -9.9 -9.9 -3 -8.485 -8.485 -2 -8.485 -8.485 -5 -9.9 -9.9 -5
2 24 -8.485 8.485 -5 -9.899 9.899 -5
2 24 -9.899 9.899 -3 -8.485 8.485 -2
4 16 -8.485 8.485 -2 -9.899 9.899 -3 -9.899 9.899 -5 -8.485 8.485 -5
2 24 8.485 8.485 -5 9.899 9.899 -5
2 24 9.899 9.899 -3 8.485 8.485 -2
4 16 9.9 9.9 -3 8.485 8.485 -2 8.485 8.485 -5 9.9 9.9 -5
2 24 -9.899 9.899 -3 -9.899 9.899 -5
2 24 9.899 -9.899 -3 9.899 -9.899 -5
2 24 9.899 9.899 -3 9.899 9.899 -5
1 16 -2.2378 4.403 3 -0.7069 1 0 0.70695 0 0 0 0 -5 rect.dat
1 16 -4.403 2.2378 3 0 -1 0.70695 -0.00005 0 -0.70695 5 0 0 rect.dat
4 16 -5.1099 2.9447 8 -5.1099 2.9448 -2 -4.2426 4.2426 -2 -4.2426 4.2426 8
4 16 -2.2961 5.5433 8 -2.9447 5.1099 8 -1.5309 3.696 8 2.1648 5.2263 8
2 24 -5.1099 2.9447 8 -4.2426 4.2426 8
2 24 -4.2426 4.2426 8 -2.9447 5.1099 8
4 16 -4.2426 4.2426 8 -4.2426 4.2426 -2 -2.9448 5.1099 -2 -2.9447 5.1099 8
5 24 -4.2426 4.2426 -2 -4.2426 4.2426 8 -5.1099 2.9448 -2 -2.9448 5.1099 -2
1 16 0 0 8 -1.53073 0 3.69552 3.69552 0 1.53073 0 1 0 1-8edge.dat
1 16 0 0 -2 -3.69552 0 1.53073 1.53073 0 3.69552 0 1 0 1-8edge.dat
1 16 0 0 8 -1.53073 0 3.69552 3.69552 0 1.53073 0 -1 0 1-8ndis.dat
0 BFC INVERTNEXT
1 16 0 0 8 -1.53073 0 3.69552 3.69552 0 1.53073 0 -10 0 1-8cyli.dat
1 16 0 0 -2 -0.76537 0 -1.84776 1.84776 0 -0.76537 0 -1 0 1-8ring2.dat
3 16 -2.9447 5.1099 8 -2.2961 5.5433 8 -2 7 8
3 16 -2.9447 5.1099 8 -2 7 8 -4.2426 4.2426 8
3 16 -4.2426 4.2426 8 -2 7 8 -7 2 8
3 16 -4.2426 4.2426 8 -7 2 8 -5.1099 2.9447 8
3 16 -5.1099 2.9447 8 -7 2 8 -5.2263 2.1648 8
4 16 -2.2961 5.5433 8 2.1648 5.2263 8 2 7 8 -2 7 8
1 16 -4.403 -2.2378 3 -0.70695 0 0 -0.7069 1 0 0 0 -5 rect.dat
1 16 -2.2378 -4.403 3 0.00005 0 0.70695 0 -1 0.70695 5 0 0 rect.dat
4 16 -2.9447 -5.1099 8 -2.9448 -5.1099 -2 -4.2426 -4.2426 -2 -4.2426 -4.2426 8
4 16 -5.5433 -2.2961 8 -5.1099 -2.9447 8 -3.696 -1.5309 8 -5.2263 2.1648 8
2 24 -2.9447 -5.1099 8 -4.2426 -4.2426 8
2 24 -4.2426 -4.2426 8 -5.1099 -2.9447 8
4 16 -4.2426 -4.2426 8 -4.2426 -4.2426 -2 -5.1099 -2.9448 -2 -5.1099 -2.9447 8
5 24 -4.2426 -4.2426 -2 -4.2426 -4.2426 8 -2.9448 -5.1099 -2 -5.1099 -2.9448 -2
1 16 0 0 8 -3.69552 0 -1.53073 -1.53073 0 3.69552 0 1 0 1-8edge.dat
1 16 0 0 -2 -1.53073 0 -3.69552 -3.69552 0 1.53073 0 1 0 1-8edge.dat
1 16 0 0 8 -3.69552 0 -1.53073 -1.53073 0 3.69552 0 -1 0 1-8ndis.dat
0 BFC INVERTNEXT
1 16 0 0 8 -3.69552 0 -1.53073 -1.53073 0 3.69552 0 -10 0 1-8cyli.dat
1 16 0 0 -2 -1.84776 0 0.76537 -0.76537 0 -1.84776 0 -1 0 1-8ring2.dat
3 16 -5.1099 -2.9447 8 -5.5433 -2.2961 8 -7 -2 8
3 16 -5.1099 -2.9447 8 -7 -2 8 -4.2426 -4.2426 8
3 16 -4.2426 -4.2426 8 -7 -2 8 -2 -7 8
3 16 -4.2426 -4.2426 8 -2 -7 8 -2.9447 -5.1099 8
4 16 -5.5433 -2.2961 8 -5.2263 2.1648 8 -7 2 8 -7 -2 8
3 16 -5.1099 2.9447 8 -5.2263 2.1648 8 -3.696 1.5309 8
3 16 2.9447 5.1099 8 2.1648 5.2263 8 1.5309 3.696 8
1 16 2.2378 -4.403 3 0.7069 -1 0 -0.70695 0 0 0 0 -5 rect.dat
1 16 4.403 -2.2378 3 0 1 -0.70695 0.00005 0 0.70695 5 0 0 rect.dat
4 16 5.1099 -2.9447 8 5.1099 -2.9448 -2 4.2426 -4.2426 -2 4.2426 -4.2426 8
4 16 2.2961 -5.5433 8 2.9447 -5.1099 8 1.5309 -3.696 8 -2.1648 -5.2263 8
2 24 5.1099 -2.9447 8 4.2426 -4.2426 8
2 24 4.2426 -4.2426 8 2.9447 -5.1099 8
4 16 4.2426 -4.2426 8 4.2426 -4.2426 -2 2.9448 -5.1099 -2 2.9447 -5.1099 8
5 24 4.2426 -4.2426 -2 4.2426 -4.2426 8 5.1099 -2.9448 -2 2.9448 -5.1099 -2
1 16 0 0 8 1.53073 0 -3.69552 -3.69552 0 -1.53073 0 1 0 1-8edge.dat
1 16 0 0 -2 3.69552 0 -1.53073 -1.53073 0 -3.69552 0 1 0 1-8edge.dat
1 16 0 0 8 1.53073 0 -3.69552 -3.69552 0 -1.53073 0 -1 0 1-8ndis.dat
0 BFC INVERTNEXT
1 16 0 0 8 1.53073 0 -3.69552 -3.69552 0 -1.53073 0 -10 0 1-8cyli.dat
1 16 0 0 -2 0.76537 0 1.84776 -1.84776 0 0.76537 0 -1 0 1-8ring2.dat
3 16 2.9447 -5.1099 8 2.2961 -5.5433 8 2 -7 8
3 16 2.9447 -5.1099 8 2 -7 8 4.2426 -4.2426 8
3 16 4.2426 -4.2426 8 2 -7 8 7 -2 8
3 16 4.2426 -4.2426 8 7 -2 8 5.1099 -2.9447 8
3 16 5.1099 -2.9447 8 7 -2 8 5.2263 -2.1648 8
4 16 2.2961 -5.5433 8 -2.1648 -5.2263 8 -2 -7 8 2 -7 8
1 16 4.403 2.2378 3 0.70695 0 0 0.7069 -1 0 0 0 -5 rect.dat
1 16 2.2378 4.403 3 -0.00005 0 -0.70695 0 1 -0.70695 5 0 0 rect.dat
4 16 2.9447 5.1099 8 2.9448 5.1099 -2 4.2426 4.2426 -2 4.2426 4.2426 8
4 16 5.5433 2.2961 8 5.1099 2.9447 8 3.696 1.5309 8 5.2263 -2.1648 8
2 24 2.9447 5.1099 8 4.2426 4.2426 8
2 24 4.2426 4.2426 8 5.1099 2.9447 8
4 16 4.2426 4.2426 8 4.2426 4.2426 -2 5.1099 2.9448 -2 5.1099 2.9447 8
5 24 4.2426 4.2426 -2 4.2426 4.2426 8 2.9448 5.1099 -2 5.1099 2.9448 -2
1 16 0 0 8 3.69552 0 1.53073 1.53073 0 -3.69552 0 1 0 1-8edge.dat
1 16 0 0 -2 1.53073 0 3.69552 3.69552 0 -1.53073 0 1 0 1-8edge.dat
1 16 0 0 8 3.69552 0 1.53073 1.53073 0 -3.69552 0 -1 0 1-8ndis.dat
0 BFC INVERTNEXT
1 16 0 0 8 3.69552 0 1.53073 1.53073 0 -3.69552 0 -10 0 1-8cyli.dat
1 16 0 0 -2 1.84776 0 -0.76537 0.76537 0 1.84776 0 -1 0 1-8ring2.dat
3 16 5.1099 2.9447 8 5.5433 2.2961 8 7 2 8
3 16 5.1099 2.9447 8 7 2 8 4.2426 4.2426 8
3 16 4.2426 4.2426 8 7 2 8 2 7 8
3 16 4.2426 4.2426 8 2 7 8 2.9447 5.1099 8
4 16 5.5433 2.2961 8 5.2263 -2.1648 8 7 -2 8 7 2 8
3 16 5.1099 -2.9447 8 5.2263 -2.1648 8 3.696 -1.5309 8
3 16 -2.9447 -5.1099 8 -2.1648 -5.2263 8 -1.5309 -3.696 8
3 16 -2.1648 -5.2263 8 -2.9447 -5.1099 8 -2 -7 8
3 16 2 7 8 2.1648 5.2263 8 2.9447 5.1099 8

1 16 0 0 5 0.76537 0 1.84776 -1.84776 0 0.76537 0 -2 0 1-16ring6.dat

1 16 0 0 5 -0.76537 0 -1.84776 -1.84776 0 0.76537 0 -2 0 1-16ring6.dat
