0 ~Tile  1 x  1 Round with Ladybug Pattern - Half
0 Name: s\98138p1hs01.dat
0 Author: Vincent Messenet [Cheenzo]
0 !LDRAW_ORG Subpart UPDATE 2022-03
0 !LICENSE Licensed under CC BY 4.0 : see CAreadme.txt

0 BFC CERTIFY CCW

0 !HISTORY 2022-05-07 [PTadmin] Official Update 2022-03


1 0 -5.69 0 -3.31 .6 0 0 0 1 0 0 0 .6 4-4disc.dat
1 15 -5.69 0 -3.31 .6 0 0 0 1 0 0 0 .6 4-4ndis.dat
1 15 -5.77 0 -3.23 1.25 0 0 0 1 0 0 0 1.25 1-4chrd.dat
1 15 -5.77 0 -3.23 -1.25 0 0 0 1 0 0 0 1.25 1-4chrd.dat
1 15 -5.77 0 -3.23 -1.25 0 0 0 1 0 0 0 -1.25 1-4chrd.dat
1 15 -5.77 0 -3.23 1.25 0 0 0 1 0 0 0 -1.25 1-8chrd.dat
1 15 -5.77 0 -3.23 0 0 1.25 0 1 0 -1.25 0 0 1-8chrd.dat
1 0 -5.77 0 -3.23 1.25 0 0 0 1 0 0 0 1.25 4-4ndis.dat
1 0 -4 0 5 1.75 0 0 0 1 0 0 0 1.75 4-4disc.dat
1 16 -4 0 5 1.75 0 0 0 1 0 0 0 1.75 4-4ndis.dat
1 0 1.6 0 6.4 1.5 0 0 0 1 0 0 0 1.5 4-4disc.dat
1 16 1.6 0 6.4 1.5 0 0 0 1 0 0 0 1.5 4-4ndis.dat
4 0 -7.02 0 -3.23 -7.02 0 -1.98 -9 0 0 -8.32 0 -3.44
3 0 -7.02 0 -3.23 -8.32 0 -3.44 -7.02 0 -4.48
3 0 -6.36 0 -6.36 -7.02 0 -4.48 -8.32 0 -3.44
3 0 -7.02 0 -4.48 -6.36 0 -6.36 -5.77 0 -4.48
3 0 -4.52 0 -4.48 -5.77 0 -4.48 -6.36 0 -6.36
3 0 -4.52 0 -4.48 -2.74 0 -2.57 -4.52 0 -3.23
4 0 -4.52 0 -3.23 -2.74 0 -2.57 -3.52 0 -1.86 -4.52 0 -1.98
4 0 -3.52 0 -1.86 -4.5 0 -1.21 -5.77 0 -1.98 -4.52 0 -1.98
4 0 -4.5 0 -1.21 -5.56 0 -.68 -7.02 0 -1.98 -5.77 0 -1.98
3 0 -7.02 0 -1.98 -5.56 0 -.68 -6.67 0 -.31
4 0 -6.67 0 -.31 -7.83 0 -.078 -9 0 0 -7.02 0 -1.98
4 0 -8.92 0 -1.17 -8.69 0 -2.33 -8.32 0 -3.44 -9 0 0
4 0 -8.32 0 -3.44 -7.79 0 -4.5 -7.14 0 -5.48 -6.36 0 -6.36
3 15 -6.29 0 -2.71 -5.77 0 -1.98 -7.02 0 -3.23
3 15 -6.29 0 -2.71 -7.02 0 -3.23 -6.29 0 -3.31
3 15 -6.29 0 -3.31 -7.02 0 -3.23 -6.29 0 -3.91
3 15 -5.77 0 -4.48 -6.29 0 -3.91 -7.02 0 -3.23
3 15 -6.29 0 -3.91 -5.77 0 -4.48 -5.69 0 -3.91
4 15 -5.77 0 -4.48 -4.886125 0 -4.113875 -5.09 0 -3.91 -5.69 0 -3.91
4 15 -4.886125 0 -4.113875 -4.52 0 -3.23 -5.09 0 -3.31 -5.09 0 -3.91
3 15 -5.09 0 -3.31 -4.52 0 -3.23 -5.09 0 -2.71
3 15 -4.52 0 -3.23 -5.77 0 -1.98 -5.09 0 -2.71
3 15 -5.09 0 -2.71 -5.77 0 -1.98 -5.69 0 -2.71
3 15 -5.69 0 -2.71 -5.77 0 -1.98 -6.29 0 -2.71
4 16 -1.41 0 1.41 -4 0 3.25 -5.56 0 -.68 -4.5 0 -1.21
4 16 -4 0 3.25 -5.75 0 3.25 -6.67 0 -.31 -5.56 0 -.68
4 16 -5.75 0 3.25 -9.239 0 3.827 -7.83 0 -.078 -6.67 0 -.31
3 16 -7.83 0 -.078 -9.239 0 3.827 -9 0 0
4 16 -5.75 0 3.25 -5.75 0 5 -7.071 0 7.071 -9.239 0 3.827
3 16 -7.071 0 7.071 -5.75 0 5 -5.75 0 6.75
4 16 -7.071 0 7.071 -5.75 0 6.75 -4 0 6.75 -3.827 0 9.239
3 16 -3.827 0 9.239 -4 0 6.75 -2.25 0 6.75
4 16 -3.827 0 9.239 -2.25 0 6.75 .1 0 7.9 0 0 10
4 16 .1 0 7.9 -2.25 0 6.75 -2.25 0 5 .1 0 6.4
4 16 .1 0 6.4 -2.25 0 5 -2.25 0 3.25 .1 0 4.9
4 16 -1 0 1.73 .1 0 4.9 -2.25 0 3.25 -1.22 0 1.59
3 16 -1 0 1.73 -.77 0 1.85 .1 0 4.9
4 16 -1.22 0 1.59 -2.25 0 3.25 -4 0 3.25 -1.41 0 1.41
4 16 1.22 0 1.59 1.6 0 4.9 .1 0 4.9 1 0 1.73
4 16 3.1 0 4.9 1.6 0 4.9 1.22 0 1.59 1.32 0 1.5
3 16 .77 0 1.85 1 0 1.73 .1 0 4.9
3 16 1.32 0 1.5 6.26 0 6.44 3.1 0 4.9
3 16 7.071 0 7.071 3.1 0 4.9 6.26 0 6.44
3 16 3.1 0 4.9 7.071 0 7.071 3.1 0 6.4
4 16 3.1 0 6.4 7.071 0 7.071 3.827 0 9.239 3.1 0 7.9
4 16 3.827 0 9.239 0 0 10 1.6 0 7.9 3.1 0 7.9
3 16 1.6 0 7.9 0 0 10 .1 0 7.9
4 16 -1.73 0 -1 -4.5 0 -1.21 -3.52 0 -1.86 -1.59 0 -1.22
3 16 -1.73 0 -1 -1.85 0 -.77 -4.5 0 -1.21
4 16 -2.74 0 -2.57 -1.5 0 -1.32 -1.59 0 -1.22 -3.52 0 -1.86
3 16 -1.98 0 -.26 -2 0 0 -4.5 0 -1.21
3 16 -1.93 0 -.52 -1.98 0 -.26 -4.5 0 -1.21
3 16 -1.85 0 -.77 -1.93 0 -.52 -4.5 0 -1.21
3 16 -1.93 0 .52 -1.85 0 .77 -4.5 0 -1.21
3 16 -1.98 0 .26 -1.93 0 .52 -4.5 0 -1.21
3 16 -2 0 0 -1.98 0 .26 -4.5 0 -1.21
3 16 -1.59 0 1.22 -1.41 0 1.41 -4.5 0 -1.21
3 16 -1.73 0 1 -1.59 0 1.22 -4.5 0 -1.21
3 16 -1.85 0 .77 -1.73 0 1 -4.5 0 -1.21
3 16 -.26 0 1.98 0 0 2 .1 0 4.9
3 16 -.52 0 1.93 -.26 0 1.98 .1 0 4.9
3 16 -.77 0 1.85 -.52 0 1.93 .1 0 4.9
3 16 .52 0 1.93 .77 0 1.85 .1 0 4.9
3 16 .26 0 1.98 .52 0 1.93 .1 0 4.9
3 16 0 0 2 .26 0 1.98 .1 0 4.9
3 16 -7.071 0 -7.071 -6.36 0 -6.36 -7.14 0 -5.48
4 16 -7.071 0 -7.071 -7.14 0 -5.48 -7.79 0 -4.5 -9.239 0 -3.827
3 16 -9.239 0 -3.827 -7.79 0 -4.5 -8.32 0 -3.44
3 16 -8.32 0 -3.44 -8.69 0 -2.33 -9.239 0 -3.827
4 16 -8.69 0 -2.33 -8.92 0 -1.17 -10 0 0 -9.239 0 -3.827
3 16 -10 0 0 -8.92 0 -1.17 -9 0 0
3 16 -10 0 0 -9 0 0 -9.239 0 3.827
4 0 1.32 0 1.5 1.22 0 1.59 -1.59 0 -1.22 -1.5 0 -1.32
4 0 -1.73 0 -1 -1.59 0 -1.22 1.22 0 1.59 1 0 1.73
4 0 -1.73 0 -1 1 0 1.73 .77 0 1.85 -1.85 0 -.77
4 0 -1.93 0 -.52 -1.85 0 -.77 .77 0 1.85 .52 0 1.93
4 0 -1.98 0 -.26 -1.93 0 -.52 .52 0 1.93 .26 0 1.98
4 0 -1.98 0 -.26 .26 0 1.98 0 0 2 -2 0 0
4 0 -1.98 0 .26 -2 0 0 0 0 2 -.26 0 1.98
4 0 -1.98 0 .26 -.26 0 1.98 -.52 0 1.93 -1.93 0 .52
4 0 -1.85 0 .77 -1.93 0 .52 -.52 0 1.93 -.77 0 1.85
4 0 -1.85 0 .77 -.77 0 1.85 -1 0 1.73 -1.73 0 1
4 0 -1.59 0 1.22 -1.73 0 1 -1 0 1.73 -1.22 0 1.59
3 0 -1.22 0 1.59 -1.41 0 1.41 -1.59 0 1.22
