0 ~Minifig Leg Left Long without Front Surfaces
0 Name: s\99100s01.dat
0 Author: Magnus Forsberg [MagFors]
0 !LDRAW_ORG Subpart UPDATE 2023-03
0 !LICENSE Licensed under CC BY 4.0 : see CAreadme.txt

0 BFC CERTIFY CCW

0 !HISTORY 2023-06-24 [OrionP] Official Update 2023-03


1 16 0 0 0 1 0 0 0 1 0 0 0 1 s\99100s02.dat

0 BFC INVERTNEXT
1 16 10 18 4.75 0 0 6 6 0 0 0 4 0 4-4cylo.dat
1 16 10 18 4.75 0 0 6 6 0 0 0 1 0 4-4ndis.dat
4 16 4 8.5 4.75 16 8.5 4.75 16 8.5 1 4 8.5 1
4 16 4 24 4.75 4 28 4.75 16 28 4.75 16 24 4.75
1 16 10 10.25 4.75 0 0 -6 -1.75 0 0 0 1 0 rect1.dat
1 16 4 18.25 2.875 0 -1 0 0 0 -9.75 1.875 0 0 rect2a.dat
1 16 16 18.25 2.875 0 1 0 -9.75 0 0 0 0 1.875 rect2a.dat

0 // top side dent
2 24 12.405 -8.2021 -2.7553 12.406 -8.041 0
2 24 7.36 -8.041 0 7.359 -8.2281 -2.6244
2 24 12.406 -8.041 0 12.504 -8.2524 2.5024
2 24 7.309 -8.2304 2.6129 7.36 -8.041 0
2 24 13.583 -8.75 0 12.405 -8.2021 -2.7553
2 24 6.206 -8.75 0 7.309 -8.2304 2.6129
2 24 7.309 -8.2304 2.6129 12.504 -8.2524 2.5024
2 24 12.504 -8.2524 2.5024 13.583 -8.75 0
2 24 7.359 -8.2281 -2.6244 6.206 -8.75 0
2 24 12.405 -8.2021 -2.7553 7.359 -8.2281 -2.6244
4 16 6.206 -8.75 0 2 -8.75 0 2 -8.084 -3.349 7.359 -8.2281 -2.6244
4 16 12.405 -8.2021 -2.7553 7.359 -8.2281 -2.6244 2 -8.084 -3.349 17.0293 -8.084 -3.349
4 16 13.583 -8.75 0 12.405 -8.2021 -2.7553 17.0293 -8.084 -3.349 17 -8.75 0
4 16 13.583 -8.75 0 17 -8.75 0 17.0293 -8.084 3.349 12.504 -8.2524 2.5024
4 16 7.309 -8.2304 2.6129 12.504 -8.2524 2.5024 17.0293 -8.084 3.349 2 -8.084 3.349
4 16 7.309 -8.2304 2.6129 2 -8.084 3.349 2 -8.75 0 6.206 -8.75 0
4 16 12.504 -8.2524 2.5024 7.309 -8.2304 2.6129 7.36 -8.041 0 12.406 -8.041 0
4 16 12.406 -8.041 0 7.36 -8.041 0 7.359 -8.2281 -2.6244 12.405 -8.2021 -2.7553
3 16 6.206 -8.75 0 7.359 -8.2281 -2.6244 7.36 -8.041 0
3 16 6.206 -8.75 0 7.36 -8.041 0 7.309 -8.2304 2.6129
3 16 12.405 -8.2021 -2.7553 13.583 -8.75 0 12.406 -8.041 0
3 16 12.406 -8.041 0 13.583 -8.75 0 12.504 -8.2524 2.5024
5 24 2 -8.75 0 6.206 -8.75 0 2 -8.084 3.349 2 -8.084 -3.349
5 24 7.36 -8.041 0 6.206 -8.75 0 7.309 -8.2304 2.6129 7.359 -8.2281 -2.6244
5 24 12.406 -8.041 0 7.36 -8.041 0 12.504 -8.2524 2.5024 12.405 -8.2021 -2.7553
5 24 12.406 -8.041 0 13.583 -8.75 0 12.504 -8.2524 2.5024 12.405 -8.2021 -2.7553
5 24 17 -8.75 0 13.583 -8.75 0 17.0293 -8.084 3.349 17.0293 -8.084 -3.349

0 // outer side surface
3 16 17 -8.75 0 17.0293 -8.084 -3.349 17.0293 -8.084 3.349
4 16 17.0293 -8.084 3.349 17.0293 -8.084 -3.349 17.1129 -6.187 -6.187 17.1129 -6.187 6.187
4 16 17.1129 -6.187 6.187 17.1129 -6.187 -6.187 17.2379 -3.349 -8.084 17.2379 -3.349 8.084
4 16 17.2379 -3.349 8.084 17.2379 -3.349 -8.084 17.3855 0 -8.75 17.3855 0 8.75
4 16 17.3855 0 -8.75 17.533 3.349 -8.084 17.658 6.187125 -6.187125 17.3855 0 8.75
3 16 17.658 6.187125 -6.187125 17.6856 6.8134 -5.25 17.3855 0 8.75
4 16 19.5 48 -11.25 19.5 48 8.75 19.1476 40 -5.25 19.1476 40 -11.25
4 16 19.5 48 8.75 17.3855 0 8.75 17.6856 6.8134 -5.25 19.1476 40 -5.25
