0 ~Minifig Neckwear Ribbon with Medal - Half Ribbon
0 Name: s\99250s01.dat
0 Author: Massimo Maso [Sirio]
0 !LDRAW_ORG Subpart UPDATE 2023-05
0 !LICENSE Licensed under CC BY 4.0 : see CAreadme.txt

0 BFC CERTIFY CCW

0 !HISTORY 2023-10-31 [OrionP] Official Update 2023-05


0 // Back ribbon
0 // Faces
4 16 3.1381 0 7.576 0 0 8.2 0 0 12 4.5924 0 11.0868
4 16 3.1381 0 7.576 4.5924 0 11.0868 8.4852 0 8.4852 5.7982 0 5.7982
4 16 7.576 0 3.1381 5.7982 0 5.7982 8.4852 0 8.4852 11.0868 0 4.5924
4 16 7.576 0 3.1381 11.0868 0 4.5924 12 0 0 8.2 0 0
4 16 3.1381 0 7.576 3.139 -2.5 7.5754 0 -2.5 8.2 0 0 8.2
4 16 3.1381 0 7.576 5.7982 0 5.7982 5.7982 -2.5 5.7982 3.139 -2.5 7.5754
4 16 7.576 -2.5 3.1381 5.7982 -2.5 5.7982 5.7982 0 5.7982 7.576 0 3.1381
3 16 7.576 0 3.1381 8.2 0 0 8.2 -1.25 0
4 16 7.576 -2.5 3.1381 7.576 0 3.1381 8.2 -1.25 0 8.2 -2.5 0
4 16 3.5751 -2.6552 8.6309 0 -2.6552 9.3418 0 -2.5 8.2 3.139 -2.5 7.5754
4 16 3.5751 -2.6552 8.6309 3.139 -2.5 7.5754 5.7982 -2.5 5.7982 6.6056 -2.6552 6.6056
4 16 8.6309 -2.6552 3.5751 6.6056 -2.6552 6.6056 5.7982 -2.5 5.7982 7.576 -2.5 3.1381
4 16 8.6309 -2.6552 3.5751 7.576 -2.5 3.1381 8.2 -2.5 0 9.3418 -2.6552 0
4 16 3.5751 -2.6552 8.6309 3.9803 -3.1095 9.6092 0 -3.1095 10.4007 0 -2.6552 9.3418
4 16 3.5751 -2.6552 8.6309 6.6056 -2.6552 6.6056 7.3543 -3.1095 7.3543 3.9803 -3.1095 9.6092
4 16 8.6309 -2.6552 3.5751 9.6092 -3.1095 3.9803 7.3543 -3.1095 7.3543 6.6056 -2.6552 6.6056
4 16 8.6309 -2.6552 3.5751 9.3418 -2.6552 0 10.4007 -3.1095 0 9.6092 -3.1095 3.9803
4 16 4.3245 -3.83 10.4401 0 -3.83 11.3 0 -3.1095 10.4007 3.9803 -3.1095 9.6092
4 16 4.3245 -3.83 10.4401 3.9803 -3.1095 9.6092 7.3543 -3.1095 7.3543 7.9902 -3.83 7.9902
4 16 10.4401 -3.83 4.3245 7.9902 -3.83 7.9902 7.3543 -3.1095 7.3543 9.6092 -3.1095 3.9803
4 16 10.4401 -3.83 4.3245 9.6092 -3.1095 3.9803 10.4007 -3.1095 0 11.3 -3.83 0
4 16 4.3245 -3.83 10.4401 4.6548 -3.83 11.2338 0 -3.83 12.16 0 -3.83 11.3
4 16 4.3245 -3.83 10.4401 7.9902 -3.83 7.9902 8.5983 -3.83 8.5983 4.6548 -3.83 11.2338
4 16 10.4401 -3.83 4.3245 11.2346 -3.83 4.6536 8.5983 -3.83 8.5983 7.9902 -3.83 7.9902
4 16 10.4401 -3.83 4.3245 11.3 -3.83 0 12.16 -3.83 0 11.2346 -3.83 4.6536
4 16 4.5924 0 11.0868 0 0 12 0 -3.83 12.16 4.6548 -3.83 11.2338
4 16 4.5924 0 11.0868 4.6548 -3.83 11.2338 8.5983 -3.83 8.5983 8.4852 0 8.4852
4 16 11.0868 0 4.5924 8.4852 0 8.4852 8.5983 -3.83 8.5983 11.2346 -3.83 4.6536
3 16 11.0868 0 4.5924 12.0522 -1.25 0 12 0 0
4 16 11.0868 0 4.5924 11.2346 -3.83 4.6536 12.1044 -2.5 0 12.0522 -1.25 0
3 16 12.1044 -2.5 0 11.2346 -3.83 4.6536 12.16 -3.83 0
0 // Lines
2 24 0 0 8.2 3.1381 0 7.576
2 24 3.1381 0 7.576 5.7982 0 5.7982
2 24 5.7982 0 5.7982 7.576 0 3.1381
2 24 7.576 0 3.1381 8.2 0 0
2 24 0 -2.5 8.2 3.139 -2.5 7.5754
2 24 3.139 -2.5 7.5754 5.7982 -2.5 5.7982
2 24 5.7982 -2.5 5.7982 7.576 -2.5 3.1381
2 24 7.576 -2.5 3.1381 8.2 -2.5 0
2 24 0 -3.83 11.3 4.3245 -3.83 10.4401
2 24 4.3245 -3.83 10.4401 7.9902 -3.83 7.9902
2 24 7.9902 -3.83 7.9902 10.4401 -3.83 4.3245
2 24 10.4401 -3.83 4.3245 11.3 -3.83 0
2 24 0 -3.83 12.16 4.6548 -3.83 11.2338
2 24 4.6548 -3.83 11.2338 8.5983 -3.83 8.5983
2 24 8.5983 -3.83 8.5983 11.2346 -3.83 4.6536
2 24 11.2346 -3.83 4.6536 12.16 -3.83 0
2 24 0 0 12 4.5924 0 11.0868
2 24 4.5924 0 11.0868 8.4852 0 8.4852
2 24 8.4852 0 8.4852 11.0868 0 4.5924
2 24 11.0868 0 4.5924 12 0 0
0 // Conditional lines
5 24 0 0 8.2 0 -2.5 8.2 -3.1381 0 7.576 3.1381 0 7.576
5 24 3.1381 0 7.576 3.139 -2.5 7.5754 0 0 8.2 5.7982 0 5.7982
5 24 5.7982 0 5.7982 5.7982 -2.5 5.7982 3.139 0 7.5754 7.576 0 3.1381
5 24 7.576 0 3.1381 7.576 -2.5 3.1381 5.7982 0 5.7982 8.2 0 0
5 24 0 -2.5 8.2 0 -2.6552 9.3418 -3.139 -2.5 7.5754 3.139 -2.5 7.5754
5 24 3.139 -2.5 7.5754 3.5751 -2.6552 8.6309 0 -2.5 8.2 5.7982 -2.5 5.7982
5 24 5.7982 -2.5 5.7982 6.6056 -2.6552 6.6056 3.139 -2.5 7.5754 7.576 -2.5 3.1381
5 24 7.576 -2.5 3.1381 8.6309 -2.6552 3.5751 5.7982 -2.5 5.7982 8.2 -2.5 0
5 24 8.2 -2.5 0 9.3418 -2.6552 0 7.576 -2.5 3.1381 8.2031 -2.5236 -1.6809
5 24 0 -2.6552 9.3418 0 -3.1095 10.4007 -3.5751 -2.6552 8.6309 3.5751 -2.6552 8.6309
5 24 3.5751 -2.6552 8.6309 3.9803 -3.1095 9.6092 0 -2.6552 9.3418 6.6056 -2.6552 6.6056
5 24 6.6056 -2.6552 6.6056 7.3543 -3.1095 7.3543 3.5751 -2.6552 8.6309 8.6309 -2.6552 3.5751
5 24 8.6309 -2.6552 3.5751 9.6092 -3.1095 3.9803 6.6056 -2.6552 6.6056 9.3418 -2.6552 0
5 24 9.3418 -2.6552 0 10.4007 -3.1095 0 8.6309 -2.6552 3.5751 9.1516 -2.6552 -1.8753
5 24 0 -3.1095 10.4007 0 -3.83 11.3 -3.9803 -3.1095 9.6092 3.9803 -3.1095 9.6092
5 24 3.9803 -3.1095 9.6092 4.3245 -3.83 10.4401 0 -3.1095 10.4007 7.3543 -3.1095 7.3543
5 24 7.3543 -3.1095 7.3543 7.9902 -3.83 7.9902 3.9803 -3.1095 9.6092 9.6092 -3.1095 3.9803
5 24 9.6092 -3.1095 3.9803 10.4401 -3.83 4.3245 7.3543 -3.1095 7.3543 10.4007 -3.1095 0
5 24 10.4007 -3.1095 0 11.3 -3.83 0 9.6092 -3.1095 3.9803 10.189 -3.1095 -2.0879
5 24 0 0 12 0 -3.83 12.16 -4.5924 0 11.0868 4.5924 0 11.0868
5 24 4.5924 0 11.0868 4.6548 -3.83 11.2338 0 0 12 8.4852 0 8.4852
5 24 8.4852 0 8.4852 8.5983 -3.83 8.5983 4.5924 0 11.0868 11.0868 0 4.5924
5 24 11.0868 0 4.5924 11.2346 -3.83 4.6536 8.4852 0 8.4852 12 0 0
5 24 12 0 0 12.0522 -1.25 0 11.0868 0 4.5924 11.6595 0 -2.188
5 24 12.0522 -1.25 0 12.1044 -2.5 0 11.0868 0 4.5924 11.8983 -1.1876 -2.1976
5 24 12.16 -3.83 0 12.1044 -2.5 0 11.2346 -3.83 4.6536 12.3917 -3.6231 -2.1939
5 24 0 -2.6552 9.3418 3.5751 -2.6552 8.6309 0 -2.5 8.2 0 -3.1095 10.4007
5 24 3.5751 -2.6552 8.6309 6.6056 -2.6552 6.6056 3.139 -2.5 7.5754 3.9803 -3.1095 9.6092
5 24 6.6056 -2.6552 6.6056 8.6309 -2.6552 3.5751 5.7982 -2.5 5.7982 7.3543 -3.1095 7.3543
5 24 8.6309 -2.6552 3.5751 9.3418 -2.6552 0 7.576 -2.5 3.1381 9.6092 -3.1095 3.9803
5 24 0 -3.1095 10.4007 3.9803 -3.1095 9.6092 0 -2.6552 9.3418 0 -3.83 11.3
5 24 3.9803 -3.1095 9.6092 7.3543 -3.1095 7.3543 3.5751 -2.6552 8.6309 4.3245 -3.83 10.4401
5 24 7.3543 -3.1095 7.3543 9.6092 -3.1095 3.9803 6.6056 -2.6552 6.6056 7.9902 -3.83 7.9902
5 24 9.6092 -3.1095 3.9803 10.4007 -3.1095 0 8.6309 -2.6552 3.5751 10.4401 -3.83 4.3245
0 // Deformed ribbon
0 // Faces
4 16 7.7757 0 -2.1836 8.2 0 0 12 0 0 11.6595 0 -2.188
4 16 7.7757 0 -2.1836 11.6595 0 -2.188 11.3921 0 -4.3862 7.4285 0 -4.3807
4 16 7.1462 0 -6.5872 7.4285 0 -4.3807 11.3921 0 -4.3862 11.1858 0 -6.591
4 16 7.1462 0 -6.5872 11.1858 0 -6.591 11.0318 0 -8.8 6.9194 0 -8.8
4 16 6.8237 .0913 -9.2592 6.9194 0 -8.8 11.0318 0 -8.8 10.9501 .0913 -9.2592
4 16 6.8237 .0913 -9.2592 10.9501 .0913 -9.2592 10.766 .3515 -9.6485 6.6275 .3515 -9.6485
4 16 6.3554 .7408 -9.9087 6.6275 .3515 -9.6485 10.766 .3515 -9.6485 10.5022 .7408 -9.9087
4 16 6.3554 .7408 -9.9087 10.5022 .7408 -9.9087 10.2021 1.2 -10 6.0522 1.2 -10
3 16 8.2 -1.25 0 8.2 0 0 7.7757 0 -2.1836
3 16 8.2 -1.25 0 7.7757 0 -2.1836 7.9773 -1.1876 -2.196
3 16 7.9773 -1.1876 -2.196 7.7757 0 -2.1836 7.4285 0 -4.3807
3 16 7.9773 -1.1876 -2.196 7.4285 0 -4.3807 7.7893 -1.1251 -4.3953
3 16 7.7893 -1.1251 -4.3953 7.4285 0 -4.3807 7.1462 0 -6.5872
3 16 7.7893 -1.1251 -4.3953 7.1462 0 -6.5872 7.6308 -1.0626 -6.5968
3 16 7.6308 -1.0626 -6.5968 7.1462 0 -6.5872 6.9194 0 -8.8
3 16 7.6308 -1.0626 -6.5968 6.9194 0 -8.8 7.4965 -1 -8.8
3 16 7.4965 -1 -8.8 6.9194 0 -8.8 6.8237 .0913 -9.2592
3 16 7.4965 -1 -8.8 6.8237 .0913 -9.2592 7.3618 -.8326 -9.6419
3 16 7.3618 -.8326 -9.6419 6.8237 .0913 -9.2592 6.6275 .3515 -9.6485
3 16 7.3618 -.8326 -9.6419 6.6275 .3515 -9.6485 7.1946 -.5933 -10
3 16 7.1946 -.5933 -10 6.6275 .3515 -9.6485 6.3554 .7408 -9.9087
3 16 7.1946 -.5933 -10 6.3554 .7408 -9.9087 6.0522 1.2 -10
3 16 8.2 -2.5 0 8.2 -1.25 0 7.9773 -1.1876 -2.196
3 16 8.2 -2.5 0 7.9773 -1.1876 -2.196 8.1821 -2.375 -2.2002
3 16 8.1821 -2.375 -2.2002 7.9773 -1.1876 -2.196 7.7893 -1.1251 -4.3953
3 16 8.1821 -2.375 -2.2002 7.7893 -1.1251 -4.3953 8.154 -2.25 -4.4002
3 16 8.154 -2.25 -4.4002 7.7893 -1.1251 -4.3953 7.6308 -1.0626 -6.5968
3 16 8.154 -2.25 -4.4002 7.6308 -1.0626 -6.5968 8.1173 -2.125 -6.6002
3 16 8.1173 -2.125 -6.6002 7.6308 -1.0626 -6.5968 7.4965 -1 -8.8
3 16 8.1173 -2.125 -6.6002 7.4965 -1 -8.8 8.0737 -2 -8.8
3 16 8.0737 -2 -8.8 7.4965 -1 -8.8 7.3618 -.8326 -9.6419
3 16 8.0737 -2 -8.8 7.3618 -.8326 -9.6419 7.9388 -1.7614 -10
3 16 7.9388 -1.7614 -10 7.3618 -.8326 -9.6419 7.1946 -.5933 -10
3 16 8.2 -2.5 0 8.1821 -2.375 -2.2002 8.2031 -2.5236 -1.6809
3 16 8.2031 -2.5236 -1.6809 8.1821 -2.375 -2.2002 8.154 -2.25 -4.4002
3 16 8.2031 -2.5236 -1.6809 8.154 -2.25 -4.4002 8.249 -2.6076 -3.5774
3 16 8.2825 -2.6552 -4.32088 8.249 -2.6076 -3.5774 8.154 -2.25 -4.4002
3 16 8.2825 -2.6552 -4.32088 8.154 -2.25 -4.4002 8.1173 -2.125 -6.6002
3 16 8.2825 -2.6552 -4.32088 8.1173 -2.125 -6.6002 8.5267 -3.1095 -5.9557
3 16 8.5997 -3.2495 -6.155 8.5267 -3.1095 -5.9557 8.1173 -2.125 -6.6002
3 16 8.5997 -3.2495 -6.155 8.1173 -2.125 -6.6002 8.0737 -2 -8.8
3 16 8.5997 -3.2495 -6.155 8.0737 -2 -8.8 8.6508 -3 -8.8
3 16 8.6508 -3 -8.8 8.0737 -2 -8.8 7.9388 -1.7614 -10
3 16 8.6508 -3 -8.8 7.9388 -1.7614 -10 8.5759 -2.7614 -10
4 16 7.1946 -.5933 -10 6.0522 1.2 -10 6.0522 1.2 -13 7.0761 -.4073 -12.6804
4 16 7.9388 -1.7614 -10 7.1946 -.5933 -10 7.0761 -.4073 -12.6804 7.9441 -1.7698 -11.7698
4 16 7.9388 -1.7614 -10 7.9441 -1.7698 -11.7698 8.5243 -2.6804 -10.4073 8.5759 -2.7614 -10
4 16 9.1516 -2.6552 -1.8753 9.3418 -2.6552 0 8.2 -2.5 0 8.2031 -2.5236 -1.6809
4 16 9.1516 -2.6552 -1.8753 8.2031 -2.5236 -1.6809 8.249 -2.6076 -3.5774 8.5705 -2.6552 -3.7169
3 16 8.2825 -2.6552 -4.32088 8.5705 -2.6552 -3.7169 8.249 -2.6076 -3.5774
4 16 10.189 -3.1095 -2.0879 10.4007 -3.1095 0 9.3418 -2.6552 0 9.1516 -2.6552 -1.8753
4 16 10.189 -3.1095 -2.0879 9.1516 -2.6552 -1.8753 8.5705 -2.6552 -3.7169 9.5421 -3.1095 -4.1382
3 16 8.5267 -3.1095 -5.9557 9.5421 -3.1095 -4.1382 8.5705 -2.6552 -3.7169
3 16 8.5267 -3.1095 -5.9557 8.5705 -2.6552 -3.7169 8.2825 -2.6552 -4.32088
4 16 10.8144 -3.621 -2.216 11.3 -3.83 0 10.4007 -3.1095 0 10.189 -3.1095 -2.0879
4 16 10.8144 -3.621 -2.216 10.189 -3.1095 -2.0879 9.5421 -3.1095 -4.1382 9.9032 -3.4249 -4.2948
3 16 8.5997 -3.2495 -6.155 9.9032 -3.4249 -4.2948 9.5421 -3.1095 -4.1382
3 16 8.5997 -3.2495 -6.155 9.5421 -3.1095 -4.1382 8.5267 -3.1095 -5.9557
4 16 10.8144 -3.621 -2.216 12.3917 -3.6231 -2.1939 12.16 -3.83 0 11.3 -3.83 0
4 16 10.8144 -3.621 -2.216 9.9032 -3.4249 -4.2948 12.5652 -3.4156 -4.3931 12.3917 -3.6231 -2.1939
4 16 8.5997 -3.2495 -6.155 12.6904 -3.2079 -6.5956 12.5652 -3.4156 -4.3931 9.9032 -3.4249 -4.2948
4 16 8.5997 -3.2495 -6.155 8.6508 -3 -8.8 12.7747 -3 -8.8 12.6904 -3.2079 -6.5956
4 16 8.5759 -2.7614 -10 12.7258 -2.7614 -10 12.7747 -3 -8.8 8.6508 -3 -8.8
4 16 8.5759 -2.7614 -10 8.5243 -2.6804 -10.4073 12.6742 -2.6804 -10.4073 12.7258 -2.7614 -10
4 16 7.9441 -1.7698 -11.7698 12.0941 -1.7698 -11.7698 12.6742 -2.6804 -10.4073 8.5243 -2.6804 -10.4073
4 16 7.9441 -1.7698 -11.7698 7.0761 -.4073 -12.6804 11.226 -.4073 -12.6804 12.0941 -1.7698 -11.7698
4 16 6.0522 1.2 -13 10.2021 1.2 -13 11.226 -.4073 -12.6804 7.0761 -.4073 -12.6804
3 16 12.0522 -1.25 0 11.6595 0 -2.188 12 0 0
3 16 12.0522 -1.25 0 11.8983 -1.1876 -2.1976 11.6595 0 -2.188
3 16 11.8983 -1.1876 -2.1976 11.3921 0 -4.3862 11.6595 0 -2.188
3 16 11.8983 -1.1876 -2.1976 11.7771 -1.1251 -4.3972 11.3921 0 -4.3862
3 16 11.7771 -1.1251 -4.3972 11.1858 0 -6.591 11.3921 0 -4.3862
3 16 11.7771 -1.1251 -4.3972 11.6834 -1.0626 -6.5982 11.1858 0 -6.591
3 16 11.6834 -1.0626 -6.5982 11.0318 0 -8.8 11.1858 0 -6.591
3 16 11.6834 -1.0626 -6.5982 11.6125 -1 -8.8 11.0318 0 -8.8
3 16 11.6125 -1 -8.8 10.9501 .0913 -9.2592 11.0318 0 -8.8
3 16 11.6125 -1 -8.8 11.5014 -.8326 -9.6419 10.9501 .0913 -9.2592
3 16 11.5014 -.8326 -9.6419 10.766 .3515 -9.6485 10.9501 .0913 -9.2592
3 16 11.5014 -.8326 -9.6419 11.3445 -.5933 -10 10.766 .3515 -9.6485
3 16 11.3445 -.5933 -10 10.5022 .7408 -9.9087 10.766 .3515 -9.6485
3 16 11.3445 -.5933 -10 10.2021 1.2 -10 10.5022 .7408 -9.9087
3 16 12.1044 -2.5 0 11.8983 -1.1876 -2.1976 12.0522 -1.25 0
3 16 12.1044 -2.5 0 12.1393 -2.375 -2.1999 11.8983 -1.1876 -2.1976
3 16 12.1393 -2.375 -2.1999 11.7771 -1.1251 -4.3972 11.8983 -1.1876 -2.1976
3 16 12.1393 -2.375 -2.1999 12.1648 -2.25 -4.3998 11.7771 -1.1251 -4.3972
3 16 12.1648 -2.25 -4.3998 11.6834 -1.0626 -6.5982 11.7771 -1.1251 -4.3972
3 16 12.1648 -2.25 -4.3998 12.1825 -2.125 -6.599 11.6834 -1.0626 -6.5982
3 16 12.1825 -2.125 -6.599 11.6125 -1 -8.8 11.6834 -1.0626 -6.5982
3 16 12.1825 -2.125 -6.599 12.1936 -2 -8.8 11.6125 -1 -8.8
3 16 12.1936 -2 -8.8 11.5014 -.8326 -9.6419 11.6125 -1 -8.8
3 16 12.1936 -2 -8.8 12.0887 -1.7614 -10 11.5014 -.8326 -9.6419
3 16 12.0887 -1.7614 -10 11.3445 -.5933 -10 11.5014 -.8326 -9.6419
3 16 12.16 -3.83 0 12.1393 -2.375 -2.1999 12.1044 -2.5 0
3 16 12.16 -3.83 0 12.3917 -3.6231 -2.1939 12.1393 -2.375 -2.1999
3 16 12.3917 -3.6231 -2.1939 12.1648 -2.25 -4.3998 12.1393 -2.375 -2.1999
3 16 12.3917 -3.6231 -2.1939 12.5652 -3.4156 -4.3931 12.1648 -2.25 -4.3998
3 16 12.5652 -3.4156 -4.3931 12.1825 -2.125 -6.599 12.1648 -2.25 -4.3998
3 16 12.5652 -3.4156 -4.3931 12.6904 -3.2079 -6.5956 12.1825 -2.125 -6.599
3 16 12.6904 -3.2079 -6.5956 12.1936 -2 -8.8 12.1825 -2.125 -6.599
3 16 12.6904 -3.2079 -6.5956 12.7747 -3 -8.8 12.1936 -2 -8.8
3 16 12.7747 -3 -8.8 12.0887 -1.7614 -10 12.1936 -2 -8.8
3 16 12.7747 -3 -8.8 12.7258 -2.7614 -10 12.0887 -1.7614 -10
4 16 11.3445 -.5933 -10 11.226 -.4073 -12.6804 10.2021 1.2 -13 10.2021 1.2 -10
4 16 12.0887 -1.7614 -10 12.0941 -1.7698 -11.7698 11.226 -.4073 -12.6804 11.3445 -.5933 -10
4 16 12.0887 -1.7614 -10 12.7258 -2.7614 -10 12.6742 -2.6804 -10.4073 12.0941 -1.7698 -11.7698
0 // Edges
2 24 8.2 0 0 7.7757 0 -2.1836
2 24 7.7757 0 -2.1836 7.4285 0 -4.3807
2 24 7.4285 0 -4.3807 7.1462 0 -6.5872
2 24 7.1462 0 -6.5872 6.9194 0 -8.8
2 24 6.9194 0 -8.8 6.8237 .0913 -9.2592
2 24 6.8237 .0913 -9.2592 6.6275 .3515 -9.6485
2 24 6.6275 .3515 -9.6485 6.3554 .7408 -9.9087
2 24 6.3554 .7408 -9.9087 6.0522 1.2 -10
2 24 8.2 -2.5 0 8.2031 -2.5236 -1.6809
2 24 8.2031 -2.5236 -1.6809 8.249 -2.6076 -3.5774
2 24 8.249 -2.6076 -3.5774 8.2825 -2.6552 -4.32088
2 24 8.2825 -2.6552 -4.32088 8.5267 -3.1095 -5.9557
2 24 8.5267 -3.1095 -5.9557 8.5997 -3.2495 -6.155
2 24 11.3 -3.83 0 10.8144 -3.621 -2.216
2 24 10.8144 -3.621 -2.216 9.9032 -3.4249 -4.2948
2 24 9.9032 -3.4249 -4.2948 8.5997 -3.2495 -6.155
2 24 8.5997 -3.2495 -6.155 8.6508 -3 -8.8
2 24 8.6508 -3 -8.8 8.5759 -2.7614 -10
2 24 8.5759 -2.7614 -10 8.5243 -2.6804 -10.4073
2 24 8.5243 -2.6804 -10.4073 7.9441 -1.7698 -11.7698
2 24 7.9441 -1.7698 -11.7698 7.0761 -.4073 -12.6804
2 24 7.0761 -.4073 -12.6804 6.0522 1.2 -13
2 24 12.16 -3.83 0 12.3917 -3.6231 -2.1939
2 24 12.3917 -3.6231 -2.1939 12.5652 -3.4156 -4.3931
2 24 12.5652 -3.4156 -4.3931 12.6904 -3.2079 -6.5956
2 24 12.6904 -3.2079 -6.5956 12.7747 -3 -8.8
2 24 12.7747 -3 -8.8 12.7258 -2.7614 -10
2 24 12.7258 -2.7614 -10 12.6742 -2.6804 -10.4073
2 24 12.6742 -2.6804 -10.4073 12.0941 -1.7698 -11.7698
2 24 12.0941 -1.7698 -11.7698 11.226 -.4073 -12.6804
2 24 11.226 -.4073 -12.6804 10.2021 1.2 -13
2 24 12 0 0 11.6595 0 -2.188
2 24 11.6595 0 -2.188 11.3921 0 -4.3862
2 24 11.3921 0 -4.3862 11.1858 0 -6.591
2 24 11.1858 0 -6.591 11.0318 0 -8.8
2 24 11.0318 0 -8.8 10.9501 .0913 -9.2592
2 24 10.9501 .0913 -9.2592 10.766 .3515 -9.6485
2 24 10.766 .3515 -9.6485 10.5022 .7408 -9.9087
2 24 10.5022 .7408 -9.9087 10.2021 1.2 -10
0 // Conditional lines
5 24 8.2 0 0 8.2 -1.25 0 7.576 0 3.1381 7.7757 0 -2.1836
5 24 8.2 -1.25 0 7.7757 0 -2.1836 8.2 0 0 7.9773 -1.1876 -2.196
5 24 7.7757 0 -2.1836 7.9773 -1.1876 -2.196 8.2 -1.25 0 7.4285 0 -4.3807
5 24 7.9773 -1.1876 -2.196 7.4285 0 -4.3807 7.7757 0 -2.1836 7.7893 -1.1251 -4.3953
5 24 7.4285 0 -4.3807 7.7893 -1.1251 -4.3953 7.9773 -1.1876 -2.196 7.1462 0 -6.5872
5 24 7.7893 -1.1251 -4.3953 7.1462 0 -6.5872 7.4285 0 -4.3807 7.6308 -1.0626 -6.5968
5 24 7.1462 0 -6.5872 7.6308 -1.0626 -6.5968 7.7893 -1.1251 -4.3953 6.9194 0 -8.8
5 24 7.6308 -1.0626 -6.5968 6.9194 0 -8.8 7.1462 0 -6.5872 7.4965 -1 -8.8
5 24 6.9194 0 -8.8 7.4965 -1 -8.8 7.6308 -1.0626 -6.5968 6.8237 .0913 -9.2592
5 24 7.4965 -1 -8.8 6.8237 .0913 -9.2592 6.9194 0 -8.8 7.3618 -.8326 -9.6419
5 24 6.8237 .0913 -9.2592 7.3618 -.8326 -9.6419 7.4965 -1 -8.8 6.6275 .3515 -9.6485
5 24 7.3618 -.8326 -9.6419 6.6275 .3515 -9.6485 6.8237 .0913 -9.2592 7.1946 -.5933 -10
5 24 6.6275 .3515 -9.6485 7.1946 -.5933 -10 7.3618 -.8326 -9.6419 6.3554 .7408 -9.9087
5 24 6.3554 .7408 -9.9087 7.1946 -.5933 -10 6.6275 .3515 -9.6485 6.0522 1.2 -10
5 24 7.1946 -.5933 -10 6.0522 1.2 -10 6.3554 .7408 -9.9087 6.0522 1.2 -13
5 24 8.2 -1.25 0 7.9773 -1.1876 -2.196 8.2 -2.5 0 7.7757 0 -2.1836
5 24 7.9773 -1.1876 -2.196 7.7893 -1.1251 -4.3953 8.1821 -2.375 -2.2002 7.4285 0 -4.3807
5 24 7.7893 -1.1251 -4.3953 7.6308 -1.0626 -6.5968 8.154 -2.25 -4.4002 7.1462 0 -6.5872
5 24 7.6308 -1.0626 -6.5968 7.4965 -1 -8.8 8.1173 -2.125 -6.6002 6.9194 0 -8.8
5 24 7.4965 -1 -8.8 7.3618 -.8326 -9.6419 8.0737 -2 -8.8 6.8237 .0913 -9.2592
5 24 7.3618 -.8326 -9.6419 7.1946 -.5933 -10 6.6275 .3515 -9.6485 7.9388 -1.7614 -10
5 24 8.2 -2.5 0 8.2 -1.25 0 7.576 -2.5 3.1381 8.2031 -2.5236 -1.6809
5 24 8.2 -2.5 0 7.9773 -1.1876 -2.196 8.2 -1.25 0 8.1821 -2.375 -2.2002
5 24 7.9773 -1.1876 -2.196 8.1821 -2.375 -2.2002 8.2 -2.5 0 7.7893 -1.1251 -4.3953
5 24 8.1821 -2.375 -2.2002 7.7893 -1.1251 -4.3953 7.9773 -1.1876 -2.196 8.154 -2.25 -4.4002
5 24 7.7893 -1.1251 -4.3953 8.154 -2.25 -4.4002 8.1821 -2.375 -2.2002 7.6308 -1.0626 -6.5968
5 24 8.154 -2.25 -4.4002 7.6308 -1.0626 -6.5968 7.7893 -1.1251 -4.3953 8.1173 -2.125 -6.6002
5 24 7.6308 -1.0626 -6.5968 8.1173 -2.125 -6.6002 8.154 -2.25 -4.4002 7.4965 -1 -8.8
5 24 8.1173 -2.125 -6.6002 7.4965 -1 -8.8 7.6308 -1.0626 -6.5968 8.0737 -2 -8.8
5 24 7.4965 -1 -8.8 8.0737 -2 -8.8 8.1173 -2.125 -6.6002 7.3618 -.8326 -9.6419
5 24 8.0737 -2 -8.8 7.3618 -.8326 -9.6419 7.4965 -1 -8.8 7.9388 -1.7614 -10
5 24 7.3618 -.8326 -9.6419 7.9388 -1.7614 -10 8.0737 -2 -8.8 7.1946 -.5933 -10
5 24 7.9388 -1.7614 -10 7.1946 -.5933 -10 7.3618 -.8326 -9.6419 7.0761 -.4073 -12.6804
5 24 8.2 -2.5 0 8.1821 -2.375 -2.2002 8.2031 -2.5236 -1.6809 7.9773 -1.1876 -2.196
5 24 8.1821 -2.375 -2.2002 8.154 -2.25 -4.4002 8.2031 -2.5236 -1.6809 7.7893 -1.1251 -4.3953
5 24 8.154 -2.25 -4.4002 8.1173 -2.125 -6.6002 8.2825 -2.6552 -4.32088 7.6308 -1.0626 -6.5968
5 24 8.1173 -2.125 -6.6002 8.0737 -2 -8.8 8.5997 -3.2495 -6.155 7.4965 -1 -8.8
5 24 8.0737 -2 -8.8 7.9388 -1.7614 -10 8.6508 -3 -8.8 7.3618 -.8326 -9.6419
5 24 8.1821 -2.375 -2.2002 8.2031 -2.5236 -1.6809 8.2 -2.5 0 8.154 -2.25 -4.4002
5 24 8.2031 -2.5236 -1.6809 8.154 -2.25 -4.4002 8.1821 -2.375 -2.2002 8.249 -2.6076 -3.5774
5 24 8.154 -2.25 -4.4002 8.249 -2.6076 -3.5774 8.2031 -2.5236 -1.6809 8.2825 -2.6552 -4.32088
5 24 8.154 -2.25 -4.4002 8.2825 -2.6552 -4.32088 8.249 -2.6076 -3.5774 8.1173 -2.125 -6.6002
5 24 8.2825 -2.6552 -4.32088 8.1173 -2.125 -6.6002 8.154 -2.25 -4.4002 8.5267 -3.1095 -5.9557
5 24 8.5267 -3.1095 -5.9557 8.1173 -2.125 -6.6002 8.2825 -2.6552 -4.32088 8.5997 -3.2495 -6.155
5 24 8.5997 -3.2495 -6.155 8.1173 -2.125 -6.6002 8.5267 -3.1095 -5.9557 8.0737 -2 -8.8
5 24 8.5997 -3.2495 -6.155 8.0737 -2 -8.8 8.1173 -2.125 -6.6002 8.6508 -3 -8.8
5 24 8.6508 -3 -8.8 8.0737 -2 -8.8 8.5997 -3.2495 -6.155 7.9388 -1.7614 -10
5 24 8.6508 -3 -8.8 7.9388 -1.7614 -10 8.0737 -2 -8.8 8.5759 -2.7614 -10
5 24 8.5759 -2.7614 -10 7.9388 -1.7614 -10 8.6508 -3 -8.8 7.9441 -1.7698 -11.7698
5 24 8.2031 -2.5236 -1.6809 9.1516 -2.6552 -1.8753 8.2 -2.5 0 8.249 -2.6076 -3.5774
5 24 8.249 -2.6076 -3.5774 8.5705 -2.6552 -3.7169 8.2031 -2.5236 -1.6809 8.2825 -2.6552 -4.32088
5 24 9.1516 -2.6552 -1.8753 10.189 -3.1095 -2.0879 9.3418 -2.6552 0 8.5705 -2.6552 -3.7169
5 24 8.5705 -2.6552 -3.7169 9.5421 -3.1095 -4.1382 9.1516 -2.6552 -1.8753 8.2825 -2.6552 -4.32088
5 24 8.5705 -2.6552 -3.7169 8.5267 -3.1095 -5.9557 9.5421 -3.1095 -4.1382 8.2825 -2.6552 -4.32088
5 24 10.189 -3.1095 -2.0879 10.8144 -3.621 -2.216 10.4007 -3.1095 0 9.5421 -3.1095 -4.1382
5 24 9.5421 -3.1095 -4.1382 9.9032 -3.4249 -4.2948 10.189 -3.1095 -2.0879 8.5267 -3.1095 -5.9557
5 24 9.5421 -3.1095 -4.1382 8.5997 -3.2495 -6.155 9.9032 -3.4249 -4.2948 8.5267 -3.1095 -5.9557
5 24 9.3418 -2.6552 0 9.1516 -2.6552 -1.8753 8.2 -2.5 0 10.4007 -3.1095 0
5 24 9.1516 -2.6552 -1.8753 8.5705 -2.6552 -3.7169 8.2031 -2.5236 -1.6809 10.189 -3.1095 -2.0879
5 24 8.5705 -2.6552 -3.7169 8.2825 -2.6552 -4.32088 8.249 -2.6076 -3.5774 9.5421 -3.1095 -4.1382
5 24 10.4007 -3.1095 0 10.189 -3.1095 -2.0879 9.3418 -2.6552 0 11.3 -3.83 0
5 24 10.189 -3.1095 -2.0879 9.5421 -3.1095 -4.1382 9.1516 -2.6552 -1.8753 10.8144 -3.621 -2.216
5 24 9.5421 -3.1095 -4.1382 8.5267 -3.1095 -5.9557 8.5705 -2.6552 -3.7169 9.9032 -3.4249 -4.2948
5 24 12.0522 -1.25 0 11.6595 0 -2.188 12 0 0 11.8983 -1.1876 -2.1976
5 24 11.8983 -1.1876 -2.1976 11.6595 0 -2.188 12.0522 -1.25 0 11.3921 0 -4.3862
5 24 11.8983 -1.1876 -2.1976 11.3921 0 -4.3862 11.6595 0 -2.188 11.7771 -1.1251 -4.3972
5 24 11.7771 -1.1251 -4.3972 11.3921 0 -4.3862 11.8983 -1.1876 -2.1976 11.1858 0 -6.591
5 24 11.7771 -1.1251 -4.3972 11.1858 0 -6.591 11.3921 0 -4.3862 11.6834 -1.0626 -6.5982
5 24 11.6834 -1.0626 -6.5982 11.1858 0 -6.591 11.7771 -1.1251 -4.3972 11.0318 0 -8.8
5 24 11.6834 -1.0626 -6.5982 11.0318 0 -8.8 11.1858 0 -6.591 11.6125 -1 -8.8
5 24 11.6125 -1 -8.8 11.0318 0 -8.8 11.6834 -1.0626 -6.5982 10.9501 .0913 -9.2592
5 24 11.6125 -1 -8.8 10.9501 .0913 -9.2592 11.0318 0 -8.8 11.5014 -.8326 -9.6419
5 24 11.5014 -.8326 -9.6419 10.9501 .0913 -9.2592 11.6125 -1 -8.8 10.766 .3515 -9.6485
5 24 11.5014 -.8326 -9.6419 10.766 .3515 -9.6485 10.9501 .0913 -9.2592 11.3445 -.5933 -10
5 24 11.3445 -.5933 -10 10.766 .3515 -9.6485 11.5014 -.8326 -9.6419 10.5022 .7408 -9.9087
5 24 11.3445 -.5933 -10 10.5022 .7408 -9.9087 10.766 .3515 -9.6485 10.2021 1.2 -10
5 24 11.3445 -.5933 -10 10.2021 1.2 -10 10.5022 .7408 -9.9087 10.2021 1.2 -13
5 24 12.0522 -1.25 0 11.8983 -1.1876 -2.1976 12.1044 -2.5 0 11.6595 0 -2.188
5 24 11.8983 -1.1876 -2.1976 11.7771 -1.1251 -4.3972 12.1393 -2.375 -2.1999 11.3921 0 -4.3862
5 24 11.7771 -1.1251 -4.3972 11.6834 -1.0626 -6.5982 12.1648 -2.25 -4.3998 11.1858 0 -6.591
5 24 11.6834 -1.0626 -6.5982 11.6125 -1 -8.8 12.1825 -2.125 -6.599 11.0318 0 -8.8
5 24 11.6125 -1 -8.8 11.5014 -.8326 -9.6419 12.1936 -2 -8.8 10.9501 .0913 -9.2592
5 24 11.5014 -.8326 -9.6419 11.3445 -.5933 -10 12.0887 -1.7614 -10 10.766 .3515 -9.6485
5 24 12.1044 -2.5 0 11.8983 -1.1876 -2.1976 12.1393 -2.375 -2.1999 12.0522 -1.25 0
5 24 12.1393 -2.375 -2.1999 11.8983 -1.1876 -2.1976 12.1044 -2.5 0 11.7771 -1.1251 -4.3972
5 24 12.1393 -2.375 -2.1999 11.7771 -1.1251 -4.3972 11.8983 -1.1876 -2.1976 12.1648 -2.25 -4.3998
5 24 12.1648 -2.25 -4.3998 11.7771 -1.1251 -4.3972 12.1393 -2.375 -2.1999 11.6834 -1.0626 -6.5982
5 24 12.1648 -2.25 -4.3998 11.6834 -1.0626 -6.5982 12.1825 -2.125 -6.599 11.7771 -1.1251 -4.3972
5 24 12.1825 -2.125 -6.599 11.6834 -1.0626 -6.5982 12.1648 -2.25 -4.3998 11.6125 -1 -8.8
5 24 12.1825 -2.125 -6.599 11.6125 -1 -8.8 11.6834 -1.0626 -6.5982 12.1936 -2 -8.8
5 24 12.1936 -2 -8.8 11.6125 -1 -8.8 12.1825 -2.125 -6.599 11.5014 -.8326 -9.6419
5 24 12.1936 -2 -8.8 11.5014 -.8326 -9.6419 11.6125 -1 -8.8 12.0887 -1.7614 -10
5 24 12.0887 -1.7614 -10 11.5014 -.8326 -9.6419 12.1936 -2 -8.8 11.3445 -.5933 -10
5 24 12.0887 -1.7614 -10 11.3445 -.5933 -10 11.5014 -.8326 -9.6419 11.226 -.4073 -12.6804
5 24 12.1044 -2.5 0 12.1393 -2.375 -2.1999 12.16 -3.83 0 11.8983 -1.1876 -2.1976
5 24 12.1393 -2.375 -2.1999 12.1648 -2.25 -4.3998 12.3917 -3.6231 -2.1939 11.7771 -1.1251 -4.3972
5 24 12.1648 -2.25 -4.3998 12.1825 -2.125 -6.599 12.5652 -3.4156 -4.3931 11.6834 -1.0626 -6.5982
5 24 12.1825 -2.125 -6.599 12.1936 -2 -8.8 12.6904 -3.2079 -6.5956 11.6125 -1 -8.8
5 24 12.1936 -2 -8.8 12.0887 -1.7614 -10 12.7747 -3 -8.8 11.5014 -.8326 -9.6419
5 24 12.16 -3.83 0 12.1393 -2.375 -2.1999 12.1044 -2.5 0 12.3917 -3.6231 -2.1939
5 24 12.3917 -3.6231 -2.1939 12.1393 -2.375 -2.1999 12.16 -3.83 0 12.1648 -2.25 -4.3998
5 24 12.3917 -3.6231 -2.1939 12.1648 -2.25 -4.3998 12.1393 -2.375 -2.1999 12.5652 -3.4156 -4.3931
5 24 12.5652 -3.4156 -4.3931 12.1648 -2.25 -4.3998 12.3917 -3.6231 -2.1939 12.1825 -2.125 -6.599
5 24 12.5652 -3.4156 -4.3931 12.1825 -2.125 -6.599 12.1648 -2.25 -4.3998 12.6904 -3.2079 -6.5956
5 24 12.6904 -3.2079 -6.5956 12.1825 -2.125 -6.599 12.5652 -3.4156 -4.3931 12.1936 -2 -8.8
5 24 12.6904 -3.2079 -6.5956 12.1936 -2 -8.8 12.1825 -2.125 -6.599 12.7747 -3 -8.8
5 24 12.7747 -3 -8.8 12.1936 -2 -8.8 12.6904 -3.2079 -6.5956 12.0887 -1.7614 -10
5 24 12.7747 -3 -8.8 12.0887 -1.7614 -10 12.1936 -2 -8.8 12.7258 -2.7614 -10
5 24 12.7258 -2.7614 -10 12.0887 -1.7614 -10 12.7747 -3 -8.8 12.0941 -1.7698 -11.7698
5 24 11.0318 0 -8.8 6.9194 0 -8.8 10.9501 .0913 -9.2592 11.1858 0 -6.591
5 24 10.9501 .0913 -9.2592 6.8237 .0913 -9.2592 10.766 .3515 -9.6485 11.0318 0 -8.8
5 24 10.766 .3515 -9.6485 6.6275 .3515 -9.6485 10.5022 .7408 -9.9087 10.9501 .0913 -9.2592
5 24 10.5022 .7408 -9.9087 6.3554 .7408 -9.9087 10.2021 1.2 -10 10.766 .3515 -9.6485
5 24 10.2021 1.2 -10 6.0522 1.2 -10 3.4325 11.8261 -10 10.5022 .7408 -9.9087
5 24 12.16 -3.83 0 11.3 -3.83 0 12.3917 -3.6231 -2.1939 11.2346 -3.83 4.6536
5 24 12.7747 -3 -8.8 8.6508 -3 -8.8 12.6742 -2.6804 -10.4073 12.6904 -3.2079 -6.5956
5 24 12.6742 -2.6804 -10.4073 8.5243 -2.6804 -10.4073 12.0941 -1.7698 -11.7698 12.7258 -2.7614 -10
5 24 12.0941 -1.7698 -11.7698 7.9441 -1.7698 -11.7698 11.226 -.4073 -12.6804 12.6742 -2.6804 -10.4073
5 24 11.226 -.4073 -12.6804 7.0761 -.4073 -12.6804 10.2021 1.2 -13 12.0941 -1.7698 -11.7698
5 24 10.2021 1.2 -13 6.0522 1.2 -13 3.4325 11.8261 -13 11.226 -.4073 -12.6804
0 // Front ribbon
0 // Faces
4 16 3.4325 11.8261 -10 0 10.7 -10 6.0522 1.2 -10 10.2021 1.2 -10
4 16 0 10.7 -13 6.0522 1.2 -13 6.0522 1.2 -10 0 10.7 -10
3 16 0 10.7 -13 2.4876 11.1946 -13 6.0522 1.2 -13
4 16 3.4325 11.8261 -13 10.2021 1.2 -13 6.0522 1.2 -13 2.4876 11.1946 -13
4 16 3.4325 11.8261 -10 10.2021 1.2 -10 10.2021 1.2 -13 3.4325 11.8261 -13
0 // Edges
2 24 3.4325 11.8261 -10 10.2021 1.2 -10
2 24 0 10.7 -10 6.0522 1.2 -10
2 24 0 10.7 -10 0 10.7 -13
2 24 0 10.7 -13 6.0522 1.2 -13
2 24 3.4325 11.8261 -13 10.2021 1.2 -13
