0 ~Sheet Fabric 25 x 25 Square Sail Edge Stripe 2 (Formed)
0 Name: s\u9499c01s04.dat
0 Author: Philippe Hurbain [Philo]
0 !LDRAW_ORG Subpart UPDATE 2022-03
0 !LICENSE Licensed under CC BY 4.0 : see CAreadme.txt

0 BFC CERTIFY CCW

0 !HISTORY 2022-05-07 [PTadmin] Official Update 2022-03


4 16 -165.8214 -3.7085 1.2407 -165.8214 -3.7085 0.9907 -166.722 0 0 -166.722 0 0.25
4 16 -166.722 0 0.25 -166.722 0 0 -165.8214 3.7085 -0.9907 -165.8214 3.7085 -0.7407
4 16 -160 -7.417 2.2313 -160 -7.417 1.9813 -163.361 -6.4233 1.7159 -163.361 -6.4233 1.9659
4 16 -163.361 -6.4233 1.9659 -163.361 -6.4233 1.7159 -165.8214 -3.7085 0.9907 -165.8214 -3.7085 1.2407
4 16 -154.1786 -3.7085 1.2407 -154.1786 -3.7085 0.9907 -156.639 -6.4233 1.7159 -156.639 -6.4233 1.9659
4 16 -156.639 -6.4233 1.9659 -156.639 -6.4233 1.7159 -160 -7.417 1.9813 -160 -7.417 2.2313
4 16 -154.1786 3.7085 -0.7407 -154.1786 3.7085 -0.9907 -153.278 0 0 -153.278 0 0.25
4 16 -153.278 0 0.25 -153.278 0 0 -154.1786 -3.7085 0.9907 -154.1786 -3.7085 1.2407
4 16 -134.7469 399.6805 -58.8118 -134.7469 399.6805 -59.0618 -157.6923 410.9692 -37.6041 -157.6923 410.9692 -37.3541
4 16 -157.6923 410.9692 -37.3541 -157.6923 410.9692 -37.6041 -179.4461 427.4228 -18.9021 -179.4461 427.4228 -18.6521
4 16 -168 -23.1167 6.4253 -168 -23.1167 6.1753 -161.5 -24.4765 6.5385 -161.5 -24.4765 6.7885
4 16 -161.5 -24.4765 6.7885 -161.5 -24.4765 6.5385 -152 -25.1564 6.7202 -152 -25.1564 6.9702
4 16 -177 -12.9181 3.7009 -177 -12.9181 3.4509 -173.5 -19.0373 5.0855 -173.5 -19.0373 5.3355
4 16 -173.5 -19.0373 5.3355 -173.5 -19.0373 5.0855 -168 -23.1167 6.1753 -168 -23.1167 6.4253
4 16 -181 0 0.25 -181 0 0 -180 -5.4392 1.453 -180 -5.4392 1.703
4 16 -180 -5.4392 1.703 -180 -5.4392 1.453 -177 -12.9181 3.4509 -177 -12.9181 3.7009
4 16 -186.5 55.7519 -14.6433 -186.5 55.7519 -14.8933 -183 14.9578 -3.9958 -183 14.9578 -3.7458
4 16 -183 14.9578 -3.7458 -183 14.9578 -3.9958 -181 0 0 -181 0 0.25
4 16 -202.0169 178.1993 -42.2744 -202.0169 178.1993 -42.5244 -196.4826 144.7375 -38.6645 -196.4826 144.7375 -38.4145
4 16 -196.4826 144.7375 -38.4145 -196.4826 144.7375 -38.6645 -186.5 55.7519 -14.8933 -186.5 55.7519 -14.6433
4 16 31 -17.6775 4.7223 92 -21.0769 5.6304 92 -21.0769 5.8804 31 -17.6775 4.9723
4 16 -206.5185 209.2131 -42.0587 -206.5185 209.2131 -42.3087 -202.0169 178.1993 -42.5244 -202.0169 178.1993 -42.2744
4 16 60.3769 377.6867 -95.8145 30 376.1414 -100.4806 30 376.1414 -100.2306 60.3769 377.6867 -95.5645
4 16 86.0961 382.7755 -87.9549 60.3769 377.6867 -95.8145 60.3769 377.6867 -95.5645 86.0961 382.7755 -87.7049
4 16 156.639 6.4233 -1.7159 160 7.417 -1.9813 160 7.417 -1.7313 156.639 6.4233 -1.4659
4 16 154.1786 3.7085 -0.9907 156.639 6.4233 -1.7159 156.639 6.4233 -1.4659 154.1786 3.7085 -0.7407
4 16 163.361 6.4233 -1.7159 165.8214 3.7085 -0.9907 165.8214 3.7085 -0.7407 163.361 6.4233 -1.4659
4 16 160 7.417 -1.9813 163.361 6.4233 -1.7159 163.361 6.4233 -1.4659 160 7.417 -1.7313
4 16 166.722 0 0 165.8214 -3.7085 0.9907 165.8214 -3.7085 1.2407 166.722 0 0.25
4 16 165.8214 3.7085 -0.9907 166.722 0 0 166.722 0 0.25 165.8214 3.7085 -0.7407
4 16 163.361 -6.4233 1.7159 160 -7.417 1.9813 160 -7.417 2.2313 163.361 -6.4233 1.9659
4 16 165.8214 -3.7085 0.9907 163.361 -6.4233 1.7159 163.361 -6.4233 1.9659 165.8214 -3.7085 1.2407
4 16 156.639 -6.4233 1.7159 154.1786 -3.7085 0.9907 154.1786 -3.7085 1.2407 156.639 -6.4233 1.9659
4 16 160 -7.417 1.9813 156.639 -6.4233 1.7159 156.639 -6.4233 1.9659 160 -7.417 2.2313
4 16 153.278 0 0 154.1786 3.7085 -0.9907 154.1786 3.7085 -0.7407 153.278 0 0.25
4 16 154.1786 -3.7085 0.9907 153.278 0 0 153.278 0 0.25 154.1786 -3.7085 1.2407
4 16 157.6923 410.9692 -37.6041 134.7469 399.6805 -59.0618 134.7469 399.6805 -58.8118 157.6923 410.9692 -37.3541
4 16 179.4461 427.4228 -18.9021 157.6923 410.9692 -37.6041 157.6923 410.9692 -37.3541 179.4461 427.4228 -18.6521
4 16 161.5 -24.4765 6.5385 168 -23.1167 6.1753 168 -23.1167 6.4253 161.5 -24.4765 6.7885
4 16 152 -25.1564 6.7202 161.5 -24.4765 6.5385 161.5 -24.4765 6.7885 152 -25.1564 6.9702
4 16 173.5 -19.0373 5.0855 177 -12.9181 3.4509 177 -12.9181 3.7009 173.5 -19.0373 5.3355
4 16 168 -23.1167 6.1753 173.5 -19.0373 5.0855 173.5 -19.0373 5.3355 168 -23.1167 6.4253
4 16 180 -5.4392 1.453 181 0 0 181 0 0.25 180 -5.4392 1.703
4 16 177 -12.9181 3.4509 180 -5.4392 1.453 180 -5.4392 1.703 177 -12.9181 3.7009
4 16 183 14.9578 -3.9958 186.5 55.7519 -14.8933 186.5 55.7519 -14.6433 183 14.9578 -3.7458
4 16 181 0 0 183 14.9578 -3.9958 183 14.9578 -3.7458 181 0 0.25
4 16 196.4826 144.7375 -38.6645 202.0169 178.1993 -42.5244 202.0169 178.1993 -42.2744 196.4826 144.7375 -38.4145
4 16 186.5 55.7519 -14.8933 196.4826 144.7375 -38.6645 196.4826 144.7375 -38.4145 186.5 55.7519 -14.6433
4 16 202.0169 178.1993 -42.5244 206.5185 209.2131 -42.3087 206.5185 209.2131 -42.0587 202.0169 178.1993 -42.2744
4 16 -92 -21.0769 5.8804 -92 -21.0769 5.6304 -31 -17.6775 4.7223 -31 -17.6775 4.9723
4 16 -30 376.1414 -100.2306 -30 376.1414 -100.4806 -60.3769 377.6867 -95.8145 -60.3769 377.6867 -95.5645
4 16 -60.3769 377.6867 -95.5645 -60.3769 377.6867 -95.8145 -86.0961 382.7755 -87.9549 -86.0961 382.7755 -87.7049
4 16 -160 7.417 -1.7313 -160 7.417 -1.9813 -156.639 6.4233 -1.7159 -156.639 6.4233 -1.4659
4 16 -156.639 6.4233 -1.4659 -156.639 6.4233 -1.7159 -154.1786 3.7085 -0.9907 -154.1786 3.7085 -0.7407
4 16 -165.8214 3.7085 -0.7407 -165.8214 3.7085 -0.9907 -163.361 6.4233 -1.7159 -163.361 6.4233 -1.4659
4 16 -163.361 6.4233 -1.4659 -163.361 6.4233 -1.7159 -160 7.417 -1.9813 -160 7.417 -1.7313
5 24 -60.3769 377.6867 -95.8145 -60.3769 377.6867 -95.5645 -30 376.1414 -100.4806 -86.0961 382.7755 -87.9549
5 24 -160 7.417 -1.9813 -160 7.417 -1.7313 -163.361 6.4233 -1.7159 -156.639 6.4233 -1.7159
5 24 -156.639 6.4233 -1.7159 -156.639 6.4233 -1.4659 -160 7.417 -1.9813 -154.1786 3.7085 -0.9907
5 24 -165.8214 3.7085 -0.9907 -165.8214 3.7085 -0.7407 -166.722 0 0 -163.361 6.4233 -1.7159
5 24 -163.361 6.4233 -1.7159 -163.361 6.4233 -1.4659 -165.8214 3.7085 -0.9907 -160 7.417 -1.9813
5 24 -165.8214 -3.7085 0.9907 -165.8214 -3.7085 1.2407 -163.361 -6.4233 1.7159 -166.722 0 0
5 24 -166.722 0 0 -166.722 0 0.25 -165.8214 -3.7085 0.9907 -165.8214 3.7085 -0.9907
5 24 -160 -7.417 1.9813 -160 -7.417 2.2313 -156.639 -6.4233 1.7159 -163.361 -6.4233 1.7159
5 24 -163.361 -6.4233 1.7159 -163.361 -6.4233 1.9659 -160 -7.417 1.9813 -165.8214 -3.7085 0.9907
5 24 -154.1786 -3.7085 0.9907 -154.1786 -3.7085 1.2407 -153.278 0 0 -156.639 -6.4233 1.7159
5 24 -156.639 -6.4233 1.7159 -156.639 -6.4233 1.9659 -154.1786 -3.7085 0.9907 -160 -7.417 1.9813
5 24 -154.1786 3.7085 -0.9907 -154.1786 3.7085 -0.7407 -156.639 6.4233 -1.7159 -153.278 0 0
5 24 -153.278 0 0 -153.278 0 0.25 -154.1786 3.7085 -0.9907 -154.1786 -3.7085 0.9907
5 24 -157.6923 410.9692 -37.6041 -157.6923 410.9692 -37.3541 -134.7469 399.6805 -59.0618 -179.4461 427.4228 -18.9021
5 24 -161.5 -24.4765 6.5385 -161.5 -24.4765 6.7885 -168 -23.1167 6.1753 -152 -25.1564 6.7202
5 24 -173.5 -19.0373 5.0855 -173.5 -19.0373 5.3355 -177 -12.9181 3.4509 -168 -23.1167 6.1753
5 24 -168 -23.1167 6.1753 -168 -23.1167 6.4253 -173.5 -19.0373 5.0855 -161.5 -24.4765 6.5385
5 24 -180 -5.4392 1.453 -180 -5.4392 1.703 -181 0 0 -177 -12.9181 3.4509
5 24 -177 -12.9181 3.4509 -177 -12.9181 3.7009 -180 -5.4392 1.453 -173.5 -19.0373 5.0855
5 24 -183 14.9578 -3.9958 -183 14.9578 -3.7458 -186.5 55.7519 -14.8933 -181 0 0
5 24 -181 0 0 -181 0 0.25 -183 14.9578 -3.9958 -180 -5.4392 1.453
5 24 -196.4826 144.7375 -38.6645 -196.4826 144.7375 -38.4145 -202.0169 178.1993 -42.5244 -186.5 55.7519 -14.8933
5 24 -186.5 55.7519 -14.8933 -186.5 55.7519 -14.6433 -196.4826 144.7375 -38.6645 -183 14.9578 -3.9958
5 24 -202.0169 178.1993 -42.5244 -202.0169 178.1993 -42.2744 -206.5185 209.2131 -42.3087 -196.4826 144.7375 -38.6645
5 24 60.3769 377.6867 -95.8145 60.3769 377.6867 -95.5645 30 376.1414 -100.4806 86.0961 382.7755 -87.9549
5 24 160 7.417 -1.9813 160 7.417 -1.7313 163.361 6.4233 -1.7159 156.639 6.4233 -1.7159
5 24 156.639 6.4233 -1.7159 156.639 6.4233 -1.4659 160 7.417 -1.9813 154.1786 3.7085 -0.9907
5 24 165.8214 3.7085 -0.9907 165.8214 3.7085 -0.7407 166.722 0 0 163.361 6.4233 -1.7159
5 24 163.361 6.4233 -1.7159 163.361 6.4233 -1.4659 165.8214 3.7085 -0.9907 160 7.417 -1.9813
5 24 165.8214 -3.7085 0.9907 165.8214 -3.7085 1.2407 163.361 -6.4233 1.7159 166.722 0 0
5 24 166.722 0 0 166.722 0 0.25 165.8214 -3.7085 0.9907 165.8214 3.7085 -0.9907
5 24 160 -7.417 1.9813 160 -7.417 2.2313 156.639 -6.4233 1.7159 163.361 -6.4233 1.7159
5 24 163.361 -6.4233 1.7159 163.361 -6.4233 1.9659 160 -7.417 1.9813 165.8214 -3.7085 0.9907
5 24 154.1786 -3.7085 0.9907 154.1786 -3.7085 1.2407 153.278 0 0 156.639 -6.4233 1.7159
5 24 156.639 -6.4233 1.7159 156.639 -6.4233 1.9659 154.1786 -3.7085 0.9907 160 -7.417 1.9813
5 24 154.1786 3.7085 -0.9907 154.1786 3.7085 -0.7407 153.278 0 0 156.639 6.4233 -1.7159
5 24 153.278 0 0 153.278 0 0.25 154.1786 3.7085 -0.9907 154.1786 -3.7085 0.9907
5 24 157.6923 410.9692 -37.6041 157.6923 410.9692 -37.3541 134.7469 399.6805 -59.0618 179.4461 427.4228 -18.9021
5 24 161.5 -24.4765 6.5385 161.5 -24.4765 6.7885 168 -23.1167 6.1753 152 -25.1564 6.7202
5 24 173.5 -19.0373 5.0855 173.5 -19.0373 5.3355 177 -12.9181 3.4509 168 -23.1167 6.1753
5 24 168 -23.1167 6.1753 168 -23.1167 6.4253 173.5 -19.0373 5.0855 161.5 -24.4765 6.5385
5 24 180 -5.4392 1.453 180 -5.4392 1.703 181 0 0 177 -12.9181 3.4509
5 24 177 -12.9181 3.4509 177 -12.9181 3.7009 180 -5.4392 1.453 173.5 -19.0373 5.0855
5 24 183 14.9578 -3.9958 183 14.9578 -3.7458 186.5 55.7519 -14.8933 181 0 0
5 24 181 0 0 181 0 0.25 183 14.9578 -3.9958 180 -5.4392 1.453
5 24 196.4826 144.7375 -38.6645 196.4826 144.7375 -38.4145 202.0169 178.1993 -42.5244 186.5 55.7519 -14.8933
5 24 186.5 55.7519 -14.8933 186.5 55.7519 -14.6433 196.4826 144.7375 -38.6645 183 14.9578 -3.9958
5 24 202.0169 178.1993 -42.5244 202.0169 178.1993 -42.2744 206.5185 209.2131 -42.3087 196.4826 144.7375 -38.6645
