0 ~Electric Light & Sound Insectoid Tail  4 x 20 x  4.333 - Battery Cover, Half
0 Name: s\u9546s01.dat
0 Author: Gerald Lasser [GeraldLasser]
0 !LDRAW_ORG Subpart UPDATE 2022-05
0 !LICENSE Licensed under CC BY 4.0 : see CAreadme.txt

0 BFC CERTIFY CCW

0 !HISTORY 2022-09-15 [PTadmin] Official Update 2022-05


0 // Bottom
4 16 20 48 -160 16 48 -156 16 48 -124 20 48 -120
4 16 20 48 -80 16 48 -76 16 48 -64 20 48 -60
4 16 40 24 -80 36 24 -80 20 48 -80 40 28 -80
4 16 36 24 -120 40 24 -120 40 28 -120 20 48 -120

1 16 38 24 -100 0 0 2 0 -1 0 -20 0 0 rect3.dat
1 16 30 20 -118 1.5 0 0 0 4 0 0 0 2 box4-1.dat
1 16 10 20 -118 1.5 0 0 0 4 0 0 0 2 box4-1.dat
1 16 30 20 -82 1.5 0 0 0 4 0 0 0 -2 box4-1.dat
1 16 10 20 -82 1.5 0 0 0 4 0 0 0 -2 box4-1.dat

0 // Side Walls
1 16 30 38 -140 0 0 10 0 -1 -10 20 0 0 rect3.dat
4 16 40 15 -160 20 15 -160 20 24 -160 40 28 -160
2 24 40 28 -160 40 15 -160
2 24 40 15 -160 20 15 -160

1 16 30 38 -70 0 0 10 0 -1 -10 10 0 0 rect3.dat

3 16 20 48 -60 21.975 24.3 -20.5 40 28 -60
2 24 21.975 24.3 -20.5 20 48 -60
3 16 14.2426 44.5456 -54.2426 14.8503 44 -53.3333 20 48 -60
3 16 14.2426 44.5456 -54.2426 20 48 -60 12.2962 45.326 -55.5434
3 16 12.2962 45.326 -55.5434 20 48 -60 10 45.6 -56
3 16 20 48 -60 14.8503 44 -53.3333 21.975 24.3 -20.5
2 24 14.8503 44 -53.3333 14.2426 44 -54.2426
2 24 12.2962 44 -55.5434 14.2426 44 -54.2426
2 24 12.2962 44 -55.5434 10 44 -56
3 16 14.2426 44.5456 -54.2426 14.2426 44 -54.2426 14.8503 44 -53.3333
4 16 12.2962 44 -55.5434 14.2426 44 -54.2426 14.2426 44.5456 -54.2426 12.2962 45.326 -55.5434
4 16 10 44 -56 12.2962 44 -55.5434 12.2962 45.326 -55.5434 10 45.6 -56
4 16 10 44 -56 14.8503 44 -53.3333 14.2426 44 -54.2426 12.2962 44 -55.5434
2 24 10 45.6 -56 12.2962 45.326 -55.5434
2 24 14.2426 44.5456 -54.2426 12.2962 45.326 -55.5434
2 24 14.2426 44.5456 -54.2426 14.8503 44 -53.3333
5 24 14.2426 44.5456 -54.2426 14.2426 44 -54.2426 14.8503 44 -53.3333 12.2962 44 -55.5434
5 24 12.2962 45.326 -55.5434 12.2962 44 -55.5434 14.2426 44 -54.2426 10 44 -56
5 24 10 45.6 -56 10 44 -56 12.2962 44 -55.5434 -10 44 -56

0 // Inner Area 1
4 16 20 15 -156 36 26.3432 -156 22.3431 40 -156 20 24 -156
3 16 36 15 -156 36 26.3432 -156 20 15 -156
2 24 22.3431 40 -156 36 26.3432 -156
2 24 36 15 -156 20 15 -156

4 16 22.3431 40 -156 36 26.3432 -156 36 26.3432 -130 32.5 29.8432 -130
4 16 32.5 29.8432 -130 32.5 29.8432 -124 22.3431 40 -124 22.3431 40 -156
2 24 32.5 29.8432 -130 36 26.3432 -130
2 24 32.5 29.8432 -124 22.3431 40 -124
1 16 36 20.6716 -143 0 1 0 0 0 -5.6716 13 0 0 rect.dat
4 16 36 26.3432 -130 36 15 -130 32.5 15 -130 32.5 29.8432 -130
1 16 32.5 22.4216 -127 0 1 0 0 0 7.4216 -3 0 0 rect2a.dat

1 16 34.25 9.5 -128.5 0 0 1.75 -5.5 1 0 1.5 0 0 rect.dat
0 BFC INVERTNEXT
1 16 34.25 13 -118.5 1.75 0 0 0 -2 0 0 0 -1.5 box2-5.dat
1 16 34.25 10 -116 1.75 0 0 0 -1 -1 0 0 1 rect3.dat
1 16 34.25 6.5 -121 1.75 0 0 0 -2.5 0 0 0 6 box2-7.dat
4 16 36 11 -117 36 9 -115 36 4 -115 36 11 -120
4 16 32.5 4 -115 32.5 9 -115 32.5 11 -117 32.5 11 -120
4 16 32.5 4 -115 32.5 11 -120 32.5 15 -130 32.5 4 -127
4 16 36 15 -130 36 11 -120 36 4 -115 36 4 -127
3 16 36 11 -120 36 15 -130 36 15 -120
2 24 36 15 -130 36 15 -120

3 16 32.5 11 -120 32.5 15 -120 32.5 15 -124
3 16 32.5 11 -120 32.5 15 -124 32.5 15 -130

4 16 36 15 -156 20 15 -156 20 15 -160 40 15 -160
3 16 36 15 -156 40 15 -160 36 15 -130
3 16 36 15 -130 40 15 -160 36 15 -120

0 // Inner Area 2
3 16 18.9423 40 -54.4413 1.5 40 -54.4413 22.3431 40 -60
4 16 1.5 40 -76 22.3431 40 -76 22.3431 40 -60 1.5 40 -54.4413
2 24 22.3431 40 -60 18.9423 40 -54.4413
2 24 22.3431 40 -76 1.5 40 -76
2 24 1.5 40 -76 1.5 40 -54.4413
3 16 22.3431 40 -76 1.5 40 -76 32.5 29.8432 -76
4 16 32.5 15 -76 32.5 29.8432 -76 1.5 40 -76 1.5 15 -76
2 24 1.5 15 -76 32.5 15 -76
2 24 1.5 15 -76 1.5 40 -76
2 24 32.5 29.8432 -76 32.5 15 -76
1 16 27.42155 34.9216 -68 5.07845 0 0 -5.0784 1 0 0 0 -8 rect.dat
3 16 32.5 15 -76 32.5 15 -74 32.5 29.8432 -76
4 16 32.5 29.8432 -76 32.5 15 -74 32.5 11 -64 32.5 15 -64
3 16 32.5 15 -43.52515 32.5 15 -40.0507 32.5 29.8432 -60
4 16 32.5 29.8432 -60 32.5 29.8432 -76 32.5 15 -48.47485 32.5 15 -43.52515
3 16 32.5 15 -64 32.5 15 -48.47485 32.5 29.8432 -76
2 24 32.5 15 -76 32.5 15 -74
2 24 32.5 15 -43.52515 32.5 15 -40.0507
2 24 32.5 15 -64 32.5 15 -48.47485
2 24 32.5 29.8432 -60 32.5 15 -40.0507
3 16 22.3431 40 -60 32.5 29.8432 -60 18.9423 40 -54.4413
3 16 18.9423 40 -54.4413 32.5 29.8432 -60 18.9423 21.4352 -23.5
3 16 32.5 15 -40.0507 23.8109 15 -23.5 18.9423 21.4352 -23.5
3 16 18.9423 21.4352 -23.5 32.5 29.8432 -60 32.5 15 -40.0507
1 16 10.22115 30.7176 -38.97065 0 0 -8.72115 9.2824 1 0 -15.47065 0 0 rect.dat
4 16 18.9423 21.4352 -23.5 23.8109 15 -23.5 1.5 15 -23.5 1.5 21.4352 -23.5
2 24 23.8109 15 -23.5 1.5 15 -23.5
2 24 1.5 15 -23.5 1.5 21.4352 -23.5
2 24 23.8109 15 -23.5 18.9423 21.4352 -23.5
2 24 23.8109 15 -23.5 32.5 15 -40.0507
5 24 32.5 29.8432 -60 18.9423 40 -54.4413 18.9423 21.4352 -23.5 22.3431 40 -60
5 24 32.5 15 -40.0507 18.9423 21.4352 -23.5 23.8109 15 -23.5 32.5 29.8432 -60
5 24 18.9423 21.4352 -23.5 32.5 29.8432 -60 32.5 15 -40.0507 18.9423 40 -54.4413
4 16 1.5 21.4352 -23.5 1.5 15 -23.5 1.5 15 -76 1.5 40 -76
3 16 1.5 40 -76 1.5 40 -54.4413 1.5 21.4352 -23.5
2 24 1.5 15 -76 1.5 15 -23.5

1 16 34.25 9.5 -72.5 0 0 1.75 -5.5 1 0 1.5 0 0 rect.dat
0 BFC INVERTNEXT
1 16 34.25 13 -62.5 1.75 0 0 0 -2 0 0 0 -1.5 box2-5.dat
1 16 34.25 10 -60 1.75 0 0 0 -1 -1 0 0 1 rect3.dat
1 16 34.25 6.5 -65 1.75 0 0 0 -2.5 0 0 0 6 box2-7.dat
4 16 36 11 -61 36 9 -59 36 4 -59 36 11 -64
4 16 32.5 4 -59 32.5 9 -59 32.5 11 -61 32.5 11 -64
4 16 32.5 4 -59 32.5 11 -64 32.5 15 -74 32.5 4 -71
4 16 36 15 -74 36 11 -64 36 4 -59 36 4 -71
3 16 36 11 -64 36 15 -74 36 15 -64
2 24 36 15 -74 36 15 -64

0 // Outside
4 16 40 28 -160 40 28 -120 40 24 -120 40 15 -160
4 16 40 24 -120 40 24 -80 40 15 -41.4286 40 15 -160
4 16 40 28 -80 40 28 -60 40 15 -41.4286 40 24 -80
2 24 40 15 -160 40 15 -41.4286
2 24 40 28 -60 40 15 -41.4286
2 24 40 15 -41.4286 29.0125 15 -20.5
2 24 40 24 -120 40 28 -120
2 24 40 24 -80 40 28 -80

4 16 21.975 24.3 -20.5 22.1545 24.0628 -20.5 22.2929 24.0242 -20.7071 40 28 -60
3 16 40 28 -60 22.2929 24.0242 -20.7071 22.6173 23.7465 -20.9239
3 16 40 28 -60 22.6173 23.7465 -20.9239 23 23.2938 -21
3 16 23.7071 22.1553 -20.7071 23.8455 21.8281 -20.5 29.0125 15 -20.5
3 16 23.7071 22.1553 -20.7071 29.0125 15 -20.5 23.3827 22.7351 -20.9239
4 16 40 28 -60 23 23.2938 -21 23.3827 22.7351 -20.9239 40 15 -41.4286
3 16 40 15 -41.4286 23.3827 22.7351 -20.9239 29.0125 15 -20.5

2 24 23.8455 21.8281 -20.5 29.0125 15 -20.5
2 24 21.975 24.3 -20.5 22.1545 24.0628 -20.5
2 24 23 23.2938 -21 22.6173 23.7465 -20.9239
2 24 23.3827 22.7351 -20.9239 23 23.2938 -21
2 24 23.3827 22.7351 -20.9239 23.7071 22.1553 -20.7071
2 24 23.8455 21.8281 -20.5 23.7071 22.1553 -20.7071
2 24 22.1545 24.0628 -20.5 22.2929 24.0242 -20.7071
2 24 22.2929 24.0242 -20.7071 22.6173 23.7465 -20.9239
5 24 21.975 24.3 -20.5 40 28 -60 20 48 -60 29.0125 15 -20.5

3 16 23.8455 15 -20.5 29.0125 15 -20.5 23.8455 21.8281 -20.5
2 24 23.8455 21.8281 -20.5 23.8455 15 -20.5
2 24 23.8455 15 -20.5 29.0125 15 -20.5
4 16 23.7071 22.1553 -20.7071 23.7071 15 -20.7071 23.8455 15 -20.5 23.8455 21.8281 -20.5
4 16 23.3827 22.7351 -20.9239 23.3827 15 -20.9239 23.7071 15 -20.7071 23.7071 22.1553 -20.7071
4 16 23 23.2938 -21 23 15 -21 23.3827 15 -20.9239 23.3827 22.7351 -20.9239
4 16 22.6173 23.7465 -20.9239 22.6173 15 -20.9239 23 15 -21 23 23.2938 -21
4 16 22.2929 24.0242 -20.7071 22.2929 15 -20.7071 22.6173 15 -20.9239 22.6173 23.7465 -20.9239
4 16 22.2929 24.0242 -20.7071 22.1545 24.0628 -20.5 22.1545 15 -20.5 22.2929 15 -20.7071
2 24 22.1545 15 -20.5 22.2929 15 -20.7071
2 24 22.2929 15 -20.7071 22.6173 15 -20.9239
2 24 22.6173 15 -20.9239 23 15 -21
2 24 23 15 -21 23.3827 15 -20.9239
2 24 23.7071 15 -20.7071 23.8455 15 -20.5
2 24 23.7071 15 -20.7071 23.3827 15 -20.9239
5 24 23.7071 15 -20.7071 23.7071 22.1553 -20.7071 23.8455 21.8281 -20.5 23.3827 22.7351 -20.9239
5 24 23.3827 15 -20.9239 23.3827 22.7351 -20.9239 23.7071 22.1553 -20.7071 23 23.2938 -21
5 24 23 15 -21 23 23.2938 -21 23.3827 22.7351 -20.9239 22.6173 23.7465 -20.9239
5 24 22.6173 23.7465 -20.9239 22.6173 15 -20.9239 23 15 -21 22.2929 15 -20.7071
5 24 22.2929 15 -20.7071 22.2929 24.0242 -20.7071 22.6173 23.7465 -20.9239 22.1545 24.0628 -20.5
2 24 22.1545 24.0628 -20.5 22.1545 15 -20.5
3 16 22.1545 24.0628 -20.5 21.975 24.3 -20.5 22.1545 15 -20.5
0 // Top
4 16 40 15 -41.4286 36 15 -74 36 15 -120 40 15 -160
3 16 36 15 -74 40 15 -41.4286 36 15 -64
3 16 32.5 15 -76 36 15 -74 32.5 15 -74
4 16 36 15 -120 36 15 -74 32.5 15 -76 32.5 15 -120
4 16 32.5 15 -64 36 15 -64 37.5 15 -48.47485 32.5 15 -48.47485
3 16 37.5 15 -48.47485 36 15 -64 40 15 -41.4286
3 16 37.5 15 -43.52515 37.5 15 -48.47485 40 15 -41.4286
4 16 32.5 15 -43.52515 37.5 15 -43.52515 40 15 -41.4286 32.5 15 -40.0507
4 16 40 15 -41.4286 29.0125 15 -20.5 23.8109 15 -23.5 32.5 15 -40.0507
3 16 32.5 15 -120 32.5 15 -76 1.5 15 -76

4 16 23.8109 15 -23.5 29.0125 15 -20.5 23.8455 15 -20.5 23.7071 15 -20.7071
3 16 23.7071 15 -20.7071 23.3827 15 -20.9239 23.8109 15 -23.5
3 16 23.3827 15 -20.9239 23 15 -21 23.8109 15 -23.5
3 16 23.8109 15 -23.5 23 15 -21 22.6173 15 -20.9239
3 16 23.8109 15 -23.5 22.6173 15 -20.9239 22.2929 15 -20.7071
3 16 1.5 15 -23.5 23.8109 15 -23.5 22.2929 15 -20.7071

0 // Locking Dimple
1 16 32.5 16.76775 -46 0 5 0 -2.5 0 0 0 0 -3.5 1-8cylo.dat
1 16 32.5 16.76775 -46 0 5 0 -2.5 0 0 0 0 3.5 1-8cylo.dat
1 16 32.5 16.76775 -46 0 1 0 -2.5 0 0 0 0 -3.5 1-8chrd.dat
1 16 32.5 16.76775 -46 0 1 0 -2.5 0 0 0 0 3.5 1-8chrd.dat
1 16 37.5 16.76775 -46 0 -1 0 -2.5 0 0 0 0 -3.5 1-8chrd.dat
1 16 37.5 16.76775 -46 0 -1 0 -2.5 0 0 0 0 3.5 1-8chrd.dat
3 16 37.5 15 -43.52515 37.5 14.2678 -46 37.5 15 -48.47485
3 16 32.5 14.2678 -46 32.5 15 -43.52515 32.5 15 -48.47485
2 24 37.5 15 -43.52515 32.5 15 -43.52515
2 24 37.5 15 -48.47485 32.5 15 -48.47485
2 24 37.5 15 -43.52515 37.5 15 -48.47485
